47 121
47 122
47 123
47 124
47 125
47 126
48 119
48 120
48 127
49 118
49 119
49 127
50 118
50 125
50 126
51 117
51 120
51 121
51 122
51 123
51 124
51 125
52 116
52 119
53 115
53 118
54 117
55 114
56 113
56 116
56 137
56 138
56 139
56 140
57 115
57 136
57 137
57 140
57 141
58 112
58 134
58 135
58 141
58 142
59 111
59 114
59 133
59 142
59 143
60 110
60 113
60 133
60 144
61 110
61 112
61 133
61 144
62 109
62 133
62 145
63 111
63 134
63 145
63 146
64 108
64 134
64 146
64 147
65 107
65 110
65 131
65 132
65 133
65 134
65 147
65 148
66 106
66 109
66 130
66 148
66 149
67 106
67 108
67 129
67 149
67 150
68 105
68 129
68 150
69 107
69 129
69 150
70 104
70 129
70 150
71 103
71 106
71 127
71 128
71 150
72 102
72 105
72 126
72 151
73 102
73 104
73 125
73 151
73 152
73 153
74 98
74 99
74 100
74 101
74 124
74 125
74 154
74 155
75 98
75 103
75 119
75 120
75 121
75 122
75 123
75 124
75 155
75 156
76 97
76 100
76 102
76 119
76 156
76 157
77 98
77 101
77 102
77 119
77 157
77 158
78 98
78 101
78 118
78 158
78 159
79 98
79 118
79 159
79 160
80 98
80 100
80 118
80 160
81 98
81 100
81 119
81 160
82 98
82 100
82 119
82 160
83 98
83 100
83 104
83 105
83 106
83 119
83 160
84 98
84 100
84 101
84 102
84 103
84 107
84 120
84 159
84 354
84 356
84 357
84 358
84 359
84 366
84 367
84 368
84 369
84 370
84 371
84 372
84 373
84 374
85 98
85 107
85 120
85 159
85 163
85 164
85 165
85 166
85 360
85 361
85 362
85 363
85 364
85 365
85 366
85 374
85 375
86 99
86 100
86 107
86 120
86 158
86 161
86 162
86 167
86 168
86 354
86 375
86 376
87 99
87 107
87 113
87 120
87 158
87 160
87 168
87 169
87 354
87 376
88 99
88 107
88 112
88 114
88 115
88 119
88 169
88 344
88 345
88 353
88 354
88 376
89 99
89 107
89 111
89 115
89 116
89 119
89 170
89 342
89 343
89 346
89 347
89 351
89 352
89 353
89 377
90 99
90 107
90 111
90 117
90 118
90 119
90 170
90 171
90 341
90 348
90 349
90 350
90 377
90 401
90 402
90 403
90 404
91 99
91 107
91 110
91 111
91 171
91 341
91 357
91 358
91 377
91 385
91 386
91 399
91 400
91 405
91 406
91 559
91 560
91 561
91 562
92 99
92 108
92 110
92 171
92 341
92 342
92 357
92 359
92 360
92 378
92 383
92 384
92 387
92 398
92 399
92 406
92 407
92 557
92 558
92 563
92 564
93 99
93 108
93 110
93 172
93 342
93 343
93 357
93 361
93 362
93 379
93 383
93 388
93 389
93 390
93 391
93 392
93 393
93 394
93 395
93 396
93 397
93 398
93 407
93 557
93 564
93 565
94 99
94 108
94 172
94 344
94 345
94 358
94 363
94 364
94 380
94 382
94 407
94 556
94 566
94 567
95 99
95 110
95 173
95 345
95 358
95 359
95 365
95 366
95 380
95 383
95 384
95 385
95 386
95 387
95 408
95 414
95 415
95 416
95 417
95 418
95 419
95 420
95 421
95 556
95 568
95 569
95 570
96 99
96 108
96 128
96 129
96 130
96 173
96 344
96 345
96 359
96 360
96 361
96 367
96 368
96 369
96 370
96 380
96 388
96 389
96 408
96 409
96 410
96 411
96 412
96 413
96 414
96 422
96 556
96 571
97 99
97 108
97 128
97 130
97 131
97 173
97 337
97 338
97 339
97 340
97 341
97 342
97 343
97 362
97 371
97 372
97 373
97 374
97 375
97 376
97 377
97 378
97 379
97 380
97 389
97 390
97 422
97 556
97 571
97 587
97 588
97 589
97 590
98 92
98 93
98 94
98 95
98 99
98 108
98 127
98 131
98 132
98 174
98 175
98 176
98 337
98 362
98 390
98 423
98 554
98 555
98 571
98 587
98 590
98 591
99 91
99 92
99 95
99 100
99 108
99 128
99 133
99 177
99 178
99 336
99 362
99 385
99 386
99 387
99 390
99 424
99 425
99 552
99 553
99 554
99 572
99 587
99 591
100 91
100 95
100 100
100 108
100 129
100 133
100 179
100 180
100 337
100 363
100 385
100 387
100 388
100 389
100 390
100 425
100 550
100 551
100 573
100 574
100 587
100 592
101 90
101 96
101 100
101 108
101 130
101 133
101 181
101 299
101 337
101 338
101 363
101 364
101 365
101 375
101 376
101 377
101 378
101 379
101 380
101 384
101 424
101 425
101 527
101 528
101 550
101 574
101 588
101 592
101 593
101 594
102 89
102 90
102 96
102 100
102 108
102 130
102 131
102 132
102 182
102 297
102 298
102 300
102 301
102 302
102 303
102 339
102 366
102 373
102 374
102 381
102 384
102 422
102 423
102 431
102 432
102 525
102 526
102 529
102 530
102 548
102 549
102 574
102 588
102 595
102 596
103 89
103 97
103 100
103 108
103 182
103 295
103 296
103 304
103 339
103 367
103 373
103 382
103 383
103 384
103 420
103 421
103 426
103 427
103 428
103 429
103 430
103 433
103 434
103 435
103 436
103 437
103 438
103 439
103 523
103 524
103 530
103 531
103 532
103 533
103 534
103 535
103 536
103 537
103 547
103 574
103 588
103 596
103 597
104 88
104 97
104 98
104 100
104 108
104 182
104 294
104 305
104 339
104 367
104 372
104 420
104 425
104 426
104 439
104 522
104 523
104 538
104 539
104 546
104 575
104 588
104 598
104 599
104 600
104 601
104 602
105 88
105 99
105 101
105 108
105 145
105 182
105 294
105 305
105 306
105 339
105 368
105 369
105 370
105 371
105 372
105 420
105 421
105 422
105 423
105 424
105 425
105 439
105 520
105 521
105 540
105 546
105 575
105 576
105 577
105 578
105 579
105 588
105 603
106 89
106 92
106 93
106 94
106 99
106 101
106 108
106 144
106 146
106 147
106 182
106 306
106 307
106 338
106 339
106 439
106 520
106 541
106 542
106 546
106 580
106 581
106 582
106 583
106 584
106 585
106 586
106 587
106 588
106 604
107 89
107 95
107 99
107 101
107 108
107 144
107 147
107 148
107 149
107 183
107 184
107 293
107 307
107 308
107 338
107 439
107 520
107 543
107 544
107 545
107 546
107 605
107 606
107 607
107 608
107 609
108 89
108 95
108 99
108 101
108 108
108 144
108 150
108 185
108 186
108 187
108 292
108 308
108 309
108 330
108 331
108 332
108 337
108 439
108 520
108 610
108 611
108 612
108 613
109 89
109 92
109 95
109 99
109 101
109 108
109 144
109 150
109 188
109 189
109 292
109 309
109 310
109 328
109 329
109 333
109 334
109 335
109 336
109 337
109 438
109 520
109 614
109 615
110 89
110 92
110 93
110 94
110 99
110 101
110 108
110 143
110 149
110 150
110 189
110 292
110 311
110 312
110 328
110 438
110 519
110 520
110 616
111 88
111 89
111 99
111 101
111 108
111 143
111 149
111 189
111 292
111 312
111 313
111 328
111 438
111 519
111 616
112 88
112 96
112 97
112 98
112 99
112 101
112 108
112 143
112 148
112 189
112 291
112 313
112 314
112 327
112 328
112 438
112 439
112 443
112 444
112 518
112 608
112 609
112 610
112 615
112 616
113 88
113 95
113 100
113 108
113 144
113 145
113 146
113 147
113 148
113 190
113 290
113 291
113 314
113 315
113 325
113 326
113 327
113 439
113 440
113 441
113 442
113 445
113 446
113 518
113 607
113 611
113 612
113 613
113 614
114 88
114 89
114 95
114 100
114 108
114 190
114 191
114 288
114 289
114 315
114 316
114 324
114 447
114 518
114 606
115 89
115 97
115 98
115 100
115 108
115 191
115 288
115 316
115 317
115 323
115 447
115 517
115 518
115 606
116 89
116 99
116 101
116 108
116 191
116 287
116 317
116 323
116 447
116 452
116 453
116 454
116 455
116 456
116 471
116 472
116 473
116 474
116 516
116 517
116 603
116 604
116 605
116 606
117 89
117 99
117 101
117 108
117 191
117 287
117 318
117 324
117 447
117 450
117 451
117 457
117 458
117 469
117 470
117 475
117 476
117 492
117 493
117 494
117 495
117 513
117 514
117 515
117 516
117 601
117 602
118 89
118 99
118 101
118 108
118 191
118 287
118 318
118 324
118 448
118 449
118 450
118 459
118 468
118 476
118 491
118 496
118 511
118 512
118 599
118 600
119 89
119 99
119 108
119 192
119 285
119 286
119 319
119 325
119 326
119 459
119 467
119 477
119 488
119 489
119 490
119 497
119 498
119 499
119 500
119 501
119 502
119 509
119 510
119 598
119 599
120 89
120 99
120 109
120 192
120 193
120 285
120 319
120 324
120 459
120 468
120 477
120 478
120 486
120 487
120 503
120 504
120 505
120 506
120 507
120 508
120 598
120 603
120 604
120 605
120 606
120 607
121 88
121 89
121 99
121 109
121 193
121 194
121 284
121 320
121 325
121 326
121 460
121 478
121 479
121 486
121 598
121 599
121 600
121 601
121 602
121 608
121 609
122 88
122 99
122 109
122 194
122 285
122 320
122 321
122 324
122 461
122 462
122 463
122 464
122 465
122 466
122 479
122 485
122 610
122 611
123 80
123 86
123 87
123 99
123 109
123 149
123 194
123 285
123 321
123 324
123 480
123 485
123 611
123 612
124 79
124 81
124 82
124 83
124 84
124 85
124 99
124 109
124 148
124 150
124 151
124 193
124 194
124 285
124 322
124 324
124 480
124 481
124 485
124 612
125 78
125 99
125 109
125 147
125 151
125 152
125 192
125 193
125 197
125 198
125 284
125 285
125 322
125 325
125 481
125 482
125 484
125 612
126 49
126 50
126 51
126 52
126 53
126 54
126 55
126 56
126 77
126 99
126 109
126 145
126 146
126 147
126 152
126 153
126 192
126 195
126 196
126 199
126 283
126 322
126 325
126 326
126 482
126 612
127 45
127 46
127 47
127 48
127 57
127 58
127 59
127 77
127 99
127 109
127 144
127 153
127 192
127 193
127 194
127 195
127 199
127 282
127 322
127 326
127 483
127 612
128 41
128 42
128 43
128 44
128 60
128 61
128 62
128 77
128 78
128 99
128 109
128 143
128 153
128 199
128 282
128 322
128 325
128 326
128 483
128 485
128 612
129 37
129 38
129 39
129 40
129 63
129 64
129 65
129 78
129 99
129 109
129 143
129 152
129 199
129 281
129 282
129 322
129 324
129 483
129 485
129 486
129 612
130 33
130 34
130 35
130 36
130 66
130 67
130 68
130 78
130 99
130 102
130 109
130 143
130 152
130 199
130 274
130 275
130 276
130 277
130 278
130 279
130 280
130 483
130 611
130 612
131 27
131 28
131 29
131 30
131 31
131 32
131 69
131 70
131 71
131 72
131 73
131 77
131 99
131 102
131 107
131 108
131 109
131 144
131 149
131 150
131 151
131 199
131 272
131 273
131 483
131 484
131 485
131 604
131 605
131 606
131 607
131 608
131 609
131 610
131 611
132 23
132 24
132 25
132 26
132 74
132 75
132 76
132 99
132 103
132 105
132 106
132 144
132 145
132 146
132 147
132 148
132 199
132 265
132 266
132 267
132 270
132 271
132 598
132 599
132 600
132 601
132 602
132 603
132 604
132 612
132 613
132 614
133 19
133 20
133 21
133 22
133 75
133 77
133 99
133 103
133 200
133 263
133 264
133 268
133 269
133 270
133 598
133 606
133 607
133 608
133 609
133 610
133 615
133 616
134 15
134 16
134 17
134 18
134 74
134 75
134 76
134 99
134 103
134 200
134 261
134 262
134 598
134 604
134 605
134 617
135 10
135 11
135 12
135 13
135 14
135 73
135 99
135 103
135 112
135 113
135 114
135 200
135 260
135 261
135 598
135 600
135 602
135 603
135 604
135 617
136 6
136 7
136 8
136 9
136 72
136 99
136 103
136 111
136 114
136 116
136 117
136 118
136 119
136 120
136 121
136 122
136 123
136 200
136 260
136 617
137 0
137 1
137 2
137 3
137 4
137 5
137 72
137 99
137 103
137 113
137 116
137 123
137 199
137 259
137 617
138 71
138 99
138 103
138 110
138 116
138 123
138 200
138 201
138 259
138 613
138 614
138 615
138 616
138 617
139 71
139 99
139 103
139 110
139 112
139 114
139 122
139 123
139 202
139 203
139 259
139 613
140 70
140 99
140 103
140 114
140 119
140 120
140 121
140 203
140 258
140 613
140 614
141 70
141 99
141 103
141 114
141 115
141 116
141 117
141 118
141 203
141 258
141 614
141 615
142 69
142 99
142 103
142 203
142 258
142 615
143 69
143 99
143 103
143 130
143 131
143 203
143 258
143 615
144 67
144 68
144 69
144 100
144 103
144 128
144 129
144 132
144 133
144 203
144 259
144 611
144 612
144 613
144 614
145 66
145 100
145 103
145 128
145 133
145 134
145 203
145 259
145 609
146 65
146 100
146 103
146 128
146 129
146 135
146 203
146 218
146 222
146 223
146 224
146 259
146 608
146 610
147 59
147 60
147 61
147 62
147 63
147 64
147 65
147 100
147 103
147 130
147 131
147 135
147 205
147 206
147 216
147 217
147 219
147 220
147 221
147 224
147 259
147 608
147 610
148 58
148 100
148 103
148 132
148 133
148 134
148 135
148 206
148 207
148 208
148 214
148 215
148 216
148 224
148 257
148 258
148 259
148 611
148 612
148 613
148 614
149 57
149 100
149 103
149 209
149 210
149 211
149 212
149 213
149 224
149 256
149 615
149 616
150 55
150 56
150 57
150 100
150 104
150 224
150 255
150 616
151 53
151 54
151 100
151 104
151 225
151 615
151 616
152 53
152 100
152 104
152 226
152 227
152 230
152 231
152 232
152 233
152 234
152 235
152 236
152 237
152 238
152 239
152 240
152 241
152 242
152 243
152 244
152 245
152 246
152 247
152 248
152 249
152 250
152 251
152 252
152 253
152 254
152 255
152 614
152 618
153 52
153 100
153 104
153 229
153 256
153 257
153 616
153 619
153 620
153 621
153 622
154 51
154 100
154 104
154 229
154 230
154 231
154 257
154 258
154 613
154 623
155 50
155 100
155 104
155 232
155 233
155 234
155 259
155 260
155 613
155 615
155 623
156 50
156 100
156 104
156 235
156 261
156 602
156 603
156 623
157 49
157 100
157 104
157 236
157 261
157 601
157 623
158 49
158 100
158 104
158 236
158 261
158 602
158 603
158 623
159 49
159 100
159 104
159 236
159 261
159 622
160 49
160 100
160 104
160 236
160 261
160 623
161 50
161 100
161 104
161 236
161 237
161 262
161 623
161 624
162 50
162 100
162 104
162 237
162 262
162 263
162 624
162 625
163 50
163 100
163 104
163 238
163 263
163 264
163 603
163 625
163 635
164 50
164 100
164 104
164 238
164 264
164 265
164 602
164 604
164 626
164 631
164 632
164 633
164 634
164 636
164 637
164 638
164 639
165 50
165 100
165 104
165 239
165 265
165 602
165 604
165 627
165 628
165 629
165 630
166 50
166 100
166 104
166 239
166 266
166 602
166 604
166 627
167 51
167 100
167 104
167 240
167 266
167 267
167 602
167 603
167 604
167 627
168 51
168 100
168 104
168 241
168 242
168 267
168 627
169 52
169 100
169 104
169 242
169 243
169 267
169 626
170 52
170 53
170 100
170 105
170 243
170 268
170 603
170 626
171 53
171 54
171 100
171 105
171 243
171 268
171 602
171 604
171 626
172 54
172 55
172 100
172 105
172 243
172 268
172 601
172 604
172 626
173 55
173 56
173 100
173 105
173 242
173 243
173 268
173 601
173 604
173 625
173 626
174 57
174 100
174 105
174 241
174 242
174 268
174 601
174 605
174 624
174 625
175 58
175 100
175 105
175 241
175 268
175 466
175 471
175 472
175 473
175 474
175 601
175 605
175 624
176 58
176 59
176 100
176 105
176 240
176 268
176 464
176 465
176 467
176 468
176 469
176 470
176 471
176 475
176 476
176 601
176 605
176 623
177 59
177 60
177 100
177 105
177 238
177 239
177 269
177 459
177 460
177 461
177 462
177 463
177 464
177 477
177 478
177 601
177 605
177 623
178 61
178 62
178 63
178 64
178 65
178 66
178 67
178 100
178 105
178 238
178 270
178 271
178 452
178 453
178 454
178 455
178 456
178 457
178 458
178 478
178 479
178 601
178 605
178 622
178 623
179 68
179 69
179 100
179 105
179 237
179 271
179 272
179 440
179 441
179 442
179 443
179 444
179 445
179 446
179 447
179 448
179 449
179 450
179 451
179 479
179 480
179 602
179 605
179 616
179 617
179 618
179 619
179 620
179 621
180 69
180 100
180 105
180 237
180 273
180 274
180 275
180 340
180 341
180 342
180 343
180 438
180 439
180 481
180 602
180 605
180 610
180 611
180 612
180 613
180 614
180 615
181 69
181 100
181 105
181 237
181 276
181 277
181 278
181 340
181 343
181 344
181 436
181 437
181 481
181 602
181 605
181 608
181 609
182 69
182 100
182 105
182 236
182 279
182 339
182 344
182 345
182 434
182 435
182 481
182 502
182 602
182 607
182 608
183 69
183 100
183 105
183 231
183 232
183 233
183 234
183 235
183 236
183 280
183 306
183 307
183 337
183 338
183 345
183 346
183 384
183 385
183 386
183 387
183 433
183 434
183 481
183 482
183 483
183 484
183 485
183 486
183 500
183 501
183 503
183 602
183 606
183 607
184 68
184 100
184 105
184 229
184 230
184 281
184 282
184 283
184 304
184 305
184 308
184 309
184 335
184 336
184 347
184 348
184 383
184 388
184 389
184 390
184 391
184 392
184 393
184 394
184 395
184 396
184 397
184 398
184 399
184 431
184 432
184 487
184 488
184 489
184 498
184 499
184 500
184 504
184 602
184 606
185 69
185 100
185 105
185 227
185 228
185 284
185 285
185 286
185 303
185 304
185 310
185 311
185 335
185 348
185 383
185 399
185 400
185 430
185 431
185 490
185 491
185 496
185 497
185 504
185 505
185 540
185 541
185 601
185 605
186 69
186 70
186 100
186 105
186 226
186 302
186 303
186 311
186 312
186 335
186 336
186 349
186 382
186 400
186 401
186 429
186 430
186 492
186 493
186 494
186 495
186 496
186 505
186 506
186 537
186 538
186 539
186 542
186 543
186 544
186 599
186 600
186 602
186 605
187 70
187 71
187 100
187 105
187 225
187 286
187 301
187 302
187 312
187 337
187 338
187 350
187 351
187 352
187 381
187 382
187 401
187 402
187 403
187 404
187 428
187 429
187 506
187 507
187 535
187 536
187 545
187 546
187 597
187 598
187 602
187 605
188 71
188 100
188 105
188 224
188 225
188 285
188 300
188 301
188 312
188 338
188 353
188 354
188 381
188 405
188 406
188 427
188 428
188 508
188 509
188 535
188 547
188 548
188 597
188 602
188 605
189 71
189 100
189 105
189 223
189 224
189 286
189 299
189 300
189 313
189 338
189 355
189 356
189 380
189 407
189 408
189 427
189 509
189 510
189 534
189 548
189 593
189 594
189 595
189 596
189 602
189 605
190 71
190 100
190 106
190 223
190 286
190 287
190 299
190 313
190 338
190 356
190 357
190 380
190 409
190 410
190 411
190 412
190 413
190 414
190 426
190 510
190 534
190 548
190 592
190 602
190 605
191 57
191 58
191 59
191 60
191 61
191 62
191 63
191 64
191 65
191 66
191 67
191 68
191 69
191 70
191 72
191 73
191 74
191 75
191 76
191 100
191 222
191 287
191 288
191 289
191 290
191 291
191 292
191 297
191 298
191 313
191 328
191 329
191 330
191 338
191 357
191 358
191 379
191 415
191 416
191 426
191 511
191 533
191 548
191 591
191 602
191 605
192 39
192 40
192 41
192 42
192 43
192 44
192 45
192 46
192 47
192 48
192 49
192 50
192 51
192 52
192 53
192 54
192 55
192 56
192 77
192 78
192 79
192 80
192 81
192 82
192 83
192 84
192 85
192 86
192 87
192 88
192 89
192 90
192 91
192 92
192 93
192 94
192 95
192 96
192 97
192 98
192 99
192 100
192 101
192 102
192 103
192 104
192 105
192 106
192 107
192 108
192 109
192 110
192 111
192 112
192 113
192 114
192 221
192 222
192 293
192 294
192 295
192 296
192 313
192 326
192 327
192 331
192 332
192 337
192 359
192 378
192 379
192 417
192 418
192 426
192 511
192 533
192 549
192 590
192 591
192 602
192 605
192 608
192 609
192 610
192 611
192 618
192 619
193 32
193 33
193 34
193 35
193 36
193 37
193 38
193 115
193 116
193 117
193 118
193 119
193 120
193 121
193 122
193 123
193 124
193 125
193 126
193 127
193 218
193 219
193 220
193 221
193 313
193 326
193 332
193 333
193 336
193 337
193 360
193 378
193 418
193 426
193 504
193 505
193 506
193 507
193 508
193 509
193 512
193 533
193 549
193 589
193 590
193 602
193 604
193 605
193 606
193 612
193 613
193 614
193 615
193 616
193 617
193 620
193 621
193 622
193 623
193 624
193 625
193 626
193 627
193 628
193 629
194 26
194 27
194 28
194 29
194 30
194 31
194 128
194 129
194 183
194 184
194 185
194 186
194 216
194 217
194 313
194 325
194 333
194 334
194 335
194 336
194 360
194 361
194 377
194 418
194 426
194 491
194 492
194 493
194 494
194 495
194 496
194 497
194 498
194 499
194 500
194 501
194 502
194 503
194 512
194 513
194 514
194 515
194 516
194 517
194 518
194 519
194 520
194 521
194 522
194 523
194 524
194 525
194 533
194 550
194 589
194 597
194 598
194 599
194 600
194 601
194 630
194 631
194 632
194 633
194 634
194 635
194 636
194 637
194 638
194 639
195 23
195 24
195 25
195 129
195 177
195 178
195 179
195 180
195 181
195 182
195 187
195 188
195 196
195 197
195 198
195 199
195 200
195 205
195 214
195 215
195 313
195 325
195 361
195 362
195 377
195 418
195 426
195 487
195 488
195 489
195 490
195 511
195 512
195 526
195 527
195 528
195 533
195 550
195 553
195 554
195 555
195 556
195 557
195 558
195 559
195 560
195 561
195 562
195 563
195 564
195 565
195 566
195 567
195 568
195 569
195 570
195 571
195 588
195 595
195 596
195 619
196 19
196 20
196 21
196 22
196 129
196 175
196 176
196 188
196 189
196 190
196 191
196 192
196 193
196 194
196 195
196 201
196 202
196 203
196 204
196 206
196 207
196 208
196 212
196 213
196 283
196 284
196 285
196 286
196 287
196 288
196 289
196 290
196 291
196 292
196 293
196 294
196 295
196 296
196 297
196 298
196 299
196 300
196 301
196 302
196 303
196 304
196 305
196 306
196 307
196 308
196 309
196 310
196 311
196 312
196 314
196 315
196 316
196 317
196 318
196 319
196 320
196 321
196 322
196 323
196 324
196 325
196 327
196 328
196 329
196 330
196 331
196 332
196 337
196 338
196 339
196 340
196 341
196 342
196 343
196 344
196 345
196 346
196 347
196 348
196 349
196 360
196 362
196 376
196 418
196 426
196 483
196 484
196 485
196 486
196 529
196 530
196 533
196 545
196 546
196 547
196 548
196 550
196 551
196 572
196 573
196 574
196 588
196 593
196 594
196 612
196 613
197 15
197 16
197 17
197 18
197 129
197 164
197 165
197 174
197 175
197 209
197 212
197 275
197 276
197 277
197 278
197 279
197 280
197 281
197 282
197 350
197 351
197 352
197 353
197 354
197 355
197 356
197 357
197 358
197 359
197 364
197 365
197 376
197 408
197 409
197 410
197 411
197 412
197 413
197 414
197 415
197 416
197 417
197 420
197 421
197 422
197 423
197 424
197 425
197 427
197 428
197 429
197 435
197 436
197 437
197 438
197 439
197 440
197 441
197 442
197 443
197 444
197 445
197 446
197 447
197 448
197 449
197 450
197 451
197 452
197 453
197 454
197 455
197 456
197 457
197 458
197 459
197 460
197 461
197 462
197 463
197 464
197 465
197 466
197 467
197 468
197 469
197 470
197 471
197 472
197 473
197 474
197 475
197 476
197 480
197 481
197 482
197 531
197 533
197 541
197 542
197 543
197 544
197 575
197 576
197 577
197 578
197 587
197 592
197 593
197 610
197 611
198 13
198 14
198 129
198 163
198 166
198 167
198 168
198 169
198 170
198 171
198 172
198 173
198 209
198 268
198 269
198 270
198 271
198 272
198 273
198 274
198 327
198 328
198 329
198 330
198 331
198 332
198 333
198 366
198 367
198 374
198 376
198 406
198 407
198 430
198 431
198 432
198 433
198 434
198 477
198 478
198 479
198 535
198 536
198 537
198 538
198 539
198 540
198 579
198 580
198 587
198 590
198 591
198 609
198 610
199 11
199 12
199 130
199 162
199 209
199 261
199 262
199 263
199 264
199 265
199 266
199 267
199 336
199 337
199 338
199 367
199 368
199 374
199 377
199 406
199 581
199 582
199 587
199 590
199 608
199 609
200 9
200 10
200 130
200 131
200 142
200 143
200 144
200 145
200 146
200 147
200 159
200 162
200 209
200 224
200 225
200 226
200 227
200 228
200 229
200 230
200 231
200 232
200 233
200 234
200 235
200 236
200 237
200 238
200 239
200 240
200 256
200 257
200 258
200 259
200 260
200 339
200 340
200 354
200 368
200 373
200 378
200 379
200 404
200 405
200 408
200 409
200 410
200 411
200 412
200 413
200 414
200 415
200 416
200 417
200 423
200 424
200 425
200 456
200 457
200 458
200 475
200 476
200 582
200 583
200 586
200 587
200 607
200 608
201 6
201 7
201 8
201 131
201 132
201 133
201 135
201 136
201 137
201 138
201 139
201 140
201 141
201 148
201 149
201 158
201 160
201 161
201 162
201 209
201 222
201 223
201 241
201 242
201 254
201 255
201 341
201 342
201 343
201 348
201 349
201 350
201 351
201 352
201 354
201 355
201 356
201 357
201 358
201 359
201 360
201 361
201 362
201 363
201 364
201 365
201 366
201 367
201 368
201 369
201 370
201 371
201 372
201 373
201 379
201 396
201 397
201 398
201 399
201 400
201 401
201 402
201 403
201 418
201 419
201 420
201 421
201 422
201 459
201 460
201 461
201 473
201 474
201 539
201 540
201 584
201 585
201 586
201 604
201 605
201 606
201 607
202 4
202 5
202 133
202 134
202 150
202 151
202 155
202 156
202 157
202 209
202 219
202 220
202 221
202 243
202 244
202 245
202 246
202 247
202 248
202 249
202 250
202 251
202 252
202 253
202 344
202 345
202 346
202 374
202 375
202 380
202 391
202 392
202 393
202 394
202 395
202 462
202 463
202 471
202 472
202 541
202 542
202 603
203 2
203 3
203 151
203 152
203 155
203 171
203 172
203 173
203 174
203 175
203 176
203 177
203 178
203 179
203 180
203 181
203 182
203 183
203 184
203 185
203 209
203 212
203 213
203 214
203 215
203 216
203 217
203 218
203 224
203 225
203 226
203 227
203 228
203 229
203 239
203 240
203 241
203 258
203 259
203 346
203 347
203 348
203 376
203 380
203 387
203 388
203 389
203 390
203 415
203 416
203 417
203 464
203 465
203 469
203 470
203 543
203 544
203 545
203 587
203 588
203 589
203 590
203 591
203 592
203 602
204 0
204 1
204 134
204 135
204 152
204 155
204 161
204 162
204 163
204 164
204 165
204 166
204 167
204 168
204 169
204 170
204 186
204 187
204 188
204 189
204 190
204 191
204 209
204 212
204 230
204 231
204 232
204 233
204 234
204 237
204 238
204 256
204 257
204 349
204 350
204 377
204 381
204 385
204 386
204 413
204 414
204 466
204 467
204 468
204 546
204 547
204 548
204 593
204 594
204 598
204 599
204 600
204 601
205 135
205 136
205 152
205 155
205 192
205 193
205 194
205 195
205 207
205 209
205 235
205 236
205 237
205 246
205 247
205 255
205 256
205 351
205 352
205 378
205 381
205 382
205 383
205 384
205 411
205 412
205 549
205 550
205 594
205 595
205 596
205 597
206 136
206 137
206 152
206 156
206 196
206 197
206 205
206 206
206 209
206 238
206 239
206 245
206 246
206 254
206 255
206 353
206 354
206 379
206 409
206 410
206 462
206 463
206 551
206 552
206 595
207 137
207 147
207 148
207 149
207 150
207 151
207 152
207 153
207 154
207 155
207 156
207 158
207 159
207 160
207 161
207 162
207 163
207 164
207 165
207 166
207 198
207 199
207 203
207 204
207 209
207 243
207 244
207 253
207 254
207 354
207 355
207 356
207 357
207 379
207 381
207 408
207 409
207 461
207 462
207 552
207 553
207 595
208 138
208 141
208 142
208 143
208 144
208 145
208 146
208 167
208 168
208 169
208 170
208 171
208 200
208 201
208 202
208 203
208 209
208 219
208 220
208 221
208 222
208 223
208 224
208 225
208 226
208 227
208 228
208 229
208 230
208 231
208 232
208 233
208 234
208 235
208 236
208 237
208 242
208 243
208 252
208 253
208 358
208 359
208 360
208 361
208 362
208 363
208 364
208 365
208 379
208 404
208 405
208 406
208 407
208 459
208 460
208 461
208 553
208 595
209 138
209 139
209 140
209 172
209 173
209 174
209 209
209 210
209 211
209 212
209 213
209 214
209 215
209 216
209 217
209 218
209 238
209 239
209 240
209 241
209 251
209 252
209 366
209 367
209 368
209 369
209 370
209 378
209 379
209 402
209 403
209 453
209 454
209 455
209 456
209 457
209 458
209 553
209 595
210 0
210 1
210 175
210 176
210 207
210 208
210 249
210 250
210 371
210 372
210 377
210 401
210 402
210 451
210 452
210 553
210 595
211 2
211 3
211 4
211 140
211 177
211 178
211 179
211 203
211 204
211 205
211 206
211 240
211 248
211 249
211 372
211 373
211 376
211 399
211 400
211 401
211 449
211 450
211 553
211 595
212 5
212 6
212 7
212 140
212 180
212 181
212 201
212 202
212 240
212 247
212 248
212 373
212 375
212 376
212 396
212 397
212 398
212 447
212 448
212 553
212 595
213 8
213 9
213 10
213 11
213 140
213 182
213 183
213 199
213 200
213 245
213 246
213 374
213 393
213 394
213 395
213 445
213 446
213 553
213 595
214 12
214 13
214 14
214 140
214 184
214 185
214 198
214 199
214 240
214 241
214 243
214 244
214 374
214 391
214 392
214 444
214 445
214 554
214 595
215 15
215 16
215 17
215 18
215 140
215 186
215 187
215 188
215 189
215 190
215 191
215 192
215 197
215 232
215 233
215 234
215 235
215 236
215 237
215 238
215 239
215 375
215 387
215 388
215 389
215 390
215 442
215 443
215 554
215 596
216 19
216 20
216 21
216 22
216 23
216 24
216 25
216 26
216 27
216 28
216 29
216 30
216 140
216 193
216 194
216 195
216 196
216 227
216 228
216 229
216 230
216 231
216 375
216 385
216 386
216 441
216 442
216 554
216 596
217 31
217 32
217 33
217 34
217 35
217 36
217 37
217 38
217 140
217 197
217 198
217 222
217 223
217 224
217 225
217 226
217 375
217 384
217 385
217 441
217 554
217 596
218 39
218 40
218 140
218 198
218 217
218 218
218 219
218 220
218 221
218 375
218 383
218 384
218 440
218 554
218 639
219 40
219 139
219 198
219 212
219 213
219 214
219 215
219 216
219 375
219 383
219 440
219 554
220 40
220 139
220 199
220 209
220 210
220 211
220 376
220 382
220 439
220 554
221 41
221 139
221 199
221 206
221 207
221 208
221 376
221 382
221 439
221 554
222 41
222 42
222 140
222 199
222 204
222 205
222 376
222 382
222 439
222 554
223 42
223 140
223 141
223 199
223 203
223 204
223 376
223 382
223 439
224 42
224 141
224 199
224 203
224 376
224 381
224 439
225 43
225 142
225 200
225 202
225 376
225 381
225 439
226 43
226 142
226 200
226 202
226 439
227 43
227 142
227 200
227 439
228 43
228 142
228 201
228 439
229 42
229 142
229 201
229 438
230 43
230 142
230 201
231 43
231 142
231 201
232 44
232 141
232 201
233 44
233 45
233 141
233 201
234 45
234 46
234 140
234 141
234 200
234 201
235 46
235 140
235 200
236 47
236 139
237 47
237 137
237 138
237 198
237 199
238 47
238 132
238 133
238 134
238 135
238 136
238 199
239 47
239 128
239 129
239 130
239 131
240 47
240 126
240 127
240 198
240 199
241 47
241 199
242 47
242 199
243 47
243 200
244 47
244 200
245 47
245 201
246 47
246 201
246 202
247 47
