0 220
0 538
0 547
0 568
0 596
1 220
1 538
1 547
1 568
1 596
2 221
2 538
2 547
2 569
2 596
3 221
3 537
3 547
3 569
3 596
4 221
4 537
4 547
4 567
4 568
4 569
4 596
5 221
5 537
5 547
5 566
5 597
6 220
6 537
6 548
6 565
6 597
7 220
7 537
7 548
7 565
7 598
7 639
8 221
8 537
8 548
8 564
8 598
8 638
9 221
9 536
9 549
9 564
9 598
9 638
10 221
10 536
10 549
10 564
10 597
10 637
11 211
11 212
11 213
11 214
11 215
11 221
11 536
11 549
11 564
11 597
11 636
11 637
12 210
12 216
12 217
12 218
12 219
12 220
12 534
12 535
12 549
12 565
12 566
12 567
12 597
12 636
13 210
13 533
13 549
13 568
13 597
13 635
14 210
14 211
14 212
14 213
14 532
14 550
14 568
14 597
14 635
15 214
15 215
15 532
15 550
15 568
15 597
15 635
16 215
16 531
16 551
16 568
16 597
16 634
17 215
17 531
17 551
17 568
17 597
17 632
17 633
17 634
18 215
18 531
18 552
18 563
18 564
18 565
18 566
18 567
18 568
18 598
18 630
18 631
19 215
19 531
19 552
19 553
19 561
19 562
19 598
19 599
19 600
19 601
19 629
19 630
20 215
20 531
20 554
20 560
20 602
20 628
20 629
21 215
21 531
21 555
21 559
21 602
21 627
21 628
22 213
22 214
22 531
22 555
22 556
22 559
22 602
22 627
23 212
23 213
23 531
23 556
23 559
23 601
23 602
23 626
24 212
24 531
24 556
24 559
24 599
24 600
24 626
25 211
25 531
25 556
25 558
25 598
25 627
26 208
26 209
26 210
26 211
26 530
26 556
26 558
26 598
26 627
26 628
26 629
26 633
26 634
27 202
27 203
27 206
27 207
27 530
27 598
27 599
27 632
27 635
28 201
28 204
28 205
28 206
28 530
28 599
28 600
28 628
28 629
28 631
28 636
29 200
29 231
29 232
29 529
29 600
29 627
29 631
29 636
30 200
30 220
30 229
30 230
30 233
30 529
30 600
30 603
30 604
30 605
30 625
30 626
30 630
30 635
30 636
30 639
31 200
31 219
31 221
31 222
31 228
31 233
31 238
31 239
31 528
31 529
31 601
31 602
31 603
31 605
31 624
31 625
31 628
31 629
31 634
31 635
32 200
32 219
32 223
32 224
32 225
32 226
32 227
32 234
32 235
32 236
32 237
32 240
32 241
32 242
32 243
32 525
32 526
32 527
32 605
32 623
32 624
32 627
32 628
32 633
32 639
33 200
33 219
33 524
33 605
33 622
33 626
33 627
33 632
33 638
34 201
34 202
34 203
34 204
34 205
34 206
34 207
34 208
34 209
34 210
34 211
34 212
34 219
34 240
34 241
34 242
34 243
34 523
34 605
34 620
34 621
34 625
34 630
34 631
35 213
35 214
35 215
35 216
35 217
35 218
35 220
35 221
35 222
35 223
35 224
35 225
35 226
35 227
35 228
35 236
35 237
35 238
35 239
35 523
35 605
35 619
35 620
35 623
35 624
35 629
35 630
35 636
35 637
36 229
36 230
36 231
36 232
36 233
36 234
36 235
36 522
36 605
36 618
36 619
36 622
36 623
36 628
36 629
36 635
36 636
37 218
37 219
37 522
37 605
37 616
37 617
37 622
37 627
37 628
37 635
38 216
38 217
38 522
38 605
38 615
38 616
38 622
38 623
38 626
38 627
38 634
39 215
39 216
39 522
39 604
39 614
39 615
39 619
39 624
39 625
39 626
39 633
39 634
40 214
40 215
40 522
40 604
40 613
40 614
40 618
40 632
40 633
41 214
41 522
41 605
41 612
41 613
41 617
41 624
41 630
41 631
42 214
42 215
42 216
42 217
42 218
42 219
42 522
42 589
42 590
42 591
42 592
42 605
42 606
42 610
42 611
42 623
42 624
42 629
42 630
43 220
43 523
43 588
43 589
43 592
43 607
43 608
43 609
43 622
43 623
43 627
43 628
44 220
44 221
44 256
44 257
44 523
44 587
44 588
44 591
44 592
44 602
44 603
44 613
44 620
44 621
44 626
44 627
45 221
45 222
45 249
45 250
45 251
45 252
45 253
45 254
45 255
45 258
45 523
45 586
45 590
45 591
45 601
45 607
45 611
45 612
45 619
45 620
45 625
45 626
46 222
46 247
46 248
46 258
46 523
46 585
46 589
46 600
46 606
46 607
46 610
46 611
46 618
46 619
46 624
46 625
47 223
47 245
47 246
47 258
47 524
47 584
47 588
47 599
47 605
47 609
47 610
47 617
47 618
47 622
47 623
48 224
48 225
48 243
48 244
48 257
48 524
48 583
48 587
48 597
48 604
48 607
48 608
48 615
48 616
48 621
48 622
49 225
49 226
49 242
49 243
49 256
49 257
49 524
49 582
49 586
49 596
49 603
49 606
49 607
49 614
49 615
49 620
49 621
50 226
50 242
50 255
50 256
50 525
50 581
50 585
50 595
50 602
50 605
50 606
50 613
50 614
50 618
50 619
51 225
51 226
51 241
51 250
51 251
51 252
51 253
51 254
51 525
51 580
51 584
51 595
51 600
51 604
51 605
51 612
51 613
51 617
51 618
52 224
52 225
52 241
52 248
52 249
52 525
52 579
52 583
52 603
52 604
52 610
52 611
52 616
52 617
53 227
53 228
53 229
53 241
53 247
53 248
53 525
53 578
53 582
53 598
53 601
53 602
53 609
53 610
53 615
53 616
54 224
54 226
54 230
54 241
54 246
54 247
54 524
54 525
54 577
54 580
54 598
54 600
54 601
54 608
54 609
54 613
54 614
55 230
55 241
55 246
55 523
55 524
55 576
55 579
55 598
55 600
55 606
55 607
55 612
55 613
56 230
56 242
56 245
56 522
56 523
56 575
56 578
56 605
56 606
56 610
56 611
57 231
57 243
57 520
57 521
57 574
57 577
57 604
57 605
57 609
57 610
58 231
58 243
58 519
58 520
58 573
58 576
58 603
58 604
58 608
58 609
59 232
59 233
59 241
59 242
59 243
59 246
59 519
59 572
59 575
59 602
59 603
59 607
59 608
60 234
60 235
60 240
60 246
60 247
60 518
60 570
60 574
60 600
60 601
60 605
60 606
61 235
61 239
61 247
61 518
61 569
61 573
61 599
61 600
61 604
61 605
62 235
62 239
62 248
62 517
62 568
62 571
62 598
62 599
62 602
62 603
63 235
63 238
63 248
63 249
63 250
63 516
63 517
63 568
63 570
63 598
63 601
63 602
64 234
64 237
64 238
64 251
64 252
64 515
64 516
64 567
64 598
64 600
64 601
65 234
65 236
65 237
65 252
65 253
65 514
65 515
65 598
65 599
65 600
66 253
66 512
66 513
67 254
67 511
67 512
68 255
68 256
68 257
68 258
68 259
68 510
68 511
69 260
69 261
69 509
69 510
70 261
70 262
70 508
70 509
71 262
71 508
72 263
72 494
72 495
72 496
72 497
72 507
73 263
73 264
73 387
73 388
73 493
73 494
73 498
73 499
73 505
73 506
74 264
74 265
74 385
74 386
74 389
74 390
74 404
74 492
74 493
74 500
74 501
74 502
74 503
74 504
75 266
75 267
75 268
75 269
75 385
75 390
75 391
75 402
75 403
75 405
75 406
75 492
76 270
76 276
76 384
76 391
76 401
76 406
76 491
77 271
77 272
77 273
77 274
77 275
77 277
77 278
77 384
77 392
77 400
77 407
77 491
78 278
78 279
78 383
78 392
78 400
78 407
78 488
78 489
78 490
78 491
79 279
79 296
79 297
79 298
79 299
79 308
79 383
79 393
79 399
79 408
79 486
79 487
80 279
80 294
80 295
80 300
80 301
80 302
80 303
80 304
80 305
80 306
80 307
80 309
80 310
80 311
80 312
80 313
80 382
80 393
80 399
80 408
80 471
80 485
80 486
81 279
81 292
81 293
81 314
81 382
81 393
81 399
81 409
81 469
81 470
81 472
81 473
81 482
81 483
81 484
81 485
82 279
82 291
82 292
82 298
82 299
82 300
82 314
82 382
82 394
82 399
82 409
82 467
82 468
82 474
82 475
82 481
82 482
83 280
83 291
83 296
83 297
83 303
83 304
83 305
83 306
83 312
83 313
83 314
83 382
83 394
83 398
83 399
83 409
83 465
83 466
83 475
83 476
83 480
83 481
84 281
84 282
84 290
84 294
84 295
84 307
84 308
84 309
84 310
84 311
84 381
84 394
84 397
84 398
84 409
84 464
84 465
84 477
84 478
84 479
84 480
85 282
85 283
85 289
85 290
85 293
85 294
85 380
85 381
85 395
85 396
85 397
85 410
85 464
86 284
86 285
86 286
86 287
86 288
86 292
86 293
86 380
86 410
86 454
86 463
86 540
86 541
87 292
87 298
87 299
87 300
87 301
87 379
87 411
87 452
87 453
87 455
87 456
87 462
87 463
87 538
88 291
88 297
88 298
88 301
88 379
88 411
88 412
88 420
88 421
88 450
88 451
88 457
88 458
88 459
88 460
88 461
88 462
88 540
88 541
89 291
89 293
89 294
89 295
89 296
89 301
89 379
89 410
89 412
89 413
89 414
89 415
89 416
89 417
89 418
89 419
89 450
89 536
89 540
90 301
90 379
90 405
90 406
90 407
90 408
90 409
90 421
90 449
90 534
91 301
91 379
91 400
91 401
91 402
91 403
91 404
91 409
91 412
91 416
91 417
91 418
91 419
91 449
91 545
91 547
92 301
92 378
92 399
92 407
92 409
92 414
92 449
92 532
92 536
92 544
93 301
93 377
93 378
93 400
93 401
93 402
93 403
93 409
93 414
93 449
93 530
93 543
93 546
94 300
94 377
94 409
94 412
94 415
94 416
94 417
94 449
94 541
94 542
94 548
95 300
95 308
95 309
95 310
95 376
95 401
95 403
95 409
95 412
95 418
95 448
95 529
95 532
95 539
95 540
95 543
96 299
96 307
96 377
96 401
96 403
96 410
96 413
96 418
96 447
96 448
96 538
96 542
96 544
96 547
97 299
97 306
97 310
97 377
97 400
97 402
97 410
97 413
97 418
97 446
97 447
97 526
97 527
97 537
97 540
97 545
97 546
98 299
98 304
98 305
98 306
98 309
98 378
98 400
98 402
98 408
98 411
98 413
98 417
98 418
98 445
98 446
98 525
98 535
98 544
98 550
98 551
99 299
99 302
99 303
99 309
99 378
99 399
99 401
99 408
99 411
99 413
99 416
99 417
99 445
99 523
99 524
99 527
99 534
99 543
99 548
99 549
100 300
100 301
100 302
100 308
100 371
100 372
100 373
100 374
100 378
100 399
100 401
100 407
100 410
100 413
100 415
100 416
100 444
100 523
100 526
100 532
100 533
100 536
100 542
100 547
100 551
101 308
101 371
101 374
101 375
101 376
101 377
101 399
101 401
101 407
101 410
101 414
101 415
101 443
101 444
101 531
101 540
101 545
101 546
101 549
102 308
102 370
102 398
102 400
102 410
102 414
102 442
102 443
102 529
102 533
102 539
102 544
102 547
103 308
103 310
103 311
103 370
103 398
103 400
103 406
103 408
103 410
103 413
103 442
103 528
103 537
103 543
103 546
104 311
104 370
104 397
104 406
104 408
104 410
104 414
104 415
104 441
104 527
104 536
104 541
104 545
105 310
105 311
105 370
105 397
105 399
105 405
105 407
105 410
105 416
105 441
105 525
105 529
105 535
105 540
105 544
106 309
106 310
106 369
106 397
106 399
106 405
106 407
106 410
106 413
106 416
106 440
106 524
106 525
106 533
106 539
106 543
107 307
107 308
107 309
107 313
107 314
107 315
107 316
107 317
107 369
107 396
107 398
107 410
107 413
107 417
107 440
107 523
107 526
107 532
107 537
107 538
107 542
108 306
108 310
108 311
108 312
108 317
108 369
108 396
108 398
108 404
108 406
108 410
108 413
108 417
108 418
108 440
108 521
108 522
108 525
108 527
108 530
108 536
108 540
108 541
109 307
109 308
109 316
109 317
109 369
109 395
109 397
109 404
109 406
109 410
109 413
109 418
109 419
109 439
109 519
109 523
109 528
109 529
109 534
109 539
110 316
110 370
110 395
110 397
110 403
110 405
110 410
110 413
110 419
110 420
110 421
110 439
110 518
110 522
110 524
110 528
110 532
110 533
110 537
111 315
111 370
111 371
111 394
111 396
111 403
111 405
111 408
111 411
111 413
111 421
111 439
111 517
111 526
111 527
111 531
111 536
112 316
112 371
112 372
112 394
112 396
112 402
112 404
112 408
112 411
112 421
112 438
112 517
112 520
112 525
112 532
112 533
113 317
113 372
113 373
113 393
113 402
113 404
113 407
113 411
113 414
113 421
113 438
113 522
113 524
114 318
114 373
114 374
114 393
114 395
114 401
114 403
114 407
114 409
114 411
114 414
114 422
114 438
115 318
115 374
115 392
115 401
115 403
115 406
115 408
115 411
115 415
115 422
115 439
115 524
116 318
116 374
116 392
116 394
116 400
116 402
116 406
116 408
116 411
116 415
116 420
116 421
116 422
116 439
116 440
116 522
117 318
117 319
117 374
117 391
117 400
117 402
117 405
117 407
117 411
117 415
117 418
117 419
117 440
117 520
117 521
117 524
118 319
118 320
118 374
118 391
118 393
118 399
118 401
118 404
118 405
118 407
118 411
118 415
118 418
118 440
118 519
118 523
119 320
119 321
119 374
119 390
119 399
119 401
119 411
119 414
119 418
119 419
119 440
119 518
119 521
120 321
120 374
120 390
120 392
120 398
120 400
120 406
120 411
120 414
120 419
120 440
120 520
121 320
121 321
121 374
121 389
121 398
121 400
121 405
121 411
121 414
121 417
121 419
121 440
121 517
121 519
122 319
122 374
122 389
122 391
122 397
122 399
122 404
122 411
122 414
122 419
122 440
123 320
123 321
123 374
123 389
123 391
123 397
123 399
123 402
123 403
123 411
123 414
123 419
123 439
123 440
123 504
123 505
123 511
123 512
123 513
124 321
124 373
124 388
124 396
124 400
124 402
124 411
124 414
124 418
124 436
124 437
124 438
124 502
124 509
124 510
124 513
125 320
125 321
125 372
125 387
125 394
125 395
125 411
125 414
125 416
125 417
125 419
125 420
125 434
125 435
125 500
125 507
125 508
125 512
125 513
126 319
126 372
126 387
126 389
126 394
126 396
126 397
126 401
126 412
126 414
126 416
126 421
126 434
126 498
126 510
127 319
127 372
127 387
127 388
127 389
127 397
127 400
127 412
127 416
127 417
127 418
127 421
127 432
127 433
127 496
127 497
127 508
128 319
128 320
128 328
128 329
128 372
128 393
128 395
128 396
128 399
128 412
128 422
128 431
128 480
128 494
128 495
128 499
128 507
129 320
129 321
129 322
129 323
129 324
129 325
129 326
129 327
129 373
129 392
129 397
129 412
129 415
129 419
129 423
129 424
129 430
129 478
129 479
129 493
129 497
129 505
130 329
130 373
130 391
130 395
130 396
130 412
130 415
130 418
130 424
130 430
130 476
130 477
130 492
130 495
130 503
131 329
131 374
131 389
131 394
131 412
131 415
131 418
131 420
131 424
131 429
131 430
131 474
131 475
131 478
131 479
131 488
131 489
131 493
131 494
131 501
132 327
132 328
132 374
132 388
132 391
132 392
132 412
132 415
132 417
132 418
132 421
132 424
132 428
132 472
132 473
132 476
132 477
132 482
132 483
132 484
132 485
132 486
132 487
132 492
132 495
132 499
133 326
133 374
133 391
133 412
133 415
133 424
133 427
133 470
133 471
133 475
133 480
133 481
133 492
133 493
133 494
133 496
133 497
134 18
134 29
134 326
134 372
134 373
134 374
134 387
134 390
134 412
134 415
134 423
134 427
134 468
134 469
134 472
134 473
134 478
134 479
134 480
134 487
134 491
134 495
134 496
135 18
135 29
135 326
135 372
135 412
135 415
135 419
135 424
135 425
135 426
135 466
135 467
135 470
135 471
135 476
135 477
135 484
135 485
135 489
135 493
135 494
136 17
136 29
136 326
136 372
136 412
136 416
136 419
136 464
136 465
136 468
136 469
136 474
136 475
136 479
136 482
136 483
136 488
136 492
137 17
137 29
137 327
137 373
137 412
137 416
137 419
137 420
137 460
137 461
137 462
137 466
137 467
137 471
137 472
137 473
137 477
137 480
137 481
137 488
137 490
138 17
138 28
138 328
138 329
138 373
138 412
138 416
138 420
138 421
138 422
138 457
138 458
138 459
138 462
138 464
138 465
138 469
138 470
138 475
138 477
138 479
139 16
139 28
139 329
139 373
139 412
139 416
139 418
139 423
139 424
139 453
139 454
139 455
139 456
139 460
139 461
139 462
139 468
139 472
139 476
139 477
139 478
139 481
139 482
139 616
140 16
140 28
140 329
140 373
140 412
140 415
140 418
140 419
140 425
140 426
140 449
140 450
140 451
140 452
140 457
140 458
140 459
140 463
140 467
140 470
140 474
140 475
140 479
140 616
141 16
141 28
141 329
141 374
141 412
141 415
141 420
141 421
141 426
141 445
141 446
141 447
141 453
141 454
141 455
141 456
141 460
141 463
141 467
141 471
141 472
141 477
141 481
141 482
141 616
142 16
142 28
142 125
142 330
142 374
142 413
142 415
142 421
142 422
142 426
142 444
142 447
142 449
142 450
142 451
142 452
142 457
142 458
142 464
142 465
142 469
142 475
142 480
142 616
143 16
143 28
143 41
143 126
143 330
143 331
143 332
143 374
143 413
143 424
143 445
143 448
143 455
143 461
143 462
143 463
143 468
143 472
143 477
143 478
143 616
144 16
144 28
144 41
144 127
144 128
144 333
144 334
144 335
144 369
144 370
144 374
144 413
144 416
144 423
144 426
144 445
144 451
144 455
144 459
144 469
144 474
144 475
144 616
145 16
145 28
145 41
145 129
145 336
145 337
145 351
145 368
145 371
145 373
145 374
145 413
145 416
145 418
145 419
145 421
145 422
145 427
145 446
145 447
145 448
145 454
145 460
145 466
145 467
145 471
145 472
145 616
146 16
146 27
146 41
146 130
146 151
146 337
146 338
146 350
146 352
146 368
146 371
146 372
146 373
146 411
146 413
146 416
146 420
146 424
146 427
146 434
146 435
146 436
146 444
146 445
146 449
146 450
146 451
146 452
146 454
146 456
146 457
146 458
146 463
146 468
146 469
146 616
147 16
147 27
147 40
147 74
147 131
147 150
147 339
147 340
147 350
147 352
147 368
147 410
147 413
147 416
147 418
147 419
147 422
147 423
147 433
147 437
147 438
147 439
147 440
147 441
147 442
147 443
147 459
147 460
147 465
147 466
147 602
147 615
148 16
148 27
148 40
148 74
148 132
148 149
148 340
148 341
148 350
148 352
148 368
148 409
148 413
148 416
148 420
148 421
148 426
148 427
148 428
148 429
148 430
148 431
148 433
148 446
148 447
148 448
148 449
148 450
148 451
148 452
148 459
148 462
148 463
148 603
148 615
149 16
149 27
149 40
149 73
149 83
149 133
149 148
149 341
149 342
149 343
149 350
149 352
149 367
149 408
149 411
149 413
149 416
149 423
149 424
149 431
149 433
149 453
149 604
149 615
150 16
150 27
150 40
150 50
150 73
150 83
150 133
150 146
150 147
150 339
150 344
150 345
150 346
150 347
150 348
150 349
150 350
150 366
150 367
150 407
150 410
150 413
150 416
150 426
150 427
150 428
150 429
150 430
150 431
150 440
150 441
150 442
150 443
150 444
150 445
150 446
150 604
150 615
151 16
151 27
151 40
151 50
151 73
151 82
151 134
151 145
151 339
151 352
151 365
151 366
151 371
151 406
151 409
151 413
151 416
151 433
151 434
151 435
151 436
151 437
151 438
151 439
151 451
151 452
151 453
151 605
151 615
152 16
152 27
152 40
152 50
152 73
152 82
152 135
152 144
152 339
152 352
152 353
152 354
152 355
152 356
152 357
152 358
152 359
152 364
152 365
152 368
152 372
152 406
152 408
152 413
152 416
152 606
152 615
153 16
153 27
153 40
153 50
153 72
153 82
153 136
153 143
153 339
153 350
153 360
153 361
153 362
153 363
153 364
153 368
153 372
153 405
153 407
153 413
153 416
153 478
153 479
153 480
153 481
153 482
153 483
153 484
153 485
153 607
153 615
154 16
154 27
154 40
154 50
154 72
154 81
154 137
154 143
154 339
154 350
154 352
154 368
154 372
154 405
154 407
154 413
154 416
154 477
154 486
154 607
154 615
155 16
155 27
155 39
155 50
155 72
155 81
155 137
155 143
155 339
155 350
155 352
155 368
155 373
155 413
155 416
155 476
155 486
155 608
155 615
156 16
156 27
156 39
156 50
156 72
156 80
156 137
156 143
156 339
156 350
156 352
156 363
156 364
156 369
156 373
156 413
156 416
156 476
156 486
156 608
156 615
157 16
157 27
157 39
157 49
157 71
157 80
157 137
157 143
157 339
157 350
157 352
157 362
157 366
157 369
157 372
157 414
157 416
157 476
157 486
157 608
157 615
158 16
158 27
158 39
158 49
158 71
158 80
158 137
158 143
158 196
158 200
158 339
158 350
158 352
158 361
158 370
158 372
158 414
158 476
158 486
158 609
158 615
159 16
159 27
159 39
159 49
159 71
159 79
159 137
159 143
159 196
159 200
159 339
159 350
159 352
159 360
159 361
159 367
159 370
159 372
159 414
159 476
159 486
159 609
159 615
160 16
160 27
160 39
160 49
160 71
160 79
160 137
160 143
160 196
160 200
160 339
160 350
160 352
160 363
160 367
160 370
160 373
160 414
160 438
160 476
160 486
160 609
160 615
161 16
161 27
161 39
161 49
161 70
161 79
161 137
161 143
161 196
161 200
161 339
161 350
161 352
161 355
161 356
161 357
161 360
161 362
161 366
161 370
161 373
161 374
161 375
161 414
161 417
161 437
161 439
161 476
161 486
161 609
161 615
162 16
162 27
162 38
162 49
162 70
162 78
162 137
162 143
162 196
162 200
162 339
162 350
162 352
162 353
162 354
162 357
162 361
162 365
162 370
162 372
162 376
162 414
162 417
162 436
162 439
162 476
162 486
162 609
162 615
163 16
163 26
163 38
163 49
163 70
163 78
163 137
163 143
163 196
163 200
163 232
163 235
163 261
163 264
163 340
163 344
163 349
163 350
163 352
163 355
163 356
163 357
163 360
163 364
163 370
163 372
163 414
163 417
163 436
163 439
163 476
163 486
163 543
163 609
163 615
164 16
164 26
164 38
164 49
164 69
164 78
164 137
164 143
164 196
164 200
164 232
164 235
164 261
164 264
164 340
164 343
164 345
164 347
164 348
164 350
164 352
164 353
164 354
164 359
164 363
164 370
164 372
164 375
164 377
164 414
164 417
164 436
164 439
164 476
164 486
164 544
164 609
164 615
165 16
165 26
165 38
165 48
165 69
165 77
165 137
165 143
165 196
165 200
165 232
165 235
165 259
165 260
165 261
165 264
165 340
165 343
165 345
165 346
165 349
165 350
165 352
165 358
165 362
165 370
165 373
165 379
165 380
165 381
165 414
165 417
165 437
165 440
165 476
165 486
165 503
165 541
165 544
165 553
165 609
165 615
166 16
166 26
166 38
166 48
166 68
166 77
166 137
166 143
166 196
166 200
166 232
166 235
166 259
166 261
166 264
166 340
166 343
166 345
166 350
166 352
166 353
166 354
166 355
166 356
166 361
166 369
166 373
166 382
166 414
166 417
166 437
166 440
166 441
166 476
166 486
166 500
166 503
166 542
166 545
166 549
166 553
166 609
166 615
167 0
167 16
167 26
167 38
167 48
167 68
167 76
167 137
167 143
167 196
167 200
167 232
167 235
167 258
167 261
167 264
167 340
167 343
167 345
167 347
167 348
167 350
167 352
167 359
167 369
167 373
167 379
167 380
167 414
167 417
167 436
167 437
167 441
167 442
167 476
167 486
167 500
167 503
167 542
167 546
167 549
167 553
167 609
167 615
168 0
168 16
168 26
168 38
168 48
168 67
168 76
168 137
168 143
168 196
168 200
168 232
168 235
168 259
168 260
168 261
168 265
168 285
168 340
168 343
168 345
168 346
168 350
168 352
168 354
168 355
168 356
168 369
168 373
168 414
168 417
168 435
168 436
168 443
168 444
168 476
168 486
168 500
168 503
168 543
168 546
168 549
168 553
168 609
168 615
169 1
169 16
169 26
169 38
169 48
169 67
169 76
169 137
169 143
169 196
169 200
169 232
169 235
169 261
169 265
169 285
169 340
169 343
169 345
169 350
169 352
169 369
169 373
169 414
169 417
169 434
169 435
169 444
169 476
169 486
169 500
169 503
169 543
169 547
169 549
169 553
169 609
169 615
170 1
170 16
170 26
170 38
170 48
170 66
170 75
170 137
170 143
170 196
170 200
170 232
170 235
170 261
170 265
170 281
170 284
170 340
170 343
170 345
170 350
170 352
170 369
170 373
170 414
170 417
170 434
170 444
170 476
170 486
170 500
170 503
170 544
170 548
170 549
170 552
170 609
170 615
171 2
171 16
171 26
171 38
171 48
171 66
171 75
171 137
171 143
171 196
171 200
171 232
171 235
171 261
171 265
171 281
171 284
171 340
171 343
171 345
171 350
171 352
171 369
171 373
171 414
171 417
171 433
171 444
171 476
171 486
171 500
171 503
171 544
171 548
171 549
171 552
171 609
171 615
172 2
172 16
172 26
172 37
172 48
172 65
172 75
172 137
172 143
172 196
172 200
172 232
172 235
172 261
172 265
172 281
172 284
172 340
172 343
172 345
172 350
172 351
172 352
172 369
172 373
172 433
172 444
172 476
172 486
172 500
172 502
172 545
172 549
172 552
172 609
172 615
173 2
173 16
173 26
173 37
173 48
173 65
173 74
173 138
173 143
173 196
173 200
173 232
173 235
173 261
173 265
173 281
173 284
173 340
173 343
173 345
173 369
173 373
173 411
173 412
173 415
173 419
173 420
173 433
173 444
173 477
173 478
173 479
173 482
173 485
173 486
173 500
173 502
173 546
173 552
173 609
173 615
174 3
174 16
174 26
174 37
174 48
174 64
174 74
174 138
174 144
174 196
174 200
174 232
174 235
174 261
174 265
174 281
174 284
174 340
174 343
174 345
174 351
174 353
174 369
174 373
174 410
174 413
174 420
174 433
174 444
174 480
174 481
174 483
174 484
174 500
174 502
174 546
174 552
174 609
174 615
175 3
175 16
175 26
175 37
175 48
175 64
175 73
175 138
175 144
175 196
175 200
175 232
175 235
175 261
175 265
175 281
175 284
175 340
175 343
175 345
175 351
175 353
175 369
175 373
175 410
175 413
175 419
175 421
175 433
175 444
175 480
175 483
175 500
175 502
175 547
175 552
175 609
175 615
176 3
176 16
176 26
176 37
176 48
176 64
176 73
176 138
176 144
176 196
176 200
176 232
176 235
176 261
176 265
176 281
176 284
176 340
176 343
176 345
176 351
176 353
176 369
176 373
176 410
176 413
176 419
176 421
176 425
176 426
176 433
176 444
176 480
176 483
176 500
176 502
176 547
176 552
176 609
176 615
176 616
176 617
176 618
176 619
177 4
177 16
177 26
177 37
177 48
177 64
177 73
177 138
177 144
177 196
177 200
177 232
177 235
177 261
177 265
177 281
177 284
177 340
177 343
177 345
177 351
177 353
177 369
177 373
177 396
177 397
177 410
177 414
177 419
177 421
177 424
177 427
177 433
177 444
177 480
177 483
177 500
177 502
177 548
177 552
177 609
177 612
177 613
177 614
177 615
177 620
177 621
177 622
177 623
177 624
177 625
177 626
177 627
177 628
177 629
177 630
178 4
178 16
178 26
178 37
178 48
178 63
178 73
178 138
178 144
178 196
178 200
178 232
178 235
178 261
178 265
178 282
178 284
178 340
178 343
178 345
178 351
178 353
178 369
178 373
178 395
178 398
178 411
178 414
178 416
178 418
178 421
178 427
178 434
178 435
178 436
178 439
178 442
178 443
178 444
178 480
178 483
178 500
178 502
178 548
178 552
178 609
178 610
178 611
178 631
178 632
178 633
178 634
178 635
178 636
178 637
178 638
178 639
179 4
179 16
179 26
179 37
179 48
179 63
179 72
179 138
179 144
179 196
179 200
179 232
179 235
179 261
179 265
179 282
179 284
179 340
179 345
179 351
179 353
179 369
179 373
179 386
179 387
179 394
179 398
179 412
179 416
179 419
179 421
179 424
179 427
179 437
179 438
179 440
179 441
179 480
179 483
179 500
179 502
179 548
179 552
179 606
179 607
179 608
180 5
180 16
180 26
180 37
180 48
180 63
180 72
180 138
180 144
180 196
180 200
180 232
180 235
180 261
180 265
180 282
180 284
180 340
180 344
180 351
180 353
180 369
180 373
180 385
180 394
180 398
180 412
180 416
180 419
180 424
180 427
180 437
180 440
180 462
180 463
180 464
180 465
180 466
180 467
180 468
180 469
180 470
180 471
180 472
180 480
180 483
180 500
180 502
180 548
180 552
180 604
180 605
181 5
181 16
181 26
181 37
181 48
181 63
181 72
181 139
181 144
181 196
181 200
181 232
181 235
181 261
181 265
181 282
181 284
181 340
181 344
181 351
181 365
181 366
181 369
181 373
181 386
181 387
181 395
181 398
181 412
181 416
181 420
181 424
181 427
181 437
181 440
181 460
181 461
181 473
181 474
181 475
181 476
181 477
181 483
181 500
181 502
181 548
181 552
181 603
181 604
182 5
182 16
182 26
182 37
182 48
182 62
182 72
182 139
182 145
182 196
182 200
182 232
182 235
182 261
182 266
182 282
182 284
182 340
182 344
182 351
182 353
182 354
182 355
182 356
182 357
182 364
182 370
182 373
182 395
182 396
182 397
182 398
182 412
182 416
182 420
182 424
182 428
182 429
182 430
182 431
182 432
182 433
182 434
182 435
182 440
182 457
182 458
182 459
182 460
182 478
182 479
182 483
182 500
182 502
182 548
182 552
182 601
182 602
183 6
183 16
183 26
183 37
183 48
183 62
183 72
183 139
183 145
183 160
183 196
183 200
183 232
183 235
183 262
183 266
183 282
183 284
183 340
183 344
183 351
183 354
183 357
183 358
183 364
183 370
183 373
183 386
183 388
183 395
183 399
183 401
183 402
183 403
183 412
183 416
183 420
183 424
183 436
183 437
183 440
183 444
183 455
183 456
183 479
183 480
183 483
183 500
183 502
183 548
183 552
183 600
183 601
184 6
184 16
184 26
184 36
184 48
184 62
184 72
184 139
184 145
184 146
184 147
184 148
184 149
184 150
184 151
184 152
184 153
184 154
184 155
184 156
184 157
184 158
184 159
184 161
184 162
184 163
184 164
184 196
184 200
184 232
184 235
184 262
184 266
184 281
184 284
184 340
184 344
184 351
184 354
184 358
184 359
184 364
184 371
184 373
184 386
184 388
184 396
184 398
184 400
184 412
184 416
184 420
184 424
184 437
184 440
184 442
184 443
184 445
184 446
184 447
184 453
184 454
184 480
184 483
184 500
184 502
184 548
184 552
184 599
184 600
185 6
185 15
185 26
185 36
185 48
185 62
185 71
185 129
185 130
185 131
185 132
185 133
185 134
185 135
185 136
185 137
185 138
185 139
185 145
185 165
185 166
185 196
185 200
185 232
185 235
185 262
185 266
185 267
185 268
185 269
185 270
185 281
185 283
185 340
185 344
185 351
185 354
185 356
185 359
185 360
185 364
185 371
185 373
185 381
185 382
185 383
185 384
185 385
185 386
185 388
185 389
185 396
185 398
185 400
185 412
185 416
185 419
185 422
185 423
185 424
185 426
185 427
185 428
185 429
185 430
185 431
185 437
185 442
185 448
185 453
185 480
185 483
185 500
185 502
185 548
185 552
185 598
185 599
186 7
186 15
186 26
186 36
186 48
186 61
186 71
186 125
186 126
186 127
186 128
186 140
186 144
186 166
186 167
186 196
186 200
186 232
186 235
186 261
186 262
186 266
186 271
186 281
186 283
186 341
186 344
186 351
186 354
186 361
186 362
186 365
186 367
186 368
186 369
186 370
186 371
186 372
186 373
186 374
186 377
186 378
186 379
186 380
186 387
186 390
186 391
186 396
186 398
186 400
186 402
186 404
186 412
186 418
186 419
186 432
186 433
186 437
186 442
186 449
186 450
186 452
186 481
186 483
186 500
186 502
186 548
186 552
186 597
186 598
187 7
187 15
187 26
187 36
187 48
187 61
187 71
187 121
187 122
187 123
187 124
187 140
187 144
187 163
187 164
187 167
187 196
187 200
187 232
187 235
187 260
187 262
187 266
187 271
187 281
187 283
187 285
187 286
187 287
187 288
187 353
187 362
187 365
187 375
187 376
187 391
187 396
187 400
187 404
187 405
187 406
187 407
187 408
187 409
187 410
187 411
187 412
187 413
187 414
187 415
187 416
187 417
187 418
187 434
187 435
187 437
187 441
187 443
187 444
187 445
187 446
187 451
187 481
187 500
187 502
187 548
187 552
187 596
187 597
188 7
188 15
188 26
188 36
188 48
188 61
188 71
188 119
188 120
188 140
188 144
188 162
188 165
188 168
188 196
188 232
188 235
188 260
188 262
188 266
188 267
188 268
188 271
188 281
188 283
188 284
188 289
188 353
188 362
188 365
188 392
188 396
188 399
188 401
188 402
188 403
188 421
188 422
188 435
188 437
188 442
188 482
188 495
188 500
188 502
188 516
188 517
188 518
188 519
188 548
188 552
188 595
188 596
189 8
189 15
189 26
189 36
189 48
189 61
189 71
189 118
189 119
189 140
189 144
189 162
189 165
189 168
189 269
189 270
189 271
189 281
189 283
189 289
189 362
189 364
189 365
189 374
189 392
189 396
189 399
189 422
189 423
189 437
189 441
189 450
189 482
189 483
189 485
189 486
189 487
189 488
189 489
189 490
189 491
189 492
189 493
189 494
189 496
189 500
189 501
189 502
189 503
189 504
189 505
189 506
189 507
189 508
189 509
189 510
189 511
189 512
189 513
189 514
189 515
189 520
189 521
189 522
189 523
189 524
189 525
189 526
189 536
189 548
189 552
189 554
189 555
189 556
189 557
189 558
189 594
189 595
190 8
190 15
190 26
190 36
190 48
190 60
190 70
190 117
190 118
190 140
190 144
190 162
190 165
190 169
190 280
190 283
190 284
190 285
190 286
190 287
190 288
190 289
190 362
190 364
190 374
190 393
190 396
190 399
190 423
190 437
190 440
190 441
190 449
190 483
190 497
190 498
190 499
190 527
190 528
190 529
190 530
190 534
190 535
190 537
190 538
190 539
190 540
190 541
190 542
190 543
190 544
190 548
190 552
190 553
190 559
190 560
190 561
190 562
190 563
190 564
190 565
190 566
190 567
190 568
190 569
190 570
190 571
190 572
190 573
190 574
190 575
190 576
190 577
190 578
190 579
190 580
190 581
190 593
190 594
191 8
191 15
191 26
191 36
191 48
191 60
191 70
191 117
191 140
191 144
191 162
191 166
191 169
191 280
191 283
191 373
191 393
191 398
191 424
191 438
191 439
191 440
191 449
191 531
191 532
191 533
191 545
191 546
191 547
191 548
191 552
191 582
191 583
191 584
191 585
191 586
191 587
191 588
191 589
191 590
191 592
191 593
192 9
192 15
192 26
192 36
192 48
192 60
192 70
192 116
192 140
192 144
192 162
192 166
192 169
192 280
192 283
192 373
192 393
192 397
192 398
192 424
192 425
192 449
192 483
192 495
192 496
192 548
192 552
192 591
192 592
193 9
193 15
193 26
193 36
193 48
193 60
193 70
193 116
193 140
193 144
193 162
193 167
193 168
193 280
193 283
193 372
193 393
193 396
193 397
193 425
193 426
193 436
193 437
193 449
193 484
193 490
193 491
193 494
193 495
193 533
193 534
193 548
193 552
194 10
194 15
194 26
194 36
194 48
194 59
194 70
194 115
194 139
194 145
194 162
194 372
194 394
194 395
194 396
194 426
194 427
194 434
194 435
194 449
194 484
194 487
194 488
194 489
194 492
194 494
194 535
194 548
194 552
194 584
194 585
194 586
194 587
194 591
195 10
195 15
195 26
195 36
195 48
195 59
195 70
195 114
195 115
195 133
195 134
195 135
195 139
195 145
195 162
195 371
195 392
195 427
195 434
195 448
195 486
195 492
195 493
195 536
195 548
195 552
195 582
195 583
195 588
196 10
196 15
196 26
196 36
196 48
196 59
196 69
196 114
196 118
196 119
196 120
196 131
196 132
196 136
196 139
196 145
196 161
196 428
196 433
196 448
196 485
196 491
196 492
196 536
196 537
196 548
196 552
196 582
196 589
196 590
197 11
197 15
197 26
197 36
197 48
197 59
197 69
197 113
197 118
197 120
197 126
197 130
197 131
197 136
197 139
197 145
197 162
197 428
197 433
197 447
197 485
197 489
197 490
197 537
197 538
197 539
197 540
197 548
197 552
197 581
198 11
198 15
198 26
198 36
198 48
198 58
198 69
198 112
198 113
198 118
198 121
198 125
198 127
198 128
198 129
198 130
198 136
198 145
198 162
198 393
198 429
198 433
198 447
198 484
198 487
198 488
198 541
198 548
198 552
198 581
199 11
199 15
199 26
199 36
199 48
199 58
199 69
199 111
199 112
199 118
199 121
199 124
199 138
199 145
199 162
199 392
199 429
199 433
199 447
199 484
199 486
199 548
199 552
199 581
200 12
200 15
200 26
200 36
200 48
200 58
200 69
200 110
200 111
200 118
200 121
200 124
200 145
200 154
200 155
200 159
200 160
200 161
200 392
200 429
200 433
200 447
200 542
200 548
200 552
200 580
200 581
200 582
200 583
200 584
200 585
201 12
201 15
201 26
201 36
201 48
201 58
201 69
201 109
201 110
201 118
201 121
201 124
201 146
201 153
201 154
201 156
201 159
201 161
201 447
201 483
201 484
201 542
201 585
202 12
202 15
202 26
202 36
202 49
202 58
202 69
202 109
202 118
202 121
202 124
202 146
202 147
202 148
202 149
202 150
202 151
202 152
202 153
202 156
202 157
202 158
202 430
202 447
202 483
202 542
202 580
202 581
202 582
202 583
202 584
202 585
203 13
203 15
203 26
203 36
203 49
203 58
203 69
203 108
203 118
203 122
203 123
203 124
203 429
203 482
203 542
203 578
203 579
204 13
204 15
204 26
204 36
204 50
204 58
204 70
204 107
204 108
204 118
204 429
204 482
204 542
204 576
204 577
205 13
205 15
205 26
205 36
205 50
205 58
205 70
205 107
205 109
205 110
205 111
205 112
205 113
205 117
205 482
205 543
205 575
205 576
206 14
206 15
206 26
206 36
206 51
206 58
206 70
206 113
206 114
206 117
206 482
206 543
206 574
206 575
207 14
207 26
207 36
207 51
207 58
207 70
207 114
207 115
207 482
207 543
207 573
207 574
208 26
208 36
208 52
208 58
208 70
208 116
208 482
208 543
208 572
208 573
209 26
209 36
209 53
209 57
209 70
209 543
209 571
209 572
210 26
210 36
210 54
210 57
210 70
210 543
210 571
211 26
211 55
211 57
211 69
211 543
211 570
212 26
212 56
212 69
212 542
212 570
213 26
213 57
213 69
213 542
213 570
214 26
214 69
214 541
214 570
215 26
215 68
215 570
216 68
216 570
217 68
217 570
218 67
218 569
219 67
219 569
220 67
220 569
221 67
221 569
222 66
222 569
223 66
223 569
224 66
224 569
225 65
226 65
227 65
228 65
229 64
230 64
239 639
