5 413
6 411
6 412
6 414
6 415
7 411
7 415
7 416
8 410
8 416
8 417
8 418
8 419
8 420
9 410
9 421
9 422
10 410
10 422
11 410
11 422
12 411
12 423
13 411
13 412
13 423
14 412
14 423
15 413
15 423
16 413
16 423
17 413
17 423
18 412
18 423
19 412
19 423
20 411
20 412
20 424
20 590
20 591
20 592
21 411
21 424
21 425
21 588
21 589
21 593
21 594
22 410
22 425
22 426
22 455
22 456
22 588
22 594
22 595
23 410
23 426
23 451
23 452
23 453
23 454
23 457
23 458
23 459
23 587
23 595
24 409
24 426
24 449
24 450
24 460
24 461
24 587
24 595
25 409
25 426
25 447
25 448
25 461
25 462
25 586
25 595
26 408
26 427
26 428
26 446
26 447
26 462
26 585
26 586
26 595
27 408
27 429
27 444
27 445
27 461
27 462
27 585
27 596
28 405
28 406
28 407
28 408
28 429
28 442
28 443
28 460
28 461
28 584
28 596
28 597
29 402
29 403
29 404
29 429
29 441
29 442
29 459
29 460
29 584
29 597
29 598
30 400
30 401
30 429
30 440
30 458
30 459
30 584
30 598
30 599
31 400
31 430
31 439
31 458
31 584
31 599
31 600
31 601
31 602
31 603
32 399
32 430
32 439
32 458
32 582
32 583
32 604
32 605
33 399
33 430
33 438
33 458
33 581
33 582
33 605
33 606
34 398
34 430
34 437
34 438
34 459
34 460
34 581
34 606
35 398
35 430
35 436
35 437
35 461
35 462
35 580
35 607
36 399
36 430
36 436
36 462
36 578
36 579
36 607
37 399
37 400
37 430
37 435
37 463
37 576
37 577
37 607
37 637
37 638
37 639
38 400
38 430
38 435
38 463
38 575
38 576
38 607
38 635
38 636
39 400
39 430
39 434
39 463
39 575
39 607
39 633
39 634
40 388
40 389
40 390
40 391
40 396
40 397
40 398
40 399
40 400
40 430
40 434
40 463
40 574
40 607
40 630
40 631
40 632
41 386
41 387
41 392
41 393
41 394
41 395
41 431
41 434
41 463
41 573
41 574
41 607
41 625
41 626
41 627
41 628
41 629
42 384
42 385
42 431
42 462
42 570
42 571
42 572
42 573
42 608
42 623
42 624
43 383
43 384
43 431
43 433
43 463
43 568
43 569
43 608
43 609
43 622
43 623
44 383
44 431
44 433
44 463
44 493
44 494
44 495
44 567
44 568
44 609
44 610
44 611
44 612
44 613
44 614
44 615
44 616
44 617
44 618
44 619
44 620
44 621
44 622
45 382
45 464
45 491
45 492
45 496
45 497
45 498
45 566
45 567
46 382
46 465
46 466
46 490
46 491
46 499
46 500
46 566
47 382
47 466
47 467
47 488
47 489
47 490
47 500
47 501
47 565
48 382
48 467
48 468
48 482
48 483
48 484
48 485
48 486
48 487
48 502
48 503
48 565
49 382
49 468
49 478
49 479
49 480
49 481
49 503
49 504
49 564
50 382
50 468
50 476
50 477
50 504
50 505
50 564
51 381
51 468
51 475
51 476
51 505
51 506
51 515
51 564
52 381
52 468
52 470
52 471
52 473
52 474
52 506
52 513
52 514
52 516
52 517
52 530
52 531
52 563
53 380
53 381
53 471
53 473
53 507
53 511
53 512
53 517
53 518
53 519
53 528
53 529
53 532
53 533
53 561
53 562
53 563
54 379
54 380
54 507
54 508
54 509
54 510
54 511
54 520
54 521
54 527
54 528
54 534
54 535
54 559
54 560
55 379
55 521
55 527
55 535
55 558
55 559
56 378
56 522
56 526
56 536
56 556
56 557
57 373
57 374
57 375
57 376
57 377
57 522
57 523
57 525
57 526
57 536
57 537
57 553
57 554
57 555
58 18
58 19
58 20
58 21
58 22
58 23
58 371
58 372
58 523
58 524
58 525
58 537
58 551
58 552
59 15
59 16
59 17
59 24
59 25
59 370
59 371
59 538
59 549
59 550
60 13
60 14
60 25
60 370
60 538
60 539
60 547
60 548
61 12
61 13
61 25
61 369
61 539
61 545
61 546
61 547
62 12
62 25
62 79
62 80
62 81
62 369
62 540
62 541
62 542
62 543
62 544
63 11
63 25
63 79
63 81
63 82
63 83
63 366
63 367
63 368
64 11
64 25
64 79
64 84
64 85
64 364
64 365
65 2
65 3
65 4
65 11
65 25
65 78
65 86
65 87
65 362
65 363
66 0
66 1
66 5
66 6
66 7
66 8
66 9
66 10
66 11
66 25
66 78
66 88
66 362
67 25
67 77
67 89
67 361
68 25
68 77
68 89
68 361
69 25
69 77
69 90
69 361
70 23
70 24
70 76
70 90
70 360
71 18
71 19
71 20
71 21
71 22
71 76
71 90
71 361
72 16
72 17
72 75
72 90
72 361
73 16
73 75
73 90
73 361
74 15
74 74
74 90
74 97
74 98
74 99
74 361
75 16
75 74
75 90
75 95
75 96
75 100
75 101
75 358
75 359
75 360
76 16
76 17
76 18
76 19
76 45
76 46
76 47
76 48
76 49
76 73
76 90
76 93
76 94
76 101
76 356
76 357
77 20
77 21
77 34
77 35
77 36
77 37
77 38
77 39
77 40
77 41
77 42
77 43
77 44
77 50
77 51
77 52
77 53
77 54
77 55
77 74
77 90
77 92
77 102
77 355
77 356
78 21
78 32
78 33
78 56
78 57
78 58
78 74
78 75
78 102
78 353
78 354
79 22
79 32
79 59
79 60
79 61
79 75
79 101
79 102
79 352
79 353
80 22
80 23
80 24
80 25
80 26
80 31
80 62
80 76
80 101
80 351
80 352
81 27
81 28
81 29
81 30
81 31
81 62
81 76
81 100
81 351
82 62
82 76
82 100
82 171
82 172
82 173
82 174
82 350
83 61
83 66
83 69
83 70
83 71
83 72
83 73
83 74
83 75
83 99
83 168
83 169
83 170
83 175
83 176
83 349
83 350
84 61
84 65
84 67
84 68
84 69
84 100
84 167
84 177
84 348
84 349
85 58
85 59
85 60
85 61
85 64
85 100
85 101
85 166
85 177
85 348
86 57
86 64
86 101
86 102
86 131
86 132
86 133
86 134
86 145
86 146
86 147
86 148
86 149
86 150
86 151
86 166
86 176
86 177
86 347
87 56
87 64
87 102
87 103
87 131
87 134
87 143
87 144
87 152
87 153
87 165
87 176
87 347
88 56
88 64
88 103
88 130
88 134
88 142
88 143
88 154
88 155
88 165
88 175
88 347
89 56
89 62
89 63
89 64
89 104
89 129
89 130
89 135
89 141
89 142
89 156
89 157
89 164
89 175
89 347
90 55
90 61
90 104
90 128
90 129
90 135
90 136
90 137
90 138
90 139
90 140
90 144
90 145
90 146
90 147
90 148
90 157
90 158
90 164
90 174
90 347
91 54
91 55
91 60
91 104
91 127
91 128
91 149
91 150
91 158
91 163
91 174
91 347
92 52
92 53
92 60
92 104
92 126
92 150
92 158
92 163
92 174
92 347
93 51
93 52
93 60
93 104
93 125
93 138
93 145
93 146
93 147
93 148
93 149
93 150
93 158
93 162
93 174
93 348
94 50
94 51
94 60
94 104
94 124
94 125
94 134
94 135
94 136
94 138
94 140
94 141
94 142
94 143
94 144
94 157
94 158
94 161
94 162
94 174
94 348
95 45
95 46
95 47
95 48
95 49
95 60
95 104
95 123
95 124
95 136
95 148
95 149
95 150
95 151
95 152
95 153
95 154
95 155
95 156
95 157
95 160
95 161
95 174
95 349
96 44
96 60
96 104
96 105
96 122
96 123
96 132
96 134
96 135
96 136
96 146
96 147
96 160
96 174
96 349
97 43
97 60
97 105
97 106
97 119
97 120
97 121
97 122
97 145
97 159
97 175
97 350
98 43
98 60
98 107
98 108
98 109
98 110
98 111
98 112
98 113
98 114
98 115
98 116
98 117
98 118
98 125
98 126
98 144
98 159
98 175
98 350
99 43
99 53
99 54
99 60
99 123
99 124
99 144
99 157
99 158
99 176
99 350
100 42
100 43
100 51
100 52
100 55
100 56
100 60
100 121
100 122
100 125
100 126
100 145
100 146
100 156
100 157
100 176
100 350
101 42
101 49
101 50
101 57
101 58
101 59
101 60
101 118
101 119
101 123
101 124
101 147
101 148
101 149
101 150
101 151
101 152
101 153
101 154
101 155
101 177
101 178
101 350
102 42
102 43
102 48
102 49
102 116
102 117
102 121
102 122
102 179
102 180
102 350
103 43
103 44
103 45
103 46
103 47
103 48
103 114
103 115
103 119
103 120
103 181
103 350
104 112
104 113
104 117
104 118
104 182
104 350
105 112
105 115
105 116
105 182
105 349
105 350
106 112
106 113
106 114
106 183
106 193
106 194
106 195
106 349
107 183
107 184
107 185
107 186
107 190
107 191
107 192
107 195
107 348
108 187
108 188
108 189
108 196
108 348
109 196
109 348
110 196
110 213
110 214
110 215
110 216
110 348
111 196
111 211
111 212
111 216
111 217
111 349
112 196
112 209
112 210
112 217
112 218
112 349
113 196
113 208
113 209
113 218
113 219
113 349
114 196
114 207
114 208
114 219
114 349
115 196
115 207
115 220
115 349
116 196
116 206
116 220
116 349
117 196
117 206
117 221
117 350
118 196
118 206
118 221
118 350
119 196
119 206
119 221
119 350
120 197
120 206
120 221
120 350
121 197
121 206
121 221
121 350
122 198
122 207
122 220
122 351
123 198
123 199
123 207
123 220
123 351
124 199
124 207
124 219
124 351
125 200
125 206
125 207
125 219
125 352
126 200
126 204
126 205
126 206
126 219
126 352
127 201
127 202
127 203
127 220
127 352
128 220
128 221
128 352
129 221
129 222
129 226
129 227
129 353
130 109
130 110
130 111
130 112
130 223
130 224
130 225
130 228
130 229
130 353
131 109
131 112
131 229
131 230
131 241
131 242
131 243
131 244
131 245
131 246
131 247
131 248
131 249
131 354
132 108
132 112
132 230
132 231
132 232
132 239
132 240
132 250
132 251
132 354
133 108
133 112
133 233
133 239
133 251
133 354
134 109
134 112
134 234
134 238
134 251
134 354
135 109
135 112
135 234
135 237
135 238
135 252
135 354
136 109
136 113
136 235
136 236
136 237
136 252
136 354
137 109
137 113
137 253
137 254
137 255
137 256
137 257
137 258
137 259
137 260
137 261
137 262
137 263
137 354
138 109
138 113
138 264
138 265
138 354
139 109
139 113
139 265
139 266
139 355
140 109
140 113
140 266
140 267
140 355
141 109
141 113
141 267
141 355
142 109
142 113
142 268
142 355
143 109
143 113
143 268
143 325
143 355
144 109
144 113
144 269
144 324
144 326
144 327
144 355
144 365
145 109
145 113
145 269
145 323
145 327
145 328
145 355
145 364
145 366
146 109
146 113
146 270
146 323
146 328
146 329
146 354
146 364
146 366
147 109
147 113
147 270
147 271
147 322
147 329
147 354
147 364
147 366
148 9
148 109
148 113
148 271
148 272
148 304
148 305
148 321
148 322
148 330
148 354
148 364
148 366
149 9
149 109
149 113
149 272
149 273
149 301
149 302
149 303
149 306
149 307
149 308
149 309
149 310
149 311
149 312
149 313
149 314
149 315
149 316
149 317
149 318
149 319
149 320
149 321
149 330
149 331
149 354
149 364
149 366
149 369
149 370
149 371
150 9
150 109
150 113
150 274
150 275
150 299
150 300
150 331
150 332
150 333
150 353
150 354
150 364
150 365
150 366
150 367
150 371
150 430
151 9
151 109
151 113
151 275
151 276
151 291
151 292
151 293
151 297
151 298
151 334
151 335
151 336
151 337
151 338
151 339
151 340
151 351
151 352
151 353
151 360
151 361
151 362
151 364
151 366
151 369
151 370
151 371
151 430
151 433
152 9
152 13
152 109
152 113
152 277
152 278
152 289
152 290
152 294
152 295
152 296
152 297
152 341
152 342
152 343
152 344
152 345
152 346
152 347
152 348
152 349
152 350
152 355
152 356
152 357
152 362
152 364
152 365
152 366
152 367
152 430
152 433
152 443
152 444
152 445
152 446
152 447
152 448
152 449
152 450
152 451
152 452
153 9
153 13
153 109
153 113
153 279
153 280
153 287
153 288
153 357
153 360
153 361
153 362
153 364
153 366
153 430
153 433
153 442
153 453
154 9
154 13
154 109
154 113
154 280
154 281
154 286
154 287
154 337
154 338
154 353
154 355
154 356
154 357
154 364
154 366
154 417
154 423
154 430
154 433
154 441
154 453
155 9
155 13
155 109
155 113
155 281
155 282
155 285
155 286
155 329
155 330
155 331
155 332
155 333
155 337
155 340
155 341
155 344
155 348
155 350
155 351
155 352
155 353
155 364
155 366
155 418
155 423
155 430
155 434
155 441
155 453
155 638
155 639
156 9
156 13
156 109
156 113
156 282
156 283
156 284
156 285
156 321
156 322
156 323
156 324
156 325
156 326
156 327
156 334
156 335
156 343
156 345
156 346
156 347
156 348
156 364
156 366
156 418
156 423
156 428
156 430
156 434
156 441
156 453
157 9
157 13
157 75
157 110
157 113
157 320
157 327
157 329
157 336
157 340
157 341
157 342
157 344
157 364
157 366
157 410
157 419
157 423
157 427
157 430
157 434
157 441
157 453
158 9
158 13
158 76
158 82
158 110
158 113
158 320
158 327
158 332
158 334
158 335
158 336
158 342
158 344
158 364
158 366
158 406
158 410
158 419
158 423
158 425
158 426
158 430
158 434
158 441
158 453
159 9
159 14
159 77
159 82
159 110
159 113
159 320
159 326
159 329
159 330
159 331
159 332
159 342
159 344
159 364
159 366
159 406
159 410
159 419
159 424
159 430
159 434
159 441
159 453
160 9
160 14
160 78
160 82
160 110
160 113
160 284
160 285
160 321
160 322
160 323
160 324
160 325
160 326
160 342
160 344
160 345
160 346
160 364
160 366
160 406
160 410
160 419
160 430
160 434
160 441
160 453
161 9
161 14
161 79
161 82
161 110
161 114
161 259
161 260
161 261
161 262
161 263
161 264
161 265
161 266
161 267
161 268
161 269
161 270
161 271
161 272
161 273
161 274
161 275
161 276
161 277
161 283
161 342
161 344
161 346
161 349
161 350
161 364
161 365
161 366
161 406
161 410
161 419
161 430
161 434
161 441
161 453
162 9
162 14
162 80
162 82
162 110
162 114
162 258
162 277
162 283
162 286
162 342
162 344
162 345
162 346
162 348
162 351
162 353
162 406
162 410
162 419
162 425
162 430
162 434
162 441
162 453
163 10
163 14
163 80
163 82
163 110
163 114
163 259
163 278
163 279
163 280
163 281
163 282
163 283
163 284
163 342
163 344
163 349
163 350
163 352
163 354
163 406
163 410
163 419
163 425
163 430
163 434
163 441
163 453
164 10
164 14
164 80
164 82
164 110
164 114
164 259
164 285
164 286
164 342
164 344
164 351
164 352
164 354
164 394
164 406
164 410
164 419
164 426
164 430
164 435
164 441
164 453
165 10
165 14
165 80
165 82
165 110
165 114
165 260
165 261
165 262
165 263
165 264
165 265
165 266
165 267
165 268
165 269
165 270
165 271
165 272
165 273
165 274
165 275
165 276
165 277
165 278
165 279
165 280
165 281
165 282
165 283
165 342
165 344
165 352
165 354
165 395
165 406
165 410
165 411
165 419
165 426
165 430
165 435
165 441
165 453
166 10
166 14
166 80
166 82
166 110
166 114
166 342
166 344
166 352
166 354
166 396
166 397
166 405
166 406
166 410
166 412
166 413
166 419
166 427
166 430
166 435
166 441
166 453
167 10
167 14
167 80
167 82
167 110
167 114
167 342
167 344
167 352
167 354
167 398
167 404
167 407
167 409
167 413
167 419
167 426
167 430
167 435
167 442
167 443
167 444
167 445
167 446
167 451
167 452
167 453
168 10
168 14
168 80
168 83
168 110
168 114
168 342
168 344
168 352
168 354
168 399
168 403
168 407
168 409
168 413
168 419
168 425
168 430
168 435
168 447
168 448
168 449
168 450
168 632
168 633
168 634
168 635
168 636
168 637
168 638
168 639
169 10
169 14
169 80
169 83
169 110
169 114
169 342
169 344
169 352
169 354
169 400
169 403
169 407
169 409
169 413
169 419
169 425
169 430
169 435
169 447
169 449
169 620
169 621
169 622
169 623
169 624
169 625
169 626
169 627
169 628
169 629
169 630
169 631
170 10
170 14
170 80
170 83
170 110
170 114
170 342
170 343
170 344
170 352
170 354
170 394
170 401
170 403
170 407
170 409
170 413
170 419
170 424
170 431
170 435
170 447
170 449
170 619
171 10
171 14
171 80
171 83
171 110
171 114
171 253
171 352
171 354
171 393
171 395
171 401
171 403
171 407
171 409
171 413
171 419
171 424
171 431
171 435
171 447
171 449
171 618
172 10
172 14
172 80
172 83
172 110
172 114
172 252
172 254
172 352
172 354
172 392
172 395
172 401
172 404
172 405
172 406
172 407
172 410
172 413
172 419
172 424
172 431
172 435
172 447
172 449
172 618
173 11
173 14
173 80
173 83
173 110
173 114
173 252
173 254
173 352
173 354
173 386
173 392
173 395
173 401
173 407
173 411
173 413
173 419
173 424
173 431
173 435
173 447
173 449
173 618
174 11
174 14
174 80
174 83
174 110
174 114
174 252
174 254
174 352
174 354
174 371
174 372
174 373
174 386
174 393
174 394
174 395
174 401
174 402
174 404
174 407
174 411
174 420
174 424
174 431
174 435
174 447
174 449
174 618
175 11
175 14
175 80
175 83
175 110
175 114
175 252
175 254
175 352
175 354
175 366
175 370
175 373
175 378
175 379
175 386
175 393
175 395
175 402
175 404
175 407
175 411
175 420
175 424
175 431
175 435
175 447
175 449
175 617
176 11
176 14
176 80
176 83
176 110
176 114
176 252
176 254
176 284
176 352
176 354
176 365
176 368
176 369
176 371
176 374
176 377
176 386
176 390
176 393
176 395
176 402
176 404
176 407
176 411
176 420
176 424
176 431
176 435
176 447
176 449
176 613
176 614
176 615
176 616
177 11
177 14
177 80
177 83
177 110
177 114
177 252
177 254
177 283
177 285
177 352
177 354
177 365
177 368
177 371
177 374
177 377
177 386
177 390
177 393
177 395
177 402
177 404
177 407
177 411
177 420
177 424
177 431
177 435
177 447
177 449
177 609
177 610
177 611
177 612
178 11
178 14
178 80
178 83
178 110
178 114
178 252
178 254
178 283
178 285
178 352
178 354
178 359
178 365
178 368
178 374
178 378
178 379
178 386
178 390
178 393
178 395
178 402
178 404
178 407
178 411
178 420
178 424
178 431
178 435
178 447
178 449
178 573
178 583
178 584
178 585
178 586
178 587
178 588
178 589
178 590
178 591
178 592
178 593
178 594
178 595
178 596
178 597
178 598
178 599
178 600
178 601
178 602
178 603
178 604
178 605
178 606
178 607
178 608
179 11
179 14
179 80
179 83
179 110
179 114
179 252
179 254
179 283
179 285
179 352
179 354
179 358
179 360
179 361
179 365
179 368
179 369
179 370
179 371
179 373
179 374
179 386
179 390
179 393
179 395
179 402
179 404
179 407
179 411
179 420
179 424
179 431
179 435
179 447
179 449
179 566
179 567
179 568
179 571
179 572
179 574
179 575
179 576
179 577
179 578
179 579
179 580
179 581
179 582
180 11
180 15
180 80
180 83
180 111
180 114
180 158
180 159
180 160
180 161
180 162
180 163
180 252
180 254
180 283
180 284
180 285
180 352
180 354
180 358
180 365
180 372
180 374
180 378
180 380
180 386
180 390
180 393
180 395
180 402
180 404
180 407
180 411
180 420
180 424
180 431
180 435
180 447
180 449
180 566
180 569
180 570
180 571
181 11
181 15
181 80
181 83
181 111
181 114
181 138
181 139
181 140
181 141
181 142
181 143
181 144
181 145
181 146
181 147
181 148
181 149
181 150
181 151
181 152
181 153
181 154
181 155
181 156
181 157
181 164
181 165
181 252
181 254
181 283
181 285
181 352
181 354
181 358
181 365
181 366
181 367
181 368
181 369
181 370
181 374
181 378
181 380
181 386
181 390
181 393
181 395
181 402
181 404
181 407
181 411
181 420
181 424
181 431
181 435
181 447
181 449
181 566
182 11
182 15
182 80
182 83
182 111
182 114
182 132
182 133
182 134
182 135
182 136
182 137
182 166
182 167
182 252
182 254
182 283
182 285
182 331
182 332
182 342
182 343
182 344
182 345
182 346
182 347
182 348
182 349
182 350
182 351
182 352
182 361
182 363
182 364
182 365
182 371
182 372
182 376
182 377
182 378
182 379
182 380
182 381
182 382
182 383
182 384
182 385
182 386
182 390
182 393
182 395
182 402
182 404
182 407
182 411
182 420
182 431
182 435
182 447
182 449
182 566
183 11
183 15
183 80
183 83
183 111
183 114
183 130
183 131
183 167
183 168
183 252
183 254
183 283
183 285
183 295
183 296
183 320
183 329
183 330
183 333
183 334
183 341
183 353
183 354
183 359
183 360
183 362
183 372
183 373
183 374
183 375
183 387
183 390
183 393
183 395
183 402
183 404
183 407
183 411
183 420
183 431
183 435
183 447
183 449
183 563
183 564
183 565
183 566
184 11
184 15
184 80
184 83
184 111
184 114
184 129
184 130
184 168
184 169
184 252
184 254
184 283
184 285
184 294
184 297
184 298
184 318
184 319
184 321
184 322
184 328
184 340
184 355
184 356
184 357
184 358
184 359
184 374
184 388
184 390
184 396
184 397
184 398
184 399
184 407
184 411
184 431
184 435
184 447
184 449
184 558
184 562
185 11
185 15
185 80
185 83
185 111
185 115
185 127
185 128
185 169
185 170
185 252
185 254
185 283
185 285
185 318
185 322
185 339
185 340
185 343
185 362
185 363
185 388
185 389
185 391
185 395
185 400
185 405
185 406
185 407
185 411
185 431
185 435
185 447
185 450
185 554
185 555
185 556
185 557
185 559
185 560
185 561
185 562
186 11
186 15
186 80
186 83
186 111
186 115
186 126
186 127
186 170
186 252
186 254
186 335
186 336
186 338
186 339
186 364
186 365
186 391
186 395
186 405
186 407
186 411
186 414
186 420
186 431
186 436
186 447
186 450
186 553
187 11
187 15
187 80
187 83
187 111
187 115
187 125
187 126
187 171
187 252
187 254
187 335
187 337
187 365
187 373
187 389
187 399
187 405
187 407
187 411
187 421
187 431
187 436
187 442
187 447
187 450
187 550
187 551
187 552
188 11
188 16
188 80
188 83
188 111
188 115
188 124
188 171
188 172
188 252
188 254
188 334
188 366
188 372
188 389
188 390
188 393
188 395
188 405
188 406
188 407
188 411
188 421
188 431
188 436
188 443
188 446
188 447
188 448
188 450
189 11
189 16
189 80
189 83
189 111
189 115
189 123
189 172
189 173
189 334
189 335
189 336
189 366
189 390
189 393
189 395
189 402
189 411
189 431
189 436
189 443
189 446
189 448
189 450
190 11
190 16
190 80
190 83
190 111
190 115
190 121
190 122
190 123
190 173
190 174
190 175
190 334
190 336
190 390
190 402
190 404
190 411
190 431
190 436
190 443
190 446
190 448
190 450
191 11
191 16
191 80
191 83
191 111
191 115
191 118
191 119
191 120
191 176
191 177
191 333
191 334
191 335
191 336
191 367
191 390
191 411
191 431
191 436
191 441
191 442
191 444
191 445
191 446
191 448
191 450
192 11
192 16
192 80
192 83
192 111
192 117
192 177
192 333
192 368
192 369
192 370
192 411
192 431
192 436
192 450
193 11
193 16
193 80
193 83
193 111
193 117
193 177
193 332
193 370
193 411
193 436
193 442
193 447
193 450
194 11
194 16
194 80
194 83
194 111
194 117
194 178
194 333
194 370
194 411
194 441
194 446
194 450
195 11
195 16
195 80
195 83
195 111
195 117
195 178
195 333
195 370
195 442
195 447
195 450
196 11
196 17
196 80
196 83
196 111
196 116
196 178
196 333
196 370
196 442
196 443
196 447
196 450
197 11
197 17
197 80
197 83
197 111
197 114
197 115
197 179
197 333
197 370
197 447
197 450
198 11
198 17
198 80
198 83
198 113
198 114
198 179
198 333
198 370
198 442
198 447
198 450
199 17
199 80
199 83
199 111
199 112
199 113
199 179
199 333
199 370
199 441
199 447
199 450
200 80
200 83
200 111
200 179
200 333
200 370
200 442
200 447
200 450
201 80
201 83
201 110
201 179
201 333
201 370
202 80
202 83
202 110
202 179
202 333
202 370
203 80
203 83
203 109
203 179
203 333
203 370
204 80
204 109
204 179
205 109
205 178
205 179
206 109
206 174
206 175
206 176
206 177
207 110
207 153
207 154
207 167
207 168
207 169
207 170
207 171
207 172
207 173
208 110
208 151
208 152
208 155
208 165
208 166
209 110
209 148
209 149
209 150
209 156
209 157
209 158
209 159
209 160
209 161
209 162
209 163
209 164
210 110
210 139
210 140
210 141
210 142
210 143
210 144
210 145
210 146
210 147
211 110
211 132
211 133
211 134
211 135
211 136
211 137
211 138
212 110
212 127
212 128
212 129
212 130
212 131
213 110
213 118
213 119
213 120
213 121
213 122
213 123
213 124
213 125
213 126
214 110
214 116
214 117
215 111
215 112
215 113
215 114
215 115
