0 585
0 586
0 588
0 605
0 609
0 628
0 629
0 630
0 632
0 633
1 584
1 605
1 609
1 625
1 626
1 630
2 587
2 605
2 609
2 622
2 623
2 628
2 629
2 630
3 582
3 586
3 605
3 609
3 618
3 619
3 620
3 625
3 626
4 580
4 604
4 605
4 609
4 615
4 616
4 620
4 622
4 623
5 579
5 602
5 603
5 609
5 611
5 612
5 618
5 619
5 620
6 582
6 602
6 604
6 609
6 611
6 615
6 616
7 577
7 581
7 601
7 604
7 609
7 611
7 612
8 575
8 600
8 609
8 635
8 636
8 637
9 574
9 596
9 597
9 598
9 599
9 602
9 603
9 604
9 609
9 630
9 631
9 632
9 637
10 577
10 592
10 593
10 594
10 600
10 604
10 609
10 625
10 626
10 627
10 628
10 632
10 635
10 636
10 637
11 572
11 576
11 589
11 590
11 591
11 594
11 597
11 598
11 599
11 604
11 609
11 628
11 630
11 631
11 632
12 570
12 591
12 592
12 593
12 604
12 609
12 621
12 622
12 623
12 626
12 627
12 628
13 569
13 586
13 594
13 596
13 604
13 609
13 620
13 624
13 625
14 568
14 572
14 585
14 588
14 595
14 598
14 599
14 600
14 601
14 602
14 603
14 604
14 610
14 611
14 612
14 613
14 614
14 615
14 616
14 617
14 618
14 620
14 625
14 626
15 567
15 571
15 584
15 604
15 610
15 620
15 626
15 627
16 570
16 583
16 584
16 587
16 589
16 591
16 592
16 593
16 594
16 595
16 596
16 597
16 598
16 604
16 610
16 615
16 616
16 617
16 620
16 627
16 628
16 636
16 637
16 638
16 639
17 565
17 569
17 582
17 586
17 590
17 599
17 604
17 610
17 614
17 619
17 629
17 630
17 635
18 563
18 581
18 584
18 588
18 596
18 597
18 600
18 604
18 609
18 612
18 616
18 617
18 618
18 631
18 632
18 634
19 562
19 579
19 583
19 587
19 588
19 591
19 601
19 604
19 609
19 611
19 615
19 618
19 632
19 633
19 634
20 561
20 565
20 578
20 581
20 586
20 590
20 598
20 602
20 604
20 609
20 614
20 618
21 560
21 561
21 564
21 577
21 581
21 585
21 588
21 599
21 603
21 613
21 618
22 559
22 563
22 576
22 580
22 584
22 587
22 600
22 611
22 612
22 619
23 558
23 560
23 561
23 575
23 576
23 582
23 586
23 601
23 619
23 620
24 556
24 558
24 574
24 581
24 582
24 584
24 602
24 603
24 612
24 620
25 555
25 572
25 576
25 584
25 603
25 604
25 609
25 612
25 621
26 554
26 558
26 571
26 574
26 581
26 582
26 604
26 609
26 613
26 621
26 622
27 557
27 570
27 574
27 581
27 602
27 603
27 609
27 613
27 622
27 623
28 552
28 556
28 569
28 580
28 601
28 609
28 614
28 623
28 624
29 550
29 568
29 569
29 575
29 579
29 600
29 609
29 614
29 615
29 624
29 625
30 549
30 567
30 599
30 604
30 609
30 615
30 616
30 626
31 552
31 565
31 569
31 572
31 573
31 598
31 604
31 609
31 616
31 617
31 622
31 623
31 627
32 547
32 551
32 564
32 567
32 575
32 597
32 601
32 604
32 609
32 617
32 618
32 619
32 620
32 621
32 624
32 625
33 545
33 563
33 572
33 573
33 600
33 603
33 625
33 628
34 544
34 562
34 572
34 589
34 590
34 591
34 592
34 593
34 594
34 595
34 598
34 601
34 602
34 603
34 626
34 627
34 629
34 630
34 631
34 632
34 633
35 543
35 544
35 547
35 561
35 567
35 571
35 587
35 588
35 603
35 609
35 610
35 628
36 541
36 546
36 594
36 595
36 599
36 600
36 603
36 610
36 629
36 630
36 631
36 632
37 540
37 543
37 544
37 560
37 561
37 564
37 565
37 584
37 585
37 586
37 587
37 588
37 589
37 592
37 593
37 599
37 601
37 603
37 610
38 539
38 540
38 543
38 559
38 567
38 582
38 591
38 592
38 599
38 602
38 608
39 537
39 542
39 557
39 558
39 561
39 564
39 565
39 581
39 584
39 585
39 589
39 590
39 594
39 600
39 611
39 612
40 539
40 540
40 555
40 564
40 580
40 588
40 591
40 592
40 601
40 609
40 610
40 612
41 535
41 539
41 554
41 557
41 563
41 579
41 587
41 590
41 600
41 602
41 609
41 612
42 533
42 553
42 578
42 585
42 589
42 599
42 602
42 603
42 608
42 612
43 532
43 533
43 552
43 553
43 577
43 583
43 584
43 588
43 598
43 601
43 603
43 608
43 612
44 530
44 535
44 551
44 559
44 576
44 577
44 582
44 586
44 597
44 600
44 603
44 608
44 612
45 529
45 532
45 533
45 549
45 558
45 574
45 581
45 584
45 585
45 595
45 599
45 603
45 608
45 613
46 528
46 529
46 532
46 548
46 549
46 551
46 573
46 576
46 577
46 579
46 580
46 583
46 584
46 594
46 598
46 603
46 608
46 613
46 614
47 526
47 527
47 531
47 547
47 548
47 554
47 572
47 578
47 583
47 593
47 596
47 603
47 608
47 614
47 615
47 616
47 617
48 525
48 528
48 529
48 545
48 571
48 576
48 577
48 580
48 581
48 591
48 595
48 603
48 608
48 618
48 619
49 523
49 527
49 544
49 547
49 551
49 570
49 571
49 579
49 580
49 590
49 594
49 603
49 608
49 620
49 621
50 522
50 525
50 543
50 544
50 550
50 551
50 569
50 570
50 574
50 578
50 579
50 592
50 593
50 596
50 597
50 598
50 599
50 600
50 601
50 602
50 603
50 609
50 610
50 611
50 612
50 613
50 614
50 615
50 616
50 617
50 621
51 521
51 522
51 525
51 542
51 543
51 550
51 567
51 572
51 573
51 577
51 578
51 588
51 603
51 609
51 621
51 622
51 623
52 519
52 524
52 542
52 566
52 567
52 569
52 576
52 577
52 603
52 608
53 518
53 519
53 521
53 522
53 540
53 546
53 566
53 575
53 585
53 586
53 587
53 588
53 589
53 590
53 591
53 592
53 593
53 594
53 598
53 599
53 600
53 601
53 602
53 603
53 609
53 610
53 612
53 614
53 615
53 616
53 617
53 618
53 622
53 623
54 517
54 521
54 538
54 539
54 542
54 565
54 571
54 574
54 583
54 584
54 587
54 596
54 597
54 603
54 609
54 611
54 613
54 620
54 621
55 515
55 519
55 537
55 538
55 543
55 564
55 573
55 582
55 583
55 586
55 587
55 594
55 603
55 608
55 611
55 613
55 620
56 514
56 515
56 517
56 535
56 536
56 542
56 543
56 562
56 563
56 567
56 568
56 572
56 581
56 585
56 586
56 593
56 596
56 597
56 603
56 608
56 611
56 613
56 620
57 513
57 517
57 534
57 535
57 541
57 542
57 561
57 562
57 564
57 566
57 570
57 580
57 584
57 592
57 593
57 596
57 603
57 608
57 611
57 612
57 613
57 618
57 621
58 515
58 533
58 539
58 540
58 560
58 564
58 567
58 569
58 570
58 579
58 583
58 595
58 603
58 608
58 618
58 621
59 510
59 513
59 531
59 532
59 533
59 538
59 539
59 559
59 563
59 564
59 569
59 578
59 582
59 589
59 592
59 593
59 602
59 603
59 608
59 617
59 620
60 508
60 509
60 530
60 537
60 538
60 558
60 561
60 562
60 566
60 567
60 576
60 581
60 587
60 601
60 608
60 617
60 621
61 506
61 507
61 529
61 530
61 532
61 535
61 536
61 557
61 563
61 565
61 566
61 575
61 579
61 586
61 587
61 600
61 608
61 610
61 612
61 616
61 618
61 621
62 504
62 505
62 508
62 509
62 528
62 529
62 534
62 555
62 556
62 562
62 565
62 574
62 578
62 584
62 589
62 600
62 601
62 602
62 611
62 612
62 614
62 615
62 616
62 617
62 618
62 621
63 502
63 503
63 507
63 526
63 527
63 533
63 534
63 554
63 563
63 573
63 577
63 583
63 586
63 587
63 591
63 592
63 593
63 598
63 599
63 602
63 609
63 622
64 501
64 505
64 525
64 526
64 531
64 532
64 553
64 556
64 557
64 562
64 572
64 576
64 582
64 583
64 586
64 590
64 602
64 609
64 617
64 622
65 261
65 262
65 263
65 264
65 265
65 266
65 267
65 498
65 499
65 500
65 503
65 523
65 524
65 528
65 530
65 551
65 552
65 561
65 570
65 575
65 585
65 591
65 594
65 595
65 596
65 597
65 602
65 610
65 611
65 615
65 616
65 618
65 619
65 620
65 622
66 258
66 259
66 260
66 268
66 496
66 497
66 501
66 522
66 523
66 527
66 550
66 553
66 554
66 559
66 569
66 573
66 579
66 582
66 583
66 593
66 594
66 596
66 602
66 608
66 610
66 615
66 618
66 620
66 622
67 254
67 255
67 256
67 257
67 268
67 495
67 499
67 500
67 520
67 521
67 526
67 527
67 549
67 552
67 556
67 559
67 568
67 572
67 577
67 591
67 592
67 596
67 602
67 608
67 610
67 615
67 618
67 622
68 252
68 253
68 268
68 493
68 494
68 497
68 519
68 520
68 524
68 525
68 547
68 551
68 554
68 558
68 567
68 571
68 576
68 577
68 590
68 593
68 594
68 596
68 602
68 610
68 616
68 617
68 618
68 622
69 250
69 251
69 267
69 268
69 491
69 492
69 495
69 518
69 519
69 523
69 524
69 546
69 547
69 549
69 553
69 556
69 566
69 570
69 574
69 579
69 589
69 592
69 594
69 596
69 597
69 602
69 609
69 620
69 622
70 248
70 249
70 253
70 254
70 255
70 257
70 258
70 259
70 260
70 261
70 262
70 263
70 264
70 265
70 266
70 489
70 490
70 493
70 494
70 517
70 518
70 521
70 522
70 545
70 555
70 564
70 568
70 576
70 577
70 588
70 591
70 598
70 602
70 608
70 617
70 619
70 620
70 622
71 245
71 246
71 251
71 252
71 487
71 488
71 491
71 492
71 514
71 515
71 516
71 520
71 521
71 544
71 547
71 550
71 551
71 553
71 563
71 567
71 572
71 576
71 586
71 590
71 595
71 599
71 602
71 608
71 615
71 619
71 622
72 243
72 249
72 485
72 486
72 489
72 490
72 513
72 518
72 519
72 542
72 546
72 549
72 553
72 562
72 566
72 570
72 585
72 589
72 596
72 600
72 602
72 607
72 610
72 614
72 617
72 622
73 242
73 246
73 483
73 484
73 487
73 488
73 512
73 513
73 516
73 517
73 540
73 545
73 551
73 561
73 564
73 569
73 570
73 583
73 587
73 597
73 602
73 607
73 609
73 611
73 617
73 622
74 241
74 242
74 245
74 481
74 482
74 485
74 486
74 511
74 515
74 516
74 538
74 539
74 543
74 546
74 547
74 549
74 560
74 563
74 572
74 582
74 586
74 598
74 599
74 601
74 607
74 608
74 609
74 611
74 613
74 615
74 616
74 622
75 240
75 241
75 244
75 479
75 483
75 484
75 509
75 514
75 537
75 538
75 542
75 549
75 559
75 562
75 566
75 567
75 569
75 570
75 580
75 585
75 599
75 601
75 611
75 622
76 240
76 243
76 478
76 479
76 481
76 482
76 508
76 512
76 535
76 536
76 540
76 541
76 543
76 544
76 546
76 547
76 557
76 558
76 561
76 565
76 569
76 579
76 583
76 599
76 607
76 621
77 239
77 242
77 243
77 475
77 476
77 481
77 506
77 507
77 511
77 533
77 535
77 542
77 546
77 556
77 560
77 563
77 564
77 567
77 578
77 582
77 600
77 607
77 613
77 614
77 621
78 238
78 241
78 242
78 473
78 474
78 478
78 479
78 505
78 509
78 531
78 532
78 535
78 537
78 538
78 541
78 543
78 544
78 555
78 558
78 561
78 562
78 565
78 576
78 580
78 600
78 601
78 607
78 612
78 613
78 621
79 237
79 240
79 241
79 475
79 476
79 503
79 507
79 529
79 530
79 534
79 535
79 542
79 554
79 557
79 560
79 563
79 564
79 575
79 579
79 602
79 607
79 612
79 622
80 237
80 240
80 469
80 470
80 473
80 474
80 501
80 502
80 506
80 533
80 539
80 540
80 553
80 559
80 562
80 573
80 577
80 602
80 607
80 611
80 622
80 623
81 236
81 239
81 468
81 500
81 504
81 525
81 526
81 529
81 531
81 532
81 536
81 539
81 552
81 561
81 572
81 576
81 602
81 607
81 611
81 623
81 624
82 236
82 239
82 466
82 467
82 470
82 471
82 498
82 499
82 502
82 523
82 524
82 530
82 531
82 537
82 538
82 550
82 551
82 560
82 571
82 575
82 602
82 607
82 611
82 624
82 625
83 235
83 238
83 465
83 494
83 495
83 497
83 501
83 521
83 522
83 526
83 529
83 530
83 533
83 535
83 536
83 549
83 552
83 555
83 558
83 569
83 573
83 602
83 607
83 611
83 625
83 626
84 235
84 238
84 462
84 463
84 466
84 467
84 490
84 491
84 494
84 496
84 499
84 519
84 524
84 527
84 528
84 533
84 534
84 546
84 547
84 548
84 553
84 556
84 567
84 572
84 602
84 607
84 610
84 611
84 626
85 234
85 237
85 461
85 487
85 488
85 497
85 518
85 519
85 521
85 522
85 526
85 527
85 532
85 533
85 545
85 547
85 551
85 554
85 555
85 566
85 570
85 602
85 609
85 610
85 626
86 234
86 237
86 460
86 461
86 463
86 483
86 484
86 485
86 490
86 516
86 517
86 525
86 526
86 531
86 532
86 543
86 547
86 552
86 553
86 565
86 569
86 602
86 608
86 626
87 235
87 236
87 237
87 458
87 459
87 463
87 480
87 481
87 485
87 487
87 493
87 494
87 514
87 515
87 518
87 519
87 523
87 524
87 529
87 530
87 542
87 545
87 550
87 551
87 563
87 568
87 602
87 607
87 626
88 457
88 458
88 463
88 477
88 478
88 483
88 484
88 491
88 492
88 516
88 517
88 522
88 523
88 528
88 529
88 539
88 540
88 544
88 545
88 549
88 550
88 562
88 566
88 601
88 607
88 626
89 233
89 236
89 455
89 463
89 472
89 473
89 474
89 480
89 481
89 489
89 490
89 509
89 510
89 514
89 515
89 521
89 522
89 526
89 527
89 538
89 542
89 543
89 547
89 548
89 560
89 561
89 565
89 601
89 608
89 609
89 610
89 611
89 612
89 613
89 614
89 615
89 616
89 617
89 618
89 619
89 620
89 621
89 622
89 623
89 624
89 625
89 626
90 233
90 236
90 454
90 455
90 457
90 458
90 460
90 463
90 469
90 470
90 474
90 477
90 478
90 482
90 486
90 487
90 507
90 508
90 520
90 524
90 525
90 536
90 537
90 540
90 541
90 545
90 546
90 559
90 563
90 601
91 233
91 236
91 453
91 457
91 460
91 463
91 466
91 467
91 472
91 473
91 474
91 484
91 485
91 504
91 505
91 509
91 510
91 519
91 522
91 523
91 534
91 540
91 544
91 558
91 561
91 602
91 603
91 604
91 605
91 606
91 607
92 233
92 236
92 451
92 455
92 456
92 458
92 460
92 463
92 466
92 469
92 470
92 477
92 478
92 481
92 482
92 501
92 502
92 507
92 508
92 518
92 521
92 522
92 533
92 534
92 536
92 539
92 542
92 556
92 557
92 560
92 601
92 602
93 233
93 450
93 453
93 460
93 464
93 465
93 466
93 467
93 468
93 475
93 476
93 499
93 500
93 504
93 505
93 516
93 520
93 531
93 537
93 538
93 541
93 555
93 559
93 600
93 601
94 233
94 328
94 329
94 330
94 346
94 347
94 348
94 449
94 450
94 453
94 457
94 458
94 460
94 464
94 468
94 473
94 474
94 477
94 478
94 496
94 497
94 501
94 502
94 514
94 519
94 530
94 531
94 533
94 536
94 539
94 553
94 554
94 557
94 599
94 600
95 233
95 326
95 327
95 331
95 332
95 344
95 345
95 348
95 349
95 447
95 452
95 458
95 460
95 464
95 465
95 466
95 467
95 469
95 470
95 471
95 475
95 476
95 493
95 494
95 499
95 500
95 512
95 513
95 517
95 528
95 529
95 534
95 537
95 552
95 556
95 599
96 233
96 325
96 326
96 332
96 333
96 342
96 343
96 350
96 351
96 446
96 447
96 449
96 450
96 459
96 460
96 464
96 473
96 474
96 488
96 489
96 490
96 491
96 496
96 497
96 510
96 515
96 526
96 527
96 535
96 550
96 551
96 554
96 598
97 233
97 324
97 325
97 334
97 341
97 342
97 352
97 353
97 443
97 444
97 445
97 449
97 457
97 461
97 463
97 468
97 470
97 471
97 484
97 485
97 486
97 491
97 493
97 494
97 509
97 513
97 524
97 525
97 526
97 530
97 531
97 533
97 534
97 549
97 552
97 598
98 233
98 324
98 335
98 341
98 353
98 354
98 441
98 442
98 446
98 447
98 456
98 457
98 463
98 479
98 480
98 481
98 486
98 488
98 489
98 490
98 491
98 507
98 511
98 522
98 523
98 532
98 547
98 551
98 597
99 233
99 323
99 336
99 340
99 354
99 355
99 438
99 439
99 443
99 444
99 445
99 460
99 463
99 475
99 476
99 477
99 481
99 484
99 485
99 486
99 505
99 510
99 520
99 521
99 529
99 530
99 546
99 547
99 549
99 597
100 233
100 323
100 337
100 340
100 355
100 436
100 437
100 441
100 442
100 454
100 456
100 457
100 460
100 471
100 472
100 473
100 477
100 479
100 480
100 481
100 503
100 508
100 519
100 523
100 528
100 549
100 598
101 233
101 236
101 322
101 337
101 338
101 339
101 340
101 356
101 433
101 434
101 439
101 440
101 452
101 453
101 455
101 460
101 463
101 464
101 465
101 470
101 473
101 475
101 476
101 477
101 501
101 502
101 506
101 516
101 517
101 518
101 522
101 526
101 527
101 542
101 543
101 546
101 547
101 598
102 233
102 236
102 322
102 356
102 357
102 430
102 431
102 432
102 436
102 437
102 450
102 451
102 453
102 459
102 462
102 465
102 471
102 472
102 473
102 499
102 504
102 515
102 520
102 521
102 524
102 525
102 541
102 598
103 233
103 236
103 321
103 357
103 427
103 428
103 429
103 433
103 434
103 448
103 455
103 456
103 457
103 458
103 459
103 463
103 464
103 465
103 496
103 497
103 498
103 502
103 513
103 514
103 517
103 518
103 524
103 539
103 540
103 543
103 544
103 598
104 233
104 236
104 321
104 358
104 426
104 430
104 431
104 432
104 447
104 448
104 450
104 451
104 459
104 462
104 493
104 494
104 495
104 500
104 501
104 511
104 512
104 516
104 518
104 522
104 523
104 576
104 577
104 578
104 579
104 588
104 589
104 590
104 598
105 126
105 127
105 233
105 236
105 321
105 358
105 359
105 424
105 425
105 428
105 429
105 445
105 450
105 459
105 462
105 490
105 491
105 497
105 498
105 509
105 510
105 514
105 515
105 520
105 521
105 536
105 539
105 540
105 575
105 580
105 581
105 582
105 583
105 584
105 585
105 586
105 587
105 591
105 592
105 593
105 597
105 598
106 124
106 125
106 128
106 129
106 130
106 131
106 233
106 236
106 320
106 321
106 359
106 427
106 444
106 445
106 447
106 448
106 459
106 462
106 486
106 487
106 488
106 494
106 507
106 508
106 512
106 513
106 520
106 534
106 535
106 574
106 587
106 594
106 595
106 596
106 597
107 122
107 123
107 132
107 133
107 233
107 236
107 319
107 320
107 360
107 420
107 421
107 424
107 425
107 442
107 443
107 447
107 459
107 462
107 482
107 483
107 484
107 491
107 504
107 505
107 510
107 511
107 517
107 518
107 532
107 533
107 575
107 576
107 577
107 578
107 579
107 580
107 582
107 583
107 584
107 585
107 586
108 122
108 133
108 233
108 236
108 318
108 319
108 360
108 418
108 419
108 425
108 440
108 444
108 445
108 459
108 462
108 479
108 480
108 487
108 488
108 501
108 502
108 508
108 530
108 531
108 534
108 535
108 586
109 121
109 134
109 233
109 236
109 317
109 318
109 360
109 396
109 416
109 420
109 421
109 425
109 439
109 442
109 443
109 459
109 462
109 476
109 477
109 483
109 484
109 496
109 497
109 498
109 499
109 505
109 511
109 514
109 515
109 532
109 533
109 587
110 121
110 134
110 135
110 233
110 236
110 317
110 360
110 395
110 397
110 415
110 416
110 418
110 419
110 423
110 424
110 425
110 428
110 429
110 438
110 439
110 442
110 459
110 462
110 472
110 473
110 474
110 480
110 491
110 492
110 493
110 494
110 499
110 501
110 502
110 508
110 509
110 526
110 527
110 530
110 531
110 587
110 588
111 120
111 121
111 135
111 136
111 233
111 236
111 316
111 361
111 362
111 394
111 397
111 413
111 414
111 418
111 421
111 425
111 428
111 436
111 441
111 452
111 453
111 455
111 456
111 457
111 458
111 459
111 463
111 464
111 465
111 466
111 470
111 471
111 477
111 486
111 487
111 488
111 489
111 494
111 496
111 497
111 498
111 499
111 506
111 507
111 510
111 511
111 524
111 525
111 588
111 589
112 112
112 113
112 114
112 120
112 136
112 137
112 233
112 236
112 315
112 316
112 363
112 364
112 394
112 397
112 411
112 412
112 415
112 416
112 422
112 423
112 424
112 425
112 428
112 429
112 430
112 438
112 439
112 450
112 453
112 459
112 462
112 467
112 469
112 480
112 481
112 482
112 483
112 484
112 485
112 489
112 491
112 492
112 493
112 494
112 504
112 505
112 508
112 509
112 521
112 522
112 526
112 527
112 589
112 590
113 110
113 111
113 115
113 116
113 117
113 118
113 119
113 137
113 233
113 236
113 314
113 315
113 365
113 394
113 398
113 408
113 409
113 410
113 413
113 414
113 425
113 432
113 434
113 438
113 449
113 452
113 453
113 455
113 456
113 457
113 458
113 459
113 463
113 464
113 465
113 469
113 472
113 486
113 487
113 488
113 489
113 501
113 502
113 506
113 507
113 518
113 519
113 524
113 525
113 590
114 110
114 137
114 233
114 236
114 314
114 365
114 394
114 398
114 399
114 405
114 406
114 407
114 411
114 412
114 424
114 427
114 429
114 430
114 432
114 433
114 448
114 449
114 452
114 459
114 462
114 467
114 473
114 474
114 475
114 476
114 477
114 478
114 479
114 480
114 481
114 482
114 483
114 484
114 485
114 498
114 499
114 500
114 504
114 505
114 515
114 516
114 517
114 521
114 522
114 589
114 590
115 109
115 137
115 233
115 236
115 313
115 365
115 394
115 399
115 402
115 403
115 404
115 408
115 409
115 410
115 420
115 424
115 427
115 430
115 435
115 447
115 451
115 459
115 462
115 496
115 497
115 501
115 502
115 512
115 513
115 514
115 518
115 519
115 588
115 589
116 109
116 137
116 233
116 236
116 313
116 365
116 394
116 397
116 400
116 401
116 405
116 406
116 407
116 419
116 421
116 422
116 423
116 424
116 428
116 429
116 431
116 432
116 433
116 436
116 446
116 449
116 458
116 462
116 463
116 494
116 495
116 499
116 500
116 510
116 511
116 516
116 517
116 587
116 588
117 108
117 137
117 233
117 236
117 313
117 365
117 394
117 399
117 402
117 403
117 404
117 424
117 427
117 431
117 434
117 437
117 438
117 439
117 444
117 448
117 456
117 459
117 461
117 491
117 492
117 496
117 497
117 507
117 508
117 509
117 513
117 514
117 586
117 587
118 108
118 137
118 233
118 236
118 314
118 365
118 394
118 401
118 421
118 422
118 423
118 424
118 427
118 429
118 430
118 431
118 436
118 440
118 441
118 442
118 443
118 446
118 458
118 462
118 463
118 489
118 490
118 494
118 495
118 504
118 505
118 506
118 510
118 511
118 585
118 586
119 108
119 137
119 233
119 236
119 314
119 364
119 387
119 388
119 389
119 394
119 398
119 399
119 424
119 427
119 437
119 438
119 442
119 444
119 453
119 458
119 461
119 485
119 486
119 487
119 491
119 492
119 500
119 501
119 502
119 503
119 507
119 508
119 509
119 584
119 585
120 103
120 104
120 105
120 106
120 107
120 137
120 233
120 236
120 314
120 364
120 387
120 389
120 394
120 397
120 400
120 402
120 424
120 427
120 440
120 441
120 442
120 448
120 449
120 450
120 451
120 452
120 458
120 461
120 484
120 487
120 489
120 490
120 497
120 498
120 499
120 504
120 505
120 506
120 579
120 580
120 583
120 587
121 101
121 102
121 136
121 233
121 236
121 314
121 365
121 387
121 394
121 397
121 400
121 424
121 427
121 445
121 446
121 458
121 462
121 463
121 464
121 465
121 466
121 467
121 469
121 470
121 471
121 472
121 473
121 474
121 475
121 476
121 477
121 478
121 479
121 480
121 482
121 483
121 488
121 491
121 492
121 493
121 494
121 495
121 496
121 501
121 502
121 503
121 575
121 576
121 577
121 582
122 100
122 101
122 136
122 233
122 236
122 314
122 366
122 367
122 368
122 369
122 370
122 371
122 387
122 394
122 397
122 401
122 403
122 424
122 427
122 448
122 451
122 452
122 458
122 461
122 468
122 481
122 484
122 485
122 486
122 487
122 497
122 498
122 499
122 572
122 573
122 577
122 579
122 580
122 583
122 584
123 100
123 135
123 233
123 236
123 244
123 313
123 371
123 387
123 390
123 391
123 392
123 394
123 397
123 401
123 424
123 427
123 450
123 451
123 458
123 461
123 462
123 463
123 464
123 465
123 466
123 467
123 469
123 470
123 471
123 472
123 473
123 474
123 475
123 476
123 477
123 478
123 489
123 490
123 491
123 492
123 493
123 494
123 495
123 496
123 569
123 570
123 575
123 576
123 577
123 581
123 582
124 99
124 135
124 233
124 236
124 242
124 243
124 245
124 246
124 313
124 371
124 387
124 389
124 392
124 394
124 397
124 402
124 404
124 421
124 422
124 423
124 424
124 428
124 429
124 430
124 431
124 446
124 447
124 449
124 458
124 461
124 479
124 480
124 487
124 566
124 567
124 578
124 583
124 584
125 99
125 134
125 233
125 236
125 241
125 242
125 246
125 247
125 313
125 371
125 387
125 390
125 391
125 392
125 394
125 397
125 402
125 405
125 420
125 424
125 427
125 431
125 444
125 445
125 449
125 458
125 461
125 478
125 479
125 487
125 488
125 571
125 572
125 573
125 580
125 582
126 99
126 134
126 233
126 236
126 240
126 241
126 247
126 248
126 313
126 370
126 371
126 387
126 394
126 397
126 403
126 421
126 422
126 423
126 424
126 428
126 429
126 430
126 431
126 443
126 446
126 447
126 458
126 461
126 478
126 488
126 489
126 561
126 562
126 563
126 564
126 565
126 568
126 569
126 570
126 574
126 575
126 579
126 582
127 6
127 98
127 99
127 133
127 233
127 236
127 239
127 240
127 248
127 249
127 313
127 370
127 387
127 394
127 397
127 404
127 406
127 424
127 427
127 441
127 445
127 458
127 462
127 463
127 464
127 477
127 489
127 558
127 559
127 560
127 566
127 567
127 576
127 577
127 578
127 582
128 0
128 1
128 2
128 3
128 4
128 5
128 7
128 8
128 19
128 20
128 21
128 22
128 23
128 24
128 97
128 98
128 133
128 233
128 237
128 238
128 250
128 251
128 312
128 313
128 369
128 384
128 385
128 386
128 387
128 390
128 391
128 392
128 394
128 397
128 404
128 407
128 420
128 421
128 422
128 423
128 424
128 428
128 429
128 430
128 431
128 440
128 441
128 443
128 458
128 465
128 477
128 490
128 552
128 553
128 555
128 556
128 557
128 579
128 581
129 8
129 9
129 17
129 18
129 25
129 26
129 63
129 64
129 65
129 66
129 67
129 68
129 69
129 70
129 71
129 72
129 73
129 96
129 97
129 133
129 134
129 233
129 237
129 251
129 252
129 310
129 311
129 369
129 383
129 387
129 392
129 394
129 397
129 405
129 419
129 424
129 427
129 431
129 438
129 443
129 458
129 461
129 465
129 476
129 490
129 509
129 510
129 549
129 550
129 554
129 579
129 580
129 581
130 9
130 10
130 15
130 16
130 27
130 28
130 37
130 38
130 39
130 40
130 41
130 42
130 43
130 44
130 45
130 46
130 47
130 48
130 56
130 57
130 58
130 59
130 60
130 61
130 62
130 74
130 75
130 95
130 96
130 134
130 135
130 233
130 236
130 253
130 254
130 310
130 369
130 370
130 371
130 372
130 373
130 384
130 385
130 386
130 387
130 390
130 391
130 392
130 394
130 397
130 406
130 408
130 420
130 421
130 422
130 423
130 424
130 428
130 429
130 435
130 436
130 437
130 438
130 440
130 441
130 458
130 461
130 465
130 476
130 490
130 507
130 508
130 511
130 541
130 542
130 543
130 544
130 545
130 554
131 11
131 12
131 13
131 14
131 15
131 28
131 29
131 30
131 31
131 32
131 33
131 34
131 35
131 36
131 49
131 50
131 51
131 52
131 53
131 54
131 55
131 76
131 77
131 78
131 87
131 88
131 89
131 90
131 91
131 92
131 93
131 94
131 95
131 135
131 136
131 233
131 236
131 254
131 255
131 310
131 374
131 387
131 394
131 397
131 406
131 409
131 424
131 427
131 430
131 431
131 432
131 433
131 440
131 457
131 461
131 466
131 467
131 468
131 469
131 470
131 471
131 476
131 490
131 506
131 507
131 512
131 535
131 536
131 537
131 538
131 539
131 540
131 546
131 547
131 548
131 551
131 552
131 553
131 569
131 603
132 79
132 80
132 81
132 82
132 83
132 84
132 85
132 86
132 93
132 136
132 137
132 233
132 236
132 255
132 256
132 293
132 294
132 295
132 296
132 297
132 310
132 311
132 374
132 387
132 394
132 397
132 407
132 424
132 428
132 429
132 433
132 435
132 436
132 437
132 438
132 456
132 457
132 461
132 472
132 473
132 475
132 476
132 490
132 505
132 506
132 512
132 531
132 532
132 533
132 534
132 549
132 550
132 568
132 570
132 600
132 601
132 602
132 604
133 93
133 137
133 138
133 233
133 236
133 256
133 257
133 291
133 292
133 298
133 299
133 311
133 374
133 385
133 386
133 387
133 390
133 391
133 392
133 394
133 397
133 408
133 410
133 424
133 427
133 430
133 431
133 432
133 433
133 455
133 456
133 460
133 473
133 474
133 475
133 490
133 504
133 505
133 512
133 530
133 567
133 570
133 599
133 604
134 94
134 138
134 139
134 232
134 236
134 257
134 258
134 278
134 279
134 280
134 281
134 282
134 283
134 284
134 290
134 291
134 299
134 308
134 309
134 310
134 311
134 373
134 384
134 387
134 394
134 398
134 409
134 411
134 424
134 427
134 454
134 455
134 460
134 490
134 504
134 513
134 526
134 527
134 529
134 567
134 599
134 604
135 94
135 139
135 230
135 231
135 236
135 258
135 277
135 279
135 289
135 290
135 300
135 306
135 307
135 373
135 385
135 386
135 387
135 390
135 391
135 392
135 393
135 394
135 399
135 400
135 409
135 420
135 421
135 422
135 423
135 424
135 428
135 429
135 430
135 431
135 453
135 454
135 457
135 460
135 490
135 503
135 513
135 522
135 523
135 524
135 528
135 529
135 568
135 599
135 604
136 94
136 140
136 229
136 230
136 233
136 236
136 258
136 277
136 279
136 280
136 281
136 283
136 284
136 288
136 289
136 300
136 301
136 306
136 374
136 387
136 393
136 401
136 410
136 412
136 419
136 420
136 424
136 427
136 431
136 452
136 453
136 457
136 460
136 490
136 502
136 503
136 514
136 518
136 519
136 520
136 524
136 526
136 528
136 569
136 571
136 599
136 604
137 95
137 140
137 229
137 233
137 236
137 258
137 277
137 279
137 287
137 288
137 301
137 305
137 375
137 376
137 377
137 378
137 379
137 380
137 387
137 393
137 397
137 410
137 413
137 419
137 424
137 427
137 430
137 432
137 450
137 451
137 457
137 460
137 490
137 501
137 502
137 514
137 515
137 520
137 522
137 526
137 527
137 569
137 571
137 599
137 604
138 95
138 140
138 228
138 233
138 236
138 259
138 277
138 279
138 286
138 287
138 301
138 306
138 380
138 387
138 393
138 397
138 399
138 400
138 402
138 411
138 414
138 419
138 420
138 424
138 427
138 431
138 444
138 445
138 446
138 447
138 448
138 449
138 457
138 460
138 491
138 500
138 501
138 515
138 516
138 524
138 525
138 526
138 569
138 571
138 599
138 604
139 95
139 140
139 227
139 228
139 233
139 236
139 259
139 260
139 277
139 279
139 286
139 302
139 306
139 381
139 387
139 393
139 397
139 400
139 412
139 415
139 421
139 422
139 423
139 424
139 427
139 429
139 430
139 441
139 442
139 443
139 457
139 460
139 491
139 499
139 500
139 516
139 517
139 518
139 519
139 520
139 521
139 522
139 523
139 569
139 571
139 599
139 604
140 95
140 141
140 225
140 226
140 233
140 236
140 261
140 277
140 279
140 285
140 302
140 306
140 381
140 382
140 387
140 390
140 391
140 393
140 396
140 401
140 403
140 404
140 413
140 424
140 427
140 439
140 440
140 457
140 460
140 492
140 494
140 495
140 496
140 497
140 498
140 499
140 569
140 571
140 599
140 604
141 96
141 141
141 224
141 225
141 233
141 236
141 261
141 277
141 279
141 285
141 303
141 304
141 305
141 306
141 383
141 387
141 389
141 393
141 396
141 405
141 416
141 424
141 427
141 437
141 438
141 457
141 460
141 492
141 499
141 569
141 571
141 599
141 604
142 67
142 68
142 96
142 141
142 224
142 233
142 236
142 261
142 277
142 279
142 284
142 383
142 387
142 389
142 391
142 393
142 396
142 402
142 407
142 414
142 417
142 424
142 427
142 435
142 436
142 457
142 460
142 492
142 494
142 495
142 496
142 497
142 498
142 569
142 571
142 599
142 604
143 66
143 69
143 70
143 96
143 141
143 193
143 194
143 195
143 196
143 197
143 223
143 233
143 236
143 262
143 277
143 279
143 283
143 284
143 383
143 387
143 389
143 393
143 396
143 405
143 406
143 408
143 415
143 418
143 424
143 427
143 434
143 435
143 457
143 460
143 493
143 498
143 569
143 571
143 599
143 603
144 65
144 70
144 97
144 141
144 192
144 217
144 218
144 223
144 233
144 236
144 262
144 277
144 279
144 283
144 383
144 387
144 389
144 393
144 396
144 403
144 404
144 409
144 416
144 419
144 424
144 427
144 433
144 434
144 457
144 460
144 493
144 498
144 509
144 510
144 569
144 571
144 599
144 603
145 65
145 70
145 97
145 141
145 193
145 194
145 195
145 217
145 219
145 223
145 233
145 236
145 263
145 277
145 279
145 282
145 382
145 387
145 389
145 393
145 396
145 399
145 400
145 401
145 402
145 409
145 417
145 420
145 424
145 427
145 432
145 433
145 456
145 460
145 493
145 497
145 508
145 569
145 571
145 599
145 603
146 65
146 71
146 98
146 142
146 197
146 216
146 219
146 223
146 233
146 236
146 263
146 264
146 277
146 279
146 282
146 383
146 387
146 389
146 393
146 397
146 398
146 409
146 418
146 421
146 424
146 427
146 428
146 429
146 430
146 431
146 456
146 460
146 493
146 496
146 497
146 508
146 569
146 571
146 599
146 603
147 65
147 71
147 97
147 98
147 142
147 143
147 197
147 216
147 219
147 223
147 233
147 236
147 264
147 265
147 277
147 279
147 282
147 383
147 384
147 387
147 389
147 393
147 397
147 409
147 419
147 422
147 423
147 427
147 456
147 460
147 494
147 495
147 496
147 508
147 569
147 571
147 598
147 601
147 603
148 65
148 71
148 94
148 95
148 96
148 143
148 144
148 197
148 215
148 220
148 223
148 233
148 236
148 265
148 266
148 277
148 279
148 281
148 282
148 384
148 387
148 389
148 393
148 396
148 410
148 420
148 427
148 456
148 460
148 508
148 569
148 571
148 598
148 601
148 603
149 61
149 62
149 63
149 64
149 65
149 71
149 91
149 92
149 93
149 145
149 146
149 150
149 151
149 152
149 153
149 154
149 155
149 173
149 174
149 197
149 214
149 215
149 220
149 223
149 233
149 236
149 266
149 267
149 277
149 280
149 384
149 387
149 389
149 393
149 396
149 410
149 411
149 412
149 413
149 414
149 415
149 416
149 417
149 418
149 419
149 420
149 424
149 427
149 456
149 460
149 508
149 511
149 569
149 571
149 598
149 601
149 603
150 60
150 72
150 89
150 90
150 147
150 150
150 156
150 157
150 175
150 192
150 193
150 194
150 195
150 196
150 213
150 214
150 221
150 222
150 223
150 233
150 236
150 267
150 268
150 269
150 270
150 271
150 272
150 277
150 279
150 384
150 387
150 389
150 393
150 396
150 424
150 427
150 456
150 459
150 508
150 511
150 569
150 571
150 598
150 601
150 603
151 59
151 73
151 74
151 75
151 76
151 77
151 78
151 87
151 88
151 148
151 149
151 158
151 159
151 167
151 170
151 171
151 175
151 191
151 197
151 205
151 206
151 207
151 212
151 213
151 233
151 236
151 272
151 277
151 279
151 384
151 387
151 389
151 392
151 396
151 418
151 424
151 427
151 456
151 459
151 509
151 511
151 569
151 571
151 598
151 601
151 603
152 59
152 79
152 80
152 85
152 86
152 167
152 169
152 175
152 190
152 197
152 210
152 233
152 236
152 273
152 277
152 279
152 384
152 387
152 389
152 392
152 396
152 413
152 418
152 424
152 427
152 456
152 459
152 509
152 569
152 571
152 598
152 601
152 603
153 60
153 81
153 82
153 85
153 141
153 142
153 143
153 144
153 145
153 146
153 147
153 148
153 149
153 150
153 151
153 152
153 153
153 154
153 155
153 156
153 157
153 158
153 159
153 160
153 161
153 162
153 163
153 164
153 165
153 166
153 167
153 176
153 177
153 178
153 179
153 180
153 181
153 182
153 183
153 184
153 185
153 186
153 187
153 188
153 189
153 190
153 191
153 192
153 193
153 194
153 195
153 196
153 201
153 204
153 205
153 206
153 207
153 208
153 212
153 213
153 214
153 215
153 216
153 217
153 218
153 219
153 220
153 233
153 236
153 273
153 274
153 277
153 279
153 385
153 386
153 387
153 389
153 392
153 396
153 413
153 417
153 424
153 427
153 456
153 459
153 509
153 569
153 571
153 598
153 601
153 603
154 60
154 85
154 140
154 167
154 176
154 197
154 200
154 202
154 203
154 209
154 210
154 211
154 221
154 233
154 236
154 274
154 275
154 277
154 279
154 280
154 386
154 389
154 392
154 396
154 413
154 414
154 415
154 416
154 417
154 424
154 427
154 456
154 459
154 509
154 569
154 571
154 598
154 601
154 603
155 60
155 80
155 84
155 139
155 167
155 175
155 197
155 221
155 233
155 236
155 275
155 276
155 280
155 386
155 387
155 390
155 391
155 392
155 396
155 424
155 427
155 456
155 459
155 509
155 569
155 571
155 598
155 601
155 603
156 61
156 80
156 84
156 139
156 167
156 175
156 197
156 221
156 233
156 236
156 280
156 386
156 396
156 424
156 427
156 456
156 459
156 509
156 512
156 569
156 571
156 598
156 601
156 603
157 61
157 81
157 84
157 139
157 167
157 175
157 197
157 221
157 233
157 236
157 277
157 280
157 386
157 393
157 396
157 424
157 427
157 456
157 459
157 509
157 512
157 568
157 571
157 598
157 601
157 603
158 61
158 81
158 85
158 139
158 143
158 144
158 145
158 167
158 175
158 197
158 221
158 233
158 236
158 277
158 280
158 386
158 393
158 396
158 424
158 427
158 456
158 459
158 509
158 512
158 568
158 571
158 598
158 601
158 603
159 60
159 62
159 78
159 79
159 80
159 85
159 140
159 141
159 142
159 146
159 147
159 167
159 175
159 197
159 221
159 233
159 236
159 277
159 280
159 386
159 393
159 396
159 424
159 427
159 455
159 459
159 509
159 512
159 568
159 571
159 598
159 601
159 603
160 58
160 59
160 62
160 63
160 76
160 77
160 86
160 147
160 167
160 175
160 197
160 221
160 233
160 236
160 277
160 280
160 386
160 393
160 396
160 424
160 427
160 455
160 459
160 469
160 470
160 471
160 472
160 473
160 474
160 475
160 510
160 512
160 568
160 571
160 598
160 603
161 57
161 63
161 64
161 65
161 66
161 67
161 68
161 76
161 80
161 81
161 82
161 83
161 84
161 85
161 146
161 147
161 167
161 175
161 197
161 221
161 233
161 236
161 277
161 280
161 386
161 393
161 396
161 424
161 427
161 455
161 459
161 468
161 476
161 477
161 478
161 479
161 480
161 481
161 482
161 483
161 484
161 485
161 486
161 487
161 510
161 568
161 571
161 598
161 603
162 57
162 69
162 70
162 71
162 72
162 86
162 144
162 145
162 168
162 169
162 172
162 173
162 174
162 175
162 197
162 220
162 222
162 223
162 224
162 225
162 226
162 227
162 228
162 229
162 230
162 233
162 236
162 277
162 280
162 386
162 393
162 396
162 424
162 455
162 459
162 467
162 488
162 510
162 568
162 571
162 598
162 603
163 57
163 73
163 74
163 75
163 86
163 144
163 169
163 172
163 197
163 219
163 231
163 236
163 277
163 280
163 386
163 393
163 396
163 424
163 429
163 455
163 459
163 467
163 488
163 510
163 513
163 568
163 571
163 598
163 603
164 57
164 76
164 77
164 84
164 143
164 169
164 197
164 218
164 231
164 236
164 277
164 280
164 386
164 393
164 396
164 424
164 426
164 429
164 455
164 459
164 467
164 488
164 510
164 513
164 568
164 570
164 598
164 603
165 56
165 57
165 77
165 83
165 143
165 169
165 197
165 218
165 231
165 237
165 277
165 280
165 326
165 327
165 328
165 386
165 393
165 396
165 423
165 426
165 429
165 455
165 459
165 467
165 488
165 510
165 513
165 536
165 537
165 538
165 539
165 540
165 542
165 544
165 568
165 570
165 598
165 603
166 54
166 55
166 77
166 83
166 142
166 169
166 197
166 208
166 218
166 231
166 237
166 277
166 280
166 326
166 328
166 329
166 393
166 396
166 404
166 405
166 406
166 407
166 408
166 409
166 420
166 421
166 422
166 426
166 429
166 442
166 443
166 444
166 445
166 446
166 455
166 458
166 467
166 475
166 476
166 488
166 499
166 500
166 501
166 502
166 503
166 504
166 505
166 506
166 507
166 513
166 522
166 527
166 528
166 529
166 534
166 535
166 541
166 543
166 545
166 546
166 547
166 554
166 555
166 556
166 568
166 570
166 590
166 598
166 603
167 54
167 77
167 84
167 142
167 147
167 169
167 197
167 207
167 209
167 218
167 231
167 237
167 277
167 280
167 284
167 285
167 286
167 325
167 329
167 383
167 384
167 385
167 386
167 393
167 396
167 402
167 403
167 410
167 411
167 418
167 419
167 423
167 426
167 439
167 440
167 441
167 447
167 452
167 453
167 454
167 458
167 498
167 508
167 509
167 513
167 520
167 521
167 523
167 524
167 526
167 530
167 534
167 541
167 543
167 548
167 549
167 552
167 553
167 557
167 568
167 570
167 588
167 589
167 591
167 598
167 601
167 604
168 53
168 77
168 84
168 85
168 142
168 145
168 146
168 148
168 149
168 150
168 151
168 152
168 153
168 154
168 155
168 156
168 157
168 158
168 169
168 197
168 207
168 209
168 218
168 231
168 237
168 277
168 280
168 284
168 286
168 325
168 329
168 382
168 387
168 388
168 393
168 396
168 401
168 411
168 417
168 418
168 423
168 426
168 430
168 437
168 438
168 447
168 451
168 455
168 497
168 509
168 513
168 520
168 524
168 526
168 568
168 570
168 585
168 586
168 587
168 591
168 598
168 601
168 604
168 605
169 53
169 77
169 86
169 87
169 142
169 144
169 145
169 159
169 169
169 197
169 207
169 209
169 218
169 231
169 237
169 277
169 280
169 285
169 287
169 325
169 329
169 393
169 396
169 411
169 417
169 423
169 426
169 430
169 436
169 437
169 447
169 450
169 455
169 459
169 460
169 496
169 497
169 509
169 513
169 568
169 570
169 585
169 590
169 591
169 598
169 601
169 605
170 52
170 77
170 87
170 142
170 144
170 159
170 169
170 197
170 207
170 209
170 218
170 231
170 237
170 277
170 280
170 329
170 393
170 396
170 416
170 423
170 436
170 455
170 458
170 460
170 496
170 509
170 585
170 586
170 587
170 588
170 589
170 598
170 601
170 605
171 52
171 78
171 87
171 160
171 161
171 162
171 163
171 164
171 165
171 166
171 167
171 168
171 169
171 172
171 173
171 174
171 175
171 176
171 177
171 178
171 179
171 180
171 181
171 182
171 183
171 184
171 185
171 186
171 187
171 188
171 197
171 207
171 208
171 209
171 218
171 231
171 237
171 277
171 280
171 284
171 286
171 316
171 317
171 318
171 319
171 320
171 321
171 322
171 323
171 324
171 325
171 326
171 327
171 329
171 393
171 396
171 459
171 460
171 495
171 509
171 598
171 601
171 605
172 52
172 79
172 80
172 81
172 82
172 83
172 84
172 85
172 86
172 87
172 189
172 190
172 191
172 192
172 193
172 194
172 195
172 196
172 197
172 200
172 201
172 202
172 203
172 204
172 205
172 206
172 207
172 209
172 210
172 211
172 212
172 213
172 214
172 215
172 216
172 217
172 231
172 237
172 277
172 280
172 284
172 286
172 314
172 315
172 329
172 393
172 396
172 598
172 601
172 605
173 53
173 169
173 208
173 218
173 231
173 237
173 277
173 280
173 284
173 286
173 312
173 313
173 325
173 327
173 329
173 393
173 396
173 598
173 601
173 605
174 53
174 169
174 197
174 207
174 209
174 218
174 231
174 237
174 277
174 280
174 284
174 286
174 311
174 325
174 327
174 329
174 376
174 393
174 396
174 598
174 601
174 605
175 54
175 169
175 197
175 207
175 209
175 218
175 231
175 237
175 277
175 280
175 284
175 286
175 310
175 325
175 327
175 329
175 374
175 375
175 377
175 378
175 393
175 396
175 598
175 601
175 605
176 54
176 169
176 197
176 207
176 209
176 218
176 231
176 237
176 277
176 280
176 284
176 286
176 310
176 325
176 326
176 327
176 329
176 374
176 378
176 393
176 396
176 597
176 601
176 605
177 53
177 169
177 197
177 207
177 209
177 218
177 231
177 237
177 277
177 280
177 284
177 286
177 310
177 330
177 373
177 378
177 393
177 396
177 597
177 601
177 605
178 53
178 169
178 197
178 207
178 209
178 218
178 231
178 237
178 277
178 280
178 284
178 286
178 310
178 324
178 326
178 330
178 369
178 373
178 378
178 393
178 396
178 597
178 601
178 605
179 52
179 169
179 197
179 207
179 209
179 218
179 231
179 237
179 277
179 280
179 284
179 286
179 310
179 324
179 326
179 330
179 368
179 370
179 373
179 380
179 381
179 393
179 396
179 597
179 601
179 605
180 25
180 26
180 52
180 169
180 197
180 206
180 208
180 218
180 231
180 237
180 277
180 280
180 284
180 286
180 311
180 324
180 325
180 326
180 330
180 367
180 370
180 373
180 379
180 381
180 597
180 601
180 605
181 24
181 27
181 28
181 51
181 169
181 197
181 206
181 208
181 218
181 231
181 237
181 277
181 284
181 286
181 311
181 330
181 368
181 370
181 372
181 382
181 605
182 3
182 4
182 5
182 6
182 7
182 8
182 9
182 10
182 11
182 12
182 22
182 23
182 29
182 30
182 51
182 169
182 197
182 206
182 208
182 218
182 231
182 237
182 277
182 284
182 286
182 312
182 313
182 314
182 315
182 316
182 317
182 318
182 319
182 320
182 321
182 323
182 325
182 330
182 368
182 370
182 371
182 372
182 380
182 382
182 383
183 1
183 2
183 13
183 14
183 21
183 31
183 32
183 50
183 169
183 197
183 206
183 208
183 218
183 232
183 237
183 322
183 323
183 324
183 325
183 326
183 327
183 328
183 329
183 330
183 367
183 371
183 380
183 383
184 15
184 16
184 19
184 20
184 33
184 34
184 50
184 169
184 206
184 208
184 218
184 232
184 234
184 237
184 323
184 368
184 372
184 379
184 383
185 17
185 18
185 35
185 36
185 49
185 169
185 208
185 218
185 232
185 234
185 237
185 323
185 325
185 368
185 372
185 373
185 374
185 379
185 384
186 37
186 38
186 39
186 40
186 47
186 48
186 49
186 169
186 218
186 232
186 234
186 237
186 368
186 375
186 379
186 385
186 386
187 41
187 42
187 43
187 44
187 45
187 46
187 169
187 367
187 375
187 378
187 386
188 169
188 367
188 375
188 378
188 387
189 169
189 366
189 375
189 378
189 387
190 169
191 169
