0 86
0 428
0 485
1 86
1 428
1 486
2 85
2 86
2 98
2 99
2 100
2 428
2 486
3 85
3 96
3 97
3 101
3 102
3 103
3 428
3 487
4 85
4 86
4 95
4 104
4 105
4 428
4 488
5 86
5 87
5 88
5 89
5 94
5 105
5 428
5 488
6 90
6 91
6 93
6 94
6 106
6 107
6 108
6 109
6 428
6 477
6 478
6 489
7 92
7 94
7 110
7 111
7 428
7 475
7 476
7 479
7 480
7 481
7 488
8 92
8 94
8 111
8 112
8 427
8 474
8 482
8 483
8 486
8 487
9 92
9 94
9 113
9 114
9 426
9 427
9 473
9 484
9 485
10 92
10 93
10 94
10 115
10 116
10 425
10 473
11 116
11 117
11 425
11 472
12 117
12 118
12 426
12 427
12 471
13 118
13 119
13 427
13 470
14 119
14 428
14 470
15 119
15 428
15 469
16 119
16 429
16 430
16 431
16 468
17 120
17 466
17 467
18 120
18 121
18 430
18 431
18 465
19 122
19 123
19 414
19 415
19 426
19 427
19 428
19 429
19 464
20 123
20 124
20 413
20 416
20 425
20 463
21 124
21 413
21 417
21 418
21 426
21 427
21 463
22 124
22 412
22 418
22 419
22 427
22 462
23 124
23 412
23 419
23 426
23 461
24 123
24 124
24 411
24 420
24 425
24 462
25 123
25 126
25 127
25 128
25 411
25 421
25 426
25 463
26 123
26 125
26 128
26 411
26 421
26 423
26 424
26 427
26 464
26 465
27 123
27 129
27 409
27 412
27 421
27 423
27 428
27 466
27 478
27 479
27 480
27 481
27 482
27 483
28 123
28 125
28 129
28 130
28 407
28 408
28 410
28 411
28 421
28 467
28 472
28 473
28 474
28 475
28 476
28 477
28 482
29 123
29 125
29 131
29 132
29 407
29 426
29 428
29 468
29 469
29 470
29 471
29 481
30 132
30 407
30 480
31 132
31 408
31 479
32 133
32 409
32 477
32 478
33 133
33 410
33 420
33 421
33 422
33 476
34 133
34 410
34 411
34 420
34 424
34 425
34 476
35 133
35 411
35 421
35 425
35 476
36 115
36 116
36 117
36 133
36 412
36 416
36 417
36 424
36 425
36 476
37 113
37 133
37 413
37 414
37 415
37 475
38 106
38 107
38 108
38 109
38 110
38 111
38 116
38 117
38 132
38 133
38 417
38 475
39 105
39 114
39 131
39 415
39 416
39 475
40 105
40 111
40 112
40 131
40 414
40 415
40 475
41 106
41 107
41 108
41 109
41 110
41 111
41 131
41 414
41 476
42 131
42 414
42 477
43 131
43 405
43 406
43 407
43 414
43 477
44 116
44 117
44 118
44 119
44 120
44 131
44 132
44 403
44 404
44 407
44 414
44 476
45 113
45 114
45 115
45 121
45 122
45 402
45 403
45 407
45 414
45 476
46 109
46 110
46 111
46 112
46 122
46 131
46 402
46 408
46 409
46 410
46 411
46 412
46 414
46 475
47 107
47 108
47 122
47 131
47 402
47 403
47 412
47 413
47 475
48 106
48 107
48 122
48 128
48 129
48 403
48 404
48 475
49 106
49 122
49 128
49 130
49 404
49 475
50 105
50 122
50 128
50 403
50 404
50 475
51 105
51 122
51 126
51 127
51 128
51 403
51 475
52 105
52 123
52 125
52 403
52 475
53 105
53 123
53 403
53 475
54 105
54 403
54 475
55 104
55 403
55 476
55 477
56 105
56 107
56 108
56 109
56 403
56 478
56 479
57 105
57 106
57 107
57 110
57 120
57 121
57 122
57 126
57 127
57 128
57 403
57 480
58 110
58 119
58 123
58 124
58 125
58 126
58 129
58 131
58 132
58 133
58 134
58 135
58 383
58 384
58 385
58 386
58 403
58 480
59 111
59 119
59 129
59 135
59 313
59 314
59 315
59 316
59 317
59 318
59 382
59 383
59 387
59 388
59 402
59 480
60 111
60 112
60 113
60 118
60 119
60 135
60 137
60 138
60 141
60 307
60 308
60 309
60 310
60 311
60 312
60 319
60 320
60 321
60 322
60 382
60 388
60 402
60 481
61 114
61 115
61 116
61 117
61 138
61 139
61 140
61 142
61 303
61 304
61 305
61 306
61 322
61 381
61 389
61 402
61 481
62 142
62 300
62 301
62 302
62 308
62 309
62 310
62 311
62 315
62 316
62 317
62 318
62 320
62 321
62 322
62 382
62 390
62 391
62 401
62 402
62 482
63 142
63 245
63 246
63 247
63 248
63 249
63 250
63 251
63 252
63 253
63 254
63 255
63 256
63 257
63 258
63 259
63 298
63 299
63 304
63 305
63 382
63 383
63 391
63 392
63 401
63 483
64 142
64 243
64 244
64 245
64 260
64 261
64 262
64 263
64 264
64 265
64 296
64 297
64 301
64 302
64 384
64 385
64 392
64 393
64 400
64 484
65 142
65 242
65 249
65 250
65 251
65 252
65 253
65 254
65 255
65 266
65 267
65 268
65 294
65 295
65 298
65 299
65 385
65 386
65 387
65 393
65 394
65 395
65 401
65 402
65 403
65 404
65 405
65 484
66 143
66 242
66 245
66 246
66 261
66 262
66 263
66 264
66 265
66 270
66 292
66 293
66 296
66 297
66 388
66 389
66 396
66 397
66 406
66 484
67 143
67 144
67 266
67 267
67 271
67 272
67 291
67 295
67 389
67 390
67 397
67 398
67 406
67 484
68 145
68 269
68 273
68 274
68 281
68 282
68 289
68 290
68 293
68 390
68 398
68 399
68 401
68 484
69 145
69 271
69 275
69 276
69 280
69 288
69 291
69 391
69 399
69 483
70 145
70 273
70 277
70 280
70 287
70 290
70 392
70 483
70 484
71 145
71 275
71 278
71 279
71 281
71 285
71 286
71 289
71 392
71 485
71 486
72 145
72 277
72 284
72 287
72 391
72 392
72 487
72 488
73 114
73 145
73 278
73 281
73 282
73 286
73 391
73 489
74 113
74 115
74 145
74 279
74 280
74 390
74 490
75 112
75 115
75 145
75 280
75 281
75 284
75 285
75 391
75 491
76 112
76 115
76 145
76 281
76 283
76 391
76 492
77 111
77 114
77 145
77 146
77 281
77 283
77 391
77 493
78 112
78 113
78 114
78 147
78 281
78 283
78 391
78 494
79 147
79 281
79 284
79 390
79 493
80 145
80 146
80 281
80 284
80 390
80 492
81 127
81 129
81 144
81 281
81 284
81 390
81 492
82 144
82 281
82 284
82 389
82 390
82 491
83 127
83 144
83 281
83 284
83 389
83 490
84 128
84 130
84 131
84 144
84 281
84 284
84 490
84 503
84 504
85 128
85 132
85 133
85 134
85 144
85 147
85 149
85 281
85 284
85 390
85 491
85 501
85 502
85 505
85 506
86 117
86 118
86 119
86 120
86 127
86 145
86 146
86 147
86 281
86 284
86 389
86 491
86 499
86 500
86 507
86 508
86 509
86 510
87 116
87 120
87 125
87 126
87 127
87 133
87 134
87 149
87 281
87 284
87 388
87 389
87 492
87 497
87 498
87 511
88 116
88 120
88 124
88 133
88 149
88 281
88 284
88 386
88 387
88 492
88 495
88 496
88 512
89 117
89 118
89 119
89 122
89 123
89 132
89 149
89 281
89 284
89 384
89 385
89 493
89 494
89 513
90 132
90 141
90 142
90 149
90 281
90 284
90 384
90 514
90 515
91 120
91 133
91 140
91 148
91 281
91 284
91 383
91 516
92 121
92 133
92 134
92 140
92 148
92 281
92 284
92 383
92 517
93 121
93 135
93 136
93 140
93 143
93 147
93 148
93 281
93 284
93 384
93 518
93 519
94 121
94 136
94 137
94 139
94 143
94 146
94 281
94 284
94 384
94 385
94 386
94 392
94 393
94 394
94 520
94 521
95 121
95 137
95 138
95 139
95 143
95 282
95 284
95 387
95 388
95 389
95 390
95 391
95 395
95 396
95 397
95 398
95 399
95 400
95 522
95 523
95 524
95 525
95 542
95 543
95 544
95 562
95 563
96 122
96 123
96 144
96 282
96 284
96 401
96 402
96 403
96 526
96 527
96 528
96 529
96 540
96 541
96 544
96 561
96 564
97 144
97 282
97 284
97 404
97 530
97 531
97 532
97 533
97 534
97 535
97 536
97 537
97 538
97 539
97 542
97 543
97 544
97 561
97 565
98 123
98 126
98 127
98 128
98 282
98 284
98 404
98 541
98 560
98 565
99 122
99 125
99 128
99 282
99 284
99 404
99 540
99 559
99 566
100 123
100 124
100 125
100 128
100 282
100 284
100 404
100 540
100 558
100 567
101 127
101 282
101 284
101 397
101 398
101 403
101 404
101 539
101 558
101 567
102 127
102 282
102 284
102 396
102 399
102 400
102 401
102 402
102 538
102 557
102 568
103 127
103 128
103 282
103 284
103 396
103 538
103 557
103 569
104 128
104 129
104 282
104 284
104 400
104 401
104 538
104 557
104 570
105 129
105 130
105 282
105 285
105 401
105 539
105 557
105 571
106 125
106 130
106 282
106 285
106 400
106 401
106 539
106 557
106 572
107 123
107 124
107 126
107 127
107 130
107 282
107 285
107 398
107 399
107 400
107 539
107 557
107 571
108 123
108 127
108 282
108 285
108 397
108 539
108 557
108 570
109 122
109 128
109 282
109 285
109 396
109 403
109 539
109 557
109 570
110 119
110 120
110 121
110 122
110 128
110 282
110 285
110 397
110 398
110 399
110 400
110 401
110 402
110 404
110 405
110 413
110 414
110 415
110 416
110 417
110 540
110 557
110 569
111 99
111 100
111 101
111 118
111 282
111 285
111 322
111 405
111 406
111 407
111 412
111 418
111 540
111 556
111 568
112 97
112 98
112 102
112 118
112 282
112 285
112 321
112 323
112 324
112 408
112 411
112 418
112 540
112 555
112 568
113 97
113 102
113 103
113 118
113 119
113 282
113 285
113 321
113 409
113 410
113 411
113 416
113 541
113 555
113 568
114 99
114 100
114 282
114 285
114 415
114 542
114 554
114 568
115 101
115 109
115 110
115 111
115 115
115 116
115 117
115 119
115 282
115 285
115 414
115 542
115 552
115 553
115 568
116 102
116 109
116 111
116 112
116 115
116 282
116 285
116 413
116 543
116 550
116 551
116 568
117 97
117 98
117 99
117 100
117 101
117 109
117 112
117 113
117 114
117 282
117 285
117 340
117 413
117 544
117 547
117 548
117 549
117 568
118 96
118 102
118 109
118 282
118 285
118 339
118 341
118 412
118 545
118 546
118 569
119 95
119 102
119 108
119 283
119 285
119 339
119 341
119 412
119 569
119 590
120 95
120 102
120 108
120 283
120 285
120 339
120 341
120 570
120 589
120 591
121 95
121 100
121 101
121 108
121 188
121 189
121 190
121 283
121 285
121 339
121 341
121 409
121 410
121 570
121 588
121 591
122 96
122 100
122 108
122 187
122 188
122 190
122 191
122 283
122 285
122 339
122 341
122 409
122 571
122 587
122 592
123 99
123 107
123 187
123 191
123 192
123 283
123 285
123 339
123 409
123 571
123 580
123 581
123 582
123 583
123 584
123 585
123 586
123 592
124 94
124 95
124 99
124 108
124 109
124 110
124 111
124 112
124 113
124 114
124 115
124 186
124 192
124 283
124 285
124 339
124 409
124 572
124 573
124 574
124 575
124 576
124 577
124 578
124 579
124 593
125 94
125 99
125 116
125 186
125 193
125 194
125 195
125 283
125 286
125 339
125 409
125 592
126 94
126 99
126 116
126 185
126 192
126 195
126 283
126 286
126 339
126 409
126 497
126 591
127 95
127 96
127 97
127 98
127 116
127 185
127 192
127 283
127 286
127 339
127 408
127 497
127 591
128 116
128 185
128 193
128 194
128 195
128 196
128 197
128 283
128 286
128 339
128 409
128 497
128 590
129 115
129 185
129 198
129 264
129 265
129 266
129 283
129 286
129 339
129 409
129 497
129 590
130 115
130 184
130 185
130 198
130 262
130 263
130 266
130 267
130 268
130 269
130 270
130 271
130 272
130 283
130 286
130 339
130 409
130 497
130 505
130 590
131 115
131 183
131 184
131 199
131 261
131 262
131 273
131 274
131 275
131 276
131 277
131 283
131 286
131 339
131 409
131 497
131 505
131 589
132 115
132 182
132 199
132 260
132 277
132 283
132 286
132 339
132 406
132 407
132 408
132 498
132 505
132 589
132 600
132 601
132 602
133 115
133 147
133 148
133 181
133 199
133 259
133 277
133 283
133 286
133 339
133 404
133 405
133 498
133 505
133 589
133 597
133 598
133 599
133 603
133 604
133 605
134 116
134 117
134 145
134 146
134 149
134 181
134 199
134 257
134 258
134 278
134 283
134 286
134 340
134 402
134 403
134 498
134 505
134 589
134 590
134 593
134 594
134 595
134 596
134 606
134 607
134 611
135 118
135 143
135 144
135 145
135 150
135 181
135 199
135 256
135 257
135 278
135 283
135 286
135 340
135 342
135 402
135 498
135 505
135 591
135 592
135 608
135 609
135 610
135 612
135 613
135 623
136 118
136 141
136 142
136 150
136 151
136 181
136 200
136 220
136 221
136 222
136 223
136 237
136 238
136 239
136 255
136 256
136 278
136 283
136 286
136 340
136 342
136 401
136 498
136 505
136 614
136 622
136 623
137 114
137 115
137 116
137 117
137 118
137 139
137 140
137 141
137 151
137 152
137 153
137 154
137 155
137 156
137 157
137 158
137 159
137 160
137 161
137 181
137 201
137 220
137 224
137 227
137 228
137 229
137 230
137 231
137 232
137 233
137 234
137 235
137 236
137 239
137 240
137 241
137 255
137 277
137 283
137 286
137 340
137 342
137 401
137 498
137 505
137 615
137 616
137 621
137 624
138 113
138 138
138 162
138 163
138 164
138 165
138 181
138 201
138 224
138 226
138 242
138 243
138 244
138 245
138 255
138 276
138 283
138 286
138 340
138 342
138 401
138 498
138 505
138 617
138 618
138 619
138 620
138 624
139 112
139 137
139 166
139 167
139 181
139 202
139 218
139 219
139 237
139 238
139 246
139 277
139 283
139 286
139 340
139 342
139 401
139 498
139 505
139 625
140 112
140 137
140 168
140 181
140 202
140 203
140 218
140 246
140 254
140 283
140 286
140 340
140 342
140 401
140 498
140 505
140 516
140 625
141 113
141 137
141 168
141 174
141 181
141 203
141 217
141 244
141 245
141 246
141 253
141 275
141 283
141 286
141 340
141 342
141 400
141 498
141 505
141 516
141 626
142 110
142 111
142 112
142 137
142 168
142 172
142 173
142 175
142 176
142 180
142 203
142 217
142 244
142 253
142 275
142 283
142 286
142 340
142 342
142 400
142 498
142 505
142 516
142 626
143 110
143 134
143 135
143 136
143 137
143 168
143 172
143 176
143 177
143 180
143 203
143 204
143 212
143 213
143 214
143 215
143 216
143 244
143 245
143 252
143 275
143 284
143 286
143 340
143 342
143 361
143 362
143 397
143 398
143 399
143 498
143 505
143 516
143 627
144 103
144 104
144 105
144 109
144 133
144 168
144 171
144 177
144 180
144 204
144 208
144 209
144 210
144 211
144 245
144 252
144 275
144 284
144 286
144 340
144 342
144 360
144 363
144 364
144 396
144 499
144 505
144 516
144 627
145 102
145 106
145 107
145 108
145 109
145 132
145 168
145 171
145 178
145 179
145 205
145 206
145 207
145 245
145 252
145 274
145 284
145 286
145 299
145 300
145 301
145 340
145 342
145 359
145 364
145 499
145 505
145 516
145 628
146 102
146 132
146 169
146 170
146 171
146 246
146 250
146 251
146 252
146 274
146 284
146 287
146 288
146 289
146 290
146 291
146 292
146 293
146 294
146 295
146 296
146 297
146 298
146 302
146 303
146 304
146 334
146 335
146 336
146 337
146 338
146 339
146 340
146 342
146 344
146 345
146 358
146 359
146 364
146 397
146 398
146 499
146 506
146 516
146 628
147 102
147 132
147 247
147 248
147 249
147 273
147 284
147 287
147 305
147 306
147 332
147 333
147 343
147 346
147 357
147 358
147 364
147 395
147 396
147 499
147 506
147 516
147 629
148 103
148 133
148 273
148 284
148 287
148 306
148 307
148 332
148 337
148 340
148 346
148 355
148 356
148 357
148 364
148 395
148 399
148 400
148 499
148 506
148 516
148 629
149 103
149 133
149 134
149 273
149 274
149 275
149 284
149 287
149 307
149 308
149 330
149 331
149 337
149 340
149 347
149 352
149 353
149 354
149 364
149 365
149 395
149 400
149 403
149 499
149 506
149 516
149 629
150 103
150 135
150 276
150 277
150 278
150 279
150 284
150 287
150 308
150 309
150 327
150 328
150 329
150 337
150 340
150 351
150 366
150 367
150 368
150 369
150 370
150 371
150 372
150 378
150 383
150 384
150 385
150 386
150 395
150 397
150 398
150 399
150 400
150 405
150 406
150 499
150 506
150 516
150 628
151 104
151 135
151 283
151 287
151 309
151 310
151 326
151 337
151 340
151 344
151 345
151 347
151 350
151 372
151 373
151 374
151 377
151 379
151 380
151 381
151 382
151 387
151 388
151 395
151 403
151 404
151 499
151 506
151 516
151 628
152 104
152 105
152 115
152 134
152 135
152 282
152 283
152 287
152 310
152 323
152 337
152 340
152 344
152 350
152 375
152 389
152 394
152 404
152 499
152 506
152 516
152 628
153 106
153 107
153 113
153 114
153 116
153 117
153 131
153 132
153 133
153 134
153 278
153 281
153 287
153 311
153 320
153 321
153 322
153 324
153 337
153 340
153 343
153 350
153 389
153 394
153 404
153 468
153 499
153 506
153 516
153 628
154 107
154 112
154 113
154 117
154 118
154 130
154 278
154 280
154 284
154 287
154 311
154 318
154 319
154 337
154 340
154 343
154 349
154 390
154 393
154 405
154 468
154 499
154 507
154 516
154 628
155 107
155 110
155 111
155 118
155 119
155 120
155 121
155 129
155 284
155 287
155 312
155 313
155 314
155 315
155 316
155 317
155 337
155 340
155 342
155 349
155 391
155 405
155 407
155 468
155 499
155 507
155 516
155 628
156 107
156 110
156 122
156 129
156 284
156 287
156 337
156 340
156 343
156 344
156 345
156 346
156 349
156 405
156 407
156 440
156 468
156 500
156 507
156 516
156 628
157 107
157 109
157 122
157 128
157 129
157 284
157 287
157 337
157 338
157 340
157 347
157 348
157 349
157 405
157 407
157 438
157 439
157 441
157 468
157 500
157 507
157 516
157 628
158 106
158 109
158 122
158 127
158 128
158 284
158 287
158 340
158 405
158 407
158 429
158 430
158 431
158 436
158 437
158 438
158 441
158 446
158 468
158 500
158 507
158 516
158 628
159 107
159 108
159 122
159 126
159 127
159 284
159 287
159 340
159 405
159 407
159 408
159 409
159 410
159 411
159 412
159 413
159 428
159 429
159 431
159 432
159 435
159 442
159 443
159 444
159 445
159 447
159 448
159 449
159 450
159 468
159 500
159 507
159 516
159 628
160 122
160 124
160 125
160 284
160 287
160 340
160 395
160 396
160 397
160 398
160 399
160 400
160 401
160 402
160 405
160 407
160 413
160 427
160 428
160 432
160 433
160 450
160 468
160 500
160 507
160 515
160 628
161 122
161 123
161 124
161 284
161 287
161 340
161 378
161 379
161 380
161 381
161 382
161 383
161 384
161 385
161 386
161 387
161 394
161 402
161 405
161 407
161 408
161 409
161 410
161 411
161 412
161 413
161 427
161 433
161 435
161 448
161 449
161 450
161 468
161 500
161 507
161 515
161 628
162 284
162 287
162 340
162 362
162 363
162 364
162 365
162 366
162 367
162 368
162 369
162 370
162 371
162 372
162 373
162 377
162 387
162 395
162 396
162 397
162 398
162 399
162 400
162 401
162 402
162 405
162 407
162 427
162 432
162 433
162 435
162 436
162 437
162 438
162 439
162 440
162 442
162 444
162 445
162 446
162 447
162 468
162 487
162 500
162 508
162 515
162 628
163 284
163 287
163 340
163 361
163 373
163 378
163 379
163 380
163 381
163 382
163 383
163 384
163 385
163 386
163 387
163 405
163 407
163 427
163 428
163 432
163 441
163 443
163 468
163 487
163 500
163 508
163 515
163 628
164 284
164 287
164 340
164 362
164 363
164 364
164 365
164 366
164 367
164 368
164 369
164 370
164 371
164 372
164 373
164 405
164 407
164 428
164 429
164 430
164 431
164 441
164 443
164 468
164 487
164 500
164 508
164 515
164 628
165 284
165 287
165 340
165 405
165 407
165 414
165 441
165 443
165 468
165 487
165 500
165 508
165 515
165 628
166 284
166 287
166 341
166 407
166 408
166 409
166 410
166 411
166 412
166 413
166 415
166 441
166 443
166 468
166 487
166 500
166 508
166 515
166 628
167 285
167 288
167 341
167 343
167 389
167 390
167 405
167 406
167 416
167 441
167 443
167 468
167 487
167 500
167 508
167 515
167 628
168 285
168 288
168 341
168 343
168 383
168 384
168 385
168 386
168 387
168 388
168 391
168 392
168 405
168 414
168 416
168 417
168 418
168 419
168 420
168 421
168 422
168 423
168 424
168 425
168 426
168 427
168 428
168 441
168 443
168 468
168 487
168 490
168 500
168 508
168 515
168 628
169 285
169 288
169 341
169 343
169 382
169 394
169 395
169 396
169 397
169 401
169 402
169 404
169 413
169 429
169 441
169 463
169 487
169 490
169 500
169 508
169 515
169 628
170 282
170 283
170 284
170 288
170 341
170 343
170 381
170 392
170 393
170 398
170 399
170 400
170 403
170 404
170 412
170 416
170 430
170 441
170 448
170 449
170 450
170 451
170 452
170 453
170 454
170 455
170 456
170 457
170 458
170 459
170 460
170 461
170 462
170 464
170 465
170 466
170 467
170 468
170 469
170 470
170 471
170 472
170 473
170 474
170 475
170 476
170 477
170 478
170 487
170 490
170 500
170 509
170 628
171 281
171 288
171 309
171 310
171 337
171 338
171 339
171 341
171 343
171 392
171 403
171 411
171 412
171 419
171 420
171 421
171 422
171 423
171 424
171 425
171 426
171 427
171 428
171 430
171 431
171 441
171 442
171 443
171 444
171 445
171 446
171 447
171 479
171 480
171 487
171 490
171 501
171 509
171 628
172 282
172 283
172 284
172 288
172 308
172 309
172 311
172 337
172 339
172 341
172 375
172 376
172 377
172 378
172 379
172 380
172 381
172 382
172 383
172 384
172 391
172 399
172 403
172 411
172 414
172 418
172 432
172 433
172 438
172 439
172 440
172 481
172 482
172 487
172 490
172 501
172 509
172 628
173 269
173 270
173 271
173 272
173 284
173 286
173 289
173 306
173 307
173 308
173 311
173 312
173 337
173 341
173 372
173 373
173 374
173 385
173 386
173 388
173 389
173 391
173 399
173 403
173 410
173 416
173 434
173 436
173 437
173 483
173 484
173 487
173 490
173 501
173 509
173 627
174 267
174 268
174 272
174 286
174 288
174 290
174 306
174 313
174 314
174 337
174 341
174 370
174 371
174 386
174 387
174 391
174 399
174 404
174 410
174 415
174 434
174 436
174 484
174 485
174 487
174 490
174 501
174 509
174 627
175 267
175 272
175 276
175 277
175 278
175 279
175 280
175 281
175 282
175 283
175 284
175 285
175 288
175 290
175 306
175 307
175 315
175 316
175 338
175 341
175 370
175 387
175 388
175 390
175 414
175 415
175 485
175 486
175 487
175 490
175 501
175 509
175 627
176 267
176 274
176 275
176 285
176 288
176 290
176 317
176 338
176 341
176 363
176 364
176 365
176 369
176 388
176 389
176 390
176 413
176 414
176 434
176 486
176 487
176 490
176 501
176 509
176 627
177 268
177 269
177 274
177 285
177 288
177 291
177 305
177 317
177 338
177 341
177 363
177 366
177 368
177 369
177 390
177 413
177 433
177 434
177 487
177 490
177 501
177 509
177 627
178 270
178 273
178 285
178 289
178 291
178 292
178 304
178 315
178 316
178 317
178 338
178 341
178 367
178 390
178 433
178 487
178 488
178 490
178 501
178 510
178 627
179 203
179 204
179 205
179 206
179 207
179 208
179 209
179 210
179 211
179 212
179 213
179 272
179 273
179 285
179 289
179 292
179 293
179 304
179 312
179 313
179 314
179 338
179 341
179 367
179 390
179 412
179 413
179 432
179 488
179 489
179 490
179 501
179 510
179 627
180 198
180 199
180 200
180 201
180 202
180 214
180 215
180 271
180 285
180 288
180 293
180 304
180 310
180 311
180 338
180 341
180 367
180 390
180 413
180 432
180 489
180 490
180 501
180 510
180 627
181 196
181 197
181 215
181 216
181 270
181 285
181 288
181 293
181 303
181 310
181 338
181 341
181 367
181 390
181 413
181 431
181 490
181 510
181 627
182 195
182 196
182 216
182 217
182 270
182 285
182 288
182 293
182 303
182 310
182 341
182 366
182 390
182 413
182 431
182 491
182 627
183 105
183 106
183 107
183 108
183 109
183 110
183 111
183 112
183 113
183 194
183 195
183 217
183 218
183 270
183 285
183 288
183 291
183 292
183 303
183 310
183 342
183 343
183 366
183 390
183 413
183 430
183 491
183 492
183 627
184 98
184 99
184 100
184 101
184 102
184 103
184 104
184 114
184 115
184 116
184 117
184 118
184 119
184 120
184 121
184 122
184 123
184 124
184 125
184 126
184 127
184 128
184 193
184 194
184 218
184 219
184 270
184 285
184 288
184 291
184 304
184 305
184 306
184 307
184 308
184 309
184 310
184 413
184 423
184 424
184 425
184 426
184 427
184 428
184 430
184 492
184 493
184 627
185 96
185 97
185 129
185 130
185 131
185 132
185 192
185 219
185 220
185 270
185 285
185 289
185 290
185 422
185 428
185 493
185 494
185 627
186 95
186 96
186 133
186 134
186 191
186 220
186 221
186 222
186 223
186 224
186 225
186 226
186 227
186 228
186 229
186 230
186 231
186 232
186 233
186 234
186 235
186 270
186 285
186 421
186 494
186 626
187 94
187 95
187 135
187 136
187 191
187 220
187 235
187 421
187 494
187 626
188 92
188 93
188 136
188 191
188 221
188 222
188 223
188 224
188 236
188 420
188 421
188 495
188 626
189 91
189 92
189 135
189 136
189 191
189 221
189 224
189 236
189 422
189 423
189 424
189 495
189 501
189 626
190 90
190 91
190 135
190 192
190 221
190 225
190 226
190 227
190 228
190 229
190 230
190 231
190 232
190 233
190 234
190 235
190 236
190 425
190 495
190 499
190 500
190 502
190 503
190 626
191 89
191 90
191 134
191 192
191 193
191 221
191 425
191 496
191 497
191 498
191 499
191 503
191 504
191 626
192 84
192 85
192 88
192 89
192 135
192 136
192 137
192 193
192 221
192 424
192 425
192 496
192 504
192 505
192 626
193 82
193 83
193 86
193 87
193 88
193 138
193 139
193 193
193 220
193 424
193 496
193 505
193 506
193 507
193 508
193 509
193 510
194 72
194 73
194 74
194 75
194 76
194 77
194 78
194 79
194 80
194 81
194 82
194 139
194 192
194 423
194 496
194 511
194 512
194 513
194 514
194 515
195 71
195 81
195 119
195 120
195 134
195 135
195 136
195 139
195 423
195 496
195 516
195 517
195 518
195 519
195 520
196 72
196 73
196 74
196 75
196 76
196 77
196 78
196 79
196 80
196 81
196 82
196 83
196 84
196 134
196 137
196 139
196 423
196 497
196 521
196 522
196 523
196 524
196 525
197 85
197 115
197 116
197 117
197 119
197 121
197 133
197 137
197 423
197 497
197 526
197 527
197 528
197 529
197 530
197 531
197 532
197 533
198 69
198 70
198 71
198 72
198 79
198 85
198 115
198 117
198 119
198 121
198 133
198 138
198 139
198 423
198 498
198 534
198 535
198 536
198 537
198 538
199 72
199 76
199 77
199 78
199 80
199 86
199 115
199 121
199 132
199 423
199 498
199 539
199 540
199 541
199 542
199 543
199 544
200 68
200 70
200 71
200 72
200 75
200 80
200 87
200 88
200 115
200 121
200 132
200 423
200 498
200 545
200 546
200 547
200 548
200 549
200 550
201 75
201 77
201 78
201 80
201 88
201 115
201 122
201 123
201 132
201 423
201 498
201 551
201 552
201 553
201 554
201 555
201 556
202 74
202 78
202 79
202 80
202 88
202 105
202 115
202 124
202 132
202 423
202 498
202 557
202 558
202 559
202 560
202 561
202 562
203 75
203 89
203 90
203 103
203 104
203 106
203 113
203 114
203 115
203 124
203 132
203 423
203 498
203 563
203 564
203 565
203 566
203 567
203 568
203 569
203 570
203 577
203 578
203 579
203 580
203 581
203 582
204 75
204 91
204 101
204 102
204 106
204 111
204 112
204 124
204 132
204 423
204 498
204 571
204 572
204 573
204 574
204 575
204 576
204 583
205 91
205 99
205 100
205 105
205 106
205 110
205 111
205 125
205 131
205 132
205 423
205 499
205 500
205 584
206 89
206 90
206 98
206 105
206 108
206 109
206 125
206 129
206 130
206 423
206 499
206 584
206 585
206 586
207 89
207 98
207 104
207 108
207 125
207 129
207 423
207 498
207 587
207 588
207 589
207 590
208 88
208 98
208 103
208 106
208 125
208 129
208 424
208 498
208 591
208 592
208 593
209 89
209 98
209 103
209 105
209 126
209 130
209 498
209 594
209 595
209 596
209 597
210 89
210 98
210 103
210 105
210 126
210 127
210 131
210 132
210 498
210 598
210 599
210 600
211 90
211 97
211 102
211 127
211 132
211 497
211 601
211 602
211 603
211 604
212 91
212 96
212 97
212 109
212 110
212 127
212 132
212 497
212 605
212 606
212 607
213 91
213 95
213 96
213 108
213 111
213 127
213 132
213 497
213 608
213 609
213 610
214 91
214 94
214 95
214 108
214 111
214 112
214 128
214 131
214 132
214 497
214 611
214 612
214 613
215 92
215 93
215 94
215 108
215 112
215 113
215 128
215 129
215 130
215 614
215 615
215 616
215 617
215 618
216 107
216 113
216 619
216 620
216 621
217 107
217 114
217 622
217 623
217 624
218 109
218 110
218 111
218 112
218 625
218 626
218 627
218 628
219 629
219 630
219 631
220 632
220 633
220 634
221 635
221 636
221 637
221 638
221 639
246 639
