0 251
0 263
0 265
0 280
0 282
0 301
0 303
0 311
0 331
0 333
0 339
0 340
0 342
0 354
0 356
0 378
0 379
0 381
0 451
0 455
0 456
0 457
0 458
0 459
0 460
0 510
0 511
0 513
0 514
0 520
0 523
0 539
0 544
0 558
0 559
0 561
0 562
0 623
0 636
1 249
1 262
1 263
1 265
1 279
1 300
1 303
1 310
1 313
1 330
1 333
1 338
1 353
1 356
1 377
1 449
1 450
1 461
1 462
1 463
1 464
1 465
1 466
1 467
1 468
1 469
1 508
1 509
1 518
1 522
1 537
1 538
1 542
1 543
1 556
1 557
1 623
1 636
2 248
2 261
2 278
2 279
2 281
2 299
2 302
2 309
2 312
2 329
2 332
2 337
2 341
2 352
2 355
2 376
2 380
2 449
2 470
2 471
2 472
2 473
2 474
2 475
2 476
2 477
2 478
2 506
2 507
2 511
2 512
2 516
2 521
2 535
2 536
2 540
2 541
2 554
2 555
2 559
2 560
2 623
2 636
3 247
3 251
3 264
3 277
3 298
3 301
3 308
3 311
3 328
3 331
3 336
3 340
3 351
3 354
3 375
3 379
3 448
3 479
3 480
3 481
3 482
3 504
3 505
3 509
3 514
3 519
3 533
3 534
3 538
3 539
3 552
3 553
3 557
3 558
3 623
3 636
4 246
4 250
4 260
4 261
4 263
4 276
4 280
4 300
4 307
4 310
4 327
4 330
4 339
4 350
4 353
4 374
4 375
4 378
4 449
4 468
4 483
4 484
4 485
4 486
4 503
4 507
4 512
4 513
4 517
4 531
4 532
4 536
4 537
4 550
4 551
4 555
4 556
4 623
4 636
5 245
5 249
5 259
5 275
5 279
5 296
5 298
5 306
5 309
5 326
5 329
5 334
5 338
5 348
5 352
5 373
5 377
5 449
5 450
5 466
5 467
5 469
5 470
5 471
5 472
5 473
5 474
5 475
5 476
5 477
5 478
5 479
5 487
5 488
5 489
5 500
5 501
5 502
5 505
5 510
5 511
5 515
5 529
5 530
5 534
5 535
5 547
5 548
5 552
5 553
5 623
5 636
6 244
6 248
6 258
6 260
6 274
6 278
6 295
6 305
6 308
6 325
6 328
6 332
6 347
6 350
6 372
6 375
6 450
6 451
6 457
6 458
6 459
6 460
6 461
6 462
6 463
6 464
6 465
6 480
6 481
6 482
6 483
6 490
6 491
6 498
6 499
6 503
6 508
6 513
6 527
6 532
6 545
6 546
6 550
6 551
6 623
6 636
7 243
7 247
7 257
7 258
7 260
7 273
7 277
7 297
7 304
7 307
7 324
7 327
7 331
7 346
7 350
7 371
7 374
7 451
7 452
7 453
7 454
7 455
7 456
7 484
7 485
7 492
7 493
7 496
7 497
7 501
7 502
7 506
7 511
7 524
7 525
7 530
7 543
7 544
7 547
7 548
7 623
7 636
8 242
8 246
8 256
8 272
8 276
8 294
8 303
8 306
8 323
8 326
8 330
8 334
8 345
8 349
8 370
8 373
8 486
8 487
8 494
8 495
8 499
8 504
8 509
8 522
8 523
8 528
8 541
8 542
8 545
8 546
8 623
8 636
9 241
9 245
9 259
9 271
9 275
9 293
9 296
9 302
9 305
9 322
9 325
9 329
9 333
9 344
9 345
9 348
9 369
9 372
9 488
9 489
9 496
9 497
9 502
9 507
9 521
9 525
9 539
9 540
9 543
9 544
9 623
9 636
10 240
10 244
10 255
10 257
10 258
10 274
10 292
10 295
10 301
10 304
10 321
10 324
10 328
10 332
10 343
10 347
10 367
10 371
10 490
10 497
10 498
10 499
10 500
10 505
10 519
10 523
10 536
10 537
10 538
10 541
10 542
10 623
10 636
11 239
11 243
11 254
11 269
11 273
11 291
11 294
11 300
11 303
11 320
11 323
11 327
11 331
11 341
11 345
11 366
11 370
11 488
11 491
11 492
11 503
11 517
11 518
11 522
11 534
11 535
11 539
11 540
11 623
11 636
12 238
12 242
12 253
12 256
12 267
12 290
12 293
12 298
12 302
12 319
12 322
12 326
12 330
12 340
12 343
12 365
12 368
12 486
12 487
12 493
12 494
12 501
12 515
12 519
12 532
12 533
12 536
12 537
12 538
12 623
12 636
13 237
13 241
13 252
13 255
13 266
13 289
13 292
13 297
13 301
13 318
13 321
13 325
13 329
13 339
13 340
13 343
13 364
13 367
13 484
13 485
13 489
13 501
13 513
13 518
13 529
13 530
13 534
13 535
13 623
13 636
14 240
14 251
14 254
14 265
14 269
14 288
14 291
14 296
14 300
14 317
14 320
14 324
14 328
14 338
14 342
14 363
14 366
14 482
14 483
14 487
14 492
14 496
14 501
14 502
14 511
14 512
14 516
14 527
14 528
14 532
14 533
14 623
14 636
15 236
15 238
15 239
15 250
15 253
15 264
15 268
15 287
15 290
15 295
15 299
15 316
15 319
15 323
15 327
15 337
15 340
15 361
15 365
15 480
15 481
15 485
15 490
15 495
15 497
15 498
15 502
15 503
15 509
15 510
15 514
15 525
15 526
15 529
15 530
15 623
15 636
16 236
16 238
16 249
16 263
16 267
16 286
16 289
16 294
16 298
16 315
16 318
16 322
16 326
16 336
16 339
16 360
16 364
16 479
16 483
16 488
16 493
16 498
16 499
16 503
16 504
16 507
16 508
16 512
16 523
16 524
16 527
16 528
16 623
16 636
17 248
17 252
17 262
17 266
17 285
17 288
17 293
17 297
17 314
17 317
17 321
17 322
17 325
17 335
17 338
17 359
17 362
17 476
17 477
17 478
17 481
17 486
17 491
17 499
17 500
17 504
17 505
17 506
17 510
17 520
17 521
17 525
17 526
17 623
17 636
18 233
18 234
18 247
18 251
18 261
18 265
18 284
18 287
18 292
18 296
18 313
18 316
18 320
18 324
18 333
18 337
18 358
18 361
18 474
18 475
18 479
18 484
18 489
18 500
18 501
18 506
18 508
18 518
18 519
18 523
18 524
18 623
18 636
19 232
19 250
19 260
19 264
19 283
19 286
19 291
19 295
19 312
19 315
19 319
19 322
19 332
19 336
19 357
19 360
19 472
19 473
19 477
19 478
19 482
19 487
19 501
19 507
19 516
19 517
19 520
19 521
19 623
19 636
20 231
20 232
20 234
20 246
20 249
20 259
20 263
20 282
20 285
20 290
20 294
20 311
20 314
20 318
20 321
20 331
20 335
20 356
20 359
20 471
20 475
20 480
20 485
20 499
20 500
20 507
20 508
20 514
20 515
20 518
20 519
20 623
20 636
21 230
21 245
21 248
21 258
21 262
21 281
21 284
21 289
21 293
21 310
21 311
21 313
21 317
21 330
21 334
21 355
21 358
21 469
21 470
21 473
21 478
21 483
21 497
21 498
21 502
21 503
21 508
21 512
21 513
21 516
21 517
21 623
21 636
22 229
22 233
22 244
22 247
22 257
22 261
22 280
22 283
22 287
22 288
22 292
22 309
22 316
22 319
22 329
22 333
22 353
22 357
22 467
22 468
22 471
22 476
22 481
22 495
22 496
22 500
22 503
22 508
22 510
22 511
22 514
22 515
22 623
22 636
23 228
23 229
23 232
23 243
23 246
23 256
23 257
23 260
23 279
23 282
23 286
23 290
23 291
23 308
23 315
23 318
23 328
23 332
23 352
23 356
23 464
23 465
23 469
23 470
23 474
23 479
23 493
23 494
23 498
23 504
23 508
23 512
23 513
23 623
23 636
24 227
24 231
24 242
24 245
24 255
24 259
24 279
24 281
24 285
24 289
24 290
24 307
24 314
24 317
24 326
24 330
24 351
24 354
24 462
24 463
24 467
24 468
24 472
24 477
24 491
24 496
24 504
24 509
24 511
24 623
24 636
25 226
25 227
25 229
25 241
25 244
25 254
25 257
25 278
25 280
25 284
25 288
25 289
25 306
25 313
25 316
25 325
25 329
25 350
25 353
25 460
25 461
25 465
25 470
25 475
25 489
25 494
25 503
25 510
25 623
25 636
26 225
26 240
26 243
26 253
26 256
26 277
26 283
26 287
26 288
26 305
26 312
26 315
26 324
26 328
26 349
26 352
26 459
26 463
26 468
26 473
26 487
26 488
26 492
26 500
26 501
26 510
26 623
26 636
27 224
27 228
27 239
27 242
27 252
27 255
27 276
27 279
27 282
27 286
27 287
27 304
27 314
27 323
27 326
27 347
27 351
27 457
27 458
27 461
27 466
27 471
27 485
27 486
27 490
27 498
27 499
27 503
27 504
27 506
27 510
27 623
27 636
28 223
28 227
28 238
28 239
28 241
28 251
28 254
28 275
28 278
28 281
28 285
28 286
28 303
28 312
28 321
28 322
28 325
28 346
28 350
28 455
28 456
28 459
28 463
28 464
28 469
28 483
28 484
28 488
28 496
28 497
28 501
28 502
28 506
28 511
28 623
28 636
29 222
29 226
29 237
29 249
29 253
29 273
29 280
29 284
29 285
29 302
29 308
29 309
29 312
29 320
29 324
29 345
29 348
29 452
29 453
29 457
29 458
29 461
29 462
29 467
29 481
29 482
29 486
29 493
29 494
29 498
29 499
29 507
29 511
29 623
29 636
30 221
30 225
30 236
30 240
30 248
30 251
30 272
30 275
30 279
30 282
30 283
30 301
30 307
30 311
30 319
30 322
30 344
30 347
30 450
30 451
30 455
30 456
30 459
30 460
30 464
30 479
30 484
30 491
30 492
30 496
30 497
30 507
30 512
30 581
30 585
30 586
30 587
30 591
30 592
30 593
30 594
30 623
30 636
31 220
31 224
31 235
31 239
31 247
31 251
31 271
31 277
31 278
31 282
31 300
31 309
31 318
31 321
31 342
31 346
31 448
31 449
31 452
31 453
31 458
31 462
31 463
31 477
31 478
31 482
31 489
31 490
31 493
31 494
31 508
31 512
31 579
31 580
31 582
31 583
31 584
31 588
31 589
31 590
31 594
31 595
31 623
31 636
32 219
32 223
32 234
32 238
32 246
32 250
32 270
32 276
32 277
32 281
32 282
32 299
32 307
32 317
32 320
32 341
32 345
32 446
32 447
32 450
32 451
32 456
32 461
32 475
32 476
32 480
32 487
32 488
32 491
32 492
32 508
32 512
32 578
32 579
32 595
32 623
32 636
33 31
33 32
33 33
33 34
33 218
33 222
33 233
33 237
33 245
33 249
33 274
33 275
33 276
33 280
33 281
33 298
33 307
33 315
33 319
33 340
33 343
33 445
33 449
33 454
33 459
33 473
33 474
33 478
33 484
33 485
33 486
33 489
33 490
33 508
33 512
33 573
33 577
33 578
33 595
33 600
33 623
33 636
34 30
34 34
34 217
34 221
34 232
34 236
34 248
34 269
34 271
34 273
34 279
34 280
34 297
34 306
34 314
34 318
34 339
34 342
34 443
34 444
34 447
34 451
34 452
34 457
34 471
34 472
34 476
34 482
34 483
34 487
34 488
34 508
34 512
34 565
34 571
34 572
34 574
34 575
34 576
34 577
34 595
34 598
34 599
34 601
34 602
34 623
34 636
35 29
35 34
35 216
35 220
35 231
35 235
35 243
35 247
35 267
35 268
35 272
35 275
35 278
35 279
35 296
35 301
35 302
35 305
35 313
35 317
35 338
35 341
35 440
35 441
35 445
35 449
35 450
35 455
35 469
35 470
35 474
35 480
35 481
35 485
35 486
35 509
35 511
35 512
35 561
35 562
35 563
35 564
35 566
35 567
35 568
35 569
35 570
35 571
35 595
35 597
35 602
35 603
35 623
35 636
36 29
36 215
36 219
36 230
36 234
36 241
36 266
36 267
36 277
36 278
36 295
36 304
36 311
36 315
36 336
36 340
36 438
36 443
36 444
36 447
36 452
36 467
36 468
36 472
36 477
36 478
36 479
36 482
36 483
36 509
36 510
36 512
36 554
36 555
36 560
36 603
36 623
36 636
37 29
37 34
37 35
37 36
37 214
37 218
37 229
37 233
37 240
37 265
37 266
37 270
37 272
37 276
37 294
37 301
37 302
37 310
37 314
37 335
37 339
37 437
37 438
37 440
37 441
37 445
37 450
37 465
37 466
37 470
37 475
37 476
37 480
37 481
37 509
37 512
37 548
37 549
37 550
37 551
37 552
37 553
37 556
37 557
37 558
37 559
37 603
37 615
37 616
37 617
37 618
37 623
37 636
38 29
38 34
38 36
38 213
38 217
38 228
38 232
38 239
38 243
38 264
38 265
38 271
38 275
38 276
38 293
38 294
38 301
38 308
38 313
38 334
38 337
38 435
38 436
38 443
38 448
38 463
38 464
38 468
38 473
38 474
38 478
38 479
38 509
38 512
38 547
38 603
38 608
38 609
38 610
38 611
38 612
38 613
38 614
38 618
38 623
38 636
39 29
39 34
39 37
39 212
39 216
39 227
39 231
39 238
39 239
39 242
39 264
39 270
39 275
39 292
39 300
39 307
39 311
39 333
39 336
39 433
39 434
39 437
39 438
39 441
39 446
39 462
39 466
39 471
39 472
39 476
39 509
39 512
39 546
39 603
39 606
39 607
39 618
39 622
39 636
40 29
40 35
40 38
40 211
40 215
40 226
40 230
40 241
40 263
40 269
40 274
40 291
40 294
40 299
40 306
40 310
40 332
40 335
40 431
40 432
40 435
40 436
40 439
40 440
40 444
40 459
40 460
40 464
40 468
40 469
40 470
40 474
40 509
40 512
40 546
40 604
40 605
40 606
40 619
40 622
40 636
41 29
41 35
41 39
41 210
41 214
41 229
41 235
41 238
41 239
41 262
41 267
41 270
41 273
41 290
41 295
41 298
41 305
41 309
41 330
41 331
41 334
41 428
41 429
41 433
41 434
41 437
41 438
41 442
41 457
41 458
41 466
41 467
41 471
41 472
41 509
41 513
41 546
41 619
41 620
41 621
41 636
42 29
42 36
42 39
42 209
42 213
42 225
42 227
42 228
42 233
42 261
42 265
42 266
42 272
42 289
42 294
42 297
42 303
42 307
42 329
42 333
42 426
42 431
42 432
42 435
42 440
42 455
42 456
42 460
42 469
42 470
42 509
42 513
42 546
42 547
42 622
42 636
43 1
43 2
43 3
43 4
43 29
43 34
43 37
43 40
43 208
43 212
43 224
43 260
43 264
43 269
43 270
43 288
43 295
43 302
43 306
43 328
43 331
43 425
43 426
43 428
43 429
43 433
43 438
43 453
43 454
43 458
43 462
43 463
43 467
43 509
43 513
43 547
43 548
43 622
43 636
44 0
44 1
44 4
44 5
44 29
44 34
44 38
44 41
44 208
44 211
44 223
44 226
44 231
44 235
44 259
44 262
44 269
44 287
44 293
44 300
44 305
44 326
44 330
44 423
44 424
44 431
44 432
44 436
44 451
44 452
44 456
44 460
44 464
44 509
44 513
44 548
44 622
44 636
45 5
45 29
45 34
45 38
45 41
45 206
45 209
45 210
45 222
45 225
45 229
45 258
45 264
45 265
45 268
45 286
45 292
45 293
45 299
45 303
45 325
45 329
45 421
45 422
45 425
45 426
45 429
45 430
45 434
45 450
45 454
45 458
45 462
45 509
45 513
45 548
45 622
45 636
46 5
46 29
46 34
46 39
46 42
46 206
46 221
46 224
46 228
46 229
46 257
46 261
46 267
46 285
46 291
46 292
46 298
46 302
46 324
46 328
46 419
46 420
46 423
46 424
46 427
46 428
46 432
46 447
46 448
46 452
46 456
46 460
46 509
46 513
46 548
46 622
46 636
47 6
47 29
47 34
47 40
47 43
47 219
47 223
47 231
47 256
47 259
47 265
47 283
47 284
47 287
47 290
47 291
47 296
47 301
47 323
47 327
47 416
47 417
47 421
47 422
47 425
47 426
47 430
47 445
47 446
47 454
47 458
47 509
47 513
47 548
47 622
47 636
48 7
48 8
48 9
48 29
48 34
48 40
48 44
48 205
48 206
48 218
48 221
48 225
48 228
48 229
48 255
48 258
48 263
48 282
48 295
48 299
48 321
48 325
48 419
48 420
48 423
48 427
48 428
48 443
48 444
48 452
48 455
48 456
48 509
48 513
48 548
48 622
48 636
49 10
49 11
49 12
49 29
49 34
49 41
49 44
49 204
49 217
49 253
49 254
49 257
49 263
49 281
49 282
49 287
49 293
49 298
49 320
49 324
49 412
49 413
49 416
49 417
49 421
49 425
49 426
49 441
49 442
49 453
49 454
49 509
49 513
49 542
49 548
49 622
49 636
50 13
50 29
50 34
50 42
50 45
50 204
50 206
50 222
50 223
50 252
50 255
50 258
50 259
50 262
50 280
50 281
50 286
50 287
50 292
50 296
50 319
50 323
50 410
50 411
50 418
50 419
50 423
50 439
50 440
50 452
50 509
50 513
50 537
50 538
50 539
50 540
50 541
50 543
50 544
50 545
50 546
50 547
50 548
50 622
50 636
51 14
51 28
51 34
51 43
51 46
51 203
51 206
51 216
51 218
51 220
51 221
51 225
51 251
51 254
51 257
51 261
51 279
51 280
51 285
51 286
51 291
51 295
51 318
51 322
51 408
51 409
51 412
51 413
51 416
51 417
51 421
51 438
51 450
51 509
51 513
51 537
51 622
51 636
52 15
52 16
52 28
52 34
52 43
52 202
52 205
52 215
52 222
52 223
52 250
52 253
52 256
52 259
52 278
52 283
52 284
52 289
52 293
52 317
52 321
52 406
52 407
52 411
52 415
52 419
52 435
52 436
52 437
52 440
52 448
52 509
52 513
52 537
52 622
52 636
53 16
53 17
53 28
53 34
53 44
53 47
53 202
53 204
53 214
53 217
53 220
53 221
53 248
53 249
53 252
53 258
53 277
53 280
53 282
53 288
53 292
53 315
53 320
53 403
53 404
53 409
53 412
53 413
53 414
53 417
53 434
53 438
53 446
53 509
53 513
53 532
53 533
53 534
53 535
53 622
53 636
54 17
54 18
54 28
54 34
54 45
54 48
54 201
54 203
54 206
54 212
54 213
54 215
54 217
54 247
54 250
54 253
54 254
54 256
54 276
54 277
54 279
54 286
54 290
54 314
54 318
54 401
54 402
54 406
54 407
54 411
54 415
54 432
54 433
54 436
54 443
54 509
54 513
54 532
54 622
54 636
55 18
55 28
55 33
55 49
55 200
55 206
55 211
55 216
55 245
55 249
55 252
55 256
55 275
55 276
55 279
55 285
55 289
55 313
55 317
55 399
55 403
55 404
55 409
55 413
55 414
55 430
55 431
55 434
55 439
55 440
55 509
55 513
55 532
55 622
55 636
56 18
56 28
56 33
56 46
56 49
56 197
56 198
56 200
56 201
56 202
56 206
56 210
56 215
56 243
56 244
56 248
56 251
56 254
56 274
56 278
56 279
56 284
56 288
56 311
56 315
56 398
56 399
56 401
56 402
56 406
56 407
56 411
56 428
56 429
56 432
56 439
56 509
56 513
56 531
56 532
56 622
56 636
57 19
57 28
57 33
57 47
57 50
57 196
57 206
57 210
57 212
57 215
57 241
57 242
57 246
57 247
57 250
57 253
57 273
57 275
57 277
57 282
57 286
57 310
57 314
57 396
57 397
57 404
57 405
57 409
57 426
57 427
57 430
57 435
57 436
57 509
57 513
57 531
57 622
57 636
58 19
58 28
58 33
58 48
58 51
58 198
58 199
58 206
58 211
58 213
58 214
58 215
58 216
58 217
58 218
58 240
58 244
58 245
58 249
58 272
58 275
58 276
58 281
58 285
58 309
58 313
58 394
58 395
58 398
58 399
58 402
58 403
58 407
58 423
58 424
58 425
58 433
58 434
58 509
58 513
58 530
58 622
58 636
59 20
59 28
59 33
59 48
59 51
59 52
59 197
59 199
59 204
59 205
59 206
59 207
59 218
59 237
59 238
59 244
59 247
59 248
59 251
59 271
59 275
59 280
59 284
59 307
59 308
59 311
59 391
59 392
59 396
59 397
59 400
59 401
59 405
59 421
59 422
59 425
59 429
59 431
59 432
59 509
59 513
59 531
59 622
59 636
60 20
60 21
60 28
60 33
60 49
60 52
60 196
60 199
60 203
60 204
60 207
60 210
60 211
60 212
60 216
60 217
60 218
60 236
60 240
60 242
60 246
60 249
60 269
60 273
60 278
60 282
60 306
60 309
60 389
60 390
60 394
60 395
60 398
60 399
60 402
60 403
60 419
60 420
60 424
60 428
60 429
60 430
60 509
60 513
60 531
60 532
60 622
60 636
61 21
61 28
61 33
61 50
61 53
61 195
61 198
61 203
61 206
61 208
61 212
61 234
61 235
61 241
61 242
61 245
61 248
61 268
61 272
61 277
61 281
61 305
61 308
61 387
61 388
61 391
61 392
61 396
61 397
61 400
61 401
61 417
61 418
61 424
61 426
61 427
61 509
61 513
61 532
61 622
61 636
62 21
62 28
62 33
62 50
62 51
62 53
62 54
62 194
62 195
62 197
62 201
62 208
62 210
62 233
62 240
62 243
62 247
62 267
62 270
62 276
62 280
62 303
62 304
62 307
62 385
62 386
62 389
62 390
62 394
62 395
62 399
62 415
62 416
62 424
62 425
62 509
62 513
62 531
62 532
62 622
62 636
63 20
63 21
63 28
63 33
63 51
63 54
63 209
63 210
63 231
63 232
63 237
63 242
63 246
63 265
63 266
63 269
63 274
63 275
63 278
63 302
63 305
63 383
63 384
63 387
63 388
63 392
63 393
63 397
63 414
63 421
63 422
63 423
63 509
63 513
63 531
63 622
63 636
64 20
64 22
64 23
64 28
64 33
64 52
64 55
64 193
64 195
64 198
64 199
64 205
64 208
64 229
64 230
64 233
64 240
64 241
64 244
64 264
64 267
64 273
64 276
64 301
64 304
64 381
64 382
64 385
64 386
64 390
64 391
64 395
64 412
64 413
64 419
64 420
64 510
64 513
64 531
64 532
64 533
64 622
64 636
65 24
65 25
65 33
65 52
65 53
65 56
65 192
65 196
65 197
65 201
65 205
65 208
65 227
65 228
65 231
65 234
65 243
65 262
65 263
65 266
65 270
65 271
65 273
65 275
65 299
65 300
65 303
65 378
65 379
65 383
65 384
65 387
65 388
65 389
65 393
65 410
65 411
65 417
65 418
65 510
65 513
65 534
65 535
65 622
65 636
66 26
66 27
66 33
66 53
66 57
66 191
66 198
66 199
66 204
66 205
66 206
66 208
66 225
66 226
66 229
66 230
66 232
66 233
66 235
66 241
66 260
66 265
66 298
66 301
66 376
66 377
66 381
66 382
66 385
66 386
66 390
66 391
66 408
66 409
66 414
66 415
66 416
66 510
66 513
66 535
66 622
66 636
67 27
67 33
67 54
67 57
67 190
67 191
67 193
67 196
67 197
67 204
67 208
67 223
67 224
67 227
67 228
67 231
67 236
67 237
67 240
67 258
67 259
67 263
67 267
67 268
67 270
67 271
67 296
67 297
67 300
67 374
67 375
67 378
67 379
67 383
67 384
67 388
67 389
67 406
67 407
67 412
67 413
67 510
67 514
67 526
67 527
67 536
67 622
67 636
68 27
68 33
68 55
68 58
68 189
68 194
68 196
68 203
68 221
68 222
68 226
68 229
68 230
68 238
68 256
68 257
68 258
68 262
68 265
68 266
68 270
68 295
68 298
68 372
68 373
68 376
68 377
68 381
68 382
68 386
68 404
68 405
68 410
68 411
68 510
68 514
68 526
68 528
68 529
68 530
68 531
68 532
68 533
68 534
68 622
68 636
69 27
69 33
69 56
69 58
69 59
69 194
69 196
69 203
69 205
69 220
69 224
69 228
69 237
69 255
69 260
69 261
69 267
69 268
69 294
69 297
69 370
69 371
69 375
69 379
69 380
69 384
69 402
69 403
69 408
69 409
69 489
69 490
69 495
69 496
69 497
69 498
69 510
69 514
69 526
69 622
69 636
70 27
70 33
70 56
70 59
70 188
70 190
70 195
70 197
70 198
70 199
70 203
70 204
70 222
70 227
70 230
70 236
70 253
70 254
70 259
70 260
70 265
70 266
70 292
70 293
70 296
70 368
70 369
70 373
70 377
70 378
70 382
70 400
70 401
70 405
70 406
70 407
70 488
70 489
70 491
70 492
70 493
70 494
70 499
70 510
70 514
70 526
70 622
70 636
71 26
71 27
71 33
71 57
71 60
71 187
71 188
71 190
71 192
71 194
71 208
71 209
71 212
71 213
71 214
71 215
71 216
71 217
71 218
71 225
71 227
71 231
71 234
71 251
71 252
71 258
71 259
71 260
71 290
71 291
71 294
71 365
71 366
71 367
71 371
71 375
71 376
71 380
71 398
71 399
71 403
71 404
71 487
71 488
71 499
71 503
71 504
71 505
71 506
71 510
71 514
71 527
71 622
71 636
72 24
72 25
72 33
72 57
72 58
72 61
72 186
72 196
72 197
72 198
72 200
72 201
72 202
72 203
72 218
72 219
72 220
72 230
72 232
72 249
72 250
72 255
72 262
72 263
72 289
72 293
72 363
72 364
72 368
72 369
72 373
72 377
72 378
72 396
72 397
72 401
72 402
72 484
72 485
72 486
72 487
72 500
72 501
72 502
72 507
72 508
72 514
72 527
72 622
72 636
73 24
73 33
73 58
73 62
73 185
73 200
73 204
73 205
73 208
73 210
73 211
73 212
73 217
73 222
73 223
73 227
73 228
73 231
73 247
73 248
73 251
73 256
73 260
73 261
73 288
73 291
73 361
73 362
73 366
73 367
73 371
73 375
73 376
73 393
73 394
73 395
73 399
73 400
73 482
73 483
73 508
73 514
73 527
73 622
73 636
74 25
74 26
74 33
74 59
74 63
74 199
74 202
74 208
74 209
74 215
74 216
74 217
74 220
74 221
74 226
74 229
74 246
74 252
74 256
74 258
74 259
74 286
74 290
74 360
74 364
74 368
74 369
74 373
74 391
74 392
74 397
74 398
74 474
74 475
74 476
74 481
74 482
74 508
74 514
74 526
74 527
74 622
74 636
75 26
75 27
75 33
75 60
75 63
75 184
75 186
75 189
75 191
75 192
75 199
75 201
75 203
75 204
75 211
75 215
75 219
75 220
75 222
75 223
75 225
75 228
75 244
75 245
75 248
75 251
75 256
75 285
75 289
75 358
75 359
75 362
75 366
75 367
75 371
75 389
75 390
75 394
75 395
75 472
75 473
75 477
75 480
75 481
75 508
75 514
75 522
75 523
75 524
75 525
75 526
75 622
75 636
76 27
76 35
76 61
76 64
76 183
76 184
76 186
76 189
76 191
76 198
76 200
76 204
76 209
76 214
76 218
76 225
76 227
76 242
76 243
76 246
76 253
76 254
76 255
76 283
76 287
76 355
76 356
76 360
76 364
76 365
76 369
76 387
76 388
76 392
76 393
76 472
76 478
76 479
76 480
76 508
76 514
76 521
76 622
76 636
77 27
77 34
77 36
77 37
77 62
77 65
77 182
77 198
77 200
77 222
77 240
77 241
77 244
77 245
77 248
77 251
77 252
77 281
77 282
77 286
77 353
77 354
77 362
77 363
77 367
77 384
77 385
77 390
77 391
77 471
77 508
77 516
77 517
77 520
77 622
77 636
78 27
78 33
78 38
78 39
78 62
78 66
78 181
78 187
78 189
78 190
78 197
78 199
78 205
78 212
78 213
78 214
78 218
78 222
78 223
78 238
78 242
78 243
78 246
78 250
78 280
78 284
78 351
78 352
78 356
78 364
78 365
78 382
78 383
78 388
78 464
78 471
78 507
78 508
78 515
78 518
78 519
78 520
78 622
78 636
79 27
79 33
79 39
79 63
79 67
79 180
79 186
79 196
79 205
79 212
79 218
79 220
79 221
79 237
79 238
79 240
79 241
79 244
79 245
79 248
79 278
79 279
79 282
79 349
79 350
79 354
79 359
79 362
79 363
79 379
79 380
79 381
79 385
79 386
79 462
79 463
79 465
79 466
79 467
79 468
79 469
79 470
79 471
79 506
79 507
79 510
79 514
79 622
79 636
80 27
80 33
80 39
80 64
80 67
80 179
80 186
80 188
80 195
80 198
80 205
80 208
80 209
80 210
80 211
80 217
80 218
80 235
80 236
80 246
80 277
80 281
80 347
80 348
80 352
80 356
80 357
80 360
80 377
80 378
80 383
80 384
80 418
80 460
80 461
80 506
80 508
80 509
80 514
80 622
80 636
81 27
81 33
81 40
81 65
81 68
81 182
81 185
81 187
81 194
81 197
81 205
81 209
81 215
81 216
81 232
81 233
81 234
81 235
81 240
81 244
81 245
81 276
81 279
81 345
81 346
81 350
81 354
81 355
81 358
81 359
81 375
81 376
81 381
81 382
81 416
81 417
81 419
81 420
81 421
81 422
81 423
81 424
81 425
81 426
81 460
81 510
81 514
81 622
81 636
82 27
82 33
82 40
82 41
82 66
82 69
82 178
82 180
82 181
82 184
82 194
82 196
82 200
82 201
82 202
82 203
82 207
82 208
82 211
82 212
82 213
82 214
82 229
82 230
82 231
82 240
82 242
82 243
82 274
82 275
82 278
82 342
82 343
82 348
82 352
82 353
82 356
82 357
82 373
82 374
82 378
82 379
82 380
82 416
82 427
82 459
82 510
82 514
82 622
82 636
83 27
83 33
83 66
83 70
83 176
83 183
83 184
83 186
83 192
83 193
83 196
83 197
83 198
83 204
83 205
83 207
83 223
83 224
83 225
83 226
83 227
83 228
83 233
83 236
83 239
83 241
83 242
83 272
83 273
83 276
83 340
83 341
83 346
83 350
83 354
83 355
83 370
83 371
83 372
83 376
83 377
83 415
83 428
83 459
83 510
83 514
83 622
83 636
84 27
84 33
84 39
84 40
84 67
84 71
84 175
84 178
84 191
84 198
84 200
84 202
84 204
84 207
84 209
84 219
84 220
84 221
84 222
84 231
84 237
84 238
84 240
84 271
84 274
84 275
84 338
84 339
84 343
84 348
84 352
84 353
84 368
84 369
84 374
84 375
84 415
84 428
84 460
84 510
84 514
84 622
84 636
85 27
85 33
85 39
85 68
85 174
85 178
85 182
85 184
85 185
85 191
85 193
85 194
85 195
85 196
85 197
85 198
85 199
85 204
85 207
85 209
85 215
85 216
85 217
85 218
85 228
85 229
85 230
85 239
85 269
85 270
85 273
85 336
85 337
85 341
85 346
85 349
85 350
85 365
85 366
85 367
85 372
85 373
85 414
85 428
85 440
85 441
85 442
85 458
85 510
85 514
85 622
85 636
86 27
86 33
86 36
86 38
86 69
86 72
86 177
86 181
86 189
86 190
86 200
86 201
86 202
86 203
86 208
86 209
86 210
86 211
86 212
86 214
86 220
86 222
86 223
86 224
86 225
86 226
86 234
86 235
86 237
86 268
86 271
86 334
86 335
86 339
86 343
86 344
86 347
86 348
86 363
86 364
86 369
86 370
86 405
86 406
86 407
86 408
86 409
86 410
86 411
86 414
86 428
86 439
86 443
86 456
86 457
86 510
86 514
86 622
86 636
87 27
87 33
87 38
87 70
87 73
87 172
87 176
87 180
87 183
87 188
87 189
87 193
87 196
87 198
87 214
87 215
87 216
87 217
87 218
87 221
87 232
87 237
87 266
87 267
87 270
87 331
87 332
87 333
87 337
87 341
87 342
87 345
87 346
87 360
87 361
87 362
87 367
87 368
87 405
87 412
87 413
87 414
87 428
87 438
87 443
87 454
87 455
87 510
87 514
87 622
87 636
88 27
88 33
88 38
88 170
88 180
88 182
88 191
88 193
88 198
88 201
88 202
88 203
88 210
88 211
88 212
88 219
88 220
88 231
88 232
88 234
88 235
88 264
88 265
88 269
88 329
88 330
88 335
88 339
88 340
88 343
88 344
88 359
88 365
88 366
88 405
88 428
88 434
88 435
88 436
88 437
88 438
88 444
88 453
88 454
88 510
88 514
88 622
88 636
89 27
89 33
89 36
89 39
89 71
89 73
89 75
89 169
89 170
89 179
89 186
89 191
89 193
89 199
89 200
89 201
89 203
89 204
89 208
89 209
89 216
89 229
89 230
89 234
89 262
89 263
89 267
89 327
89 328
89 332
89 333
89 337
89 341
89 342
89 356
89 357
89 358
89 361
89 362
89 363
89 364
89 406
89 427
89 430
89 431
89 432
89 433
89 444
89 445
89 452
89 453
89 510
89 514
89 622
89 636
90 27
90 33
90 39
90 41
90 168
90 172
90 178
90 181
90 184
90 190
90 192
90 197
90 201
90 211
90 212
90 227
90 228
90 231
90 232
90 259
90 260
90 264
90 265
90 325
90 326
90 330
90 335
90 339
90 340
90 354
90 355
90 360
90 361
90 406
90 427
90 429
90 445
90 446
90 451
90 452
90 510
90 514
90 622
90 636
91 27
91 33
91 38
91 42
91 73
91 74
91 76
91 166
91 170
91 177
91 180
91 183
91 184
91 189
91 203
91 209
91 214
91 216
91 217
91 225
91 226
91 229
91 230
91 257
91 258
91 262
91 263
91 323
91 324
91 327
91 328
91 332
91 333
91 336
91 337
91 351
91 352
91 353
91 359
91 360
91 405
91 406
91 446
91 447
91 448
91 449
91 450
91 451
91 510
91 514
91 521
91 523
91 524
91 525
91 526
91 527
91 531
91 532
91 533
91 534
91 535
91 622
91 636
92 27
92 33
92 37
92 38
92 43
92 74
92 77
92 165
92 166
92 167
92 182
92 189
92 191
92 195
92 199
92 201
92 207
92 211
92 212
92 213
92 214
92 223
92 224
92 227
92 228
92 254
92 255
92 256
92 259
92 260
92 320
92 321
92 322
92 325
92 326
92 330
92 334
92 335
92 349
92 350
92 356
92 357
92 358
92 404
92 510
92 515
92 528
92 529
92 530
92 531
92 622
92 636
93 27
93 33
93 37
93 40
93 44
93 75
93 164
93 165
93 176
93 179
93 184
93 188
93 190
93 199
93 208
93 209
93 210
93 216
93 221
93 222
93 225
93 226
93 252
93 253
93 257
93 258
93 318
93 319
93 323
93 324
93 327
93 328
93 332
93 333
93 347
93 348
93 353
93 354
93 355
93 404
93 510
93 515
93 533
93 534
93 535
93 622
93 636
94 27
94 33
94 36
94 44
94 45
94 76
94 78
94 79
94 163
94 175
94 178
94 179
94 182
94 187
94 193
94 198
94 202
94 203
94 204
94 207
94 213
94 214
94 218
94 219
94 220
94 223
94 224
94 249
94 250
94 251
94 255
94 256
94 316
94 317
94 321
94 322
94 325
94 326
94 329
94 330
94 344
94 345
94 346
94 352
94 404
94 405
94 510
94 515
94 523
94 532
94 533
94 622
94 636
95 27
95 33
95 36
95 40
95 41
95 56
95 57
95 58
95 80
95 162
95 174
95 175
95 177
95 187
95 189
95 201
95 207
95 212
95 246
95 247
95 248
95 253
95 313
95 314
95 315
95 319
95 323
95 324
95 327
95 328
95 341
95 342
95 343
95 349
95 350
95 351
95 510
95 515
95 521
95 523
95 524
95 525
95 526
95 532
95 622
95 636
96 27
96 34
96 35
96 37
96 38
96 39
96 46
96 47
96 48
96 49
96 54
96 55
96 59
96 60
96 77
96 81
96 161
96 165
96 179
96 180
96 186
96 188
96 192
96 194
96 203
96 207
96 212
96 214
96 215
96 216
96 219
96 220
96 223
96 224
96 243
96 244
96 245
96 249
96 250
96 251
96 311
96 312
96 316
96 317
96 321
96 325
96 326
96 338
96 339
96 340
96 346
96 347
96 348
96 401
96 402
96 403
96 404
96 510
96 515
96 520
96 532
96 533
96 622
96 636
97 27
97 41
97 44
97 45
97 46
97 49
97 52
97 53
97 54
97 60
97 78
97 82
97 160
97 164
97 166
97 172
97 173
97 176
97 186
97 188
97 191
97 192
97 200
97 201
97 205
97 207
97 217
97 225
97 226
97 241
97 242
97 246
97 247
97 248
97 308
97 309
97 314
97 315
97 319
97 322
97 323
97 324
97 336
97 337
97 344
97 400
97 511
97 515
97 521
97 522
97 526
97 533
97 622
97 636
98 27
98 34
98 35
98 36
98 43
98 51
98 60
98 79
98 83
98 159
98 162
98 165
98 166
98 171
98 175
98 185
98 187
98 190
98 196
98 198
98 199
98 203
98 207
98 210
98 211
98 222
98 227
98 228
98 238
98 239
98 243
98 244
98 245
98 306
98 307
98 312
98 316
98 317
98 320
98 321
98 334
98 335
98 343
98 344
98 345
98 400
98 511
98 515
98 525
98 533
98 622
98 636
99 27
99 34
99 39
99 41
99 46
99 48
99 49
99 60
99 80
99 159
99 161
99 169
99 171
99 172
99 173
99 174
99 184
99 185
99 187
99 194
99 196
99 201
99 203
99 209
99 214
99 215
99 219
99 220
99 228
99 230
99 231
99 235
99 236
99 237
99 241
99 242
99 304
99 305
99 309
99 314
99 315
99 319
99 331
99 332
99 333
99 341
99 342
99 399
99 511
99 515
99 521
99 522
99 523
99 524
99 525
99 533
99 622
99 636
100 24
100 26
100 33
100 47
100 61
100 62
100 81
100 82
100 84
100 158
100 163
100 164
100 165
100 189
100 191
100 192
100 194
100 196
100 198
100 199
100 200
100 201
100 203
100 208
100 209
100 213
100 222
100 223
100 226
100 228
100 229
100 231
100 232
100 233
100 234
100 238
100 239
100 301
100 302
100 307
100 312
100 313
100 316
100 317
100 329
100 330
100 339
100 340
100 399
100 511
100 515
100 520
100 527
100 528
100 529
100 530
100 531
100 532
100 533
100 622
100 636
101 28
101 33
101 47
101 49
101 52
101 62
101 82
101 160
101 169
101 170
101 171
101 172
101 183
101 185
101 189
101 191
101 195
101 203
101 205
101 208
101 211
101 214
101 215
101 218
101 219
101 226
101 236
101 298
101 299
101 300
101 305
101 309
101 310
101 314
101 315
101 325
101 326
101 327
101 328
101 337
101 338
101 399
101 511
101 515
101 521
101 522
101 525
101 526
101 622
101 636
102 24
102 26
102 28
102 33
102 47
102 53
102 61
102 86
102 156
102 157
102 159
102 160
102 164
102 165
102 166
102 173
102 174
102 183
102 185
102 193
102 203
102 207
102 221
102 226
102 229
102 230
102 235
102 237
102 241
102 242
102 296
102 297
102 301
102 302
102 307
102 308
102 312
102 313
102 323
102 324
102 335
102 336
102 399
102 511
102 515
102 522
102 525
102 622
102 636
103 33
103 47
103 49
103 54
103 61
103 63
103 64
103 65
103 84
103 87
103 155
103 171
103 175
103 182
103 187
103 189
103 197
103 198
103 199
103 200
103 201
103 202
103 209
103 210
103 219
103 223
103 224
103 225
103 227
103 228
103 233
103 234
103 244
103 245
103 293
103 294
103 299
103 300
103 305
103 309
103 310
103 321
103 322
103 329
103 330
103 332
103 333
103 334
103 398
103 511
103 516
103 517
103 518
103 519
103 520
103 521
103 524
103 525
103 528
103 529
103 530
103 531
103 533
103 534
103 622
103 636
104 27
104 33
104 47
104 48
104 56
104 61
104 63
104 66
104 72
104 73
104 85
104 88
104 153
104 157
104 165
104 166
104 173
104 176
104 177
104 186
104 197
104 203
104 208
104 210
104 214
104 216
104 220
104 221
104 231
104 235
104 236
104 237
104 247
104 248
104 249
104 291
104 292
104 297
104 302
104 303
104 307
104 308
104 319
104 320
104 324
104 328
104 331
104 399
104 511
104 523
104 527
104 531
104 622
104 636
105 27
105 33
105 43
105 44
105 49
105 54
105 57
105 66
105 71
105 86
105 89
105 152
105 155
105 160
105 164
105 174
105 178
105 186
105 188
105 193
105 197
105 201
105 203
105 207
105 210
105 214
105 216
105 228
105 229
105 230
105 234
105 238
105 239
105 240
105 243
105 250
105 251
105 252
105 288
105 289
105 290
105 294
105 299
105 300
105 301
105 304
105 305
105 316
105 317
105 318
105 321
105 322
105 325
105 329
105 399
105 511
105 516
105 517
105 518
105 519
105 520
105 521
105 526
105 529
105 530
105 531
105 622
105 636
106 27
106 33
106 42
106 45
106 54
106 66
106 70
106 71
106 74
106 87
106 90
106 155
106 159
106 161
106 163
106 166
106 176
106 179
106 180
106 182
106 189
106 191
106 192
106 196
106 201
106 203
106 209
106 213
106 215
106 231
106 232
106 233
106 237
106 241
106 242
106 253
106 254
106 255
106 286
106 287
106 292
106 297
106 298
106 302
106 303
106 314
106 315
106 319
106 323
106 326
106 327
106 396
106 397
106 398
106 399
106 511
106 516
106 528
106 529
106 622
106 636
107 27
107 33
107 42
107 45
107 55
107 59
107 66
107 70
107 74
107 88
107 91
107 150
107 154
107 158
107 160
107 161
107 163
107 164
107 165
107 169
107 170
107 189
107 191
107 195
107 203
107 211
107 212
107 234
107 235
107 236
107 239
107 241
107 244
107 245
107 246
107 250
107 258
107 259
107 260
107 283
107 284
107 285
107 289
107 290
107 294
107 295
107 299
107 300
107 301
107 311
107 312
107 313
107 320
107 321
107 324
107 325
107 394
107 395
107 511
107 515
107 522
107 523
107 622
107 636
108 27
108 32
108 41
108 45
108 61
108 67
108 69
108 74
108 89
108 92
108 148
108 149
108 175
108 178
108 181
108 188
108 194
108 203
108 206
108 210
108 213
108 237
108 238
108 239
108 247
108 248
108 249
108 256
108 257
108 261
108 262
108 263
108 264
108 265
108 266
108 267
108 281
108 282
108 286
108 287
108 292
108 297
108 298
108 308
108 309
108 310
108 314
108 315
108 319
108 322
108 323
108 394
108 511
108 515
108 521
108 525
108 622
108 636
109 27
109 32
109 36
109 37
109 38
109 39
109 40
109 44
109 62
109 67
109 68
109 75
109 90
109 93
109 147
109 156
109 158
109 160
109 161
109 163
109 165
109 166
109 169
109 170
109 171
109 172
109 174
109 177
109 180
109 186
109 187
109 193
109 201
109 204
109 205
109 206
109 209
109 212
109 241
109 242
109 243
109 246
109 252
109 259
109 268
109 269
109 270
109 271
109 272
109 273
109 279
109 284
109 285
109 289
109 290
109 294
109 295
109 306
109 307
109 311
109 312
109 313
109 316
109 317
109 320
109 394
109 511
109 515
109 522
109 523
109 622
109 636
110 27
110 32
110 36
110 43
110 59
110 63
110 68
110 75
110 91
110 94
110 145
110 146
110 149
110 155
110 162
110 163
110 165
110 170
110 176
110 183
110 185
110 192
110 200
110 206
110 207
110 208
110 244
110 245
110 246
110 251
110 255
110 256
110 257
110 260
110 265
110 266
110 274
110 275
110 276
110 277
110 278
110 282
110 286
110 287
110 292
110 303
110 304
110 305
110 309
110 310
110 314
110 318
110 393
110 394
110 511
110 515
110 622
110 636
111 27
111 32
111 35
111 43
111 60
111 64
111 75
111 92
111 144
111 148
111 154
111 161
111 167
111 170
111 175
111 182
111 185
111 189
111 190
111 191
111 199
111 201
111 210
111 211
111 248
111 249
111 250
111 254
111 258
111 259
111 264
111 271
111 279
111 284
111 285
111 289
111 290
111 301
111 302
111 306
111 307
111 311
111 315
111 316
111 393
111 511
111 515
111 622
111 636
112 27
112 32
112 35
112 61
112 64
112 65
112 75
112 93
112 95
112 96
112 142
112 143
112 146
112 152
112 159
112 160
112 164
112 165
112 168
112 170
112 174
112 177
112 184
112 188
112 198
112 201
112 203
112 208
112 209
112 251
112 252
112 253
112 256
112 262
112 263
112 264
112 272
112 273
112 277
112 281
112 299
112 300
112 304
112 305
112 309
112 313
112 314
112 393
112 511
112 515
112 622
112 636
113 27
113 33
113 35
113 42
113 62
113 67
113 75
113 96
113 97
113 139
113 140
113 141
113 144
113 151
113 154
113 158
113 159
113 165
113 166
113 170
113 173
113 174
113 176
113 181
113 184
113 186
113 193
113 197
113 200
113 202
113 208
113 254
113 255
113 256
113 274
113 275
113 276
113 285
113 291
113 295
113 296
113 297
113 298
113 301
113 302
113 306
113 307
113 311
113 394
113 395
113 396
113 397
113 398
113 511
113 515
113 622
113 636
114 27
114 33
114 34
114 35
114 41
114 64
114 65
114 68
114 76
114 94
114 98
114 137
114 138
114 142
114 143
114 150
114 157
114 158
114 166
114 172
114 177
114 183
114 187
114 207
114 258
114 259
114 266
114 267
114 268
114 269
114 270
114 277
114 278
114 281
114 282
114 283
114 284
114 287
114 291
114 294
114 304
114 308
114 309
114 399
114 400
114 511
114 515
114 621
114 636
115 27
115 39
115 40
115 65
115 69
115 76
115 81
115 96
115 99
115 135
115 136
115 140
115 141
115 149
115 157
115 166
115 171
115 174
115 182
115 185
115 186
115 189
115 190
115 191
115 193
115 194
115 199
115 207
115 275
115 276
115 280
115 291
115 292
115 293
115 311
115 312
115 313
115 314
115 315
115 316
115 400
115 401
115 511
115 515
115 621
115 637
116 27
116 32
116 37
116 38
116 39
116 66
116 69
116 70
116 77
116 78
116 79
116 80
116 82
116 97
116 100
116 132
116 133
116 134
116 137
116 138
116 148
116 149
116 156
116 166
116 170
116 171
116 173
116 177
116 181
116 192
116 196
116 197
116 199
116 201
116 204
116 205
116 207
116 261
116 262
116 266
116 267
116 278
116 279
116 295
116 298
116 299
116 300
116 303
116 304
116 305
116 317
116 318
116 319
116 320
116 321
116 322
116 323
116 324
116 325
116 326
116 401
116 511
116 515
116 621
116 637
117 27
117 32
117 35
117 36
117 67
117 72
117 82
117 98
117 101
117 127
117 128
117 129
117 130
117 131
117 135
117 136
117 147
117 152
117 155
117 161
117 162
117 163
117 164
117 165
117 166
117 168
117 180
117 181
117 188
117 189
117 190
117 199
117 201
117 203
117 206
117 207
117 259
117 260
117 265
117 270
117 271
117 274
117 275
117 286
117 287
117 288
117 289
117 290
117 301
117 306
117 307
117 308
117 309
117 310
117 311
117 312
117 313
117 314
117 315
117 316
117 326
117 328
117 329
117 330
117 331
117 332
117 333
117 334
117 335
117 336
117 337
117 399
117 400
117 401
117 511
117 515
117 621
117 637
118 25
118 26
118 34
118 35
118 69
118 70
118 73
118 82
118 99
118 102
118 127
118 132
118 133
118 134
118 146
118 149
118 154
118 158
118 159
118 170
118 171
118 172
118 173
118 174
118 175
118 180
118 186
118 187
118 199
118 201
118 204
118 256
118 257
118 262
118 267
118 272
118 280
118 281
118 282
118 295
118 296
118 297
118 317
118 318
118 319
118 320
118 321
118 322
118 323
118 324
118 325
118 326
118 338
118 339
118 340
118 341
118 342
118 343
118 344
118 345
118 346
118 347
118 348
118 349
118 350
118 351
118 352
118 353
118 354
118 355
118 356
118 357
118 358
118 359
118 360
118 361
118 362
118 363
118 364
118 365
118 366
118 367
118 368
118 397
118 398
118 511
118 515
118 621
118 637
119 25
119 33
119 34
119 70
119 73
119 74
119 81
119 82
119 100
119 103
119 104
119 127
119 130
119 131
119 145
119 148
119 150
119 152
119 157
119 160
119 161
119 162
119 163
119 164
119 165
119 166
119 179
119 180
119 181
119 183
119 184
119 185
119 199
119 202
119 208
119 209
119 210
119 253
119 254
119 255
119 260
119 265
119 270
119 279
119 285
119 286
119 287
119 301
119 308
119 309
119 310
119 311
119 312
119 313
119 314
119 328
119 329
119 330
119 331
119 332
119 333
119 334
119 335
119 336
119 354
119 396
119 511
119 515
119 621
119 637
120 24
120 27
120 33
120 71
120 79
120 80
120 102
120 105
120 127
120 143
120 144
120 147
120 156
120 169
120 170
120 172
120 173
120 174
120 177
120 178
120 182
120 200
120 208
120 211
120 212
120 251
120 252
120 256
120 257
120 262
120 266
120 267
120 277
120 278
120 283
120 284
120 294
120 295
120 298
120 299
120 300
120 301
120 307
120 314
120 338
120 339
120 340
120 341
120 342
120 343
120 344
120 345
120 346
120 354
120 356
120 359
120 361
120 364
120 365
120 366
120 367
120 368
120 382
120 383
120 384
120 385
120 386
120 396
120 511
120 516
120 621
120 637
121 25
121 26
121 32
121 73
121 77
121 78
121 79
121 103
121 106
121 127
121 142
121 146
121 155
121 158
121 160
121 164
121 176
121 180
121 202
121 206
121 208
121 209
121 210
121 214
121 215
121 248
121 249
121 250
121 253
121 254
121 255
121 259
121 263
121 264
121 265
121 274
121 275
121 276
121 280
121 281
121 282
121 286
121 287
121 291
121 292
121 308
121 309
121 310
121 311
121 312
121 313
121 314
121 347
121 348
121 349
121 350
121 351
121 352
121 353
121 354
121 359
121 361
121 363
121 364
121 380
121 381
121 387
121 388
121 397
121 398
121 511
121 516
121 621
121 637
122 27
122 32
122 74
122 76
122 104
122 107
122 127
122 141
122 144
122 154
122 155
122 157
122 160
122 175
122 178
122 205
122 211
122 212
122 216
122 217
122 246
122 247
122 251
122 256
122 260
122 261
122 262
122 271
122 272
122 273
122 277
122 278
122 283
122 284
122 288
122 289
122 345
122 346
122 355
122 357
122 359
122 363
122 380
122 388
122 398
122 511
122 516
122 621
122 637
123 27
123 32
123 75
123 78
123 79
123 80
123 81
123 82
123 105
123 108
123 124
123 125
123 126
123 127
123 128
123 129
123 130
123 131
123 132
123 133
123 140
123 143
123 153
123 160
123 161
123 162
123 163
123 164
123 170
123 174
123 177
123 202
123 205
123 214
123 215
123 219
123 220
123 243
123 244
123 248
123 252
123 253
123 257
123 258
123 259
123 268
123 269
123 270
123 274
123 275
123 276
123 280
123 281
123 285
123 286
123 287
123 343
123 344
123 354
123 357
123 360
123 361
123 362
123 379
123 388
123 398
123 511
123 516
123 621
123 637
124 27
124 32
124 83
124 84
124 106
124 109
124 123
124 127
124 133
124 139
124 142
124 152
124 160
124 170
124 171
124 172
124 175
124 176
124 177
124 201
124 202
124 203
124 205
124 216
124 217
124 222
124 223
124 241
124 242
124 249
124 250
124 251
124 254
124 255
124 256
124 265
124 266
124 267
124 271
124 272
124 273
124 277
124 278
124 279
124 283
124 284
124 342
124 343
124 354
124 355
124 362
124 378
124 379
124 389
124 398
124 511
124 516
124 621
124 637
125 27
125 32
125 84
125 85
125 107
125 110
125 124
125 125
125 126
125 127
125 128
125 129
125 130
125 131
125 132
125 133
125 137
125 138
125 141
125 151
125 158
125 159
125 160
125 200
125 201
125 205
125 219
125 220
125 225
125 226
125 227
125 238
125 239
125 246
125 247
125 248
125 252
125 253
125 260
125 261
125 262
125 263
125 268
125 269
125 270
125 274
125 275
125 280
125 281
125 318
125 319
125 320
125 325
125 326
125 327
125 328
125 340
125 341
125 357
125 358
125 362
125 363
125 377
125 378
125 389
125 390
125 398
125 511
125 516
125 621
125 637
126 27
126 32
126 78
126 82
126 86
126 108
126 112
126 127
126 136
126 139
126 150
126 160
126 161
126 162
126 164
126 165
126 166
126 169
126 170
126 173
126 174
126 205
126 222
126 223
126 228
126 229
126 230
126 235
126 236
126 237
126 243
126 244
126 245
126 252
126 257
126 258
126 259
126 263
126 265
126 266
126 267
126 271
126 272
126 275
126 277
126 278
126 279
126 313
126 314
126 315
126 316
126 317
126 321
126 322
126 324
126 329
126 330
126 338
126 339
126 363
126 364
126 377
126 390
126 399
126 511
126 516
126 621
126 637
127 27
127 32
127 80
127 81
127 87
127 109
127 113
127 127
127 134
127 138
127 149
127 164
127 166
127 170
127 171
127 199
127 205
127 225
127 226
127 227
127 231
127 232
127 233
127 234
127 243
127 253
127 254
127 255
127 256
127 261
127 262
127 263
127 268
127 269
127 273
127 274
127 275
127 313
127 322
127 324
127 330
127 338
127 358
127 361
127 365
127 376
127 390
127 393
127 394
127 399
127 511
127 516
127 621
127 637
128 27
128 32
128 87
128 88
128 89
128 110
128 114
128 122
128 123
128 127
128 133
128 134
128 136
128 148
128 166
128 173
128 175
128 205
128 227
128 238
128 240
128 242
128 251
128 258
128 259
128 264
128 265
128 266
128 270
128 271
128 272
128 312
128 322
128 324
128 330
128 337
128 358
128 361
128 363
128 366
128 376
128 391
128 392
128 393
128 399
128 511
128 516
128 600
128 601
128 602
128 603
128 604
128 605
128 621
128 637
129 27
129 32
129 81
129 82
129 83
129 90
129 112
129 116
129 128
129 129
129 136
129 147
129 158
129 161
129 165
129 173
129 175
129 197
129 202
129 205
129 224
129 225
129 233
129 235
129 236
129 238
129 242
129 248
129 249
129 250
129 254
129 255
129 256
129 261
129 262
129 267
129 268
129 269
129 311
129 312
129 331
129 332
129 336
129 337
129 358
129 361
129 363
129 366
129 367
129 375
129 394
129 399
129 511
129 516
129 600
129 606
129 607
129 621
129 637
130 27
130 32
130 75
130 76
130 77
130 78
130 79
130 83
130 90
130 113
130 117
130 122
130 123
130 125
130 126
130 131
130 134
130 146
130 152
130 153
130 165
130 173
130 174
130 175
130 196
130 202
130 205
130 221
130 224
130 226
130 227
130 233
130 234
130 239
130 241
130 242
130 244
130 245
130 246
130 247
130 251
130 252
130 254
130 258
130 259
130 264
130 265
130 266
130 309
130 310
130 333
130 334
130 335
130 336
130 358
130 361
130 363
130 367
130 368
130 374
130 394
130 397
130 398
130 511
130 516
130 600
130 607
130 608
130 621
130 637
131 27
131 32
131 74
131 79
131 82
131 87
131 90
131 109
131 111
131 114
131 118
131 127
131 128
131 129
131 130
131 145
131 146
131 151
131 162
131 163
131 165
131 195
131 199
131 202
131 205
131 214
131 215
131 216
131 219
131 220
131 222
131 223
131 224
131 230
131 231
131 232
131 237
131 243
131 248
131 249
131 250
131 254
131 255
131 261
131 262
131 278
131 279
131 280
131 309
131 359
131 361
131 363
131 369
131 370
131 373
131 394
131 396
131 511
131 516
131 600
131 608
131 609
131 621
131 637
132 27
132 32
132 74
132 76
132 77
132 78
132 79
132 84
132 85
132 86
132 88
132 91
132 92
132 109
132 111
132 116
132 120
132 125
132 126
132 131
132 132
132 144
132 149
132 150
132 159
132 162
132 174
132 176
132 198
132 202
132 205
132 209
132 210
132 211
132 212
132 213
132 217
132 218
132 224
132 227
132 228
132 229
132 243
132 244
132 245
132 246
132 247
132 251
132 252
132 255
132 258
132 259
132 276
132 277
132 281
132 282
132 308
132 361
132 370
132 373
132 511
132 516
132 599
132 610
132 611
132 621
132 637
133 27
133 32
133 83
133 89
133 93
133 109
133 111
133 117
133 121
133 126
133 127
133 128
133 129
133 130
133 131
133 142
133 146
133 157
133 158
133 160
133 161
133 162
133 164
133 165
133 169
133 170
133 171
133 172
133 174
133 175
133 176
133 194
133 196
133 197
133 202
133 207
133 208
133 220
133 223
133 226
133 233
133 234
133 235
133 236
133 240
133 242
133 248
133 249
133 255
133 276
133 282
133 283
133 308
133 360
133 364
133 366
133 370
133 372
133 511
133 516
133 598
133 602
133 603
133 604
133 605
133 606
133 607
133 608
133 621
133 637
134 27
134 32
134 82
134 91
134 94
134 109
134 111
134 119
134 122
134 127
134 141
134 142
134 144
134 147
134 149
134 151
134 152
134 153
134 155
134 156
134 161
134 167
134 193
134 194
134 196
134 206
134 210
134 211
134 218
134 223
134 226
134 230
134 231
134 232
134 238
134 239
134 242
134 244
134 245
134 246
134 251
134 252
134 255
134 275
134 283
134 360
134 364
134 366
134 370
134 372
134 512
134 516
134 598
134 600
134 601
134 621
134 637
135 27
135 32
135 80
135 81
135 82
135 92
135 95
135 96
135 101
135 102
135 103
135 106
135 107
135 109
135 111
135 113
135 120
135 124
135 128
135 129
135 138
135 139
135 140
135 145
135 157
135 161
135 169
135 170
135 171
135 172
135 192
135 193
135 206
135 209
135 210
135 220
135 221
135 222
135 227
135 229
135 234
135 235
135 236
135 241
135 242
135 246
135 248
135 249
135 255
135 256
135 274
135 275
135 283
135 306
135 307
135 360
135 364
135 369
135 512
135 516
135 598
135 600
135 621
135 637
136 26
136 32
136 80
136 92
136 96
136 97
136 98
136 99
136 100
136 104
136 121
136 125
136 130
136 131
136 132
136 133
136 134
136 135
136 136
136 138
136 146
136 147
136 149
136 154
136 155
136 161
136 169
136 191
136 195
136 200
136 201
136 202
136 207
136 208
136 218
136 219
136 228
136 230
136 231
136 232
136 238
136 239
136 240
136 244
136 245
136 246
136 256
136 257
136 258
136 259
136 274
136 283
136 305
136 360
136 364
136 512
136 516
136 621
136 637
137 26
137 32
137 80
137 81
137 83
137 84
137 85
137 86
137 87
137 88
137 89
137 90
137 91
137 92
137 96
137 105
137 106
137 107
137 108
137 109
137 110
137 111
137 112
137 123
137 126
137 127
137 128
137 129
137 136
137 138
137 139
137 144
137 145
137 149
137 152
137 153
137 159
137 190
137 193
137 198
137 199
137 206
137 215
137 216
137 217
137 218
137 229
137 234
137 235
137 236
137 240
137 243
137 256
137 260
137 261
137 262
137 273
137 283
137 303
137 304
137 305
137 360
137 364
137 512
137 516
137 621
137 637
138 26
138 32
138 96
138 98
138 101
138 112
138 123
138 128
138 131
138 132
138 133
138 134
138 135
138 136
138 141
138 142
138 143
138 150
138 151
138 160
138 161
138 165
138 169
138 170
138 173
138 174
138 175
138 189
138 192
138 197
138 200
138 201
138 206
138 213
138 214
138 218
138 224
138 229
138 232
138 233
138 237
138 239
138 257
138 258
138 259
138 263
138 264
138 265
138 273
138 283
138 301
138 302
138 360
138 364
138 512
138 516
138 621
138 637
139 26
139 32
139 96
139 97
139 98
139 99
139 102
139 109
139 110
139 112
139 121
139 130
139 144
139 145
139 159
139 162
139 163
139 172
139 188
139 191
139 195
139 196
139 206
139 207
139 208
139 209
139 210
139 211
139 214
139 218
139 225
139 226
139 227
139 229
139 237
139 238
139 239
139 256
139 260
139 261
139 262
139 265
139 267
139 268
139 273
139 283
139 300
139 360
139 364
139 512
139 516
139 621
139 637
140 26
140 32
140 100
140 104
140 112
140 120
140 121
140 124
140 126
140 127
140 128
140 131
140 132
140 142
140 143
140 147
140 160
140 165
140 166
140 170
140 174
140 187
140 190
140 194
140 197
140 200
140 201
140 205
140 215
140 217
140 218
140 219
140 220
140 221
140 222
140 223
140 224
140 230
140 231
140 256
140 263
140 264
140 265
140 284
140 285
140 299
140 360
140 364
140 512
140 516
140 529
140 621
140 637
141 26
141 32
141 102
141 104
141 105
141 113
141 119
141 120
141 124
141 129
141 133
141 140
141 141
141 144
141 145
141 161
141 162
141 166
141 172
141 189
141 192
141 193
141 196
141 198
141 206
141 207
141 208
141 209
141 212
141 213
141 214
141 215
141 257
141 267
141 270
141 271
141 272
141 286
141 287
141 296
141 297
141 298
141 299
141 360
141 364
141 512
141 516
141 528
141 530
141 597
141 598
141 599
141 600
141 601
141 621
141 637
142 26
142 32
142 102
142 106
142 107
142 113
142 114
142 119
142 123
142 124
142 128
142 131
142 134
142 135
142 136
142 139
142 142
142 143
142 163
142 164
142 166
142 168
142 172
142 183
142 184
142 187
142 190
142 191
142 194
142 200
142 205
142 210
142 211
142 212
142 257
142 258
142 269
142 278
142 279
142 287
142 295
142 360
142 364
142 512
142 516
142 527
142 530
142 534
142 535
142 536
142 597
142 621
142 637
143 26
143 32
143 104
143 105
143 108
143 109
143 115
143 116
143 124
143 127
143 132
143 133
143 137
143 138
143 141
143 164
143 165
143 170
143 171
143 181
143 182
143 189
143 192
143 193
143 196
143 205
143 209
143 210
143 258
143 268
143 277
143 288
143 294
143 360
143 364
143 512
143 516
143 526
143 527
143 531
143 532
143 533
143 537
143 597
143 600
143 601
143 621
143 637
144 26
144 32
144 106
144 107
144 110
144 111
144 116
144 122
144 123
144 126
144 127
144 128
144 129
144 130
144 133
144 134
144 135
144 136
144 165
144 169
144 170
144 180
144 186
144 187
144 190
144 191
144 194
144 198
144 199
144 205
144 208
144 209
144 212
144 259
144 268
144 277
144 288
144 291
144 292
144 293
144 294
144 360
144 364
144 512
144 516
144 522
144 523
144 524
144 526
144 527
144 537
144 597
144 600
144 621
144 637
145 26
145 32
145 108
145 109
145 113
145 116
145 117
145 121
145 122
145 142
145 143
145 144
145 178
145 179
145 184
145 185
145 188
145 189
145 193
145 200
145 204
145 208
145 212
145 259
145 267
145 277
145 288
145 290
145 360
145 364
145 512
145 516
145 520
145 521
145 524
145 527
145 535
145 536
145 537
145 597
145 600
145 621
145 637
146 26
146 32
146 110
146 111
146 115
146 118
146 121
146 124
146 133
146 140
146 141
146 145
146 146
146 147
146 166
146 177
146 181
146 182
146 183
146 186
146 187
146 192
146 197
146 204
146 207
146 212
146 233
146 234
146 235
146 236
146 237
146 238
146 239
146 259
146 267
146 278
146 360
146 364
146 512
146 516
146 518
146 519
146 521
146 524
146 527
146 534
146 579
146 580
146 581
146 597
146 600
146 601
146 602
146 603
146 621
146 637
147 26
147 32
147 112
147 114
147 115
147 117
147 120
147 127
147 128
147 129
147 130
147 142
147 143
147 144
147 148
147 149
147 150
147 166
147 174
147 175
147 176
147 184
147 185
147 190
147 191
147 198
147 199
147 206
147 207
147 210
147 211
147 212
147 232
147 241
147 259
147 266
147 267
147 278
147 280
147 360
147 364
147 512
147 516
147 518
147 521
147 524
147 527
147 533
147 577
147 579
147 582
147 596
147 621
147 637
148 26
148 32
148 114
148 120
148 127
148 145
148 146
148 147
148 150
148 152
148 153
148 154
148 155
148 156
148 157
148 158
148 165
148 166
148 167
148 169
148 170
148 171
148 172
148 173
148 180
148 181
148 182
148 189
148 194
148 196
148 197
148 200
148 205
148 233
148 234
148 235
148 236
148 237
148 238
148 239
148 242
148 259
148 265
148 278
148 280
148 360
148 364
148 512
148 517
148 518
148 519
148 521
148 524
148 527
148 529
148 530
148 531
148 532
148 576
148 579
148 582
148 583
148 596
148 603
148 621
148 637
149 26
149 32
149 114
149 121
149 122
149 127
149 148
149 149
149 150
149 159
149 160
149 161
149 162
149 163
149 177
149 178
149 179
149 187
149 188
149 189
149 192
149 195
149 196
149 200
149 204
149 239
149 242
149 243
149 259
149 264
149 278
149 360
149 364
149 512
149 517
149 519
149 521
149 524
149 527
149 528
149 576
149 579
149 583
149 596
149 601
149 602
149 621
149 637
150 26
150 32
150 115
150 119
150 124
150 125
150 152
150 153
150 154
150 155
150 156
150 163
150 165
150 171
150 172
150 175
150 177
150 186
150 194
150 195
150 198
150 199
150 200
150 204
150 240
150 260
150 263
150 264
150 279
150 281
150 360
150 364
150 512
150 516
150 519
150 521
150 523
150 524
150 527
150 576
150 579
150 583
150 596
150 600
150 621
150 637
151 26
151 32
151 116
151 121
151 122
151 126
151 127
151 158
151 164
151 165
151 175
151 183
151 184
151 185
151 186
151 190
151 191
151 192
151 193
151 197
151 200
151 204
151 242
151 260
151 263
151 279
151 281
151 360
151 364
151 512
151 516
151 519
151 521
151 522
151 523
151 576
151 579
151 584
151 596
151 600
151 605
151 606
151 607
151 621
151 638
152 26
152 32
152 116
152 124
152 125
152 129
152 130
152 157
152 159
152 160
152 161
152 162
152 163
152 166
152 169
152 172
152 178
152 179
152 180
152 181
152 182
152 188
152 189
152 190
152 200
152 204
152 243
152 244
152 245
152 260
152 262
152 279
152 281
152 360
152 364
152 512
152 517
152 519
152 521
152 522
152 576
152 579
152 584
152 596
152 602
152 603
152 604
152 608
152 609
152 621
152 638
153 26
153 32
153 116
153 126
153 127
153 130
153 132
153 133
153 156
153 165
153 169
153 172
153 174
153 175
153 184
153 185
153 186
153 200
153 204
153 243
153 245
153 260
153 262
153 279
153 281
153 360
153 364
153 512
153 517
153 519
153 520
153 524
153 527
153 576
153 579
153 584
153 596
153 610
153 621
153 638
154 26
154 32
154 116
154 128
154 129
154 130
154 132
154 135
154 136
154 137
154 153
154 154
154 155
154 156
154 164
154 174
154 180
154 181
154 186
154 199
154 202
154 204
154 243
154 245
154 260
154 262
154 279
154 281
154 360
154 364
154 512
154 518
154 519
154 524
154 527
154 576
154 579
154 584
154 596
154 611
154 621
154 638
155 26
155 32
155 116
155 127
155 129
155 132
155 137
155 139
155 140
155 141
155 142
155 151
155 152
155 161
155 164
155 174
155 178
155 184
155 185
155 199
155 202
155 204
155 243
155 245
155 260
155 262
155 279
155 281
155 360
155 364
155 512
155 518
155 524
155 527
155 576
155 579
155 584
155 596
155 611
155 612
155 621
155 638
156 26
156 32
156 116
156 127
156 129
156 135
156 136
156 137
156 142
156 144
156 145
156 146
156 149
156 150
156 158
156 165
156 168
156 169
156 170
156 173
156 175
156 178
156 179
156 199
156 202
156 204
156 243
156 245
156 262
156 279
156 281
156 360
156 364
156 512
156 517
156 524
156 527
156 576
156 579
156 584
156 596
156 612
156 613
156 621
156 638
157 26
157 32
157 116
157 117
157 127
157 129
157 139
157 140
157 141
157 142
157 148
157 149
157 156
157 165
157 166
157 168
157 171
157 172
157 173
157 175
157 177
157 180
157 181
157 182
157 183
157 199
157 202
157 204
157 243
157 245
157 260
157 262
157 279
157 360
157 364
157 512
157 517
157 524
157 527
157 576
157 579
157 584
157 596
157 613
157 621
157 638
158 26
158 32
158 117
158 118
158 129
158 131
158 132
158 133
158 134
158 135
158 136
158 137
158 138
158 143
158 147
158 154
158 158
158 159
158 160
158 161
158 162
158 163
158 166
158 168
158 169
158 170
158 175
158 199
158 202
158 204
158 243
158 245
158 279
158 360
158 364
158 512
158 517
158 524
158 527
158 576
158 579
158 582
158 584
158 596
158 611
158 613
158 620
158 638
159 26
159 32
159 118
159 126
159 127
159 129
159 130
159 150
159 151
159 157
159 166
159 168
159 174
159 175
159 180
159 182
159 199
159 202
159 204
159 243
159 245
159 279
159 360
159 364
159 512
159 517
159 523
159 527
159 576
159 579
159 584
159 595
159 614
159 617
159 618
159 619
159 620
159 638
160 26
160 32
160 118
160 125
160 129
160 130
160 137
160 138
160 139
160 140
160 141
160 142
160 143
160 144
160 145
160 146
160 147
160 153
160 154
160 162
160 163
160 166
160 168
160 173
160 174
160 181
160 183
160 199
160 202
160 204
160 243
160 245
160 279
160 360
160 364
160 512
160 517
160 523
160 527
160 576
160 580
160 581
160 582
160 584
160 596
160 597
160 611
160 613
160 617
160 621
160 638
161 26
161 32
161 118
161 124
161 125
161 127
161 129
161 131
161 132
161 133
161 135
161 136
161 147
161 157
161 158
161 166
161 168
161 172
161 173
161 181
161 182
161 183
161 199
161 202
161 204
161 243
161 245
161 279
161 360
161 365
161 512
161 517
161 523
161 527
161 576
161 579
161 584
161 595
161 613
161 616
161 617
161 621
161 638
162 26
162 32
162 117
162 123
162 129
162 134
162 147
162 152
162 153
162 166
162 168
162 171
162 181
162 183
162 199
162 202
162 204
162 243
162 245
162 279
162 282
162 360
162 365
162 367
162 500
162 501
162 512
162 517
162 523
162 527
162 576
162 579
162 584
162 595
162 613
162 616
162 621
162 638
163 26
163 32
163 118
163 119
163 122
163 126
163 127
163 129
163 136
163 137
163 138
163 139
163 140
163 141
163 143
163 144
163 145
163 147
163 149
163 166
163 168
163 170
163 181
163 183
163 199
163 202
163 204
163 243
163 245
163 280
163 282
163 360
163 365
163 367
163 499
163 512
163 517
163 523
163 527
163 576
163 579
163 584
163 595
163 613
163 616
163 621
163 638
164 26
164 32
164 120
164 121
164 125
164 127
164 129
164 147
164 166
164 168
164 170
164 181
164 183
164 199
164 204
164 243
164 245
164 280
164 360
164 365
164 367
164 442
164 443
164 444
164 445
164 446
164 447
164 448
164 449
164 450
164 499
164 512
164 517
164 523
164 527
164 576
164 579
164 584
164 595
164 613
164 616
164 621
164 638
165 26
165 32
165 124
165 127
165 129
165 146
165 166
165 168
165 169
165 181
165 183
165 199
165 204
165 243
165 245
165 280
165 360
165 365
165 367
165 409
165 441
165 451
165 499
165 512
165 517
165 523
165 527
165 576
165 579
165 584
165 595
165 613
165 616
165 621
165 638
166 26
166 32
166 121
166 122
166 127
166 129
166 144
166 145
166 166
166 169
166 181
166 183
166 199
166 204
166 243
166 245
166 280
166 360
166 365
166 367
166 409
166 440
166 451
166 475
166 476
166 477
166 499
166 512
166 517
166 523
166 527
166 576
166 579
166 584
166 595
166 613
166 616
166 621
166 638
167 26
167 32
167 117
167 118
167 119
167 120
167 127
167 129
167 143
167 166
167 169
167 181
167 183
167 199
167 203
167 243
167 245
167 280
167 360
167 365
167 367
167 409
167 417
167 418
167 440
167 451
167 475
167 477
167 499
167 512
167 517
167 523
167 527
167 576
167 579
167 584
167 595
167 613
167 616
167 621
167 638
168 26
168 32
168 116
168 127
168 129
168 142
168 166
168 169
168 181
168 183
168 199
168 203
168 243
168 245
168 280
168 360
168 365
168 409
168 417
168 419
168 420
168 440
168 451
168 475
168 499
168 512
168 517
168 523
168 527
168 576
168 579
168 584
168 594
168 613
168 616
168 621
168 638
169 26
169 32
169 117
169 118
169 119
169 120
169 127
169 129
169 142
169 166
169 169
169 181
169 183
169 199
169 203
169 243
169 245
169 280
169 283
169 360
169 365
169 409
169 417
169 421
169 422
169 423
169 441
169 443
169 444
169 451
169 475
169 499
169 512
169 517
169 523
169 527
169 576
169 579
169 584
169 594
169 613
169 616
169 621
169 638
170 26
170 32
170 121
170 122
170 127
170 129
170 141
170 166
170 169
170 181
170 183
170 199
170 203
170 243
170 245
170 280
170 283
170 360
170 365
170 408
170 418
170 424
170 442
170 445
170 446
170 447
170 448
170 449
170 450
170 451
170 475
170 499
170 512
170 517
170 523
170 527
170 576
170 579
170 582
170 583
170 584
170 595
170 596
170 597
170 598
170 599
170 600
170 601
170 602
170 603
170 604
170 605
170 606
170 607
170 608
170 609
170 610
170 611
170 612
170 613
170 616
170 621
170 638
171 26
171 32
171 123
171 124
171 127
171 129
171 140
171 141
171 166
171 169
171 171
171 181
171 183
171 199
171 203
171 231
171 232
171 233
171 234
171 235
171 236
171 237
171 243
171 245
171 280
171 283
171 360
171 365
171 408
171 418
171 419
171 424
171 440
171 442
171 450
171 475
171 499
171 512
171 517
171 523
171 527
171 576
171 579
171 584
171 595
171 613
171 616
171 621
171 638
172 26
172 32
172 124
172 125
172 129
172 139
172 166
172 169
172 171
172 181
172 183
172 199
172 203
172 230
172 238
172 239
172 240
172 241
172 242
172 244
172 246
172 247
172 248
172 249
172 280
172 283
172 360
172 365
172 376
172 377
172 378
172 408
172 419
172 424
172 440
172 442
172 446
172 448
172 450
172 475
172 499
172 512
172 517
172 523
172 527
172 563
172 564
172 565
172 576
172 579
172 584
172 594
172 613
172 616
172 618
172 619
172 620
172 621
172 638
173 26
173 32
173 125
173 126
173 129
173 138
173 166
173 169
173 181
173 182
173 183
173 184
173 185
173 186
173 199
173 203
173 229
173 243
173 245
173 250
173 281
173 283
173 315
173 316
173 317
173 318
173 319
173 360
173 365
173 375
173 378
173 379
173 408
173 419
173 423
173 424
173 440
173 442
173 446
173 449
173 475
173 499
173 501
173 512
173 517
173 523
173 528
173 529
173 545
173 552
173 553
173 554
173 555
173 556
173 557
173 558
173 559
173 560
173 561
173 562
173 566
173 567
173 568
173 569
173 570
173 571
173 572
173 573
173 574
173 575
173 580
173 581
173 582
173 583
173 584
173 595
173 597
173 613
173 616
173 621
173 638
174 26
174 32
174 126
174 131
174 132
174 133
174 134
174 137
174 138
174 166
174 169
174 180
174 181
174 187
174 188
174 199
174 203
174 229
174 243
174 245
174 250
174 281
174 313
174 314
174 320
174 321
174 334
174 335
174 336
174 360
174 365
174 375
174 408
174 419
174 420
174 421
174 422
174 423
174 440
174 442
174 446
174 449
174 476
174 477
174 499
174 501
174 512
174 518
174 540
174 541
174 542
174 543
174 544
174 546
174 547
174 548
174 549
174 550
174 551
174 576
174 580
174 584
174 594
174 613
174 621
174 638
175 26
175 32
175 126
175 127
175 130
175 135
175 136
175 137
175 166
175 169
175 172
175 179
175 180
175 188
175 189
175 199
175 203
175 229
175 243
175 245
175 251
175 281
175 313
175 321
175 333
175 360
175 365
175 375
175 377
175 499
175 501
175 512
175 518
175 539
175 564
175 565
175 576
175 579
175 584
175 594
175 613
175 621
175 638
176 26
176 32
176 127
176 166
176 169
176 172
176 179
176 189
176 199
176 203
176 229
176 243
176 245
176 251
176 281
176 312
176 321
176 333
176 335
176 360
176 365
176 499
176 501
176 512
176 518
176 540
176 541
176 542
176 544
176 545
176 546
176 561
176 562
176 563
176 576
176 579
176 584
176 593
176 613
176 621
176 638
177 26
177 32
177 127
177 149
177 152
177 153
177 154
177 155
177 156
177 157
177 166
177 169
177 172
177 178
177 189
177 199
177 203
177 229
177 243
177 245
177 252
177 312
177 321
177 360
177 365
177 499
177 501
177 512
177 518
177 550
177 551
177 552
177 553
177 554
177 555
177 556
177 557
177 558
177 576
177 579
177 584
177 593
177 613
177 621
177 638
178 26
178 32
178 127
178 148
178 151
178 158
178 159
178 166
178 169
178 174
178 175
178 176
178 178
178 189
178 199
178 203
178 218
178 219
178 220
178 221
178 222
178 223
178 224
178 225
178 229
178 243
178 245
178 252
178 253
178 280
178 281
178 282
178 312
178 321
178 335
178 336
178 337
178 338
178 339
178 340
178 360
178 365
178 499
178 501
178 512
178 518
178 559
178 560
178 561
178 562
178 563
178 564
178 565
178 566
178 567
178 568
178 569
178 570
178 571
178 572
178 573
178 574
178 575
178 576
178 580
178 581
178 582
178 583
178 584
178 594
178 595
178 596
178 597
178 598
178 599
178 600
178 601
178 602
178 603
178 604
178 605
178 606
178 607
178 608
178 609
178 610
178 611
178 612
178 613
178 614
178 615
178 616
178 617
178 618
178 619
178 620
178 621
178 638
179 26
179 32
179 143
179 144
179 145
179 151
179 159
179 160
179 161
179 162
179 163
179 164
179 173
179 177
179 190
179 198
179 201
179 203
179 215
179 216
179 217
179 226
179 227
179 229
179 234
179 235
179 236
179 237
179 238
179 239
179 240
179 243
179 245
179 254
179 255
179 256
179 279
179 282
179 313
179 314
179 315
179 321
179 325
179 326
179 327
179 328
179 329
179 330
179 331
179 332
179 333
179 334
179 341
179 342
179 343
179 360
179 365
179 499
179 501
179 512
179 518
179 578
179 638
180 26
180 32
180 109
180 110
180 141
180 142
180 146
180 151
180 165
180 167
180 172
180 178
180 190
180 198
180 201
180 203
180 212
180 213
180 214
180 227
180 230
180 231
180 232
180 233
180 241
180 242
180 243
180 245
180 251
180 252
180 279
180 283
180 316
180 317
180 318
180 319
180 320
180 324
180 499
180 501
180 512
180 518
180 621
180 638
181 26
181 32
181 108
181 141
181 146
181 151
181 159
181 165
181 166
181 172
181 178
181 190
181 198
181 201
181 203
181 227
181 242
181 244
181 245
181 246
181 247
181 248
181 249
181 250
181 255
181 256
181 325
181 326
181 327
181 328
181 329
181 333
181 342
181 343
181 499
181 501
181 512
181 518
181 621
181 638
182 26
182 32
182 108
182 168
182 173
182 178
182 189
182 198
182 201
182 203
182 329
182 332
182 499
182 501
182 512
182 518
182 621
182 638
183 26
183 32
183 109
183 110
183 173
183 177
183 178
183 189
183 198
183 201
183 203
183 243
183 245
183 329
183 332
183 512
183 518
183 621
183 638
184 26
184 32
184 173
184 176
184 177
184 188
184 189
184 198
184 201
184 203
184 512
184 518
184 621
184 638
185 26
185 32
185 174
185 176
185 187
185 188
185 198
185 201
185 203
185 512
185 518
185 621
185 638
186 26
186 32
186 174
186 175
186 187
186 198
186 201
186 203
186 512
186 518
186 621
186 638
187 26
187 32
187 174
187 187
187 198
187 203
187 512
187 518
187 621
187 639
188 26
188 32
188 155
188 156
188 157
188 158
188 174
188 187
188 198
188 203
188 512
188 518
188 621
189 26
189 32
189 153
189 154
189 159
189 160
189 174
189 187
189 512
189 518
189 621
190 26
190 32
190 153
190 160
190 161
190 173
190 186
190 512
190 518
190 621
191 26
191 32
191 152
191 161
191 172
191 187
191 512
191 518
191 621
192 26
192 32
192 150
192 151
192 161
192 171
192 187
192 188
192 512
192 518
192 621
193 26
193 32
193 150
193 161
193 171
193 188
193 189
193 190
193 191
193 512
193 518
193 621
194 26
194 32
194 149
194 161
194 171
194 192
194 193
194 194
194 195
194 196
194 197
194 512
194 518
194 621
195 26
195 32
195 149
195 161
195 171
195 198
195 199
195 200
195 201
195 512
195 518
195 621
196 26
196 32
196 149
196 161
196 171
196 202
196 512
196 519
196 621
197 26
197 32
197 149
197 160
197 161
197 171
197 203
197 512
197 519
197 621
198 26
198 32
198 150
198 160
198 171
198 200
198 204
198 205
198 519
198 621
199 26
199 32
199 150
199 151
199 160
199 171
199 185
199 186
199 187
199 188
199 189
199 200
199 205
199 206
199 207
199 208
199 209
199 621
200 151
200 160
200 161
200 171
200 184
200 190
200 191
200 192
200 193
200 198
200 200
200 210
200 211
200 212
200 213
200 621
201 151
201 161
201 171
201 184
201 194
201 195
201 196
201 197
201 214
201 621
202 151
202 161
202 171
202 184
202 199
202 214
202 621
203 152
203 161
203 162
203 163
203 171
203 184
203 199
203 214
203 621
204 152
204 162
204 164
204 165
204 171
204 185
204 186
204 200
204 214
204 621
205 152
205 161
205 165
205 166
205 170
205 187
205 188
205 189
205 190
205 200
205 214
205 621
206 152
206 161
206 167
206 168
206 170
206 191
206 192
206 193
206 200
206 214
206 621
207 153
207 162
207 168
207 169
207 194
207 200
207 214
207 621
208 153
208 162
208 163
208 164
208 169
208 170
208 195
208 199
208 200
208 214
208 621
209 154
209 165
209 166
209 167
209 195
209 198
209 199
209 214
209 621
210 154
210 155
210 168
210 169
210 195
210 197
210 198
210 214
210 621
211 155
211 169
211 170
211 172
211 173
211 175
211 176
211 187
211 188
211 197
211 212
211 213
211 621
212 156
212 170
212 175
212 186
212 194
212 196
212 210
212 211
212 621
213 156
213 171
213 175
213 176
213 185
213 188
213 194
213 196
213 201
213 202
213 209
213 621
214 156
214 171
214 178
214 185
214 194
214 200
214 201
214 203
214 209
214 621
215 155
215 171
215 176
215 178
215 186
215 193
215 195
215 200
215 203
215 204
215 210
215 211
215 212
215 213
215 214
215 621
216 155
216 171
216 177
216 186
216 188
216 193
216 195
216 199
216 204
216 215
216 216
216 217
216 621
217 154
217 155
217 171
217 175
217 180
217 186
217 188
217 192
217 195
217 199
217 203
217 204
217 218
217 219
217 621
218 152
218 153
218 172
218 175
218 180
218 192
218 194
218 199
218 202
218 203
218 219
218 220
218 621
219 151
219 152
219 172
219 175
219 180
219 192
219 194
219 198
219 201
219 202
219 221
219 222
220 151
220 173
220 174
220 175
220 179
220 191
220 194
220 198
220 200
220 201
220 222
220 223
221 150
221 179
221 191
221 194
221 198
221 200
221 223
222 149
222 150
222 179
222 191
222 194
222 197
222 224
223 149
223 179
223 191
223 192
223 193
223 197
223 199
223 224
224 148
224 178
224 197
224 199
224 225
225 148
225 178
225 225
226 148
226 178
226 196
226 225
227 148
227 177
227 196
227 198
227 225
228 148
228 177
228 196
228 198
228 225
229 148
229 177
229 196
229 225
230 639
