0 6
0 29
0 30
0 31
0 592
0 597
1 6
1 29
1 31
1 35
1 36
1 37
1 38
1 39
1 40
1 592
1 597
2 6
2 29
2 30
2 31
2 34
2 40
2 44
2 45
2 46
2 47
2 48
2 49
2 592
2 597
3 6
3 30
3 35
3 36
3 37
3 38
3 39
3 40
3 43
3 49
3 53
3 54
3 55
3 56
3 57
3 58
3 59
3 578
3 579
3 580
3 592
3 597
4 6
4 30
4 44
4 45
4 46
4 47
4 48
4 49
4 52
4 59
4 63
4 64
4 65
4 66
4 67
4 68
4 576
4 577
4 581
4 582
4 583
4 584
4 585
4 586
4 592
4 597
5 6
5 30
5 53
5 54
5 55
5 56
5 57
5 58
5 59
5 62
5 68
5 75
5 76
5 77
5 78
5 79
5 80
5 81
5 572
5 573
5 574
5 575
5 587
5 588
5 589
5 591
5 592
5 597
6 6
6 30
6 63
6 64
6 65
6 66
6 67
6 68
6 74
6 81
6 85
6 86
6 87
6 88
6 89
6 90
6 567
6 568
6 569
6 570
6 571
6 577
6 578
6 579
6 580
6 582
6 583
6 584
6 585
6 590
6 591
6 597
7 6
7 30
7 75
7 76
7 77
7 78
7 79
7 80
7 81
7 84
7 90
7 94
7 95
7 96
7 97
7 98
7 99
7 565
7 566
7 575
7 576
7 587
7 588
7 589
7 597
8 6
8 30
8 85
8 86
8 87
8 88
8 89
8 90
8 93
8 99
8 103
8 104
8 105
8 106
8 107
8 108
8 109
8 563
8 564
8 575
8 590
8 597
9 6
9 30
9 94
9 95
9 96
9 97
9 98
9 99
9 102
9 109
9 111
9 112
9 113
9 114
9 115
9 116
9 117
9 561
9 562
9 574
9 590
9 597
10 6
10 30
10 103
10 104
10 105
10 106
10 107
10 108
10 109
10 118
10 119
10 120
10 121
10 122
10 123
10 124
10 125
10 126
10 127
10 559
10 560
10 573
10 574
10 591
10 597
11 6
11 30
11 111
11 112
11 113
11 114
11 115
11 116
11 127
11 129
11 130
11 131
11 132
11 133
11 134
11 135
11 136
11 137
11 138
11 139
11 559
11 572
11 573
11 592
11 597
12 6
12 30
12 119
12 120
12 121
12 122
12 123
12 124
12 125
12 126
12 127
12 141
12 142
12 143
12 144
12 145
12 146
12 147
12 148
12 149
12 559
12 570
12 571
12 592
12 598
13 6
13 30
13 129
13 130
13 131
13 132
13 133
13 134
13 135
13 136
13 137
13 138
13 150
13 151
13 152
13 153
13 154
13 155
13 156
13 157
13 158
13 159
13 559
13 560
13 561
13 562
13 563
13 564
13 565
13 566
13 567
13 568
13 569
13 592
13 598
14 6
14 30
14 141
14 142
14 143
14 144
14 145
14 146
14 147
14 148
14 149
14 160
14 161
14 162
14 163
14 164
14 165
14 166
14 167
14 168
14 592
14 598
15 6
15 30
15 150
15 151
15 152
15 153
15 154
15 155
15 156
15 157
15 158
15 159
15 168
15 170
15 171
15 172
15 173
15 174
15 175
15 176
15 177
15 178
15 592
15 598
16 6
16 30
16 160
16 161
16 162
16 163
16 164
16 165
16 166
16 167
16 168
16 178
16 180
16 181
16 182
16 183
16 184
16 185
16 186
16 187
16 592
16 598
17 6
17 30
17 170
17 171
17 172
17 173
17 174
17 175
17 176
17 177
17 178
17 187
17 194
17 195
17 196
17 197
17 198
17 199
17 592
17 598
18 6
18 30
18 180
18 181
18 182
18 183
18 184
18 185
18 186
18 187
18 193
18 199
18 204
18 205
18 206
18 207
18 208
18 209
18 210
18 592
18 598
19 6
19 30
19 194
19 195
19 196
19 197
19 198
19 199
19 203
19 210
19 215
19 216
19 217
19 218
19 219
19 220
19 221
19 592
19 598
20 6
20 30
20 204
20 205
20 206
20 207
20 208
20 209
20 210
20 214
20 221
20 226
20 227
20 228
20 229
20 230
20 231
20 232
20 592
20 598
21 6
21 30
21 215
21 216
21 217
21 218
21 219
21 220
21 221
21 225
21 232
21 236
21 237
21 238
21 239
21 240
21 241
21 242
21 592
21 598
22 6
22 30
22 226
22 227
22 228
22 229
22 230
22 231
22 232
22 235
22 242
22 247
22 248
22 249
22 250
22 251
22 252
22 253
22 592
22 598
23 6
23 30
23 236
23 237
23 238
23 239
23 240
23 241
23 242
23 246
23 253
23 261
23 262
23 263
23 264
23 265
23 266
23 267
23 268
23 592
23 598
24 5
24 30
24 247
24 248
24 249
24 250
24 251
24 252
24 253
24 260
24 268
24 272
24 273
24 274
24 275
24 276
24 277
24 278
24 592
24 598
25 5
25 30
25 261
25 262
25 263
25 264
25 265
25 266
25 267
25 268
25 271
25 278
25 283
25 284
25 285
25 286
25 287
25 288
25 289
25 592
25 598
26 5
26 30
26 272
26 273
26 274
26 275
26 276
26 277
26 278
26 282
26 289
26 293
26 294
26 295
26 296
26 297
26 298
26 299
26 300
26 301
26 302
26 592
26 598
27 5
27 30
27 283
27 284
27 285
27 286
27 287
27 288
27 289
27 292
27 302
27 307
27 308
27 309
27 310
27 311
27 312
27 313
27 314
27 315
27 592
27 598
28 6
28 30
28 293
28 294
28 295
28 296
28 297
28 298
28 299
28 300
28 301
28 302
28 306
28 315
28 320
28 321
28 322
28 323
28 324
28 325
28 326
28 327
28 328
28 592
28 598
29 6
29 7
29 8
29 9
29 10
29 11
29 12
29 13
29 14
29 15
29 16
29 17
29 18
29 19
29 20
29 21
29 22
29 30
29 307
29 308
29 309
29 310
29 311
29 312
29 313
29 314
29 315
29 319
29 328
29 338
29 339
29 340
29 341
29 342
29 343
29 344
29 345
29 346
29 592
29 598
30 23
30 24
30 25
30 26
30 27
30 28
30 29
30 30
30 320
30 321
30 322
30 323
30 324
30 325
30 326
30 327
30 328
30 337
30 346
30 351
30 352
30 353
30 354
30 355
30 356
30 357
30 358
30 359
30 592
30 598
31 338
31 339
31 340
31 341
31 342
31 343
31 344
31 345
31 346
31 350
31 359
31 364
31 365
31 366
31 367
31 368
31 369
31 370
31 371
31 372
31 592
31 598
32 351
32 352
32 353
32 354
32 355
32 356
32 357
32 358
32 359
32 363
32 372
32 377
32 378
32 379
32 380
32 381
32 382
32 383
32 384
32 385
32 592
32 598
33 364
33 365
33 366
33 367
33 368
33 369
33 370
33 371
33 372
33 376
33 385
33 391
33 392
33 393
33 394
33 395
33 396
33 397
33 398
33 399
33 400
33 401
33 592
33 598
34 377
34 378
34 379
34 380
34 381
34 382
34 383
34 384
34 385
34 390
34 401
34 408
34 409
34 410
34 411
34 412
34 413
34 414
34 415
34 416
34 417
34 418
34 592
34 598
35 391
35 392
35 393
35 394
35 395
35 396
35 397
35 398
35 399
35 400
35 401
35 407
35 418
35 430
35 431
35 432
35 433
35 434
35 435
35 436
35 437
35 438
35 439
35 592
35 598
36 408
36 409
36 410
36 411
36 412
36 413
36 414
36 415
36 416
36 417
36 418
36 429
36 439
36 446
36 447
36 448
36 449
36 450
36 451
36 452
36 453
36 454
36 455
36 456
36 592
36 598
37 430
37 431
37 432
37 433
37 434
37 435
37 436
37 437
37 438
37 439
37 445
37 456
37 462
37 463
37 464
37 465
37 466
37 467
37 468
37 469
37 470
37 471
37 472
37 592
37 598
38 446
38 447
38 448
38 449
38 450
38 451
38 452
38 453
38 454
38 455
38 456
38 461
38 472
38 479
38 480
38 481
38 482
38 483
38 484
38 485
38 486
38 487
38 488
38 592
38 598
39 462
39 463
39 464
39 465
39 466
39 467
39 468
39 469
39 470
39 471
39 472
39 478
39 488
39 495
39 496
39 497
39 498
39 499
39 500
39 501
39 502
39 503
39 504
39 505
39 506
39 507
39 508
39 509
39 510
39 511
39 592
39 598
40 479
40 480
40 481
40 482
40 483
40 484
40 485
40 486
40 487
40 488
40 494
40 511
40 521
40 522
40 523
40 524
40 525
40 526
40 527
40 528
40 529
40 530
40 531
40 532
40 533
40 534
40 535
40 536
40 537
40 538
40 539
40 592
40 598
41 495
41 496
41 497
41 498
41 499
41 500
41 501
41 502
41 503
41 504
41 505
41 506
41 507
41 508
41 509
41 510
41 511
41 520
41 539
41 559
41 560
41 561
41 562
41 563
41 564
41 565
41 566
41 567
41 568
41 569
41 570
41 571
41 572
41 573
41 574
41 575
41 576
41 577
41 592
41 598
42 521
42 522
42 523
42 524
42 525
42 526
42 527
42 528
42 529
42 530
42 531
42 532
42 533
42 534
42 535
42 536
42 537
42 538
42 539
42 558
42 577
42 588
42 589
42 590
42 591
42 592
42 593
42 594
42 595
42 596
42 597
42 598
42 599
42 600
42 601
42 602
42 603
42 604
42 605
42 606
43 559
43 560
43 561
43 562
43 563
43 564
43 565
43 566
43 567
43 568
43 569
43 570
43 571
43 572
43 573
43 574
43 575
43 576
43 577
43 587
43 592
43 598
43 606
43 616
43 617
43 618
43 619
43 620
43 621
43 622
43 623
43 624
43 625
43 626
43 627
43 628
43 629
43 630
43 631
43 632
43 633
43 634
44 588
44 589
44 590
44 591
44 592
44 593
44 594
44 595
44 596
44 597
44 598
44 599
44 600
44 601
44 602
44 603
44 604
44 605
44 606
44 615
44 634
45 592
45 598
45 616
45 617
45 618
45 619
45 620
45 621
45 622
45 623
45 624
45 625
45 626
45 627
45 628
45 629
45 630
45 631
45 632
45 633
45 634
46 592
46 598
47 592
47 598
48 592
48 598
49 592
49 598
50 592
50 598
51 592
51 598
52 592
52 598
53 592
53 598
54 592
54 598
55 592
55 598
56 592
56 598
57 592
57 598
58 592
58 598
59 592
59 598
60 592
60 598
61 592
61 598
62 592
62 598
63 592
63 598
64 592
64 598
65 592
65 598
66 2
66 3
66 4
66 5
66 6
66 7
66 8
66 9
66 10
66 592
66 598
67 1
67 10
67 15
67 16
67 17
67 18
67 19
67 20
67 21
67 22
67 23
67 592
67 598
68 2
68 3
68 4
68 5
68 6
68 7
68 8
68 9
68 10
68 14
68 23
68 28
68 29
68 30
68 31
68 32
68 33
68 34
68 35
68 36
68 592
68 598
69 15
69 16
69 17
69 18
69 19
69 20
69 21
69 22
69 23
69 27
69 36
69 41
69 42
69 43
69 44
69 45
69 46
69 47
69 48
69 592
69 598
70 28
70 29
70 30
70 31
70 32
70 33
70 34
70 35
70 36
70 40
70 48
70 53
70 54
70 55
70 56
70 57
70 58
70 59
70 60
70 61
70 592
70 598
71 41
71 42
71 43
71 44
71 45
71 46
71 47
71 48
71 52
71 61
71 71
71 72
71 76
71 77
71 78
71 79
71 80
71 81
71 82
71 83
71 84
71 85
71 86
71 87
71 589
71 590
71 592
71 598
72 53
72 54
72 55
72 56
72 57
72 58
72 59
72 60
72 61
72 70
72 75
72 87
72 93
72 94
72 95
72 96
72 97
72 98
72 99
72 100
72 101
72 102
72 103
72 104
72 589
72 592
72 598
73 71
73 72
73 76
73 77
73 78
73 79
73 80
73 81
73 82
73 83
73 84
73 85
73 86
73 87
73 92
73 104
73 110
73 111
73 112
73 113
73 114
73 115
73 116
73 117
73 118
73 119
73 120
73 121
73 584
73 585
73 586
73 587
73 588
73 592
73 598
74 93
74 94
74 95
74 96
74 97
74 98
74 99
74 100
74 101
74 102
74 103
74 104
74 109
74 121
74 127
74 128
74 129
74 130
74 131
74 132
74 133
74 134
74 135
74 136
74 137
74 138
74 560
74 561
74 562
74 578
74 579
74 580
74 581
74 582
74 583
74 592
74 599
75 110
75 111
75 112
75 113
75 114
75 115
75 116
75 117
75 118
75 119
75 120
75 121
75 126
75 138
75 144
75 145
75 146
75 147
75 148
75 149
75 150
75 151
75 152
75 153
75 154
75 155
75 156
75 559
75 562
75 572
75 573
75 574
75 575
75 576
75 577
75 592
75 599
76 127
76 128
76 129
76 130
76 131
76 132
76 133
76 134
76 135
76 136
76 137
76 138
76 143
76 156
76 158
76 159
76 160
76 161
76 162
76 163
76 164
76 165
76 166
76 167
76 168
76 169
76 170
76 171
76 172
76 173
76 174
76 558
76 562
76 566
76 567
76 568
76 569
76 570
76 571
76 592
76 599
77 144
77 145
77 146
77 147
77 148
77 149
77 150
77 151
77 152
77 153
77 154
77 155
77 156
77 174
77 185
77 186
77 187
77 188
77 189
77 190
77 191
77 192
77 193
77 194
77 195
77 196
77 197
77 198
77 199
77 525
77 526
77 527
77 528
77 558
77 559
77 560
77 561
77 562
77 565
77 592
77 599
78 158
78 159
78 160
78 161
78 162
78 163
78 164
78 165
78 166
78 167
78 168
78 169
78 170
78 171
78 172
78 173
78 174
78 184
78 199
78 205
78 206
78 207
78 208
78 209
78 210
78 211
78 212
78 213
78 214
78 215
78 216
78 217
78 218
78 523
78 524
78 530
78 531
78 532
78 553
78 554
78 555
78 556
78 585
78 586
78 587
78 588
78 589
78 590
78 591
78 592
78 599
79 185
79 186
79 187
79 188
79 189
79 190
79 191
79 192
79 193
79 194
79 195
79 196
79 197
79 198
79 199
79 204
79 214
79 216
79 218
79 224
79 225
79 226
79 227
79 228
79 229
79 230
79 231
79 232
79 233
79 234
79 235
79 521
79 522
79 523
79 530
79 533
79 548
79 549
79 550
79 551
79 552
79 578
79 579
79 580
79 581
79 582
79 583
79 584
79 592
79 599
80 205
80 206
80 207
80 208
80 209
80 210
80 211
80 212
80 213
80 214
80 215
80 216
80 217
80 218
80 223
80 235
80 241
80 242
80 243
80 244
80 245
80 246
80 247
80 248
80 249
80 250
80 251
80 252
80 519
80 520
80 530
80 531
80 533
80 544
80 545
80 546
80 547
80 571
80 572
80 573
80 574
80 575
80 576
80 577
80 592
80 599
81 224
81 225
81 226
81 227
81 228
81 229
81 230
81 231
81 232
81 233
81 234
81 235
81 240
81 252
81 259
81 260
81 261
81 262
81 263
81 264
81 265
81 266
81 267
81 268
81 269
81 519
81 528
81 531
81 533
81 539
81 540
81 541
81 542
81 543
81 565
81 567
81 568
81 569
81 570
81 592
81 599
82 241
82 242
82 243
82 244
82 245
82 246
82 247
82 248
82 249
82 250
82 251
82 252
82 258
82 269
82 276
82 277
82 278
82 279
82 280
82 281
82 282
82 283
82 284
82 285
82 286
82 287
82 288
82 518
82 528
82 531
82 533
82 535
82 536
82 537
82 538
82 561
82 562
82 564
82 566
82 592
82 599
83 259
83 260
83 261
83 262
83 263
83 264
83 265
83 266
83 267
83 268
83 269
83 275
83 288
83 306
83 307
83 308
83 309
83 310
83 311
83 312
83 313
83 314
83 315
83 316
83 317
83 318
83 319
83 320
83 321
83 518
83 529
83 530
83 531
83 532
83 533
83 553
83 554
83 555
83 556
83 558
83 559
83 560
83 564
83 566
83 592
83 599
84 276
84 277
84 278
84 279
84 280
84 281
84 282
84 283
84 284
84 285
84 286
84 287
84 288
84 305
84 321
84 331
84 332
84 333
84 334
84 335
84 336
84 337
84 338
84 339
84 340
84 341
84 342
84 343
84 344
84 345
84 346
84 347
84 518
84 529
84 547
84 548
84 549
84 550
84 551
84 552
84 558
84 564
84 566
84 592
84 599
85 306
85 307
85 308
85 309
85 310
85 311
85 312
85 313
85 314
85 315
85 316
85 317
85 318
85 319
85 320
85 321
85 330
85 347
85 356
85 357
85 358
85 359
85 360
85 361
85 362
85 363
85 364
85 365
85 366
85 367
85 368
85 369
85 370
85 371
85 372
85 528
85 542
85 543
85 544
85 545
85 546
85 558
85 560
85 564
85 566
85 592
85 599
86 331
86 332
86 333
86 334
86 335
86 336
86 337
86 338
86 339
86 340
86 341
86 342
86 343
86 344
86 345
86 346
86 347
86 355
86 372
86 381
86 382
86 383
86 384
86 385
86 386
86 387
86 388
86 389
86 390
86 391
86 392
86 393
86 394
86 395
86 396
86 397
86 516
86 517
86 518
86 519
86 520
86 521
86 522
86 528
86 537
86 538
86 539
86 540
86 541
86 558
86 560
86 564
86 565
86 566
86 567
86 568
86 569
86 592
86 599
87 356
87 357
87 358
87 359
87 360
87 361
87 362
87 363
87 364
87 365
87 366
87 367
87 368
87 369
87 370
87 371
87 372
87 380
87 397
87 406
87 407
87 408
87 409
87 410
87 411
87 412
87 413
87 414
87 415
87 416
87 417
87 418
87 419
87 420
87 421
87 422
87 489
87 490
87 511
87 512
87 513
87 514
87 515
87 523
87 528
87 532
87 534
87 535
87 536
87 558
87 559
87 560
87 561
87 562
87 563
87 570
87 592
87 599
88 381
88 382
88 383
88 384
88 385
88 386
88 387
88 388
88 389
88 390
88 391
88 392
88 393
88 394
88 395
88 396
88 397
88 405
88 422
88 432
88 433
88 434
88 435
88 436
88 437
88 438
88 439
88 440
88 441
88 442
88 443
88 444
88 445
88 446
88 447
88 488
88 491
88 507
88 508
88 509
88 510
88 523
88 529
88 531
88 533
88 570
88 591
88 599
89 262
89 406
89 407
89 408
89 409
89 410
89 411
89 412
89 413
89 414
89 415
89 416
89 417
89 418
89 419
89 420
89 421
89 422
89 431
89 447
89 465
89 466
89 467
89 468
89 469
89 470
89 471
89 472
89 473
89 474
89 475
89 476
89 477
89 478
89 479
89 480
89 481
89 487
89 494
89 519
89 520
89 531
89 533
89 548
89 549
89 550
89 553
89 554
89 555
89 556
89 557
89 559
89 570
89 591
89 599
90 261
90 263
90 432
90 433
90 434
90 435
90 436
90 437
90 438
90 439
90 440
90 441
90 442
90 443
90 444
90 445
90 446
90 447
90 464
90 481
90 485
90 486
90 487
90 490
90 491
90 492
90 493
90 495
90 496
90 497
90 498
90 499
90 500
90 501
90 502
90 503
90 504
90 505
90 506
90 514
90 515
90 516
90 517
90 518
90 519
90 528
90 531
90 533
90 548
90 550
90 552
90 569
90 591
90 599
91 261
91 263
91 465
91 466
91 467
91 468
91 469
91 470
91 471
91 472
91 473
91 474
91 475
91 476
91 477
91 479
91 480
91 481
91 484
91 489
91 494
91 506
91 509
91 510
91 511
91 512
91 513
91 522
91 523
91 524
91 525
91 526
91 527
91 528
91 529
91 530
91 531
91 532
91 533
91 534
91 535
91 536
91 537
91 538
91 539
91 540
91 541
91 542
91 543
91 544
91 545
91 546
91 547
91 548
91 549
91 550
91 551
91 552
91 553
91 554
91 555
91 556
91 557
91 558
91 559
91 560
91 561
91 562
91 563
91 564
91 569
91 591
91 598
92 261
92 263
92 477
92 479
92 490
92 491
92 492
92 496
92 497
92 498
92 499
92 500
92 501
92 502
92 503
92 504
92 505
92 506
92 519
92 521
92 528
92 531
92 533
92 564
92 569
92 587
92 588
92 589
92 590
92 591
92 592
92 593
92 594
92 595
92 596
92 597
92 598
92 599
92 600
92 601
92 602
92 603
92 604
92 605
92 606
92 607
92 608
92 609
92 610
92 611
92 612
92 613
92 614
92 615
92 616
92 617
92 618
92 619
92 620
92 621
92 622
92 623
92 624
92 625
92 626
92 627
92 628
93 261
93 263
93 469
93 477
93 479
93 491
93 521
93 522
93 523
93 524
93 525
93 526
93 527
93 528
93 529
93 530
93 531
93 532
93 533
93 534
93 535
93 536
93 537
93 538
93 539
93 540
93 541
93 542
93 543
93 544
93 545
93 546
93 547
93 548
93 549
93 550
93 551
93 552
93 553
93 554
93 555
93 556
93 557
93 558
93 559
93 560
93 561
93 562
93 563
93 564
93 569
93 586
93 591
93 598
93 628
94 261
94 263
94 469
94 478
94 479
94 480
94 481
94 482
94 483
94 492
94 493
94 494
94 495
94 496
94 497
94 528
94 531
94 533
94 543
94 569
94 587
94 588
94 589
94 590
94 591
94 592
94 593
94 594
94 595
94 596
94 597
94 598
94 599
94 600
94 601
94 602
94 603
94 604
94 605
94 606
94 607
94 608
94 609
94 610
94 611
94 612
94 613
94 614
94 615
94 616
94 617
94 618
94 619
94 620
94 621
94 622
94 623
94 624
94 625
94 626
94 627
94 628
95 261
95 263
95 469
95 478
95 484
95 485
95 492
95 523
95 528
95 531
95 533
95 543
95 569
95 591
95 598
96 16
96 17
96 18
96 19
96 20
96 21
96 27
96 261
96 263
96 469
96 482
96 491
96 520
96 528
96 531
96 533
96 543
96 569
96 591
96 598
97 16
97 22
97 23
97 25
97 26
97 28
97 34
97 35
97 255
97 256
97 257
97 258
97 259
97 260
97 261
97 263
97 469
97 478
97 480
97 484
97 491
97 519
97 528
97 531
97 532
97 533
97 543
97 569
97 591
97 598
98 16
98 23
98 24
98 25
98 28
98 30
98 31
98 32
98 33
98 36
98 37
98 254
98 263
98 264
98 265
98 266
98 267
98 268
98 468
98 477
98 479
98 491
98 519
98 528
98 544
98 569
98 591
98 598
99 8
99 9
99 10
99 11
99 12
99 13
99 14
99 37
99 38
99 39
99 254
99 268
99 270
99 271
99 468
99 477
99 479
99 484
99 491
99 494
99 519
99 528
99 544
99 568
99 591
99 598
100 0
100 1
100 2
100 3
100 4
100 5
100 6
100 7
100 40
100 41
100 261
100 262
100 263
100 264
100 265
100 266
100 267
100 268
100 272
100 273
100 468
100 477
100 479
100 483
100 491
100 493
100 495
100 519
100 528
100 544
100 564
100 565
100 566
100 567
100 591
100 598
101 41
101 42
101 269
101 270
101 275
101 276
101 280
101 281
101 469
101 470
101 471
101 477
101 479
101 483
101 491
101 493
101 495
101 520
101 521
101 529
101 530
101 544
101 559
101 560
101 561
101 562
101 563
101 591
101 598
102 42
102 43
102 44
102 272
102 273
102 277
102 278
102 280
102 468
102 471
102 477
102 478
102 479
102 484
102 491
102 493
102 495
102 522
102 523
102 528
102 530
102 544
102 555
102 556
102 557
102 558
102 591
102 598
103 45
103 275
103 276
103 280
103 468
103 469
103 470
103 471
103 485
103 486
103 491
103 493
103 495
103 523
103 528
103 529
103 530
103 544
103 551
103 552
103 553
103 554
103 591
103 598
104 46
104 277
104 278
104 468
104 477
104 491
104 493
104 495
104 524
104 525
104 526
104 527
104 528
104 544
104 547
104 548
104 549
104 550
104 591
104 598
105 46
105 279
105 467
105 477
105 483
105 491
105 493
105 495
105 544
105 546
105 591
105 598
106 47
106 48
106 54
106 55
106 56
106 57
106 58
106 279
106 467
106 477
106 482
106 491
106 493
106 495
106 591
106 598
106 630
106 631
107 49
107 50
107 51
107 52
107 53
107 58
107 59
107 279
107 467
107 477
107 482
107 491
107 493
107 495
107 591
107 598
107 628
107 629
107 632
108 59
108 279
108 468
108 469
108 476
108 483
108 491
108 493
108 495
108 591
108 598
108 620
108 621
108 622
108 626
108 627
108 632
109 60
109 61
109 62
109 279
109 476
109 483
109 484
109 491
109 493
109 495
109 591
109 598
109 618
109 619
109 620
109 622
109 626
109 632
110 279
110 469
110 476
110 485
110 486
110 491
110 492
110 494
110 495
110 516
110 517
110 518
110 519
110 591
110 598
110 617
110 623
110 624
110 625
110 632
110 633
110 634
111 62
111 63
111 64
111 65
111 66
111 279
111 468
111 476
111 486
111 491
111 514
111 515
111 519
111 591
111 598
111 616
111 634
112 67
112 279
112 432
112 433
112 434
112 468
112 476
112 487
112 488
112 489
112 490
112 491
112 492
112 493
112 513
112 520
112 591
112 598
112 615
112 634
113 68
113 69
113 70
113 71
113 279
113 431
113 432
113 434
113 435
113 436
113 437
113 468
113 476
113 512
113 520
113 591
113 598
113 614
113 635
113 636
113 637
113 638
113 639
114 71
114 72
114 279
114 431
114 438
114 439
114 469
114 470
114 476
114 509
114 512
114 520
114 591
114 598
114 614
115 72
115 73
115 279
115 430
115 440
115 471
115 476
115 508
115 510
115 512
115 521
115 591
115 598
115 609
115 610
115 614
116 73
116 74
116 279
116 429
116 430
116 440
116 471
116 476
116 508
116 510
116 511
116 512
116 521
116 591
116 598
116 609
116 611
116 612
116 613
116 614
117 75
117 83
117 84
117 85
117 86
117 87
117 88
117 279
117 361
117 362
117 363
117 364
117 365
117 366
117 367
117 441
117 472
117 473
117 474
117 475
117 506
117 507
117 522
117 523
117 524
117 525
117 526
117 527
117 534
117 535
117 591
117 598
117 608
118 75
118 80
118 81
118 82
118 89
118 279
118 336
118 337
118 338
118 339
118 340
118 341
118 361
118 368
118 369
118 370
118 427
118 428
118 441
118 506
118 527
118 529
118 533
118 534
118 543
118 544
118 591
118 598
118 608
119 76
119 78
119 79
119 89
119 279
119 335
119 342
119 349
119 350
119 351
119 362
119 426
119 442
119 443
119 444
119 505
119 530
119 533
119 535
119 540
119 545
119 591
119 598
119 604
119 605
119 606
119 607
120 73
120 74
120 77
120 80
120 81
120 164
120 165
120 166
120 167
120 168
120 169
120 170
120 210
120 211
120 279
120 334
120 342
120 348
120 349
120 351
120 362
120 370
120 426
120 445
120 446
120 487
120 488
120 489
120 505
120 530
120 532
120 535
120 539
120 541
120 543
120 546
120 554
120 555
120 591
120 598
120 603
121 72
121 79
121 83
121 163
121 171
121 209
121 212
121 213
121 214
121 215
121 279
121 330
121 331
121 334
121 343
121 344
121 345
121 346
121 347
121 352
121 358
121 359
121 360
121 371
121 378
121 379
121 380
121 427
121 447
121 448
121 449
121 450
121 451
121 453
121 454
121 479
121 480
121 484
121 485
121 486
121 490
121 505
121 530
121 532
121 535
121 538
121 541
121 543
121 547
121 548
121 549
121 551
121 552
121 553
121 556
121 557
121 591
121 598
121 603
122 70
122 74
122 75
122 80
122 81
122 82
122 84
122 85
122 162
122 171
122 208
122 216
122 280
122 329
122 332
122 333
122 334
122 352
122 358
122 371
122 377
122 380
122 381
122 427
122 451
122 453
122 478
122 479
122 482
122 483
122 491
122 492
122 493
122 494
122 505
122 535
122 537
122 550
122 552
122 557
122 558
122 591
122 599
122 603
123 85
123 88
123 89
123 90
123 91
123 162
123 171
123 208
123 216
123 280
123 282
123 328
123 353
123 354
123 355
123 356
123 357
123 371
123 373
123 374
123 375
123 376
123 381
123 427
123 455
123 477
123 478
123 480
123 482
123 494
123 495
123 505
123 550
123 552
123 559
123 560
123 590
123 600
123 601
123 602
123 603
124 69
124 71
124 72
124 86
124 87
124 91
124 163
124 171
124 208
124 216
124 247
124 248
124 249
124 250
124 251
124 280
124 282
124 328
124 371
124 372
124 373
124 381
124 425
124 426
124 455
124 456
124 477
124 495
124 496
124 505
124 560
124 561
124 590
124 598
125 68
125 71
125 84
125 88
125 91
125 163
125 171
125 208
125 216
125 246
125 252
125 280
125 282
125 327
125 381
125 425
125 456
125 476
125 496
125 503
125 504
125 561
125 562
125 590
125 598
126 67
126 83
126 86
126 87
126 163
126 170
126 208
126 216
126 245
126 252
126 280
126 282
126 322
126 323
126 324
126 327
126 381
126 424
126 456
126 475
126 476
126 496
126 498
126 499
126 503
126 562
126 563
126 590
126 592
126 598
127 66
127 69
127 84
127 85
127 89
127 90
127 163
127 170
127 208
127 215
127 245
127 252
127 280
127 282
127 322
127 324
127 325
127 326
127 381
127 385
127 424
127 456
127 474
127 499
127 500
127 501
127 502
127 503
127 563
127 590
127 598
128 68
128 86
128 87
128 88
128 90
128 162
128 163
128 170
128 208
128 215
128 245
128 252
128 280
128 282
128 322
128 382
128 383
128 384
128 386
128 387
128 424
128 456
128 473
128 563
128 590
128 598
129 65
129 90
129 161
129 163
129 171
129 172
129 173
129 174
129 175
129 176
129 177
129 178
129 179
129 180
129 181
129 182
129 183
129 184
129 208
129 215
129 245
129 252
129 280
129 282
129 322
129 387
129 424
129 456
129 468
129 469
129 470
129 471
129 472
129 563
129 589
129 590
129 598
130 65
130 67
130 91
130 161
130 163
130 171
130 185
130 186
130 187
130 188
130 189
130 190
130 191
130 192
130 193
130 194
130 195
130 196
130 197
130 198
130 199
130 200
130 201
130 202
130 203
130 204
130 208
130 215
130 245
130 252
130 280
130 321
130 322
130 387
130 423
130 457
130 458
130 467
130 468
130 564
130 587
130 588
130 598
131 65
131 67
131 91
131 163
131 171
131 205
131 206
131 207
131 208
131 216
131 217
131 218
131 219
131 220
131 221
131 222
131 223
131 224
131 225
131 226
131 227
131 228
131 229
131 230
131 231
131 232
131 245
131 252
131 283
131 284
131 321
131 387
131 422
131 423
131 466
131 467
131 564
131 565
131 582
131 583
131 584
131 585
131 586
131 591
131 598
132 65
132 67
132 91
132 163
132 171
132 186
132 187
132 188
132 189
132 190
132 191
132 192
132 208
132 216
132 233
132 234
132 235
132 236
132 237
132 238
132 239
132 240
132 241
132 242
132 243
132 244
132 245
132 253
132 278
132 285
132 320
132 388
132 422
132 457
132 458
132 466
132 565
132 566
132 582
132 591
132 598
133 65
133 67
133 92
133 163
133 170
133 206
133 207
133 208
133 216
133 245
133 253
133 255
133 256
133 257
133 258
133 259
133 260
133 261
133 262
133 263
133 264
133 265
133 266
133 267
133 268
133 269
133 270
133 271
133 272
133 273
133 274
133 278
133 285
133 317
133 318
133 319
133 320
133 388
133 389
133 421
133 457
133 465
133 567
133 581
133 591
133 598
134 65
134 67
134 92
134 93
134 163
134 170
134 208
134 216
134 230
134 231
134 232
134 233
134 245
134 252
134 275
134 276
134 277
134 278
134 285
134 317
134 389
134 420
134 421
134 457
134 458
134 462
134 463
134 464
134 568
134 572
134 573
134 574
134 581
134 591
134 598
135 65
135 67
135 93
135 94
135 163
135 170
135 208
135 215
135 245
135 253
135 254
135 278
135 285
135 317
135 389
135 419
135 458
135 461
135 569
135 570
135 571
135 574
135 575
135 576
135 579
135 580
135 591
135 598
135 619
135 620
135 621
135 622
135 623
136 65
136 67
136 95
136 96
136 163
136 170
136 208
136 215
136 245
136 253
136 256
136 257
136 258
136 268
136 269
136 270
136 271
136 272
136 274
136 278
136 284
136 317
136 389
136 418
136 459
136 460
136 578
136 588
136 589
136 590
136 591
136 592
136 593
136 594
136 595
136 596
136 597
136 598
136 599
136 600
136 601
136 602
136 603
136 604
136 605
136 606
136 607
136 608
136 609
136 610
136 611
136 612
136 613
136 614
136 615
136 616
136 617
136 618
136 624
136 625
137 65
137 67
137 96
137 163
137 167
137 168
137 169
137 170
137 208
137 213
137 214
137 215
137 245
137 252
137 256
137 258
137 273
137 275
137 277
137 278
137 284
137 316
137 317
137 388
137 417
137 418
137 587
137 625
138 65
138 67
138 94
138 95
138 96
138 164
138 165
138 166
138 209
138 210
138 211
138 212
138 246
138 247
138 248
138 252
138 256
138 258
138 259
138 260
138 261
138 262
138 263
138 264
138 265
138 266
138 267
138 268
138 269
138 270
138 271
138 272
138 273
138 275
138 284
138 313
138 314
138 315
138 316
138 388
138 417
138 586
138 625
139 65
139 67
139 94
139 249
139 250
139 251
139 252
139 255
139 273
139 275
139 276
139 284
139 311
139 312
139 388
139 416
139 586
139 625
140 64
140 94
140 254
140 273
140 274
140 276
140 284
140 311
140 387
140 416
140 586
140 625
141 64
141 66
141 94
141 254
141 276
141 284
141 310
141 388
141 389
141 416
141 586
141 625
142 64
142 66
142 94
142 254
142 276
142 284
142 310
142 390
142 416
142 535
142 586
142 625
143 64
143 66
143 93
143 94
143 254
143 276
143 284
143 309
143 310
143 390
143 415
143 534
143 536
143 537
143 538
143 539
143 540
143 541
143 542
143 543
143 544
143 586
143 625
144 64
144 66
144 93
144 254
144 276
144 284
144 308
144 390
144 415
144 533
144 545
144 548
144 586
144 625
145 64
145 66
145 92
145 255
145 256
145 257
145 258
145 259
145 260
145 261
145 262
145 263
145 264
145 265
145 266
145 267
145 268
145 269
145 270
145 271
145 272
145 273
145 274
145 275
145 276
145 278
145 283
145 284
145 306
145 307
145 390
145 415
145 533
145 546
145 547
145 549
145 586
145 625
146 64
146 66
146 92
146 280
146 281
146 306
146 390
146 415
146 532
146 549
146 586
146 625
147 64
147 66
147 84
147 85
147 86
147 90
147 91
147 279
147 306
147 390
147 415
147 532
147 549
147 586
147 625
148 64
148 66
148 84
148 87
148 88
148 89
148 90
148 279
148 306
148 390
148 415
148 532
148 549
148 586
148 625
149 64
149 66
149 84
149 85
149 279
149 305
149 391
149 392
149 393
149 414
149 532
149 549
149 586
149 625
150 64
150 66
150 86
150 87
150 279
150 304
150 394
150 395
150 415
150 419
150 532
150 549
150 586
150 625
151 64
151 66
151 87
151 88
151 279
151 304
151 396
151 416
151 420
151 424
151 425
151 533
151 546
151 549
151 586
151 625
152 64
152 66
152 88
152 89
152 279
152 304
152 396
152 417
152 418
152 420
152 421
152 422
152 423
152 426
152 533
152 534
152 535
152 540
152 541
152 542
152 543
152 544
152 545
152 549
152 586
152 625
153 64
153 66
153 89
153 90
153 279
153 304
153 395
153 396
153 426
153 536
153 537
153 538
153 539
153 546
153 549
153 586
153 625
154 64
154 66
154 90
154 240
154 241
154 242
154 243
154 244
154 279
154 304
154 395
154 412
154 413
154 414
154 415
154 416
154 425
154 426
154 546
154 549
154 586
154 625
155 64
155 66
155 90
155 237
155 238
155 244
155 279
155 303
155 304
155 394
155 410
155 411
155 417
155 418
155 419
155 420
155 421
155 422
155 424
155 425
155 546
155 549
155 586
155 625
156 64
156 66
156 91
156 236
156 240
156 241
156 242
156 243
156 244
156 279
156 303
156 390
156 391
156 392
156 393
156 409
156 422
156 424
156 546
156 549
156 586
156 625
157 64
157 66
157 91
157 92
157 93
157 94
157 238
157 279
157 302
157 389
157 392
157 399
157 400
157 401
157 402
157 409
157 411
157 412
157 413
157 546
157 549
157 586
157 625
158 64
158 234
158 237
158 279
158 301
158 390
158 391
158 392
158 393
158 394
158 395
158 396
158 397
158 398
158 402
158 408
158 410
158 546
158 549
158 586
158 625
159 63
159 91
159 94
159 233
159 236
159 279
159 298
159 402
159 407
159 412
159 546
159 549
159 586
159 625
160 63
160 65
160 90
160 94
160 232
160 235
160 279
160 297
160 299
160 402
160 406
160 407
160 546
160 549
160 586
160 625
161 63
161 65
161 91
161 92
161 103
161 104
161 232
161 234
161 279
161 296
161 403
161 405
161 406
161 546
161 549
161 586
161 625
162 63
162 65
162 93
162 96
162 97
162 98
162 99
162 102
162 105
162 106
162 279
162 295
162 296
162 403
162 404
162 405
162 546
162 549
162 586
162 625
163 63
163 65
163 93
163 95
163 100
163 106
163 279
163 294
163 546
163 549
163 586
163 625
164 63
164 65
164 106
164 159
164 279
164 294
164 546
164 549
164 586
164 625
165 63
165 65
165 106
165 154
165 155
165 156
165 157
165 158
165 279
165 294
165 546
165 549
165 587
165 616
165 617
165 618
165 619
165 620
165 621
165 622
165 623
165 624
165 625
166 63
166 65
166 105
166 152
166 153
166 279
166 292
166 293
166 294
166 546
166 549
166 587
166 588
166 589
166 592
166 593
166 594
166 595
166 596
166 599
166 600
166 601
166 602
166 603
166 604
166 606
166 608
166 609
166 610
166 611
166 612
166 613
166 614
166 615
167 63
167 65
167 105
167 152
167 158
167 279
167 292
167 379
167 546
167 549
167 590
167 591
167 597
167 598
167 605
167 607
168 29
168 30
168 31
168 33
168 35
168 36
168 63
168 65
168 105
168 107
168 108
168 110
168 158
168 159
168 163
168 164
168 279
168 292
168 377
168 378
168 380
168 381
168 546
168 549
168 590
168 597
168 605
168 607
169 28
169 32
169 34
169 37
169 63
169 65
169 108
169 109
169 151
169 152
169 153
169 154
169 159
169 160
169 163
169 165
169 166
169 167
169 168
169 169
169 279
169 282
169 283
169 292
169 375
169 376
169 382
169 546
169 549
169 590
169 597
169 605
169 607
170 27
170 32
170 34
170 37
170 63
170 65
170 109
170 149
170 150
170 161
170 163
170 278
170 284
170 292
170 375
170 382
170 546
170 549
170 590
170 597
170 605
170 607
171 27
171 32
171 34
171 37
171 63
171 65
171 110
171 111
171 149
171 161
171 162
171 163
171 169
171 184
171 185
171 186
171 187
171 191
171 201
171 202
171 203
171 204
171 226
171 277
171 284
171 292
171 375
171 382
171 546
171 549
171 590
171 597
171 605
171 607
172 27
172 32
172 34
172 37
172 63
172 65
172 112
172 169
172 170
172 182
172 183
172 187
172 188
172 189
172 190
172 192
172 193
172 197
172 198
172 199
172 200
172 205
172 206
172 207
172 208
172 222
172 223
172 224
172 225
172 227
172 228
172 244
172 245
172 246
172 247
172 248
172 249
172 250
172 251
172 252
172 253
172 254
172 271
172 277
172 284
172 292
172 376
172 382
172 546
172 549
172 590
172 597
172 605
172 607
173 27
173 32
173 34
173 37
173 63
173 65
173 112
173 151
173 152
173 170
173 171
173 172
173 173
173 174
173 175
173 176
173 177
173 178
173 179
173 180
173 181
173 182
173 193
173 194
173 195
173 196
173 209
173 210
173 211
173 212
173 213
173 214
173 215
173 216
173 217
173 218
173 219
173 220
173 221
173 229
173 230
173 231
173 255
173 270
173 272
173 277
173 284
173 290
173 291
173 292
173 376
173 381
173 546
173 549
173 590
173 597
173 605
173 607
174 27
174 32
174 34
174 37
174 63
174 65
174 113
174 147
174 148
174 232
174 233
174 234
174 235
174 236
174 237
174 238
174 245
174 246
174 247
174 255
174 270
174 272
174 277
174 290
174 374
174 377
174 378
174 379
174 380
174 381
174 546
174 549
174 590
174 598
174 605
174 607
175 27
175 32
175 34
175 37
175 63
175 65
175 113
175 114
175 115
175 116
175 117
175 135
175 136
175 137
175 140
175 141
175 142
175 145
175 146
175 239
175 240
175 241
175 242
175 243
175 244
175 248
175 249
175 250
175 251
175 252
175 253
175 254
175 255
175 256
175 257
175 258
175 259
175 260
175 261
175 262
175 263
175 264
175 265
175 266
175 267
175 268
175 269
175 270
175 271
175 272
175 273
175 274
175 275
175 276
175 285
175 286
175 287
175 288
175 289
175 374
175 376
175 423
175 424
175 425
175 546
175 549
175 590
175 598
175 605
175 607
176 27
176 32
176 34
176 37
176 63
176 65
176 118
176 124
176 125
176 132
176 133
176 134
176 138
176 139
176 140
176 143
176 144
176 145
176 277
176 278
176 283
176 284
176 374
176 376
176 422
176 425
176 546
176 549
176 590
176 598
176 605
176 607
177 28
177 29
177 30
177 31
177 32
177 33
177 34
177 35
177 36
177 37
177 63
177 118
177 122
177 123
177 126
177 127
177 128
177 129
177 130
177 131
177 270
177 272
177 279
177 280
177 281
177 282
177 374
177 376
177 422
177 425
177 546
177 549
177 590
177 598
177 605
177 607
178 62
178 119
178 120
178 121
178 270
178 271
178 272
178 273
178 279
178 374
178 376
178 422
178 425
178 546
178 549
178 590
178 598
178 605
178 607
179 32
179 34
179 62
179 198
179 233
179 270
179 274
179 279
179 374
179 376
179 422
179 425
179 546
179 551
179 552
179 553
179 554
179 555
179 556
179 565
179 566
179 567
179 568
179 569
179 570
179 590
179 598
179 605
179 607
180 32
180 34
180 62
180 64
180 196
180 197
180 199
180 200
180 232
180 234
180 269
180 274
180 279
180 374
180 376
180 423
180 425
180 532
180 533
180 534
180 535
180 536
180 537
180 538
180 539
180 540
180 541
180 542
180 543
180 544
180 545
180 550
180 557
180 558
180 559
180 560
180 561
180 562
180 563
180 564
180 571
180 572
180 573
180 574
180 575
180 576
180 577
180 578
180 579
180 580
180 581
180 582
180 583
180 584
180 585
180 590
180 598
180 605
180 607
181 32
181 34
181 62
181 64
181 195
181 200
181 232
181 234
181 269
181 274
181 279
181 374
181 376
181 423
181 425
181 531
181 546
181 549
181 586
181 587
181 588
181 589
181 600
181 601
181 602
181 603
181 604
181 607
181 609
181 610
181 611
181 612
181 613
181 614
181 615
181 616
181 617
181 618
181 619
181 620
181 621
181 622
181 623
181 624
181 625
181 626
181 627
181 628
181 629
181 630
181 631
182 32
182 34
182 62
182 64
182 196
182 200
182 232
182 234
182 269
182 270
182 271
182 272
182 273
182 274
182 279
182 374
182 376
182 423
182 425
182 530
182 546
182 549
182 590
182 599
182 605
182 607
182 608
182 632
182 633
182 634
182 635
182 636
182 637
182 638
182 639
183 32
183 34
183 62
183 64
183 196
183 200
183 232
183 234
183 279
183 281
183 374
183 376
183 423
183 425
183 530
183 546
183 549
183 590
183 598
183 605
183 607
184 32
184 34
184 62
184 64
184 196
184 197
184 198
184 199
184 200
184 232
184 234
184 278
184 281
184 374
184 376
184 423
184 425
184 529
184 546
184 549
184 590
184 598
184 605
184 607
185 32
185 34
185 62
185 64
185 232
185 234
185 278
185 281
185 374
185 376
185 424
185 529
185 546
185 549
185 590
185 598
185 605
185 607
186 32
186 34
186 62
186 64
186 197
186 199
186 232
186 234
186 278
186 281
186 374
186 376
186 422
186 424
186 521
186 522
186 523
186 524
186 525
186 526
186 527
186 528
186 529
186 531
186 532
186 533
186 534
186 535
186 536
186 537
186 538
186 539
186 540
186 541
186 542
186 543
186 544
186 545
186 546
186 550
186 551
186 552
186 553
186 554
186 555
186 556
186 557
186 558
186 559
186 560
186 561
186 562
186 563
186 564
186 565
186 566
186 567
186 590
186 598
186 605
186 607
187 32
187 34
187 62
187 64
187 161
187 162
187 197
187 199
187 232
187 234
187 278
187 281
187 374
187 376
187 422
187 424
187 518
187 519
187 520
187 546
187 550
187 568
187 569
187 570
187 571
187 572
187 573
187 574
187 575
187 576
187 577
187 578
187 579
187 580
187 581
187 590
187 598
187 605
187 607
188 32
188 34
188 62
188 64
188 155
188 156
188 157
188 158
188 159
188 160
188 163
188 164
188 165
188 166
188 176
188 197
188 198
188 199
188 232
188 234
188 278
188 281
188 374
188 376
188 422
188 424
188 516
188 517
188 546
188 549
188 582
188 583
188 590
188 598
188 605
188 607
189 32
189 34
189 62
189 64
189 78
189 79
189 80
189 81
189 82
189 83
189 84
189 85
189 86
189 87
189 88
189 89
189 90
189 91
189 153
189 154
189 167
189 168
189 175
189 177
189 197
189 199
189 232
189 234
189 278
189 281
189 374
189 376
189 422
189 424
189 515
189 516
189 546
189 549
189 583
189 584
189 590
189 598
189 605
189 607
190 32
190 34
190 62
190 64
190 76
190 77
190 92
190 93
190 152
190 153
190 168
190 175
190 177
190 197
190 198
190 199
190 232
190 234
190 278
190 281
190 374
190 376
190 422
190 424
190 513
190 514
190 534
190 535
190 536
190 537
190 538
190 539
190 540
190 541
190 542
190 543
190 544
190 545
190 546
190 549
190 584
190 590
190 598
190 605
190 607
191 32
191 34
191 62
191 64
191 75
191 76
191 93
191 94
191 146
191 147
191 151
191 152
191 169
191 175
191 177
191 197
191 199
191 232
191 234
191 247
191 248
191 249
191 250
191 251
191 278
191 281
191 374
191 376
191 422
191 424
191 484
191 485
191 511
191 512
191 517
191 518
191 519
191 520
191 521
191 522
191 523
191 524
191 525
191 526
191 527
191 528
191 529
191 530
191 531
191 532
191 533
191 546
191 550
191 551
191 552
191 553
191 554
191 584
191 590
191 598
191 605
191 607
192 32
192 34
192 62
192 64
192 74
192 75
192 95
192 96
192 145
192 148
192 150
192 151
192 169
192 175
192 177
192 197
192 199
192 232
192 234
192 245
192 246
192 252
192 253
192 272
192 278
192 281
192 374
192 376
192 422
192 424
192 478
192 479
192 480
192 481
192 482
192 483
192 486
192 487
192 488
192 489
192 490
192 491
192 492
192 493
192 494
192 495
192 496
192 497
192 498
192 508
192 509
192 510
192 546
192 550
192 555
192 556
192 584
192 590
192 598
192 605
192 607
193 32
193 34
193 62
193 64
193 71
193 72
193 73
193 96
193 97
193 144
193 149
193 150
193 166
193 167
193 170
193 171
193 172
193 173
193 174
193 175
193 177
193 178
193 179
193 180
193 181
193 182
193 183
193 184
193 185
193 186
193 187
193 188
193 197
193 199
193 232
193 234
193 243
193 244
193 253
193 254
193 271
193 273
193 278
193 281
193 374
193 376
193 408
193 409
193 410
193 411
193 412
193 413
193 414
193 415
193 416
193 417
193 418
193 419
193 420
193 421
193 475
193 476
193 477
193 499
193 500
193 501
193 506
193 507
193 546
193 549
193 557
193 558
193 584
193 590
193 598
193 605
193 607
194 32
194 34
194 70
194 97
194 98
194 144
194 149
194 159
194 160
194 161
194 162
194 163
194 164
194 165
194 189
194 190
194 191
194 192
194 193
194 194
194 195
194 196
194 197
194 198
194 199
194 232
194 234
194 241
194 242
194 254
194 255
194 271
194 273
194 278
194 281
194 374
194 376
194 407
194 422
194 423
194 424
194 425
194 426
194 427
194 428
194 429
194 430
194 431
194 432
194 433
194 434
194 435
194 436
194 437
194 438
194 439
194 440
194 441
194 442
194 473
194 474
194 502
194 503
194 504
194 505
194 546
194 549
194 559
194 560
194 584
194 589
194 598
194 605
194 607
195 32
195 34
195 69
195 98
195 144
195 148
195 154
195 155
195 156
195 157
195 158
195 200
195 201
195 202
195 203
195 204
195 205
195 241
195 255
195 271
195 273
195 278
195 281
195 374
195 376
195 406
195 443
195 470
195 471
195 472
195 546
195 549
195 560
195 584
195 589
195 598
195 605
195 607
196 32
196 34
196 68
196 69
196 99
196 144
196 148
196 152
196 153
196 206
196 207
196 208
196 271
196 273
196 278
196 281
196 374
196 376
196 406
196 443
196 468
196 469
196 500
196 501
196 546
196 549
196 561
196 584
196 589
196 598
196 605
196 607
197 32
197 34
197 67
197 68
197 99
197 144
197 148
197 149
197 151
197 209
197 210
197 278
197 281
197 374
197 376
197 406
197 443
197 456
197 457
197 458
197 459
197 460
197 462
197 463
197 464
197 465
197 466
197 467
197 497
197 498
197 499
197 546
197 549
197 561
197 562
197 584
197 589
197 598
197 605
197 607
198 32
198 34
198 67
198 99
198 145
198 146
198 148
198 210
198 211
198 278
198 281
198 374
198 376
198 444
198 453
198 454
198 455
198 461
198 495
198 496
198 546
198 549
198 562
198 563
198 584
198 589
198 598
198 605
198 607
199 66
199 99
199 211
199 212
199 278
199 281
199 374
199 376
199 444
199 451
199 452
199 493
199 494
199 546
199 549
199 563
199 584
199 589
199 598
199 605
199 607
199 636
199 637
199 638
199 639
200 66
200 145
200 146
200 212
200 213
200 278
200 374
200 376
200 444
200 449
200 450
200 456
200 457
200 458
200 459
200 491
200 492
200 546
200 549
200 564
200 584
200 589
200 598
200 605
200 607
200 629
200 630
200 631
200 632
200 633
200 634
200 635
201 66
201 144
201 213
201 214
201 445
201 446
201 447
201 448
201 490
201 491
201 546
201 549
201 564
201 584
201 589
201 598
201 605
201 607
201 626
201 627
201 628
202 66
202 143
202 144
202 214
202 373
202 374
202 375
202 376
202 441
202 443
202 485
202 486
202 487
202 488
202 489
202 546
202 549
202 564
202 584
202 589
202 598
202 605
202 607
202 623
202 624
202 625
203 143
203 215
203 372
203 373
203 377
203 441
203 444
203 482
203 483
203 484
203 546
203 549
203 564
203 584
203 589
203 598
203 605
203 607
203 615
203 616
203 617
203 618
203 619
203 620
203 621
203 622
204 142
204 215
204 216
204 372
204 377
204 430
204 431
204 432
204 433
204 434
204 435
204 436
204 437
204 438
204 439
204 440
204 441
204 445
204 480
204 481
204 546
204 549
204 564
204 585
204 589
204 598
204 605
204 607
204 612
204 613
204 614
205 141
205 142
205 216
205 371
205 377
205 429
205 430
205 445
205 479
205 480
205 546
205 549
205 565
205 585
205 589
205 598
205 605
205 607
205 610
205 611
206 141
206 217
206 429
206 445
206 479
206 546
206 550
206 565
206 585
206 589
206 598
206 605
206 607
206 615
206 616
206 617
206 618
206 619
207 140
207 217
207 218
207 428
207 446
207 478
207 546
207 550
207 565
207 585
207 589
207 598
207 602
207 603
207 605
207 607
208 140
208 218
208 428
208 446
208 478
208 546
208 550
208 565
208 585
208 589
208 599
208 601
208 605
208 607
208 608
209 139
209 219
209 222
209 223
209 224
209 225
209 226
209 227
209 428
209 447
209 478
209 546
209 550
209 566
209 586
209 589
209 599
209 605
209 607
210 139
210 219
210 220
210 221
210 228
210 229
210 428
210 447
210 448
210 477
210 546
210 550
210 566
210 586
210 589
210 598
210 603
210 605
210 607
211 139
211 229
211 449
211 450
211 478
211 546
211 550
211 566
211 586
211 589
211 598
211 602
211 605
211 607
212 138
212 229
212 478
212 546
212 550
212 566
212 589
212 598
212 602
212 605
212 607
213 137
213 138
213 229
213 546
213 550
213 589
213 598
213 602
213 605
213 607
214 136
214 137
214 229
214 546
214 550
214 589
214 598
214 603
214 605
214 607
215 135
215 136
215 225
215 226
215 227
215 228
215 229
215 546
215 550
215 587
215 588
215 589
215 598
215 603
215 605
215 607
216 134
216 135
216 223
216 224
216 546
216 550
216 598
216 605
216 607
217 133
217 134
217 222
217 544
217 550
217 589
217 598
217 605
217 607
218 133
218 222
218 545
218 550
218 589
218 599
218 605
218 608
219 132
219 222
219 223
219 224
219 550
219 587
219 588
219 599
219 600
219 601
219 602
219 603
219 604
219 605
219 608
219 609
220 132
220 225
220 546
220 551
220 586
220 589
220 639
221 131
221 226
221 546
221 585
221 589
221 598
221 599
221 600
221 601
221 605
221 608
222 131
222 226
222 546
222 550
222 585
222 589
222 597
222 601
222 605
222 608
223 131
223 226
223 546
223 550
223 585
223 589
223 597
223 601
223 605
223 608
224 131
224 226
224 546
224 550
224 585
224 590
224 591
224 592
224 593
224 594
224 595
224 596
224 597
224 601
224 605
224 608
225 130
225 226
225 582
225 583
225 584
225 585
225 601
225 605
225 608
226 130
226 226
226 582
226 602
226 603
226 604
226 608
227 130
227 226
227 582
228 130
228 226
229 130
229 226
230 130
230 226
231 130
231 226
232 130
232 226
233 130
233 226
234 130
234 226
235 130
235 226
236 129
236 226
237 129
237 226
238 129
238 226
239 129
239 226
240 129
240 226
241 129
242 129
243 129
244 129
245 129
246 129
247 129
