0 259
0 260
0 350
1 258
1 350
2 257
2 350
3 257
3 350
3 351
4 257
4 352
4 353
5 257
5 353
6 258
6 353
7 259
7 260
7 353
8 261
8 262
8 353
9 262
9 263
9 353
10 352
11 262
11 351
11 352
12 261
12 350
12 351
13 262
13 350
14 262
14 263
14 350
15 263
15 264
15 350
15 351
16 264
16 265
16 352
16 353
17 265
17 266
17 353
17 354
18 266
18 267
18 354
18 355
19 267
19 355
20 267
20 355
21 267
21 355
21 357
21 358
22 267
22 359
23 266
23 360
23 361
24 265
24 266
24 362
25 265
25 363
26 265
26 363
27 265
27 363
28 262
28 263
28 264
28 363
29 0
29 1
29 2
29 259
29 260
29 261
29 362
30 3
30 4
30 5
30 258
30 362
31 6
31 7
31 257
31 361
31 362
32 8
32 9
32 10
32 11
32 257
32 356
32 357
32 358
32 359
32 360
33 12
33 13
33 256
33 354
33 355
34 13
34 14
34 256
34 354
35 14
35 15
35 16
35 17
35 18
35 19
35 20
35 256
35 358
35 362
35 363
35 364
35 365
36 21
36 22
36 256
36 358
36 360
36 361
36 366
37 22
37 23
37 256
37 358
37 360
37 366
38 23
38 24
38 255
38 366
39 24
39 25
39 253
39 254
39 366
40 26
40 27
40 252
40 253
40 366
41 27
41 28
41 29
41 251
41 252
41 366
41 367
42 30
42 31
42 249
42 250
42 368
43 31
43 32
43 247
43 248
43 368
44 33
44 34
44 247
44 368
45 34
45 35
45 246
45 364
45 365
45 366
45 367
46 35
46 37
46 38
46 39
46 246
46 364
47 35
47 37
47 39
47 40
47 246
47 364
47 365
48 40
48 41
48 246
48 365
48 366
49 41
49 42
49 247
49 366
49 367
50 42
50 43
50 247
50 248
50 249
50 250
50 251
50 367
50 368
51 43
51 44
51 368
52 44
52 45
52 53
52 54
52 55
52 56
52 251
52 363
52 364
52 368
53 46
53 47
53 51
53 52
53 57
53 58
53 250
53 363
53 365
53 366
53 367
53 368
54 47
54 48
54 49
54 50
54 51
54 59
54 250
54 363
55 60
55 251
55 364
56 60
56 251
56 252
56 253
56 364
57 60
57 254
57 365
57 616
57 617
57 618
57 619
57 620
57 621
57 622
57 623
57 624
57 625
57 626
57 627
57 628
57 629
57 630
57 631
57 632
57 633
57 634
57 635
57 636
57 637
57 638
57 639
58 61
58 255
58 365
58 375
58 376
58 377
58 378
58 379
58 610
58 611
58 612
58 613
58 614
58 615
59 61
59 62
59 63
59 64
59 65
59 255
59 365
59 374
59 375
59 380
59 381
59 601
59 602
59 603
59 604
59 605
59 606
59 607
59 608
59 609
60 66
60 255
60 365
60 374
60 381
60 596
60 597
60 598
60 599
60 600
61 67
61 255
61 366
61 373
61 382
61 589
61 590
61 591
61 592
61 593
61 594
61 595
62 67
62 253
62 254
62 366
62 373
62 382
62 583
62 584
62 585
62 586
62 587
62 588
63 67
63 253
63 366
63 373
63 382
63 579
63 580
63 581
63 582
64 68
64 252
64 366
64 372
64 373
64 383
64 577
64 578
65 68
65 69
65 120
65 121
65 122
65 123
65 124
65 125
65 126
65 127
65 128
65 129
65 130
65 131
65 132
65 133
65 134
65 248
65 249
65 253
65 367
65 368
65 369
65 370
65 371
65 384
65 385
65 576
65 577
66 70
66 71
66 118
66 119
66 135
66 136
66 246
66 247
66 250
66 253
66 386
66 575
66 576
66 638
66 639
67 71
67 72
67 112
67 113
67 114
67 115
67 116
67 117
67 118
67 136
67 137
67 245
67 246
67 251
67 252
67 253
67 386
67 574
67 575
67 637
67 638
68 72
68 73
68 110
68 111
68 138
68 139
68 239
68 240
68 241
68 242
68 243
68 244
68 386
68 573
68 574
68 637
69 74
69 108
69 109
69 139
69 140
69 238
69 239
69 386
69 572
69 573
69 636
70 75
70 107
70 141
70 238
70 386
70 572
70 633
70 634
70 635
70 636
71 75
71 106
71 142
71 237
71 386
71 390
71 571
71 631
71 632
72 75
72 104
72 105
72 143
72 144
72 237
72 386
72 388
72 389
72 391
72 392
72 393
72 394
72 569
72 570
72 629
72 630
73 75
73 103
73 104
73 144
73 145
73 238
73 386
73 388
73 395
73 396
73 568
73 569
73 628
73 629
74 76
74 77
74 102
74 103
74 145
74 146
74 238
74 396
74 567
74 568
74 626
74 627
75 78
75 79
75 101
75 102
75 147
75 148
75 149
75 238
75 397
75 567
75 625
75 626
76 79
76 100
76 101
76 150
76 151
76 152
76 153
76 239
76 397
76 566
76 624
76 625
77 79
77 99
77 100
77 154
77 155
77 239
77 397
77 565
77 566
77 623
77 624
78 80
78 99
78 156
78 157
78 239
78 397
78 557
78 558
78 559
78 560
78 561
78 562
78 563
78 564
78 622
78 623
79 80
79 98
79 157
79 234
79 235
79 236
79 239
79 396
79 397
79 556
79 621
79 622
80 80
80 96
80 97
80 158
80 232
80 233
80 237
80 238
80 239
80 395
80 396
80 555
80 621
81 80
81 96
81 158
81 159
81 231
81 232
81 395
81 555
81 620
82 80
82 95
82 160
82 161
82 230
82 231
82 394
82 555
82 620
83 79
83 95
83 161
83 162
83 230
83 395
83 396
83 397
83 398
83 555
83 619
84 79
84 94
84 95
84 162
84 163
84 170
84 229
84 399
84 553
84 554
84 555
84 619
85 78
85 93
85 94
85 163
85 164
85 169
85 171
85 172
85 173
85 229
85 399
85 552
85 618
86 79
86 92
86 93
86 165
86 166
86 167
86 168
86 174
86 175
86 228
86 400
86 551
86 618
87 79
87 91
87 92
87 175
87 176
87 228
87 400
87 401
87 551
87 618
88 80
88 81
88 82
88 83
88 84
88 85
88 86
88 87
88 88
88 89
88 90
88 177
88 229
88 401
88 550
88 618
89 178
89 229
89 402
89 550
89 618
90 179
90 230
90 403
90 549
90 619
91 179
91 230
91 231
91 232
91 233
91 403
91 405
91 549
91 619
91 620
92 179
92 234
92 405
92 547
92 548
92 620
93 179
93 234
93 405
93 543
93 544
93 545
93 546
93 595
93 596
93 597
93 598
93 621
94 179
94 235
94 406
94 407
94 542
94 593
94 594
94 599
94 600
94 601
94 621
95 180
95 235
95 408
95 541
95 592
95 593
95 602
95 603
95 604
95 605
95 622
96 180
96 235
96 408
96 542
96 590
96 591
96 606
96 607
96 622
97 181
97 235
97 408
97 542
97 589
97 607
97 623
98 181
98 182
98 235
98 408
98 542
98 588
98 608
98 623
99 182
99 183
99 235
99 408
99 542
99 588
99 609
99 610
99 623
100 183
100 184
100 236
100 407
100 541
100 542
100 575
100 576
100 577
100 587
100 610
100 611
100 624
101 185
101 186
101 236
101 237
101 407
101 538
101 539
101 540
101 573
101 574
101 577
101 587
101 612
101 613
101 624
102 187
102 188
102 238
102 239
102 407
102 534
102 535
102 536
102 537
102 572
102 573
102 577
102 581
102 582
102 583
102 587
102 613
102 614
102 624
103 189
103 190
103 224
103 225
103 239
103 240
103 407
103 532
103 533
103 572
103 578
103 579
103 580
103 584
103 587
103 614
103 624
104 191
104 223
104 226
104 227
104 240
104 407
104 531
104 532
104 571
104 584
104 588
104 614
104 624
105 191
105 222
105 228
105 229
105 241
105 407
105 409
105 530
105 531
105 571
105 584
105 588
105 614
105 624
106 191
106 222
106 229
106 230
106 241
106 410
106 411
106 529
106 530
106 570
106 583
106 588
106 615
106 624
107 190
107 222
107 231
107 232
107 241
107 411
107 528
107 529
107 570
107 584
107 585
107 586
107 587
107 588
107 615
107 624
108 190
108 221
108 232
108 233
108 241
108 411
108 527
108 528
108 569
108 615
108 624
109 190
109 221
109 233
109 234
109 241
109 411
109 526
109 527
109 569
109 615
109 624
110 190
110 221
110 235
110 236
110 237
110 238
110 239
110 240
110 241
110 411
110 525
110 526
110 568
110 616
110 624
111 189
111 221
111 412
111 524
111 525
111 568
111 616
111 617
111 624
112 189
112 222
112 412
112 413
112 523
112 524
112 567
112 568
112 618
112 619
112 620
112 621
112 622
112 623
112 624
113 190
113 222
113 413
113 522
113 523
113 566
113 567
114 62
114 190
114 222
114 413
114 521
114 522
114 565
115 61
115 63
115 190
115 222
115 413
115 520
115 521
115 564
116 60
116 63
116 190
116 222
116 412
116 520
116 564
117 60
117 63
117 190
117 223
117 412
117 519
117 563
118 61
118 63
118 190
118 223
118 412
118 518
118 519
118 563
119 61
119 190
119 223
119 413
119 517
119 518
119 562
119 563
120 61
120 190
120 223
120 414
120 415
120 416
120 417
120 516
120 517
120 560
120 561
121 61
121 190
121 223
121 418
121 515
121 516
121 560
122 61
122 190
122 196
122 197
122 198
122 224
122 418
122 508
122 509
122 510
122 511
122 512
122 513
122 514
122 515
122 559
123 61
123 191
123 195
123 199
123 200
123 224
123 419
123 420
123 421
123 507
123 559
124 61
124 192
124 194
124 201
124 224
124 422
124 423
124 506
124 558
125 61
125 192
125 194
125 202
125 225
125 423
125 424
125 506
125 559
126 61
126 202
126 203
126 225
126 424
126 507
126 508
126 509
126 559
127 61
127 203
127 226
127 425
127 510
127 560
128 62
128 63
128 203
128 226
128 308
128 425
128 510
128 561
128 562
129 203
129 226
129 308
129 425
129 510
129 563
130 204
130 223
130 224
130 225
130 308
130 319
130 425
130 510
130 563
131 204
131 221
131 222
131 309
131 319
131 425
131 511
131 563
132 204
132 219
132 220
132 309
132 318
132 425
132 511
132 563
133 205
133 217
133 218
133 309
133 318
133 424
133 425
133 511
133 564
134 205
134 214
134 215
134 216
134 309
134 318
134 424
134 511
134 564
135 205
135 212
135 213
135 310
135 318
135 423
135 511
135 564
136 206
136 207
136 208
136 209
136 210
136 211
136 310
136 318
136 423
136 511
136 564
137 310
137 319
137 423
137 424
137 493
137 494
137 495
137 511
137 563
137 564
138 309
138 319
138 424
138 425
138 493
138 496
138 511
138 562
138 563
139 309
139 319
139 425
139 493
139 496
139 511
139 561
139 562
140 319
140 425
140 489
140 490
140 491
140 493
140 497
140 511
140 561
141 319
141 424
141 489
141 491
141 493
141 497
141 511
141 560
142 320
142 424
142 488
142 497
142 511
142 560
143 320
143 340
143 424
143 488
143 497
143 509
143 511
143 560
144 320
144 340
144 425
144 488
144 497
144 507
144 508
144 511
144 560
145 311
145 321
145 340
145 425
145 497
145 506
145 507
145 511
145 560
146 311
146 322
146 340
146 425
146 461
146 462
146 463
146 464
146 485
146 486
146 488
146 497
146 506
146 511
146 560
147 311
147 322
147 340
147 425
147 459
147 460
147 465
147 466
147 484
147 488
147 497
147 505
147 511
147 560
148 311
148 322
148 340
148 425
148 459
148 466
148 484
148 498
148 505
148 511
148 551
148 552
148 560
149 311
149 322
149 340
149 424
149 425
149 458
149 467
149 483
149 498
149 504
149 511
149 549
149 550
149 553
149 554
149 560
150 311
150 322
150 340
150 422
150 423
150 427
150 428
150 429
150 456
150 457
150 458
150 467
150 468
150 483
150 499
150 504
150 511
150 547
150 548
150 555
150 556
150 560
151 311
151 320
151 321
151 340
151 422
151 425
151 426
151 429
151 455
151 468
151 483
151 500
151 501
151 504
151 511
151 547
151 556
151 557
151 558
151 559
151 560
152 311
152 321
152 340
152 422
152 423
152 424
152 425
152 429
152 454
152 469
152 483
152 501
152 505
152 511
152 546
153 312
153 321
153 340
153 429
153 454
153 469
153 470
153 483
153 501
153 505
153 511
153 546
154 312
154 322
154 340
154 428
154 429
154 454
154 470
154 483
154 484
154 502
154 503
154 504
154 505
154 511
154 546
155 312
155 322
155 328
155 340
155 428
155 454
155 471
155 511
155 545
156 312
156 322
156 328
156 340
156 427
156 454
156 471
156 481
156 482
156 512
156 545
157 312
157 322
157 328
157 340
157 427
157 453
157 454
157 472
157 481
157 512
157 545
158 312
158 322
158 328
158 340
158 427
158 452
158 453
158 472
158 480
158 512
158 515
158 516
158 517
158 545
159 312
159 328
159 340
159 427
159 452
159 472
159 480
159 513
159 514
159 515
159 517
159 546
160 312
160 328
160 340
160 426
160 427
160 431
160 432
160 451
160 472
160 480
160 517
160 546
160 624
160 625
160 626
160 627
160 628
161 312
161 328
161 340
161 426
161 429
161 430
161 433
161 434
161 435
161 436
161 437
161 438
161 439
161 440
161 441
161 442
161 443
161 444
161 445
161 450
161 451
161 473
161 479
161 517
161 547
161 623
161 629
161 630
162 312
162 328
162 340
162 426
162 427
162 428
162 446
162 447
162 448
162 449
162 450
162 473
162 474
162 475
162 476
162 477
162 478
162 479
162 517
162 547
162 548
162 622
162 630
163 312
163 329
163 339
163 517
163 548
163 622
163 630
164 312
164 329
164 339
164 365
164 518
164 548
164 622
164 630
165 329
165 339
165 358
165 365
165 423
165 424
165 425
165 426
165 427
165 428
165 429
165 430
165 431
165 432
165 433
165 434
165 445
165 446
165 447
165 460
165 518
165 549
165 622
165 630
166 329
166 339
166 358
166 364
166 422
166 431
166 434
166 445
166 447
166 459
166 461
166 462
166 463
166 464
166 465
166 466
166 467
166 468
166 469
166 470
166 471
166 472
166 473
166 519
166 549
166 622
166 630
167 329
167 339
167 358
167 364
167 423
167 424
167 425
167 426
167 427
167 428
167 429
167 430
167 431
167 432
167 434
167 444
167 447
167 458
167 461
167 473
167 519
167 532
167 533
167 534
167 549
167 622
167 630
168 329
168 339
168 358
168 364
168 432
168 433
168 434
168 444
168 447
168 458
168 462
168 463
168 464
168 465
168 466
168 467
168 468
168 469
168 470
168 471
168 472
168 473
168 520
168 532
168 534
168 549
168 622
168 630
169 329
169 339
169 358
169 364
169 388
169 428
169 445
169 446
169 447
169 459
169 460
169 461
169 521
169 522
169 532
169 535
169 536
169 547
169 548
169 622
169 630
170 249
170 250
170 251
170 280
170 281
170 282
170 329
170 339
170 359
170 364
170 387
170 389
170 428
170 430
170 522
170 523
170 532
170 535
170 537
170 538
170 539
170 547
170 622
170 630
171 64
171 237
171 238
171 239
171 247
171 248
171 251
171 252
171 253
171 254
171 255
171 256
171 273
171 274
171 275
171 279
171 280
171 282
171 283
171 329
171 339
171 359
171 365
171 387
171 389
171 428
171 430
171 468
171 469
171 470
171 523
171 532
171 535
171 537
171 539
171 540
171 546
171 622
171 630
172 63
172 65
172 233
172 234
172 235
172 236
172 240
172 241
172 246
172 247
172 257
172 258
172 273
172 276
172 277
172 278
172 279
172 284
172 330
172 339
172 359
172 365
172 428
172 430
172 466
172 467
172 471
172 472
172 473
172 474
172 475
172 476
172 477
172 478
172 479
172 480
172 481
172 482
172 483
172 484
172 485
172 523
172 532
172 541
172 546
172 622
172 630
173 62
173 65
173 224
173 225
173 226
173 227
173 231
173 232
173 242
173 243
173 245
173 246
173 259
173 260
173 272
173 276
173 278
173 281
173 285
173 330
173 339
173 359
173 365
173 428
173 430
173 465
173 486
173 487
173 523
173 532
173 536
173 537
173 538
173 539
173 541
173 546
173 623
173 624
173 627
173 630
174 62
174 65
174 224
174 227
174 231
174 243
174 244
174 245
174 260
174 261
174 271
174 276
174 278
174 283
174 285
174 330
174 339
174 359
174 365
174 428
174 430
174 440
174 464
174 487
174 523
174 532
174 533
174 534
174 535
174 547
174 626
174 628
175 62
175 65
175 223
175 227
175 229
175 230
175 244
175 261
175 268
175 269
175 270
175 280
175 282
175 285
175 330
175 339
175 359
175 365
175 428
175 430
175 439
175 441
175 464
175 487
175 523
175 547
175 548
175 625
175 628
176 63
176 65
176 219
176 220
176 221
176 227
176 229
176 243
176 261
176 266
176 267
176 281
176 282
176 285
176 330
176 340
176 359
176 366
176 387
176 388
176 428
176 430
176 439
176 441
176 458
176 459
176 460
176 461
176 464
176 487
176 523
176 548
176 625
176 628
177 63
177 65
177 217
177 218
177 222
177 227
177 229
177 243
177 261
177 266
177 277
177 278
177 285
177 330
177 340
177 359
177 366
177 386
177 428
177 430
177 439
177 441
177 462
177 464
177 486
177 487
177 523
177 539
177 540
177 548
177 625
177 628
178 63
178 66
178 215
178 216
178 227
178 229
178 243
178 250
178 251
178 252
178 262
178 265
178 277
178 279
178 285
178 330
178 340
178 359
178 386
178 423
178 424
178 430
178 434
178 435
178 439
178 441
178 462
178 464
178 486
178 523
178 538
178 541
178 548
178 625
178 628
179 63
179 66
179 112
179 113
179 114
179 115
179 116
179 117
179 215
179 227
179 229
179 231
179 243
179 252
179 262
179 265
179 277
179 285
179 331
179 340
179 359
179 386
179 411
179 421
179 422
179 426
179 427
179 433
179 436
179 437
179 448
179 449
179 450
179 455
179 456
179 457
179 458
179 459
179 461
179 462
179 463
179 486
179 487
179 523
179 532
179 533
179 534
179 535
179 537
179 541
179 549
179 625
179 628
180 63
180 66
180 111
180 118
180 214
180 227
180 229
180 232
180 233
180 241
180 243
180 248
180 249
180 251
180 252
180 262
180 265
180 278
180 280
180 285
180 331
180 340
180 409
180 410
180 412
180 420
180 424
180 426
180 428
180 429
180 432
180 438
180 439
180 442
180 443
180 444
180 445
180 446
180 447
180 451
180 452
180 453
180 454
180 460
180 463
180 464
180 487
180 523
180 532
180 535
180 541
180 549
180 625
180 628
181 63
181 66
181 110
181 118
181 214
181 227
181 229
181 233
181 240
181 242
181 243
181 247
181 262
181 265
181 278
181 280
181 285
181 331
181 340
181 383
181 384
181 385
181 386
181 388
181 405
181 409
181 413
181 414
181 415
181 419
181 424
181 426
181 430
181 431
181 432
181 434
181 439
181 441
181 442
181 451
181 458
181 464
181 487
181 499
181 505
181 506
181 507
181 508
181 523
181 531
181 535
181 541
181 550
181 625
181 628
182 63
182 66
182 110
182 118
182 147
182 213
182 227
182 229
182 233
182 240
182 243
182 246
182 249
182 262
182 266
182 267
182 268
182 269
182 270
182 271
182 272
182 273
182 274
182 275
182 276
182 278
182 280
182 281
182 282
182 283
182 284
182 285
182 331
182 340
182 378
182 379
182 380
182 383
182 387
182 390
182 394
182 395
182 396
182 397
182 404
182 406
182 413
182 419
182 424
182 425
182 426
182 437
182 438
182 439
182 441
182 446
182 447
182 464
182 487
182 498
182 500
182 501
182 504
182 509
182 510
182 524
182 525
182 531
182 535
182 542
182 550
182 625
182 628
183 10
183 63
183 66
183 110
183 118
183 147
183 213
183 227
183 229
183 233
183 240
183 243
183 245
183 248
183 262
183 265
183 277
183 278
183 279
183 280
183 285
183 314
183 340
183 377
183 380
183 383
183 384
183 387
183 390
183 394
183 397
183 403
183 406
183 409
183 413
183 417
183 420
183 423
183 437
183 464
183 488
183 497
183 502
183 504
183 510
183 511
183 512
183 513
183 514
183 515
183 516
183 517
183 518
183 519
183 520
183 521
183 522
183 526
183 527
183 532
183 533
183 534
183 538
183 539
183 551
183 625
183 628
184 10
184 63
184 66
184 110
184 118
184 126
184 141
184 142
184 143
184 147
184 213
184 227
184 229
184 233
184 240
184 243
184 247
184 262
184 265
184 278
184 280
184 285
184 310
184 311
184 312
184 313
184 315
184 340
184 377
184 380
184 464
184 497
184 502
184 504
184 528
184 529
184 530
184 540
184 542
184 551
184 625
184 628
185 10
185 63
185 66
185 110
185 118
185 125
185 127
185 140
185 143
185 147
185 213
185 227
185 233
185 240
185 262
185 278
185 280
185 285
185 301
185 302
185 309
185 313
185 315
185 324
185 325
185 328
185 329
185 378
185 379
185 380
185 464
185 478
185 479
185 480
185 481
185 482
185 483
185 484
185 485
185 486
185 487
185 488
185 489
185 490
185 497
185 502
185 504
185 530
185 551
185 625
185 628
186 0
186 1
186 2
186 10
186 63
186 66
186 110
186 118
186 124
186 127
186 140
186 143
186 147
186 213
186 227
186 233
186 240
186 246
186 262
186 278
186 280
186 285
186 297
186 298
186 299
186 300
186 303
186 309
186 311
186 312
186 313
186 315
186 324
186 326
186 329
186 330
186 470
186 471
186 472
186 473
186 474
186 475
186 478
186 491
186 497
186 502
186 504
186 523
186 528
186 530
186 552
186 625
186 628
187 3
187 10
187 63
187 66
187 110
187 118
187 124
187 127
187 141
187 142
187 143
187 144
187 148
187 213
187 227
187 229
187 240
187 246
187 247
187 258
187 259
187 260
187 261
187 262
187 265
187 266
187 267
187 268
187 269
187 270
187 271
187 272
187 273
187 274
187 275
187 276
187 277
187 278
187 279
187 280
187 281
187 282
187 283
187 284
187 285
187 296
187 304
187 324
187 326
187 328
187 330
187 342
187 343
187 465
187 466
187 468
187 469
187 477
187 492
187 497
187 502
187 504
187 510
187 511
187 512
187 513
187 514
187 515
187 516
187 517
187 518
187 519
187 520
187 521
187 530
187 552
187 553
187 625
187 628
188 4
188 10
188 63
188 66
188 110
188 118
188 124
188 127
188 144
188 148
188 214
188 215
188 216
188 217
188 218
188 227
188 229
188 231
188 232
188 233
188 234
188 240
188 248
188 249
188 250
188 251
188 252
188 253
188 254
188 255
188 256
188 257
188 293
188 294
188 296
188 305
188 306
188 328
188 330
188 341
188 466
188 467
188 477
188 492
188 497
188 501
188 506
188 507
188 508
188 509
188 522
188 523
188 530
188 553
188 554
188 625
188 628
189 4
189 11
189 63
189 66
189 110
189 118
189 125
189 127
189 143
189 148
189 219
189 220
189 227
189 234
189 240
189 292
189 293
189 296
189 306
189 467
189 476
189 493
189 498
189 499
189 500
189 501
189 503
189 505
189 523
189 530
189 554
189 555
189 625
189 628
190 4
190 11
190 63
190 66
190 103
190 104
190 105
190 106
190 107
190 108
190 109
190 110
190 111
190 112
190 113
190 114
190 115
190 116
190 117
190 118
190 119
190 125
190 127
190 143
190 148
190 221
190 222
190 223
190 224
190 225
190 226
190 227
190 234
190 240
190 292
190 294
190 296
190 306
190 467
190 474
190 475
190 494
190 505
190 523
190 531
190 536
190 537
190 538
190 539
190 556
190 557
190 625
190 628
191 5
191 11
191 63
191 66
191 101
191 102
191 120
191 121
191 122
191 123
191 127
191 143
191 148
191 234
191 240
191 291
191 294
191 296
191 464
191 465
191 467
191 474
191 494
191 503
191 504
191 505
191 532
191 533
191 534
191 535
191 540
191 541
191 558
191 559
191 560
191 561
191 625
191 628
192 5
192 11
192 63
192 66
192 99
192 100
192 124
192 125
192 143
192 148
192 234
192 464
192 467
192 473
192 494
192 542
192 562
192 563
192 625
192 628
193 5
193 12
193 63
193 66
193 98
193 99
193 126
193 127
193 144
193 148
193 467
193 473
193 494
193 625
193 628
194 4
194 5
194 12
194 63
194 66
194 97
194 98
194 128
194 129
194 144
194 149
194 473
194 494
194 597
194 625
194 628
195 0
195 1
195 2
195 3
195 5
195 12
195 63
195 66
195 95
195 96
195 97
195 129
195 130
195 145
195 149
195 473
195 494
195 596
195 598
195 625
195 628
196 5
196 12
196 63
196 66
196 93
196 94
196 131
196 145
196 149
196 494
196 595
196 598
196 625
196 628
197 5
197 12
197 63
197 66
197 93
197 132
197 149
197 595
197 598
197 625
197 628
198 6
198 12
198 63
198 66
198 92
198 132
198 595
198 598
198 625
198 628
199 6
199 12
199 91
199 92
199 132
199 595
199 598
199 625
199 628
200 6
200 13
200 89
200 90
200 132
200 595
200 598
200 625
200 628
201 6
201 13
201 89
201 132
201 595
201 598
201 625
201 628
202 7
202 13
202 88
202 595
202 598
202 625
202 628
203 7
203 13
203 88
204 88
205 89
