0 386
1 380
1 381
1 382
1 386
2 380
2 383
2 384
2 385
3 380
4 381
4 382
5 382
5 383
5 388
6 383
6 384
6 387
6 389
7 382
7 385
7 386
7 389
8 359
8 361
8 381
8 384
8 390
9 361
9 362
9 381
9 385
9 386
9 390
10 359
10 362
10 381
10 382
10 386
10 389
10 390
11 360
11 363
11 382
11 386
11 388
12 360
12 363
12 364
12 382
13 360
13 364
13 365
13 382
14 361
14 365
14 366
14 382
15 361
15 367
15 368
15 383
16 361
16 368
16 383
16 384
17 362
17 368
17 371
17 379
17 380
17 381
17 382
17 607
18 362
18 368
18 369
18 370
18 372
18 373
18 374
18 375
18 376
18 377
18 378
18 590
18 606
19 362
19 590
19 605
20 363
20 364
20 365
20 366
20 590
20 605
21 367
21 368
21 590
21 604
22 368
22 590
22 603
23 0
23 1
23 2
23 367
23 368
23 590
23 602
24 3
24 4
24 366
24 590
24 602
25 5
25 6
25 366
25 590
25 601
26 7
26 8
26 367
26 368
26 590
26 600
27 8
27 9
27 368
27 369
27 590
27 600
28 9
28 10
28 11
28 369
28 590
28 600
29 12
29 13
29 369
29 590
29 600
30 8
30 9
30 14
30 370
30 590
30 600
31 7
31 11
31 370
31 590
31 600
32 6
32 371
32 590
32 600
33 7
33 8
33 9
33 371
33 590
33 600
34 371
34 590
34 600
35 8
35 9
35 50
35 51
35 52
35 359
35 360
35 372
35 590
35 600
36 8
36 50
36 53
36 358
36 361
36 372
36 373
36 590
36 600
37 7
37 49
37 53
37 358
37 361
37 373
37 374
37 590
37 600
38 8
38 9
38 49
38 53
38 358
38 361
38 374
38 375
38 590
38 600
39 10
39 11
39 49
39 53
39 359
39 361
39 375
39 590
39 600
40 11
40 12
40 49
40 53
40 359
40 375
40 590
40 600
41 12
41 13
41 49
41 53
41 359
41 362
41 363
41 364
41 365
41 375
41 590
41 600
42 14
42 15
42 16
42 17
42 49
42 53
42 359
42 366
42 367
42 375
42 590
42 600
43 18
43 47
43 48
43 53
43 360
43 367
43 368
43 376
43 590
43 600
44 18
44 46
44 47
44 53
44 54
44 360
44 361
44 368
44 369
44 370
44 371
44 372
44 376
44 590
44 600
45 19
45 45
45 54
45 361
45 373
45 374
45 375
45 376
45 590
45 600
46 19
46 45
46 54
46 361
46 590
46 600
47 19
47 45
47 54
47 361
47 362
47 363
47 590
47 600
48 20
48 46
48 54
48 364
48 365
48 590
48 600
49 20
49 21
49 22
49 23
49 24
49 25
49 26
49 27
49 28
49 46
49 54
49 365
49 366
49 367
49 368
49 590
49 600
50 29
50 30
50 46
50 54
50 65
50 66
50 67
50 68
50 361
50 362
50 363
50 369
50 590
50 600
51 31
51 32
51 46
51 53
51 65
51 69
51 70
51 71
51 72
51 359
51 360
51 364
51 365
51 369
51 590
51 600
52 33
52 34
52 46
52 53
52 64
52 73
52 359
52 365
52 366
52 370
52 591
52 600
53 34
53 35
53 47
53 53
53 64
53 73
53 358
53 366
53 367
53 370
53 371
53 591
53 600
54 36
54 37
54 47
54 48
54 53
54 63
54 64
54 73
54 359
54 367
54 368
54 372
54 591
54 600
55 37
55 48
55 49
55 53
55 63
55 73
55 359
55 369
55 370
55 372
55 591
55 600
56 37
56 49
56 50
56 53
56 62
56 73
56 359
56 591
56 600
57 37
57 50
57 53
57 62
57 72
57 73
57 359
57 590
57 600
58 37
58 50
58 53
58 61
58 62
58 71
58 72
58 359
58 590
58 600
59 37
59 51
59 53
59 59
59 60
59 70
59 71
59 358
59 589
59 601
60 37
60 51
60 53
60 59
60 69
60 357
60 589
60 601
61 36
61 51
61 58
61 68
61 357
61 588
61 601
62 37
62 51
62 58
62 69
62 357
62 358
62 359
62 360
62 361
62 588
62 601
63 38
63 51
63 58
63 69
63 362
63 588
63 601
64 39
64 51
64 58
64 70
64 363
64 589
64 601
65 40
65 41
65 51
65 58
65 70
65 149
65 150
65 363
65 364
65 365
65 366
65 367
65 589
65 601
66 41
66 51
66 57
66 70
66 143
66 144
66 145
66 146
66 147
66 148
66 151
66 152
66 153
66 368
66 369
66 590
66 601
67 42
67 51
67 54
67 55
67 56
67 70
67 139
67 140
67 141
67 142
67 155
67 156
67 369
67 370
67 590
67 601
68 42
68 43
68 44
68 51
68 70
68 138
68 148
68 149
68 152
68 158
68 159
68 370
68 371
68 590
68 601
69 45
69 51
69 70
69 138
69 142
69 143
69 144
69 145
69 155
69 160
69 161
69 162
69 371
69 372
69 526
69 527
69 528
69 529
69 530
69 531
69 532
69 533
69 534
69 590
69 601
70 46
70 51
70 69
70 158
70 164
70 165
70 166
70 373
70 523
70 524
70 525
70 535
70 536
70 537
70 538
70 539
70 540
70 541
70 589
70 601
71 46
71 47
71 48
71 49
71 50
71 51
71 68
71 69
71 160
71 161
71 167
71 168
71 169
71 373
71 521
71 522
71 541
71 589
71 601
72 66
72 67
72 164
72 165
72 171
72 172
72 373
72 521
72 542
72 589
72 601
73 65
73 167
73 168
73 174
73 175
73 373
73 520
73 542
73 589
73 601
74 65
74 171
74 177
74 178
74 373
74 374
74 375
74 520
74 542
74 589
74 601
75 65
75 66
75 174
75 180
75 181
75 520
75 543
75 589
75 601
76 66
76 67
76 177
76 183
76 184
76 185
76 186
76 374
76 375
76 519
76 543
76 589
76 601
77 68
77 69
77 180
77 186
77 374
77 519
77 543
77 589
77 601
78 69
78 70
78 183
78 184
78 373
78 519
78 543
78 589
78 601
79 70
79 184
79 374
79 518
79 544
79 589
79 601
80 70
80 184
80 374
80 375
80 518
80 544
80 589
80 601
81 70
81 184
81 375
81 517
81 544
81 590
81 601
82 70
82 184
82 367
82 368
82 369
82 370
82 371
82 372
82 373
82 374
82 375
82 516
82 545
82 590
82 601
83 71
83 184
83 366
83 515
83 545
83 590
83 601
84 71
84 184
84 278
84 279
84 280
84 281
84 282
84 283
84 284
84 285
84 286
84 287
84 288
84 289
84 290
84 291
84 292
84 293
84 294
84 295
84 296
84 365
84 514
84 545
84 590
84 601
85 71
85 184
85 272
85 273
85 274
85 275
85 276
85 277
85 365
85 513
85 546
85 590
85 601
86 72
86 73
86 74
86 75
86 184
86 269
86 270
86 271
86 278
86 279
86 280
86 281
86 282
86 283
86 284
86 285
86 286
86 287
86 295
86 296
86 365
86 512
86 546
86 590
86 601
87 76
87 77
87 184
87 187
87 267
87 268
87 273
87 274
87 275
87 276
87 277
87 363
87 364
87 511
87 546
87 590
87 601
88 78
88 79
88 184
88 187
88 264
88 265
88 266
88 270
88 271
88 363
88 511
88 546
88 590
88 601
89 79
89 80
89 184
89 187
89 262
89 263
89 268
89 363
89 510
89 547
89 590
89 601
90 80
90 81
90 91
90 97
90 98
90 99
90 100
90 101
90 102
90 103
90 104
90 105
90 106
90 107
90 108
90 109
90 184
90 187
90 260
90 261
90 265
90 266
90 354
90 356
90 363
90 510
90 547
90 590
90 601
91 82
91 88
91 89
91 90
91 92
91 93
91 94
91 95
91 96
91 109
91 184
91 187
91 259
91 263
91 357
91 358
91 359
91 360
91 361
91 362
91 363
91 510
91 547
91 590
91 601
92 82
92 86
92 87
92 109
92 184
92 187
92 257
92 261
92 354
92 355
92 509
92 548
92 590
92 601
93 83
93 84
93 85
93 86
93 108
93 184
93 187
93 255
93 256
93 260
93 355
93 356
93 509
93 548
93 549
93 550
93 551
93 552
93 553
93 554
93 555
93 589
93 601
94 107
94 184
94 187
94 253
94 254
94 258
94 356
94 508
94 556
94 557
94 589
94 601
95 107
95 184
95 187
95 251
95 252
95 256
95 356
95 508
95 558
95 559
95 589
96 108
96 184
96 187
96 249
96 250
96 254
96 356
96 508
96 560
96 561
96 589
97 109
97 110
97 184
97 187
97 247
97 248
97 252
97 356
97 507
97 562
97 589
98 110
98 184
98 187
98 246
98 250
98 345
98 356
98 507
98 562
98 589
99 110
99 184
99 187
99 242
99 243
99 244
99 248
99 344
99 346
99 347
99 350
99 355
99 505
99 506
99 563
99 589
100 111
100 112
100 122
100 123
100 185
100 187
100 241
100 247
100 343
100 347
100 348
100 349
100 351
100 352
100 354
100 504
100 563
100 589
101 113
101 114
101 115
101 116
101 117
101 118
101 119
101 120
101 121
101 124
101 185
101 241
101 244
101 343
101 352
101 355
101 502
101 503
101 564
101 589
102 124
102 185
102 241
102 343
102 353
102 355
102 501
102 564
102 589
103 124
103 185
103 241
103 244
103 338
103 340
103 344
103 345
103 346
103 353
103 354
103 355
103 499
103 500
103 565
103 589
104 123
104 124
104 185
104 241
104 244
104 340
104 341
104 463
104 498
104 565
104 589
105 121
105 122
105 123
105 185
105 241
105 244
105 338
105 341
105 342
105 346
105 463
105 498
105 565
105 589
106 120
106 185
106 241
106 244
106 339
106 342
106 343
106 463
106 498
106 566
106 589
107 119
107 131
107 132
107 133
107 134
107 185
107 241
107 244
107 339
107 340
107 344
107 463
107 497
107 566
107 589
108 109
108 110
108 111
108 119
108 130
108 135
108 136
108 185
108 241
108 244
108 340
108 341
108 463
108 497
108 567
108 589
109 103
109 104
109 105
109 106
109 107
109 108
109 112
109 120
109 129
109 136
109 137
109 185
109 188
109 241
109 244
109 341
109 342
109 343
109 344
109 345
109 464
109 497
109 567
109 589
110 102
110 112
110 120
110 121
110 122
110 123
110 130
110 137
110 185
110 188
110 241
110 244
110 261
110 346
110 464
110 496
110 568
110 589
111 101
111 112
111 124
111 125
111 130
111 138
111 185
111 188
111 241
111 244
111 259
111 260
111 262
111 263
111 264
111 347
111 464
111 495
111 568
111 589
112 101
112 112
112 125
112 126
112 130
112 138
112 139
112 185
112 188
112 241
112 244
112 254
112 255
112 256
112 257
112 258
112 259
112 265
112 266
112 347
112 464
112 495
112 569
112 589
113 101
113 112
113 126
113 127
113 128
113 129
113 130
113 139
113 140
113 185
113 188
113 241
113 244
113 253
113 267
113 268
113 269
113 270
113 346
113 347
113 464
113 494
113 569
113 589
114 102
114 112
114 140
114 185
114 188
114 242
114 244
114 252
114 271
114 272
114 286
114 287
114 288
114 289
114 290
114 345
114 464
114 493
114 570
114 586
114 587
115 102
115 112
115 140
115 185
115 188
115 242
115 251
115 252
115 272
115 273
115 279
115 280
115 281
115 282
115 283
115 284
115 285
115 291
115 343
115 344
115 464
115 492
115 570
115 582
115 583
115 584
115 585
116 102
116 110
116 111
116 112
116 114
116 115
116 116
116 140
116 185
116 188
116 242
116 250
116 273
116 274
116 278
116 279
116 292
116 297
116 341
116 342
116 464
116 491
116 571
116 578
116 579
116 580
116 581
117 102
117 110
117 117
117 118
117 119
117 120
117 121
117 139
117 185
117 188
117 242
117 249
117 274
117 278
117 292
117 296
117 298
117 341
117 464
117 491
117 571
117 574
117 575
117 576
117 577
118 102
118 110
118 111
118 122
118 123
118 124
118 125
118 126
118 140
118 141
118 142
118 143
118 185
118 188
118 242
118 248
118 249
118 274
118 278
118 292
118 295
118 298
118 343
118 419
118 424
118 464
118 490
118 572
118 573
119 102
119 112
119 115
119 116
119 117
119 122
119 128
119 129
119 130
119 131
119 132
119 144
119 185
119 188
119 242
119 247
119 248
119 274
119 278
119 293
119 294
119 295
119 297
119 343
119 419
119 424
119 465
119 488
119 489
120 102
120 112
120 119
120 120
120 125
120 133
120 134
120 135
120 136
120 137
120 145
120 185
120 188
120 242
120 245
120 246
120 274
120 278
120 297
120 342
120 343
120 419
120 424
120 465
120 486
120 487
121 102
121 112
121 121
121 122
121 129
121 130
121 131
121 138
121 139
121 140
121 141
121 142
121 145
121 146
121 185
121 188
121 241
121 242
121 245
121 274
121 278
121 297
121 298
121 314
121 315
121 316
121 317
121 340
121 341
121 419
121 424
121 465
121 484
121 485
122 102
122 112
122 123
122 124
122 127
122 128
122 134
122 135
122 136
122 146
122 147
122 185
122 188
122 241
122 274
122 278
122 298
122 299
122 302
122 303
122 304
122 312
122 313
122 318
122 319
122 338
122 339
122 419
122 424
122 465
122 484
123 102
123 112
123 125
123 126
123 130
123 131
123 139
123 148
123 149
123 150
123 151
123 152
123 185
123 188
123 241
123 274
123 277
123 299
123 301
123 304
123 312
123 319
123 338
123 419
123 424
123 465
123 484
124 102
124 112
124 128
124 129
124 134
124 135
124 140
124 142
124 144
124 153
124 154
124 155
124 156
124 157
124 185
124 188
124 241
124 274
124 278
124 299
124 300
124 301
124 304
124 311
124 319
124 337
124 419
124 424
124 465
124 484
125 102
125 112
125 131
125 132
125 137
125 138
125 140
125 142
125 145
125 146
125 149
125 150
125 158
125 159
125 160
125 161
125 162
125 185
125 188
125 241
125 274
125 278
125 304
125 311
125 319
125 338
125 419
125 424
125 465
125 484
126 102
126 113
126 134
126 135
126 140
126 143
126 144
126 145
126 154
126 155
126 156
126 164
126 165
126 166
126 167
126 185
126 188
126 242
126 275
126 276
126 278
126 304
126 311
126 319
126 339
126 340
126 341
126 342
126 419
126 424
126 465
126 484
127 102
127 113
127 137
127 138
127 143
127 158
127 159
127 160
127 161
127 169
127 170
127 171
127 172
127 173
127 185
127 188
127 218
127 219
127 220
127 221
127 242
127 276
127 277
127 305
127 306
127 307
127 308
127 309
127 310
127 311
127 319
127 419
127 424
127 465
127 484
128 102
128 113
128 142
128 146
128 147
128 162
128 164
128 165
128 166
128 174
128 175
128 176
128 177
128 178
128 185
128 188
128 217
128 222
128 223
128 242
128 277
128 279
128 294
128 295
128 296
128 297
128 298
128 299
128 300
128 301
128 302
128 319
128 342
128 419
128 424
128 465
128 483
129 102
129 113
129 140
129 141
129 143
129 148
129 149
129 150
129 162
129 164
129 169
129 170
129 171
129 172
129 179
129 180
129 181
129 182
129 183
129 185
129 188
129 206
129 207
129 208
129 216
129 223
129 224
129 235
129 236
129 237
129 238
129 242
129 245
129 277
129 279
129 290
129 291
129 292
129 293
129 309
129 310
129 311
129 312
129 319
129 342
129 343
129 419
129 424
129 465
129 483
130 102
130 112
130 113
130 139
130 146
130 151
130 152
130 153
130 162
130 164
130 174
130 175
130 176
130 177
130 184
130 185
130 189
130 205
130 206
130 209
130 210
130 216
130 225
130 226
130 235
130 239
130 240
130 245
130 277
130 279
130 285
130 286
130 287
130 288
130 289
130 297
130 298
130 299
130 300
130 301
130 304
130 312
130 319
130 419
130 424
130 465
130 483
131 103
131 104
131 105
131 106
131 107
131 108
131 109
131 110
131 111
131 139
131 148
131 149
131 154
131 155
131 156
131 162
131 164
131 179
131 180
131 181
131 182
131 189
131 204
131 205
131 210
131 214
131 215
131 226
131 227
131 228
131 234
131 241
131 242
131 246
131 247
131 276
131 277
131 279
131 280
131 282
131 283
131 284
131 291
131 292
131 303
131 312
131 319
131 341
131 342
131 343
131 420
131 424
131 465
131 472
131 483
132 136
132 137
132 138
132 151
132 152
132 153
132 157
132 158
132 159
132 162
132 164
132 184
132 185
132 186
132 189
132 198
132 199
132 203
132 210
132 212
132 213
132 214
132 229
132 234
132 242
132 245
132 247
132 276
132 279
132 286
132 287
132 288
132 303
132 312
132 319
132 341
132 420
132 424
132 465
132 472
132 483
133 136
133 154
133 155
133 160
133 161
133 164
133 185
133 189
133 197
133 200
133 201
133 202
133 230
133 232
133 233
133 242
133 245
133 246
133 247
133 277
133 278
133 279
133 283
133 284
133 302
133 312
133 319
133 341
133 342
133 420
133 424
133 465
133 472
133 483
134 136
134 137
134 157
134 158
134 163
134 164
134 185
134 189
134 194
134 195
134 196
134 230
134 231
134 232
134 242
134 245
134 275
134 280
134 282
134 302
134 312
134 319
134 342
134 420
134 424
134 465
134 472
134 483
135 137
135 138
135 160
135 165
135 166
135 167
135 185
135 189
135 192
135 193
135 242
135 245
135 272
135 273
135 280
135 281
135 282
135 302
135 312
135 319
135 342
135 420
135 424
135 465
135 472
136 139
136 162
136 163
136 168
136 169
136 185
136 189
136 191
136 192
136 242
136 245
136 270
136 271
136 276
136 302
136 312
136 319
136 342
136 343
136 420
136 424
136 465
136 472
137 139
137 165
137 166
137 171
137 172
137 173
137 185
137 191
137 242
137 245
137 267
137 268
137 273
137 274
137 301
137 313
137 314
137 315
137 316
137 317
137 318
137 319
137 343
137 421
137 424
137 425
137 426
137 427
137 428
137 429
137 465
137 472
138 140
138 168
138 169
138 174
138 175
138 176
138 185
138 189
138 191
138 242
138 245
138 265
138 266
138 271
138 301
138 343
138 421
138 429
138 465
138 472
139 140
139 141
139 171
139 172
139 177
139 178
139 185
139 190
139 191
139 242
139 245
139 262
139 263
139 268
139 269
139 301
139 343
139 421
139 430
139 464
139 472
140 141
140 174
140 175
140 179
140 180
140 181
140 185
140 189
140 192
140 242
140 245
140 260
140 261
140 266
140 301
140 343
140 421
140 429
140 430
140 464
140 472
141 141
141 177
141 178
141 182
141 183
141 184
141 189
141 192
141 242
141 245
141 258
141 259
141 263
141 264
141 301
141 343
141 398
141 399
141 400
141 401
141 402
141 421
141 426
141 427
141 428
141 464
141 472
142 141
142 179
142 180
142 181
142 191
142 242
142 245
142 256
142 257
142 261
142 262
142 301
142 343
142 397
142 403
142 420
142 426
142 464
142 472
143 142
143 182
143 183
143 242
143 245
143 253
143 254
143 259
143 260
143 301
143 343
143 370
143 396
143 403
143 415
143 416
143 417
143 420
143 426
143 464
143 472
144 142
144 143
144 165
144 166
144 167
144 168
144 169
144 170
144 171
144 185
144 189
144 242
144 245
144 250
144 251
144 252
144 257
144 301
144 342
144 343
144 369
144 371
144 387
144 391
144 396
144 403
144 416
144 418
144 419
144 420
144 426
144 464
144 472
145 50
145 64
145 143
145 160
145 161
145 162
145 163
145 164
145 171
145 185
145 189
145 242
145 245
145 248
145 249
145 254
145 255
145 302
145 341
145 369
145 371
145 387
145 392
145 396
145 403
145 416
145 426
145 464
145 472
146 49
146 51
146 62
146 63
146 144
146 145
146 146
146 158
146 168
146 169
146 170
146 171
146 185
146 189
146 243
146 245
146 252
146 253
146 302
146 340
146 369
146 371
146 387
146 392
146 396
146 403
146 417
146 418
146 426
146 464
146 472
147 48
147 50
147 60
147 61
147 147
147 148
147 157
147 158
147 160
147 161
147 162
147 163
147 185
147 189
147 243
147 244
147 245
147 250
147 251
147 303
147 304
147 305
147 341
147 369
147 387
147 393
147 396
147 403
147 419
147 420
147 426
147 464
147 472
148 47
148 49
148 58
148 59
148 148
148 156
148 160
148 184
148 185
148 189
148 243
148 245
148 248
148 249
148 306
148 307
148 341
148 369
148 388
148 393
148 396
148 403
148 421
148 426
148 464
148 473
149 46
149 49
149 56
149 57
149 149
149 150
149 155
149 158
149 159
149 183
149 184
149 186
149 189
149 243
149 245
149 307
149 341
149 369
149 388
149 393
149 396
149 403
149 421
149 426
149 464
149 473
150 45
150 48
150 54
150 55
150 151
150 152
150 155
150 182
150 183
150 186
150 189
150 243
150 246
150 308
150 309
150 310
150 341
150 369
150 388
150 393
150 396
150 403
150 421
150 426
150 464
150 473
151 44
151 47
151 53
151 152
151 153
151 154
151 155
151 182
151 186
151 189
151 243
151 311
151 312
151 341
151 369
151 382
151 388
151 393
151 396
151 403
151 421
151 426
151 464
151 473
152 43
152 46
152 51
152 52
152 157
152 181
152 186
152 190
152 243
152 312
152 313
152 341
152 369
152 382
152 388
152 393
152 396
152 403
152 421
152 426
152 465
153 42
153 45
153 49
153 50
153 114
153 155
153 157
153 181
153 186
153 190
153 314
153 315
153 339
153 340
153 369
153 382
153 388
153 393
153 396
153 403
153 422
153 427
153 465
154 40
154 41
154 44
154 48
154 113
154 157
154 158
154 179
154 180
154 186
154 190
154 239
154 240
154 241
154 242
154 243
154 244
154 282
154 283
154 316
154 336
154 337
154 338
154 339
154 369
154 372
154 382
154 388
154 393
154 396
154 403
154 422
154 427
154 465
155 39
155 43
155 46
155 47
155 112
155 158
155 159
155 160
155 161
155 178
155 186
155 190
155 238
155 244
155 281
155 283
155 317
155 334
155 335
155 369
155 372
155 373
155 374
155 375
155 376
155 377
155 382
155 388
155 393
155 396
155 403
155 422
155 427
155 465
156 19
156 38
156 41
156 42
156 45
156 111
156 156
156 162
156 163
156 178
156 186
156 190
156 237
156 245
156 281
156 283
156 317
156 318
156 333
156 334
156 369
156 372
156 378
156 382
156 388
156 393
156 396
156 403
156 422
156 427
156 465
157 19
157 24
157 37
157 40
157 43
157 44
157 57
157 58
157 111
157 156
157 158
157 164
157 165
157 186
157 190
157 237
157 244
157 281
157 284
157 318
157 333
157 369
157 378
157 382
157 388
157 393
157 396
157 403
157 422
157 427
157 465
158 19
158 23
158 36
158 39
158 41
158 42
158 55
158 56
158 110
158 156
158 158
158 165
158 166
158 177
158 186
158 190
158 237
158 244
158 281
158 284
158 319
158 332
158 369
158 378
158 382
158 388
158 393
158 396
158 403
158 422
158 427
158 465
159 18
159 23
159 35
159 40
159 52
159 53
159 54
159 66
159 109
159 115
159 156
159 158
159 166
159 176
159 186
159 190
159 237
159 244
159 281
159 284
159 319
159 320
159 332
159 369
159 378
159 383
159 388
159 393
159 396
159 403
159 422
159 427
159 465
160 18
160 22
160 33
160 34
160 47
160 48
160 49
160 50
160 51
160 66
160 108
160 114
160 156
160 158
160 167
160 177
160 186
160 190
160 237
160 244
160 281
160 284
160 321
160 322
160 332
160 369
160 378
160 383
160 388
160 393
160 396
160 403
160 422
160 427
160 465
161 18
161 22
161 31
161 32
161 42
161 43
161 44
161 45
161 46
161 66
161 107
161 114
161 156
161 158
161 167
161 168
161 177
161 183
161 184
161 185
161 186
161 187
161 188
161 189
161 190
161 191
161 192
161 193
161 194
161 237
161 244
161 281
161 284
161 322
161 330
161 331
161 369
161 378
161 383
161 388
161 393
161 397
161 400
161 403
161 422
161 465
162 18
162 22
162 29
162 30
162 39
162 40
162 41
162 66
162 81
162 106
162 113
162 156
162 158
162 169
162 170
162 177
162 182
162 195
162 237
162 244
162 282
162 284
162 289
162 290
162 322
162 329
162 369
162 378
162 383
162 388
162 394
162 396
162 398
162 399
162 401
162 402
162 422
162 465
163 17
163 22
163 27
163 28
163 37
163 38
163 66
163 81
163 106
163 113
163 156
163 158
163 170
163 171
163 177
163 181
163 195
163 237
163 244
163 282
163 284
163 288
163 290
163 322
163 328
163 369
163 378
163 383
163 388
163 394
163 396
163 398
163 401
163 422
163 465
164 16
164 22
164 25
164 26
164 35
164 36
164 66
164 80
164 83
164 105
164 112
164 156
164 158
164 171
164 173
164 174
164 175
164 177
164 181
164 195
164 237
164 244
164 282
164 284
164 288
164 290
164 323
164 325
164 326
164 327
164 369
164 378
164 384
164 388
164 394
164 396
164 398
164 401
164 423
164 466
165 16
165 22
165 23
165 24
165 34
165 58
165 59
165 66
165 80
165 83
165 104
165 112
165 156
165 158
165 171
165 173
165 175
165 177
165 181
165 195
165 237
165 244
165 282
165 284
165 288
165 290
165 324
165 326
165 369
165 378
165 384
165 388
165 394
165 396
165 398
165 401
165 423
165 466
166 16
166 33
166 60
166 61
166 67
166 79
166 82
166 103
166 112
166 156
166 158
166 171
166 181
166 195
166 210
166 211
166 212
166 213
166 214
166 215
166 216
166 217
166 223
166 237
166 244
166 250
166 282
166 284
166 288
166 290
166 324
166 326
166 369
166 378
166 384
166 388
166 394
166 396
166 398
166 401
166 423
166 466
167 9
167 10
167 16
167 31
167 32
167 62
167 63
167 68
167 79
167 82
167 103
167 112
167 156
167 158
167 181
167 195
167 210
167 218
167 219
167 220
167 221
167 222
167 224
167 237
167 245
167 250
167 253
167 282
167 284
167 288
167 290
167 369
167 378
167 384
167 388
167 394
167 396
167 398
167 401
167 423
167 466
168 7
168 8
168 11
168 17
168 29
168 30
168 64
168 68
168 79
168 82
168 102
168 107
168 108
168 109
168 111
168 156
168 158
168 181
168 195
168 212
168 213
168 214
168 215
168 216
168 217
168 222
168 224
168 237
168 245
168 250
168 253
168 282
168 284
168 288
168 290
168 369
168 378
168 384
168 388
168 394
168 396
168 398
168 401
168 423
168 466
169 7
169 11
169 17
169 27
169 28
169 65
169 69
169 78
169 82
169 101
169 106
169 110
169 111
169 156
169 158
169 182
169 185
169 186
169 191
169 192
169 193
169 194
169 195
169 218
169 219
169 220
169 222
169 224
169 237
169 245
169 250
169 253
169 282
169 284
169 288
169 290
169 369
169 378
169 384
169 388
169 393
169 396
169 398
169 401
169 423
169 466
170 6
170 12
170 17
170 25
170 26
170 65
170 70
170 78
170 81
170 100
170 106
170 156
170 158
170 182
170 183
170 184
170 185
170 222
170 224
170 238
170 239
170 240
170 241
170 242
170 243
170 244
170 250
170 253
170 282
170 284
170 288
170 290
170 369
170 372
170 378
170 384
170 388
170 393
170 396
170 398
170 401
170 423
170 466
171 6
171 12
171 17
171 24
171 66
171 71
171 77
171 81
171 99
171 105
171 156
171 182
171 185
171 186
171 187
171 188
171 189
171 190
171 191
171 192
171 193
171 222
171 224
171 246
171 251
171 253
171 282
171 285
171 288
171 290
171 369
171 372
171 373
171 374
171 375
171 376
171 377
171 384
171 389
171 393
171 396
171 398
171 401
171 466
172 6
172 12
172 16
172 23
172 66
172 71
172 77
172 81
172 99
172 104
172 156
172 181
172 193
172 222
172 224
172 243
172 246
172 251
172 253
172 282
172 285
172 289
172 291
172 369
172 372
172 374
172 384
172 389
172 393
172 396
172 398
172 401
172 466
173 6
173 12
173 16
173 21
173 22
173 67
173 72
173 77
173 81
173 98
173 102
173 103
173 156
173 175
173 176
173 177
173 181
173 193
173 222
173 243
173 246
173 251
173 253
173 282
173 285
173 289
173 291
173 369
173 372
173 374
173 384
173 389
173 393
173 396
173 398
173 401
173 466
174 7
174 12
174 15
174 20
174 67
174 73
174 77
174 80
174 96
174 97
174 101
174 156
174 175
174 178
174 181
174 193
174 222
174 243
174 246
174 251
174 253
174 282
174 285
174 289
174 291
174 354
174 355
174 369
174 372
174 374
174 393
174 396
174 398
174 401
174 466
175 7
175 12
175 15
175 19
175 68
175 74
175 77
175 80
175 93
175 94
175 95
175 101
175 156
175 175
175 178
175 182
175 193
175 222
175 243
175 246
175 251
175 254
175 282
175 285
175 289
175 291
175 353
175 369
175 372
175 374
175 393
175 396
175 398
175 401
175 466
176 7
176 13
176 15
176 19
176 69
176 74
176 76
176 80
176 91
176 92
176 102
176 156
176 175
176 178
176 182
176 193
176 222
176 243
176 246
176 251
176 254
176 282
176 285
176 289
176 291
176 340
176 353
176 354
176 355
176 356
176 369
176 372
176 374
176 384
176 385
176 393
176 396
176 398
176 401
176 466
177 7
177 13
177 14
177 19
177 69
177 75
177 76
177 80
177 89
177 90
177 101
177 156
177 175
177 178
177 182
177 193
177 222
177 244
177 246
177 251
177 254
177 282
177 285
177 289
177 291
177 339
177 341
177 352
177 357
177 369
177 372
177 374
177 381
177 382
177 383
177 386
177 393
177 396
177 398
177 401
177 466
178 7
178 13
178 14
178 19
178 70
178 75
178 76
178 80
178 87
178 88
178 99
178 100
178 156
178 175
178 177
178 178
178 182
178 193
178 222
178 244
178 251
178 254
178 282
178 285
178 289
178 291
178 339
178 341
178 351
178 357
178 369
178 372
178 374
178 379
178 380
178 386
178 394
178 396
178 398
178 401
178 466
179 8
179 9
179 10
179 11
179 12
179 13
179 14
179 19
179 71
179 76
179 80
179 86
179 96
179 97
179 98
179 156
179 175
179 180
179 181
179 182
179 194
179 222
179 244
179 251
179 254
179 283
179 285
179 289
179 291
179 339
179 341
179 352
179 356
179 357
179 369
179 372
179 374
179 376
179 378
179 379
179 387
179 394
179 396
179 399
179 401
179 466
180 10
180 12
180 13
180 19
180 72
180 79
180 85
180 94
180 95
180 156
180 177
180 182
180 194
180 222
180 244
180 252
180 254
180 283
180 285
180 289
180 291
180 302
180 303
180 304
180 305
180 306
180 307
180 339
180 341
180 353
180 354
180 355
180 369
180 372
180 374
180 378
180 387
180 394
180 396
180 399
180 466
181 10
181 12
181 13
181 19
181 72
181 79
181 85
181 92
181 93
181 156
181 178
181 179
181 180
181 181
181 182
181 194
181 222
181 241
181 242
181 243
181 244
181 245
181 246
181 247
181 248
181 252
181 254
181 283
181 285
181 289
181 301
181 308
181 339
181 341
181 369
181 372
181 374
181 378
181 387
181 394
181 396
181 399
181 401
181 466
182 8
182 10
182 11
182 13
182 19
182 73
182 79
182 84
182 90
182 91
182 156
182 182
182 194
182 222
182 240
182 249
182 252
182 254
182 283
182 289
182 300
182 308
182 323
182 324
182 325
182 339
182 341
182 369
182 372
182 374
182 378
182 387
182 394
182 396
182 399
182 401
182 466
183 8
183 10
183 11
183 13
183 19
183 73
183 79
183 84
183 89
183 156
183 173
183 182
183 194
183 223
183 224
183 239
183 249
183 252
183 254
183 283
183 289
183 291
183 300
183 308
183 322
183 326
183 339
183 341
183 369
183 372
183 374
183 378
183 387
183 394
183 399
183 401
183 466
184 8
184 10
184 11
184 13
184 18
184 73
184 79
184 83
184 88
184 156
184 172
184 174
184 182
184 194
184 239
184 249
184 252
184 254
184 283
184 289
184 291
184 301
184 302
184 303
184 304
184 305
184 306
184 307
184 308
184 322
184 326
184 329
184 330
184 331
184 332
184 333
184 334
184 335
184 339
184 341
184 369
184 372
184 374
184 378
184 387
184 399
184 401
184 466
185 8
185 10
185 12
185 13
185 18
185 73
185 79
185 82
185 87
185 156
185 182
185 194
185 239
185 250
185 252
185 254
185 283
185 322
185 326
185 328
185 336
185 339
185 341
185 369
185 372
185 374
185 376
185 378
185 379
185 387
185 399
185 400
185 401
185 466
186 8
186 10
186 13
186 18
186 73
186 79
186 82
186 86
186 156
186 182
186 194
186 239
186 250
186 252
186 255
186 283
186 322
186 326
186 336
186 339
186 341
186 369
186 372
186 374
186 376
186 379
186 384
186 385
186 387
186 467
187 8
187 11
187 18
187 73
187 80
187 81
187 85
187 156
187 182
187 194
187 239
187 250
187 252
187 255
187 282
187 283
187 284
187 285
187 286
187 287
187 288
187 289
187 322
187 327
187 330
187 331
187 332
187 333
187 339
187 341
187 368
187 369
187 370
187 374
187 376
187 380
187 383
187 386
187 387
187 467
188 8
188 11
188 18
188 41
188 42
188 43
188 44
188 45
188 46
188 74
188 80
188 81
188 84
188 156
188 182
188 194
188 239
188 246
188 247
188 248
188 250
188 252
188 255
188 281
188 290
188 291
188 294
188 295
188 296
188 297
188 322
188 326
188 328
188 329
188 334
188 368
188 370
188 374
188 376
188 380
188 381
188 386
188 467
189 8
189 11
189 18
189 40
189 47
189 74
189 80
189 84
189 156
189 182
189 195
189 240
189 241
189 242
189 243
189 244
189 245
189 250
189 252
189 273
189 274
189 275
189 276
189 277
189 278
189 279
189 280
189 291
189 292
189 293
189 298
189 322
189 323
189 324
189 325
189 334
189 367
189 370
189 374
189 376
189 381
189 382
189 386
189 467
190 8
190 11
190 18
190 39
190 47
190 74
190 80
190 83
190 156
190 182
190 195
190 240
190 249
190 252
190 257
190 258
190 259
190 260
190 261
190 271
190 272
190 287
190 299
190 326
190 335
190 367
190 370
190 374
190 376
190 382
190 383
190 386
190 467
191 8
191 11
191 18
191 39
191 47
191 74
191 83
191 155
191 156
191 157
191 158
191 159
191 160
191 161
191 162
191 163
191 164
191 165
191 166
191 167
191 168
191 169
191 170
191 171
191 172
191 173
191 174
191 175
191 176
191 177
191 178
191 179
191 180
191 181
191 182
191 183
191 184
191 185
191 186
191 187
191 188
191 189
191 190
191 191
191 192
191 193
191 194
191 195
191 196
191 209
191 210
191 211
191 212
191 213
191 214
191 215
191 216
191 217
191 218
191 239
191 249
191 256
191 262
191 263
191 271
191 281
191 282
191 286
191 299
191 300
191 367
191 370
191 374
191 376
191 383
191 386
191 387
191 467
192 8
192 11
192 17
192 39
192 47
192 74
192 83
192 145
192 146
192 147
192 148
192 149
192 150
192 151
192 152
192 153
192 154
192 196
192 197
192 198
192 199
192 200
192 201
192 202
192 203
192 207
192 208
192 219
192 220
192 239
192 249
192 255
192 263
192 264
192 270
192 282
192 283
192 285
192 286
192 300
192 367
192 370
192 374
192 383
192 387
192 467
193 8
193 11
193 17
193 40
193 41
193 46
193 47
193 74
193 83
193 143
193 144
193 204
193 205
193 206
193 207
193 220
193 239
193 249
193 255
193 264
193 269
193 270
193 283
193 284
193 285
193 300
193 367
193 370
193 374
193 383
193 384
193 385
193 386
193 387
193 467
194 9
194 11
194 17
194 42
194 43
194 44
194 45
194 74
194 82
194 140
194 141
194 142
194 221
194 240
194 249
194 256
194 264
194 269
194 284
194 300
194 367
194 370
194 373
194 467
195 9
195 11
195 17
195 42
195 74
195 82
195 138
195 139
195 207
195 208
195 221
195 222
195 240
195 249
195 269
195 283
195 301
195 367
195 370
195 373
195 375
195 467
196 9
196 11
196 17
196 42
196 75
196 82
196 84
196 85
196 86
196 87
196 88
196 89
196 90
196 91
196 92
196 93
196 94
196 95
196 96
196 97
196 98
196 99
196 100
196 136
196 137
196 209
196 210
196 222
196 223
196 240
196 249
196 269
196 283
196 301
196 373
196 374
196 375
196 467
197 9
197 12
197 17
197 43
197 49
197 50
197 51
197 52
197 53
197 54
197 55
197 56
197 57
197 58
197 59
197 60
197 61
197 75
197 82
197 83
197 101
197 106
197 107
197 108
197 109
197 110
197 111
197 112
197 113
197 114
197 115
197 119
197 120
197 121
197 135
197 210
197 211
197 223
197 240
197 249
197 301
197 376
197 467
198 9
198 12
198 17
198 43
198 45
198 48
198 62
198 75
198 82
198 101
198 104
198 105
198 116
198 117
198 118
198 122
198 123
198 134
198 211
198 212
198 224
198 240
198 249
198 467
199 9
199 12
199 17
199 43
199 45
199 47
199 62
199 75
199 82
199 102
199 103
199 104
199 123
199 132
199 133
199 212
199 213
199 224
199 241
199 242
199 243
199 246
199 249
199 467
200 9
200 12
200 17
200 40
200 41
200 42
200 47
200 62
200 76
200 82
200 124
200 131
200 132
200 213
200 214
200 224
200 247
200 248
200 467
201 9
201 12
201 17
201 38
201 39
201 43
201 48
201 62
201 76
201 82
201 104
201 105
201 123
201 130
201 131
201 214
201 467
202 9
202 12
202 17
202 36
202 43
202 48
202 62
202 76
202 77
202 82
202 101
202 123
202 129
202 130
202 215
203 9
203 12
203 21
203 22
203 23
203 24
203 36
203 39
203 48
203 62
203 75
203 82
203 103
203 104
203 105
203 106
203 107
203 108
203 109
203 110
203 111
203 112
203 113
203 114
203 115
203 116
203 117
203 118
203 119
203 120
203 121
203 122
203 128
203 129
203 215
203 216
204 9
204 14
204 15
204 16
204 17
204 18
204 19
204 20
204 25
204 26
204 27
204 28
204 29
204 30
204 43
204 45
204 48
204 62
204 75
204 82
204 102
204 127
204 128
204 216
204 217
204 224
205 13
205 31
205 32
205 33
205 34
205 35
205 43
205 45
205 48
205 62
205 75
205 82
205 101
205 126
205 127
205 217
205 218
205 223
205 225
205 226
206 7
206 8
206 9
206 12
206 36
206 37
206 38
206 43
206 45
206 48
206 62
206 75
206 83
206 84
206 85
206 86
206 87
206 88
206 89
206 90
206 91
206 92
206 93
206 94
206 95
206 96
206 97
206 98
206 99
206 100
206 101
206 125
206 126
206 218
206 219
206 221
206 222
206 227
206 228
207 5
207 6
207 9
207 12
207 39
207 40
207 41
207 48
207 63
207 75
207 124
207 125
207 219
207 220
207 221
207 228
208 3
208 4
208 9
208 12
208 42
208 43
208 48
208 63
208 75
208 124
208 228
209 2
209 3
209 9
209 12
209 43
209 44
209 45
209 48
209 63
209 75
209 123
209 228
210 0
210 1
210 9
210 12
210 45
210 48
210 63
210 75
210 122
210 228
211 10
211 13
211 45
211 48
211 63
211 121
211 223
211 224
211 225
211 226
211 227
211 228
212 10
212 13
212 45
212 63
212 120
212 121
212 222
213 7
213 8
213 13
213 27
213 28
213 45
213 118
213 119
213 120
213 223
213 224
213 225
213 226
214 0
214 1
214 6
214 9
214 13
214 21
214 22
214 23
214 24
214 25
214 26
214 29
214 30
214 35
214 36
214 37
214 38
214 45
214 116
214 117
214 227
214 228
215 2
215 3
215 6
215 13
215 15
215 16
215 17
215 18
215 19
215 20
215 30
215 31
215 32
215 33
215 34
215 39
215 40
215 41
215 45
215 115
215 116
215 228
216 3
216 4
216 10
216 42
216 45
216 115
216 229
217 10
217 13
217 43
217 44
217 45
217 114
217 229
218 10
218 13
218 113
218 114
218 230
219 112
219 230
220 111
220 230
221 111
221 231
222 111
222 231
223 111
223 231
224 111
224 231
225 111
225 231
226 111
226 231
227 111
227 231
228 111
228 231
229 110
229 231
230 110
230 231
231 110
231 231
232 110
232 231
233 110
233 231
234 110
234 231
235 110
235 231
236 110
236 231
237 110
238 110
239 110
240 111
241 111
242 111
243 111
244 111
245 111
246 111
247 111
248 112
