0 175
1 176
2 177
3 178
4 178
4 179
5 179
5 180
6 180
6 181
7 181
7 184
7 185
7 186
8 181
8 183
8 187
8 188
9 188
10 188
10 194
11 188
11 190
11 191
11 192
11 193
11 195
11 196
12 196
13 195
13 196
14 193
14 194
14 209
15 193
15 204
15 205
15 206
15 207
15 208
15 210
16 192
16 202
16 203
16 210
17 192
17 201
17 202
17 210
17 634
17 635
17 636
17 637
17 638
17 639
18 192
18 200
18 209
18 634
19 193
19 199
19 209
19 634
20 193
20 194
20 198
20 208
20 209
20 634
20 635
21 194
21 195
21 197
21 208
21 635
22 195
22 196
22 197
22 207
22 636
23 207
23 636
23 637
24 206
24 637
24 638
24 639
25 206
26 205
27 205
27 578
27 579
27 580
27 581
27 582
27 583
27 584
28 205
28 578
28 585
28 586
29 202
29 203
29 204
29 578
29 586
30 200
30 201
30 578
30 585
30 586
31 200
31 573
31 574
31 575
31 576
31 577
31 578
31 585
31 635
32 199
32 573
32 584
32 634
32 636
32 637
32 638
32 639
33 199
33 561
33 562
33 563
33 572
33 584
33 633
34 200
34 561
34 563
34 564
34 568
34 569
34 570
34 571
34 572
34 584
34 633
35 200
35 560
35 565
35 566
35 567
35 584
35 633
36 201
36 560
36 584
36 633
37 201
37 202
37 559
37 560
37 584
37 628
37 629
37 630
37 631
37 632
37 633
38 202
38 558
38 559
38 584
38 627
39 202
39 557
39 558
39 584
39 626
40 202
40 557
40 584
40 626
41 202
41 559
41 584
41 626
42 202
42 559
42 585
42 586
42 625
43 202
43 224
43 225
43 558
43 559
43 587
43 625
44 202
44 221
44 222
44 223
44 226
44 227
44 558
44 587
44 625
45 202
45 219
45 220
45 227
45 558
45 559
45 587
45 624
46 202
46 215
46 216
46 217
46 218
46 227
46 560
46 587
46 623
46 624
47 202
47 213
47 214
47 226
47 227
47 560
47 588
47 621
47 622
47 623
48 202
48 203
48 211
48 212
48 224
48 225
48 556
48 557
48 558
48 559
48 560
48 589
48 590
48 621
49 203
49 204
49 210
49 211
49 224
49 554
49 555
49 590
49 621
49 622
50 204
50 205
50 209
50 210
50 223
50 554
50 591
50 595
50 622
51 205
51 206
51 207
51 208
51 222
51 223
51 554
51 592
51 593
51 594
51 596
51 623
52 222
52 554
52 555
52 596
52 623
53 221
53 555
53 556
53 596
53 622
53 623
54 220
54 221
54 556
54 597
54 598
54 599
54 619
54 620
54 621
54 622
55 219
55 220
55 556
55 600
55 601
55 602
55 618
56 217
56 218
56 556
56 603
56 604
56 605
56 617
57 216
57 217
57 556
57 606
57 607
57 617
58 215
58 216
58 555
58 556
58 607
58 617
59 213
59 214
59 555
59 607
59 616
60 213
60 554
60 608
60 615
60 616
61 213
61 554
61 609
61 615
62 214
62 546
62 547
62 548
62 549
62 550
62 551
62 552
62 553
62 554
62 609
62 615
63 215
63 537
63 538
63 539
63 540
63 541
63 542
63 543
63 544
63 545
63 608
63 609
63 615
64 215
64 534
64 535
64 536
64 608
64 611
64 612
64 613
64 614
64 615
65 216
65 534
65 608
65 609
65 610
66 216
66 534
66 535
67 216
67 536
67 537
68 216
68 537
68 538
68 539
68 540
68 541
68 542
68 543
69 215
69 216
69 544
69 545
70 215
70 545
71 215
71 545
72 213
72 214
72 215
72 223
72 224
72 225
72 541
72 542
72 543
72 544
72 545
73 211
73 212
73 219
73 220
73 221
73 222
73 226
73 227
73 530
73 531
73 532
73 533
73 534
73 535
73 536
73 537
73 538
73 539
73 540
74 211
74 216
74 217
74 218
74 227
74 528
74 529
75 211
75 212
75 213
75 214
75 227
75 528
76 227
76 528
77 228
77 229
77 230
77 231
77 528
78 232
78 528
79 232
79 527
79 528
80 231
80 232
80 524
80 525
80 526
81 229
81 230
81 522
81 523
82 228
82 229
82 521
82 522
83 228
83 520
83 521
84 227
84 520
85 227
85 519
86 225
86 226
86 513
86 514
86 515
86 519
87 224
87 515
87 516
87 517
87 518
88 221
88 222
88 223
88 510
88 511
88 512
89 219
89 220
89 509
89 510
90 218
90 219
90 507
90 508
91 218
91 507
92 217
92 507
93 216
93 217
93 507
94 214
94 215
94 216
94 507
95 211
95 212
95 213
95 507
96 209
96 210
96 507
97 208
97 209
97 217
97 218
97 219
97 507
98 208
98 211
98 212
98 213
98 214
98 215
98 216
98 220
98 221
98 502
98 503
98 504
98 505
98 506
98 507
99 208
99 209
99 210
99 221
99 500
99 501
100 220
100 221
100 499
101 219
101 220
101 498
102 217
102 218
102 498
103 215
103 216
103 476
103 477
103 478
103 479
103 480
103 492
103 493
103 499
104 215
104 474
104 475
104 481
104 482
104 483
104 484
104 485
104 490
104 491
104 494
104 495
104 496
104 497
105 214
105 473
105 486
105 487
105 489
105 490
106 211
106 212
106 213
106 214
106 472
106 487
106 488
106 489
107 209
107 210
107 472
108 208
108 463
108 464
108 465
108 466
108 467
108 468
108 469
108 470
108 471
109 208
109 460
109 461
109 462
110 208
110 209
110 458
110 459
111 210
111 211
111 457
111 458
112 212
112 213
112 456
112 457
113 213
113 214
113 215
113 216
113 217
113 218
113 450
113 451
113 452
113 453
113 454
113 455
114 219
114 220
114 221
114 225
114 226
114 227
114 448
114 449
115 222
115 223
115 225
115 228
115 229
115 447
115 448
116 223
116 224
116 225
116 229
116 446
116 447
117 229
117 444
117 445
118 229
118 443
118 444
119 229
119 439
119 440
119 441
119 442
120 229
120 439
121 230
121 231
121 232
121 233
121 234
121 235
121 236
121 237
121 238
121 440
122 239
122 440
123 239
123 439
123 440
124 238
124 239
124 438
124 439
125 238
125 437
125 438
126 238
126 435
126 436
127 238
127 239
127 434
127 435
128 240
128 241
128 432
128 433
129 242
129 392
129 393
129 431
129 432
130 242
130 389
130 394
130 395
130 396
130 397
130 398
130 399
130 400
130 401
130 402
130 403
130 404
130 405
130 406
130 407
130 431
131 242
131 383
131 387
131 408
131 409
131 410
131 411
131 412
131 413
131 414
131 415
131 416
131 417
131 418
131 419
131 420
131 421
131 422
131 423
131 424
131 425
131 426
131 427
131 431
132 240
132 241
132 380
132 381
132 390
132 391
132 392
132 428
132 431
133 240
133 377
133 378
133 383
133 384
133 385
133 386
133 390
133 392
133 393
133 431
134 233
134 234
134 235
134 236
134 237
134 238
134 239
134 373
134 374
134 375
134 376
134 382
134 383
134 387
134 388
134 389
134 394
134 395
134 416
134 431
135 232
135 369
135 370
135 371
135 372
135 380
135 381
135 395
135 401
135 402
135 403
135 404
135 405
135 406
135 407
135 408
135 409
135 414
135 415
135 417
135 418
135 419
135 420
135 425
135 426
135 427
135 428
135 429
135 430
135 431
136 231
136 366
136 367
136 368
136 378
136 379
136 396
136 397
136 398
136 399
136 400
136 410
136 411
136 412
136 413
136 421
136 423
136 424
137 231
137 323
137 364
137 365
137 377
137 378
137 421
137 423
138 232
138 321
138 322
138 324
138 325
138 326
138 327
138 328
138 329
138 330
138 331
138 332
138 333
138 334
138 335
138 336
138 337
138 338
138 364
138 376
139 232
139 233
139 319
139 320
139 339
139 340
139 341
139 342
139 343
139 344
139 345
139 346
139 347
139 348
139 349
139 350
139 351
139 363
139 375
140 233
140 234
140 319
140 352
140 361
140 362
140 363
140 375
141 235
141 236
141 318
141 352
141 356
141 357
141 358
141 359
141 360
141 374
142 236
142 318
142 352
142 354
142 355
142 375
143 236
143 318
144 235
144 236
144 318
144 348
144 349
144 350
144 351
144 373
144 374
145 233
145 234
145 280
145 281
145 282
145 283
145 284
145 285
145 318
145 347
145 348
145 352
145 353
145 371
145 372
146 232
146 233
146 280
146 286
146 287
146 318
146 347
146 353
146 354
146 370
146 371
147 232
147 234
147 279
147 288
147 289
147 290
147 291
147 318
147 346
147 354
147 369
147 370
148 235
148 236
148 237
148 238
148 279
148 292
148 293
148 318
148 345
148 346
148 354
148 364
148 365
148 366
148 367
148 368
148 369
149 239
149 278
149 294
149 295
149 306
149 307
149 308
149 309
149 310
149 318
149 344
149 345
149 354
149 363
150 239
150 260
150 261
150 262
150 263
150 264
150 265
150 266
150 267
150 268
150 272
150 273
150 274
150 275
150 278
150 295
150 305
150 310
150 311
150 318
150 344
150 354
150 362
151 239
151 258
151 259
151 269
151 270
151 271
151 276
151 295
151 304
151 311
151 318
151 343
151 355
151 362
152 239
152 256
152 257
152 258
152 296
152 297
152 298
152 299
152 300
152 304
152 312
152 313
152 314
152 315
152 316
152 317
152 343
152 355
152 362
153 239
153 254
153 255
153 301
153 302
153 304
153 312
153 331
153 332
153 333
153 334
153 335
153 336
153 342
153 356
153 361
154 239
154 254
154 302
154 311
154 329
154 330
154 337
154 338
154 339
154 340
154 341
154 342
154 356
154 357
154 360
154 361
155 239
155 253
155 312
155 313
155 314
155 315
155 321
155 328
155 329
155 357
155 358
155 360
156 239
156 252
156 253
156 316
156 317
156 320
156 322
156 323
156 324
156 325
156 326
156 327
156 328
156 358
157 239
157 252
157 317
157 318
157 319
158 234
158 235
158 236
158 237
158 238
158 239
158 251
159 233
159 241
159 242
159 243
159 244
159 251
160 233
160 240
160 241
160 244
160 245
160 246
160 247
160 248
160 249
160 250
161 83
161 233
161 238
161 239
161 240
162 82
162 84
162 85
162 234
162 238
163 81
163 85
163 86
163 235
163 238
164 81
164 86
164 236
164 237
164 238
165 80
165 86
165 228
165 229
165 230
165 231
166 80
166 86
166 227
166 231
166 232
167 80
167 86
167 225
167 226
167 232
168 67
168 68
168 69
168 70
168 71
168 72
168 73
168 81
168 86
168 200
168 225
168 231
168 232
169 66
169 74
169 81
169 85
169 200
169 201
169 202
169 225
169 226
169 227
169 231
170 66
170 74
170 81
170 85
170 101
170 102
170 200
170 203
170 207
170 208
170 209
170 228
171 66
171 74
171 82
171 85
171 103
171 104
171 105
171 106
171 107
171 108
171 109
171 110
171 111
171 112
171 126
171 200
171 204
171 208
171 210
171 211
171 212
171 229
172 66
172 73
172 82
172 83
172 86
172 112
172 126
172 128
172 129
172 130
172 201
172 202
172 205
172 206
172 209
172 213
172 230
173 42
173 65
173 73
173 83
173 86
173 87
173 113
173 126
173 127
173 203
173 207
173 209
173 213
173 231
174 41
174 43
174 65
174 73
174 83
174 87
174 88
174 113
174 204
174 208
174 210
174 214
174 232
175 40
175 43
175 66
175 67
175 68
175 69
175 70
175 73
175 84
175 88
175 113
175 150
175 205
175 209
175 211
175 215
175 216
175 230
175 231
176 41
176 42
176 43
176 71
176 72
176 73
176 82
176 84
176 85
176 86
176 87
176 88
176 112
176 150
176 205
176 209
176 211
176 217
176 218
176 228
176 229
177 41
177 43
177 81
177 87
177 112
177 134
177 135
177 150
177 206
177 210
177 212
177 219
177 220
177 227
177 554
177 555
177 556
177 557
177 558
178 41
178 43
178 80
178 88
178 112
178 132
178 133
178 149
178 207
178 211
178 221
178 222
178 225
178 226
178 552
178 553
178 559
178 560
179 41
179 43
179 65
179 66
179 67
179 68
179 69
179 70
179 71
179 72
179 73
179 81
179 82
179 88
179 112
179 128
179 129
179 130
179 131
179 149
179 173
179 174
179 208
179 214
179 215
179 223
179 224
179 552
179 560
179 561
180 41
180 43
180 64
180 74
180 75
180 83
180 84
180 87
180 88
180 92
180 93
180 94
180 95
180 112
180 126
180 127
180 149
180 163
180 164
180 165
180 170
180 171
180 172
180 175
180 208
180 213
180 216
180 551
180 561
181 41
181 43
181 63
181 75
181 76
181 77
181 78
181 85
181 86
181 87
181 92
181 95
181 112
181 125
181 149
181 164
181 166
181 167
181 168
181 169
181 175
181 195
181 196
181 197
181 198
181 199
181 200
181 201
181 202
181 203
181 204
181 205
181 206
181 207
181 208
181 209
181 212
181 216
181 229
181 230
181 231
181 232
181 233
181 234
181 235
181 236
181 237
181 550
181 551
181 562
182 41
182 43
182 79
182 80
182 92
182 95
182 112
182 125
182 148
182 158
182 165
182 173
182 176
182 194
182 213
182 214
182 216
182 227
182 228
182 238
182 239
182 240
182 241
182 549
182 550
182 562
183 41
183 43
183 80
183 81
183 92
183 93
183 94
183 95
183 112
183 125
183 138
183 139
183 148
183 157
183 159
183 160
183 165
183 172
183 174
183 175
183 176
183 177
183 182
183 186
183 187
183 194
183 213
183 215
183 226
183 227
183 242
183 243
183 549
183 563
184 41
184 43
184 112
184 125
184 134
184 135
184 136
184 137
184 140
184 148
184 157
184 161
184 162
184 163
184 165
184 171
184 174
184 176
184 177
184 182
184 185
184 188
184 189
184 193
184 213
184 215
184 225
184 226
184 243
184 549
184 563
185 41
185 43
185 112
185 125
185 133
185 140
185 142
185 143
185 148
185 157
185 164
185 165
185 172
185 174
185 176
185 177
185 182
185 185
185 190
185 191
185 192
185 193
185 197
185 198
185 199
185 200
185 201
185 213
185 215
185 224
185 225
185 243
185 292
185 293
185 294
185 295
185 296
185 297
185 298
185 299
185 300
185 301
185 549
185 550
185 563
186 41
186 43
186 112
186 125
186 133
186 140
186 148
186 157
186 172
186 174
186 175
186 176
186 177
186 182
186 184
186 195
186 196
186 202
186 203
186 213
186 215
186 223
186 243
186 286
186 287
186 288
186 289
186 290
186 291
186 302
186 303
186 304
186 305
186 306
186 307
186 550
186 561
186 562
187 41
187 43
187 112
187 125
187 136
187 137
187 138
187 139
187 140
187 143
187 148
187 157
187 178
187 182
187 184
187 195
187 203
187 213
187 215
187 217
187 218
187 222
187 243
187 284
187 285
187 308
187 550
187 560
187 561
188 41
188 43
188 112
188 125
188 148
188 157
188 172
188 174
188 178
188 181
188 184
188 194
188 203
188 213
188 215
188 218
188 222
188 243
188 255
188 256
188 257
188 258
188 284
188 309
188 550
188 560
189 111
189 125
189 148
189 157
189 178
189 181
189 184
189 218
189 222
189 243
189 255
189 259
189 283
189 309
189 548
189 549
189 550
189 560
190 111
190 125
190 148
190 157
190 178
190 181
190 184
190 222
190 244
190 254
190 259
190 271
190 272
190 273
190 274
190 280
190 283
190 310
190 546
190 547
190 560
190 561
190 562
191 111
191 125
191 148
191 157
191 178
191 181
191 184
191 222
191 244
191 254
191 259
191 271
191 274
191 278
191 279
191 281
191 282
191 310
191 311
191 315
191 316
191 317
191 325
191 326
191 327
191 332
191 545
191 546
191 563
191 564
192 111
192 125
192 148
192 157
192 178
192 181
192 184
192 222
192 244
192 254
192 259
192 270
192 274
192 278
192 312
192 314
192 318
192 323
192 324
192 328
192 330
192 331
192 333
192 334
192 364
192 365
192 366
192 367
192 374
192 375
192 376
192 377
192 543
192 544
192 565
192 566
193 111
193 125
193 148
193 157
193 178
193 181
193 184
193 244
193 270
193 274
193 278
193 312
193 314
193 318
193 323
193 328
193 330
193 334
193 335
193 363
193 368
193 369
193 372
193 373
193 378
193 379
193 390
193 391
193 543
193 566
194 111
194 125
194 148
194 157
194 177
194 181
194 183
194 270
194 274
194 278
194 312
194 314
194 318
194 322
194 328
194 330
194 335
194 362
194 369
194 372
194 379
194 389
194 542
194 567
195 111
195 125
195 147
195 156
195 177
195 181
195 183
195 278
195 280
195 312
195 314
195 318
195 322
195 328
195 330
195 335
195 362
195 369
195 379
195 389
195 407
195 408
195 409
195 410
195 411
195 412
195 541
195 542
195 567
196 111
196 125
196 147
196 156
196 177
196 181
196 183
196 277
196 280
196 312
196 314
196 318
196 322
196 328
196 330
196 335
196 361
196 369
196 379
196 389
196 405
196 406
196 413
196 414
196 433
196 434
196 435
196 436
196 437
196 438
196 444
196 445
196 446
196 447
196 448
196 449
196 450
196 455
196 456
196 457
196 458
196 540
196 541
196 568
197 111
197 125
197 147
197 156
197 177
197 183
197 278
197 280
197 312
197 314
197 318
197 322
197 328
197 330
197 335
197 361
197 369
197 379
197 405
197 414
197 431
197 432
197 439
197 440
197 442
197 443
197 451
197 452
197 453
197 454
197 459
197 460
197 539
197 540
197 568
198 111
198 125
198 147
198 156
198 278
198 279
198 312
198 318
198 322
198 328
198 330
198 335
198 361
198 369
198 380
198 404
198 414
198 431
198 440
198 441
198 442
198 461
198 462
198 539
198 568
199 111
199 125
199 146
199 156
199 279
199 312
199 313
199 322
199 328
199 329
199 330
199 335
199 361
199 369
199 380
199 404
199 414
199 430
199 440
199 442
199 451
199 462
199 538
199 569
200 111
200 125
200 146
200 156
200 279
200 313
200 361
200 369
200 380
200 404
200 414
200 430
200 440
200 442
200 451
200 462
200 538
200 569
201 111
201 125
201 146
201 155
201 279
201 314
201 361
201 369
201 380
201 404
201 414
201 430
201 440
201 442
201 450
201 462
201 538
201 569
202 111
202 125
202 155
202 279
202 314
202 361
202 369
202 380
202 404
202 414
202 430
202 440
202 442
202 450
202 463
202 538
202 569
203 110
203 125
203 154
203 279
203 313
203 369
203 380
203 404
203 414
203 430
203 440
203 442
203 450
203 463
203 537
203 570
204 110
204 125
204 279
204 313
204 404
204 414
204 430
204 440
204 441
204 442
204 450
204 463
204 537
204 570
205 279
205 313
205 404
205 414
205 430
205 450
205 463
205 537
205 565
205 571
206 313
206 404
206 414
206 430
206 441
206 450
206 463
206 536
206 564
206 566
206 571
207 313
207 404
207 414
207 430
207 441
207 450
207 463
207 536
207 564
207 566
207 571
208 404
208 414
208 430
208 441
208 450
208 463
208 536
208 564
208 566
208 572
209 430
209 441
209 450
209 463
209 535
209 541
209 542
209 543
209 564
209 572
210 430
210 441
210 450
210 463
210 535
210 539
210 540
210 543
210 573
211 430
211 441
211 450
211 463
211 534
211 535
211 538
211 539
211 544
211 573
212 441
212 450
212 463
212 534
212 538
212 574
213 442
213 450
213 463
213 533
213 536
213 537
213 563
213 564
213 565
213 566
213 567
213 568
213 569
213 574
214 450
214 464
214 532
214 533
214 542
214 543
214 544
214 563
214 569
214 570
214 574
215 450
215 531
215 532
215 540
215 541
215 544
215 563
215 570
215 574
216 530
216 531
216 538
216 539
216 544
216 563
216 570
216 574
217 528
217 529
217 537
217 538
217 544
217 563
217 569
217 574
218 527
218 528
218 536
218 537
218 544
218 563
218 569
218 574
219 526
219 527
219 535
219 536
219 543
219 563
219 569
219 574
220 525
220 526
220 533
220 534
220 543
220 563
220 570
220 574
221 524
221 525
221 532
221 533
221 543
221 563
221 571
221 572
221 573
222 522
222 523
222 530
222 531
222 543
222 563
223 521
223 522
223 529
223 530
223 543
223 563
224 520
224 521
224 528
224 529
224 543
224 564
225 519
225 520
225 527
225 528
225 543
225 564
226 518
226 519
226 525
226 526
226 543
226 564
227 517
227 518
227 524
227 525
227 543
227 554
227 564
228 515
228 516
228 523
228 524
228 543
228 553
228 555
228 564
229 515
229 521
229 522
229 543
229 553
229 555
229 564
230 514
230 520
230 521
230 544
230 553
230 555
230 564
231 514
231 519
231 520
231 544
231 553
231 555
231 564
232 514
232 515
232 518
232 519
232 544
232 553
232 564
233 516
233 517
233 518
233 544
233 553
233 555
233 564
234 544
234 552
234 555
234 564
235 544
235 552
235 555
235 564
236 544
236 552
236 554
236 564
237 544
237 552
237 554
237 563
238 545
238 552
238 554
238 563
239 545
239 562
240 545
240 561
240 562
