6 377
7 363
7 364
7 365
7 366
7 367
7 368
7 369
7 370
7 371
7 372
7 373
7 374
7 375
7 376
7 378
7 381
8 361
8 362
8 378
8 380
8 382
8 383
8 384
8 385
8 386
8 387
8 388
8 389
9 360
9 390
9 391
9 392
10 359
10 393
10 394
10 395
10 396
11 359
11 380
11 381
11 382
11 384
11 385
11 386
11 387
11 388
11 389
11 390
11 397
11 398
11 399
11 400
11 401
11 416
12 360
12 361
12 362
12 363
12 364
12 365
12 366
12 367
12 368
12 369
12 370
12 371
12 372
12 373
12 374
12 375
12 379
12 393
12 394
12 402
12 403
12 404
12 413
12 414
12 415
12 417
12 418
13 375
13 378
13 397
13 398
13 405
13 406
13 412
13 418
14 376
14 378
14 400
14 401
14 407
14 408
14 409
14 417
14 418
15 376
15 377
15 378
15 402
15 403
15 404
15 410
15 411
15 417
16 405
16 406
16 416
17 407
17 408
17 409
17 416
18 410
18 416
19 411
19 413
19 417
20 411
20 412
20 413
20 417
21 412
21 417
22 412
22 417
23 412
23 417
24 412
24 417
25 412
25 417
26 412
26 417
27 412
27 417
28 412
28 417
29 412
29 417
30 412
30 417
31 412
31 417
32 412
32 417
33 412
33 417
34 412
34 417
35 412
35 417
36 412
36 417
37 412
37 417
38 412
38 417
39 412
39 417
40 412
40 417
41 412
41 417
42 412
42 417
43 412
43 417
44 412
44 417
45 412
45 418
46 412
46 418
47 412
47 418
48 412
48 418
49 413
49 418
50 413
50 418
51 413
51 418
52 413
52 418
53 413
53 418
54 413
54 418
55 413
55 418
56 285
56 286
56 287
56 288
56 289
56 290
56 291
56 292
56 413
56 418
57 279
57 280
57 281
57 282
57 283
57 284
57 293
57 413
57 418
58 278
58 293
58 413
58 418
58 558
58 559
59 277
59 293
59 350
59 351
59 352
59 353
59 354
59 355
59 356
59 357
59 358
59 359
59 360
59 413
59 418
59 553
59 554
59 557
59 560
59 563
60 207
60 208
60 209
60 210
60 211
60 277
60 294
60 349
60 361
60 362
60 413
60 418
60 550
60 551
60 552
60 553
60 556
60 560
60 561
60 562
60 564
60 565
60 566
61 41
61 42
61 50
61 197
61 198
61 199
61 200
61 201
61 202
61 203
61 204
61 205
61 206
61 212
61 277
61 294
61 348
61 362
61 413
61 418
61 549
61 554
61 556
61 562
61 564
61 566
62 39
62 40
62 43
62 48
62 49
62 51
62 52
62 196
62 212
62 277
62 294
62 348
62 362
62 413
62 418
62 549
62 554
62 556
62 566
63 37
63 38
63 44
63 46
63 47
63 52
63 53
63 60
63 61
63 62
63 195
63 212
63 277
63 294
63 347
63 362
63 413
63 418
63 540
63 541
63 542
63 549
63 567
63 578
63 579
63 580
63 581
64 37
64 44
64 45
64 46
64 53
64 54
64 59
64 60
64 63
64 64
64 196
64 212
64 278
64 294
64 347
64 362
64 413
64 418
64 528
64 529
64 530
64 531
64 540
64 543
64 550
64 567
64 577
64 578
64 583
65 37
65 38
65 55
65 56
65 57
65 58
65 59
65 64
65 196
65 212
65 278
65 294
65 347
65 362
65 413
65 418
65 527
65 528
65 531
65 532
65 540
65 541
65 550
65 567
65 576
65 577
65 584
66 39
66 64
66 67
66 68
66 69
66 196
66 212
66 278
66 293
66 348
66 362
66 413
66 418
66 527
66 532
66 543
66 545
66 546
66 547
66 550
66 567
66 571
66 572
66 573
66 576
66 584
67 27
67 28
67 36
67 37
67 39
67 64
67 66
67 70
67 71
67 196
67 212
67 278
67 293
67 348
67 362
67 414
67 415
67 416
67 417
67 418
67 420
67 421
67 422
67 526
67 532
67 543
67 548
67 567
67 571
67 573
67 584
68 17
68 18
68 19
68 20
68 21
68 22
68 25
68 26
68 29
68 34
68 35
68 71
68 72
68 73
68 197
68 212
68 278
68 293
68 348
68 362
68 411
68 412
68 423
68 424
68 523
68 524
68 533
68 543
68 548
68 550
68 567
68 571
68 574
68 575
68 584
69 14
69 15
69 16
69 17
69 22
69 25
69 29
69 34
69 197
69 212
69 278
69 293
69 348
69 362
69 411
69 424
69 425
69 523
69 525
69 526
69 534
69 542
69 548
69 550
69 568
69 569
69 570
69 584
70 12
70 13
70 22
70 25
70 29
70 33
70 71
70 72
70 73
70 197
70 211
70 278
70 293
70 348
70 362
70 410
70 425
70 522
70 534
70 542
70 584
71 12
71 23
71 30
71 31
71 32
71 71
71 74
71 75
71 76
71 77
71 78
71 79
71 80
71 81
71 197
71 211
71 278
71 293
71 348
71 362
71 410
71 425
71 521
71 535
71 539
71 540
71 541
71 542
71 585
72 11
72 82
72 197
72 211
72 278
72 293
72 348
72 362
72 410
72 425
72 520
72 536
72 537
72 585
73 10
73 11
73 82
73 197
73 211
73 279
73 293
73 348
73 362
73 410
73 425
73 521
73 537
73 585
74 9
74 10
74 82
74 95
74 197
74 211
74 279
74 293
74 348
74 362
74 399
74 400
74 410
74 425
74 498
74 499
74 503
74 504
74 505
74 506
74 507
74 508
74 521
74 586
74 587
74 588
74 589
74 590
74 591
74 592
74 593
74 594
75 7
75 8
75 82
75 83
75 84
75 93
75 94
75 96
75 97
75 197
75 211
75 279
75 293
75 348
75 363
75 364
75 365
75 366
75 367
75 368
75 369
75 370
75 371
75 372
75 373
75 374
75 375
75 376
75 377
75 397
75 398
75 401
75 402
75 403
75 404
75 405
75 406
75 407
75 408
75 409
75 410
75 425
75 498
75 500
75 501
75 502
75 509
75 510
75 521
75 595
76 7
76 85
76 86
76 88
76 89
76 90
76 91
76 92
76 97
76 98
76 197
76 211
76 266
76 267
76 268
76 269
76 270
76 271
76 272
76 273
76 274
76 275
76 276
76 277
76 278
76 279
76 294
76 295
76 296
76 297
76 298
76 299
76 300
76 301
76 302
76 303
76 304
76 305
76 306
76 307
76 308
76 309
76 310
76 311
76 312
76 313
76 314
76 315
76 316
76 317
76 318
76 319
76 320
76 321
76 322
76 323
76 324
76 325
76 326
76 327
76 328
76 329
76 330
76 331
76 332
76 333
76 334
76 335
76 336
76 337
76 338
76 339
76 340
76 341
76 342
76 343
76 344
76 345
76 346
76 347
76 348
76 363
76 378
76 379
76 380
76 381
76 382
76 383
76 384
76 385
76 386
76 387
76 388
76 389
76 390
76 391
76 392
76 393
76 394
76 395
76 396
76 410
76 425
76 498
76 510
76 520
76 595
77 3
77 8
77 86
77 87
77 88
77 98
77 195
77 196
77 197
77 212
77 213
77 214
77 215
77 216
77 217
77 218
77 219
77 220
77 221
77 222
77 223
77 224
77 225
77 226
77 227
77 228
77 229
77 230
77 231
77 232
77 233
77 234
77 235
77 236
77 237
77 238
77 239
77 240
77 241
77 242
77 243
77 244
77 245
77 246
77 247
77 248
77 249
77 250
77 251
77 252
77 253
77 254
77 255
77 256
77 257
77 258
77 259
77 260
77 261
77 262
77 263
77 264
77 265
77 279
77 294
77 348
77 362
77 410
77 425
77 498
77 510
77 520
77 595
78 0
78 1
78 2
78 4
78 5
78 9
78 99
78 194
78 197
78 212
78 279
78 293
78 348
78 362
78 410
78 425
78 498
78 511
78 512
78 513
78 514
78 515
78 519
78 595
79 5
79 6
79 7
79 8
79 99
79 100
79 101
79 102
79 103
79 104
79 114
79 115
79 116
79 194
79 197
79 212
79 265
79 266
79 267
79 268
79 269
79 270
79 271
79 272
79 273
79 274
79 275
79 276
79 277
79 278
79 279
79 294
79 295
79 348
79 362
79 410
79 425
79 491
79 492
79 493
79 498
79 516
79 519
79 595
80 110
80 111
80 112
80 113
80 117
80 194
80 195
80 196
80 197
80 212
80 213
80 214
80 215
80 216
80 217
80 218
80 219
80 220
80 221
80 222
80 223
80 224
80 225
80 226
80 227
80 228
80 229
80 230
80 231
80 232
80 233
80 234
80 235
80 236
80 237
80 238
80 239
80 240
80 241
80 242
80 243
80 244
80 245
80 246
80 247
80 248
80 249
80 250
80 251
80 252
80 253
80 254
80 255
80 256
80 257
80 258
80 279
80 294
80 296
80 297
80 298
80 299
80 300
80 301
80 302
80 303
80 304
80 305
80 306
80 307
80 308
80 309
80 310
80 311
80 312
80 313
80 314
80 315
80 316
80 317
80 318
80 319
80 320
80 321
80 322
80 323
80 324
80 325
80 326
80 327
80 328
80 329
80 330
80 331
80 332
80 333
80 334
80 335
80 336
80 337
80 338
80 339
80 340
80 341
80 342
80 343
80 344
80 345
80 346
80 347
80 348
80 363
80 365
80 366
80 367
80 368
80 369
80 374
80 375
80 376
80 377
80 378
80 379
80 380
80 381
80 382
80 383
80 384
80 385
80 386
80 387
80 388
80 389
80 390
80 391
80 392
80 393
80 394
80 395
80 396
80 397
80 398
80 399
80 400
80 405
80 406
80 410
80 425
80 489
80 490
80 494
80 495
80 496
80 497
80 498
80 517
80 520
80 596
81 102
81 105
81 106
81 107
81 108
81 109
81 117
81 197
81 213
81 279
81 293
81 348
81 363
81 364
81 370
81 371
81 372
81 373
81 401
81 402
81 403
81 404
81 408
81 409
81 425
81 489
81 517
81 518
81 596
82 99
82 100
82 103
82 104
82 117
82 197
82 212
82 279
82 293
82 348
82 363
82 370
82 401
82 404
82 425
82 489
82 518
82 596
83 97
83 98
83 110
83 111
83 112
83 113
83 114
83 115
83 117
83 197
83 212
83 279
83 293
83 348
83 363
83 370
83 402
83 404
83 407
83 425
83 488
83 489
83 519
83 521
83 596
83 597
84 94
84 95
84 103
84 108
84 116
84 197
84 212
84 279
84 293
84 348
84 363
84 370
84 402
84 407
84 409
84 425
84 488
84 519
84 521
84 597
84 598
85 93
85 98
85 103
85 104
85 105
85 106
85 107
85 108
85 116
85 197
85 212
85 279
85 293
85 348
85 363
85 370
85 392
85 393
85 394
85 395
85 396
85 397
85 398
85 399
85 400
85 403
85 404
85 406
85 407
85 409
85 425
85 488
85 598
85 599
86 91
86 95
86 115
86 118
86 198
86 212
86 279
86 293
86 348
86 363
86 371
86 372
86 374
86 375
86 376
86 377
86 378
86 379
86 380
86 381
86 382
86 383
86 384
86 385
86 386
86 387
86 388
86 389
86 390
86 391
86 410
86 411
86 425
86 486
86 487
86 488
86 599
87 90
87 94
87 115
87 117
87 119
87 198
87 212
87 279
87 293
87 348
87 363
87 368
87 369
87 408
87 410
87 425
87 486
87 598
87 599
88 89
88 92
88 120
88 198
88 212
88 279
88 293
88 349
88 350
88 351
88 352
88 353
88 354
88 355
88 356
88 357
88 358
88 359
88 360
88 361
88 362
88 363
88 367
88 408
88 409
88 410
88 425
88 481
88 482
88 483
88 486
88 597
88 598
89 88
89 91
89 120
89 121
89 198
89 212
89 280
89 281
89 282
89 283
89 284
89 285
89 286
89 287
89 288
89 289
89 290
89 291
89 292
89 293
89 366
89 409
89 411
89 425
89 480
89 483
89 484
89 485
89 486
89 596
89 597
90 87
90 90
90 121
90 124
90 125
90 126
90 198
90 212
90 366
90 408
90 411
90 425
90 481
90 596
91 86
91 89
91 121
91 123
91 127
91 198
91 212
91 366
91 408
91 411
91 425
91 481
91 595
92 86
92 127
92 130
92 198
92 212
92 366
92 408
92 411
92 425
92 480
92 481
92 595
93 85
93 88
93 127
93 129
93 131
93 132
93 199
93 200
93 201
93 202
93 203
93 204
93 205
93 206
93 207
93 208
93 209
93 210
93 211
93 212
93 367
93 408
93 411
93 425
93 479
93 595
94 84
94 85
94 87
94 132
94 133
94 136
94 137
94 138
94 367
94 408
94 411
94 425
94 478
94 595
95 84
95 87
95 133
95 134
95 135
95 139
95 140
95 367
95 408
95 411
95 425
95 478
95 595
96 83
96 86
96 141
96 367
96 408
96 412
96 413
96 416
96 417
96 418
96 421
96 422
96 423
96 424
96 425
96 473
96 474
96 477
96 595
96 596
97 83
97 86
97 137
97 138
97 141
97 367
97 406
97 407
97 408
97 415
97 419
97 473
97 475
97 476
97 477
97 596
97 598
97 599
98 85
98 139
98 140
98 141
98 367
98 389
98 390
98 391
98 392
98 393
98 394
98 395
98 396
98 397
98 398
98 399
98 400
98 401
98 402
98 403
98 404
98 405
98 414
98 420
98 473
98 596
98 598
98 600
99 82
99 83
99 84
99 139
99 367
99 372
99 373
99 374
99 375
99 376
99 377
99 378
99 379
99 380
99 381
99 382
99 383
99 384
99 385
99 386
99 387
99 388
99 414
99 420
99 473
99 600
100 82
100 84
100 139
100 140
100 142
100 368
100 369
100 370
100 371
100 414
100 420
100 472
100 473
100 600
101 81
101 84
101 414
101 420
101 471
101 600
102 81
102 84
102 140
102 141
102 414
102 420
102 470
102 600
103 80
103 83
103 140
103 143
103 414
103 420
103 470
103 601
104 80
104 83
104 141
104 414
104 420
104 470
104 601
105 80
105 83
105 142
105 143
105 414
105 420
105 466
105 467
105 468
105 469
105 601
106 80
106 83
106 142
106 414
106 420
106 465
106 600
107 80
107 83
107 143
107 144
107 414
107 420
107 464
107 600
108 80
108 83
108 144
108 414
108 420
108 462
108 463
108 464
108 600
108 605
109 80
109 83
109 144
109 414
109 420
109 462
109 600
109 604
109 606
110 80
110 83
110 144
110 414
110 420
110 462
110 463
110 599
110 604
110 606
110 607
111 80
111 83
111 144
111 145
111 414
111 420
111 463
111 598
111 601
111 602
111 603
111 604
111 608
111 609
112 80
112 83
112 145
112 414
112 420
112 461
112 462
112 463
112 598
112 600
112 609
112 610
113 80
113 83
113 146
113 147
113 414
113 420
113 458
113 459
113 460
113 610
114 80
114 82
114 148
114 414
114 420
114 458
114 610
115 80
115 82
115 148
115 414
115 420
115 609
115 610
115 636
115 637
115 638
115 639
116 80
116 82
116 149
116 414
116 420
116 456
116 457
116 608
116 609
116 636
117 80
117 82
117 149
117 414
117 420
117 455
117 456
117 608
117 636
118 80
118 82
118 147
118 148
118 149
118 414
118 420
118 455
118 607
118 634
118 635
119 80
119 82
119 146
119 414
119 420
119 455
119 456
119 606
119 607
119 634
120 80
120 82
120 146
120 414
120 420
120 604
120 605
120 622
120 634
120 635
120 636
120 637
120 638
120 639
121 80
121 82
121 146
121 147
121 414
121 420
121 454
121 597
121 598
121 599
121 600
121 601
121 602
121 603
121 604
121 621
121 623
122 80
122 82
122 148
122 414
122 420
122 453
122 597
122 616
122 617
122 618
122 619
122 620
122 621
122 623
122 632
122 633
122 634
122 635
123 79
123 82
123 149
123 150
123 414
123 420
123 453
123 596
123 610
123 611
123 612
123 615
123 618
123 623
123 624
123 625
123 626
123 627
123 628
123 629
123 630
123 631
123 632
123 635
123 636
123 637
123 638
123 639
124 79
124 151
124 414
124 421
124 454
124 597
124 603
124 604
124 605
124 606
124 610
124 612
124 613
124 614
124 615
124 618
125 79
125 148
125 151
125 414
125 421
125 454
125 597
125 598
125 599
125 600
125 601
125 602
125 606
125 607
125 610
125 619
125 620
125 621
125 622
125 634
126 79
126 82
126 147
126 414
126 421
126 454
126 607
126 608
126 609
126 611
126 612
126 613
126 614
126 615
126 616
126 617
126 623
126 625
126 631
126 634
127 79
127 82
127 146
127 414
127 421
127 455
127 623
127 625
127 631
127 635
128 79
128 82
128 146
128 414
128 421
128 455
128 609
128 623
128 625
128 630
128 631
128 635
129 79
129 82
129 145
129 146
129 414
129 421
129 453
129 454
129 455
129 609
129 625
129 630
129 635
130 79
130 82
130 144
130 145
130 414
130 421
130 453
130 610
130 626
130 629
130 635
131 79
131 82
131 136
131 137
131 138
131 139
131 143
131 414
131 421
131 453
131 454
131 610
131 624
131 627
131 628
131 629
131 635
132 79
132 82
132 135
132 140
132 141
132 142
132 414
132 421
132 451
132 452
132 610
132 624
132 631
132 635
133 79
133 82
133 135
133 414
133 421
133 450
133 610
133 624
133 631
133 635
134 79
134 82
134 135
134 136
134 414
134 421
134 452
134 611
134 624
134 631
134 635
135 79
135 82
135 137
135 414
135 421
135 449
135 450
135 451
135 452
135 611
135 612
135 613
135 614
135 615
135 616
135 617
135 624
135 631
135 635
136 79
136 82
136 133
136 138
136 414
136 421
136 449
136 618
136 619
136 620
136 621
136 622
136 623
136 631
136 635
137 79
137 82
137 134
137 136
137 139
137 414
137 421
137 442
137 448
137 631
137 635
138 79
138 82
138 134
138 137
138 140
138 141
138 142
138 143
138 414
138 421
138 441
138 443
138 444
138 445
138 446
138 447
138 448
138 631
138 635
139 79
139 82
139 135
139 139
139 144
139 372
139 373
139 414
139 421
139 442
139 443
139 631
139 635
140 79
140 82
140 136
140 137
140 142
140 144
140 145
140 146
140 368
140 369
140 370
140 371
140 374
140 414
140 421
140 442
140 631
140 635
141 79
141 82
141 140
141 141
141 365
141 366
141 374
141 414
141 421
141 442
141 631
141 635
142 79
142 82
142 143
142 147
142 364
142 369
142 370
142 414
142 422
142 423
142 424
142 438
142 439
142 440
142 441
142 442
142 631
142 635
143 79
143 82
143 143
143 363
143 366
143 413
143 414
143 425
143 438
143 631
143 635
144 79
144 82
144 146
144 363
144 412
144 425
144 439
144 631
144 635
145 79
145 82
145 147
145 361
145 411
145 425
145 439
145 631
145 635
146 79
146 82
146 147
146 148
146 149
146 150
146 151
146 152
146 360
146 363
146 411
146 425
146 439
146 631
146 635
147 79
147 82
147 362
147 411
147 425
147 439
147 631
147 635
148 79
148 82
148 148
148 149
148 151
148 152
148 155
148 156
148 157
148 158
148 159
148 160
148 161
148 162
148 359
148 411
148 425
148 438
148 631
148 635
149 79
149 82
149 148
149 150
149 155
149 163
149 359
149 361
149 411
149 426
149 438
149 631
149 635
150 79
150 82
150 148
150 152
150 153
150 154
150 155
150 164
150 165
150 359
150 361
150 411
150 426
150 438
150 631
150 636
151 79
151 82
151 149
151 151
151 165
151 359
151 361
151 411
151 426
151 438
151 631
151 636
152 79
152 82
152 149
152 165
152 359
152 361
152 411
152 426
152 438
152 631
152 636
153 79
153 82
153 150
153 165
153 359
153 361
153 411
153 426
153 437
153 631
153 636
154 79
154 82
154 148
154 149
154 164
154 165
154 359
154 361
154 411
154 426
154 437
154 631
154 636
155 79
155 82
155 146
155 147
155 164
155 192
155 193
155 194
155 195
155 196
155 197
155 359
155 361
155 411
155 426
155 437
155 632
155 636
156 79
156 82
156 146
156 150
156 164
156 165
156 166
156 167
156 188
156 189
156 190
156 191
156 192
156 198
156 263
156 264
156 359
156 361
156 412
156 413
156 414
156 424
156 425
156 426
156 437
156 632
156 636
157 79
157 82
157 143
157 144
157 145
157 149
157 163
157 168
157 183
157 184
157 185
157 186
157 187
157 198
157 359
157 361
157 415
157 423
157 436
157 437
157 632
157 636
158 79
158 82
158 140
158 141
158 142
158 145
158 149
158 162
158 169
158 183
158 198
158 256
158 257
158 258
158 259
158 260
158 261
158 264
158 359
158 361
158 415
158 422
158 434
158 435
158 632
158 636
159 79
159 82
159 139
159 149
159 162
159 164
159 165
159 170
159 171
159 183
159 184
159 198
159 263
159 359
159 361
159 415
159 422
159 434
159 632
159 636
160 79
160 82
160 140
160 148
160 171
160 172
160 185
160 186
160 187
160 198
160 254
160 256
160 257
160 262
160 359
160 361
160 415
160 422
160 434
160 632
160 636
161 79
161 82
161 142
161 148
161 172
161 199
161 258
161 259
161 263
161 264
161 273
161 274
161 359
161 361
161 415
161 422
161 434
161 435
161 632
161 636
162 79
162 82
162 142
162 143
162 148
162 173
162 184
162 185
162 186
162 187
162 199
162 200
162 201
162 254
162 255
162 256
162 257
162 265
162 266
162 267
162 270
162 271
162 272
162 359
162 361
162 415
162 422
162 435
162 436
162 632
162 636
163 79
163 82
163 144
163 145
163 147
163 148
163 173
163 184
163 202
163 203
163 252
163 253
163 265
163 267
163 270
163 309
163 359
163 361
163 401
163 402
163 403
163 404
163 405
163 406
163 407
163 408
163 415
163 422
163 436
163 437
163 438
163 632
163 636
164 79
164 82
164 145
164 146
164 147
164 172
164 173
164 183
164 203
164 251
164 265
164 268
164 270
164 273
164 274
164 275
164 276
164 300
164 301
164 302
164 303
164 307
164 308
164 310
164 311
164 359
164 361
164 400
164 409
164 411
164 415
164 422
164 439
164 632
164 636
165 79
165 82
165 172
165 177
165 181
165 182
165 183
165 203
165 250
165 254
165 255
165 265
165 268
165 270
165 276
165 277
165 298
165 299
165 304
165 305
165 306
165 307
165 311
165 353
165 354
165 355
165 356
165 359
165 361
165 392
165 399
165 409
165 415
165 422
165 439
165 632
165 636
166 79
166 82
166 172
166 173
166 174
166 175
166 176
166 178
166 179
166 181
166 203
166 250
166 252
166 255
166 265
166 266
166 267
166 268
166 270
166 278
166 279
166 298
166 304
166 306
166 312
166 321
166 322
166 323
166 324
166 325
166 330
166 331
166 332
166 333
166 334
166 353
166 357
166 361
166 364
166 365
166 384
166 385
166 386
166 387
166 388
166 389
166 390
166 391
166 393
166 394
166 399
166 409
166 415
166 422
166 439
166 632
166 636
167 79
167 82
167 179
167 180
167 204
167 205
167 206
167 207
167 255
167 268
167 269
167 279
167 280
167 297
167 304
167 306
167 312
167 313
167 314
167 315
167 316
167 317
167 318
167 319
167 320
167 326
167 327
167 328
167 329
167 335
167 352
167 353
167 358
167 359
167 361
167 362
167 363
167 366
167 367
167 382
167 383
167 394
167 395
167 399
167 409
167 415
167 423
167 424
167 425
167 426
167 427
167 428
167 429
167 430
167 431
167 432
167 433
167 434
167 438
167 632
167 636
168 79
168 82
168 207
168 209
168 210
168 211
168 212
168 251
168 252
168 253
168 254
168 255
168 280
168 297
168 336
168 337
168 338
168 339
168 340
168 341
168 342
168 343
168 344
168 345
168 350
168 351
168 367
168 368
168 369
168 381
168 382
168 395
168 396
168 397
168 398
168 399
168 410
168 412
168 413
168 414
168 415
168 423
168 435
168 436
168 437
168 438
168 439
168 632
168 636
169 80
169 82
169 207
169 213
169 214
169 215
169 216
169 249
169 250
169 280
169 283
169 284
169 287
169 288
169 296
169 297
169 346
169 347
169 348
169 349
169 359
169 370
169 371
169 372
169 375
169 376
169 377
169 380
169 381
169 399
169 410
169 415
169 422
169 439
169 632
169 636
170 80
170 207
170 210
170 211
170 212
170 217
170 218
170 219
170 220
170 248
170 249
170 280
170 282
170 285
170 288
170 296
170 298
170 359
170 373
170 374
170 379
170 399
170 410
170 415
170 422
170 439
170 632
170 636
171 80
171 208
171 214
171 215
171 216
171 221
171 222
171 223
171 224
171 225
171 248
171 289
171 290
171 291
171 359
171 377
171 378
171 397
171 398
171 399
171 400
171 401
171 402
171 407
171 408
171 410
171 415
171 422
171 439
171 632
171 636
172 80
172 83
172 212
172 219
172 220
172 226
172 227
172 228
172 247
172 292
172 293
172 294
172 298
172 359
172 376
172 396
172 403
172 404
172 405
172 406
172 411
172 412
172 413
172 422
172 438
172 632
172 636
173 80
173 83
173 209
173 210
173 211
173 212
173 218
173 221
173 222
173 223
173 224
173 225
173 228
173 247
173 295
173 296
173 297
173 312
173 314
173 359
173 376
173 395
173 414
173 422
173 436
173 437
173 632
173 637
174 80
174 83
174 209
174 215
174 216
174 217
174 218
174 221
174 223
174 225
174 231
174 232
174 237
174 238
174 239
174 247
174 310
174 311
174 313
174 315
174 359
174 377
174 394
174 395
174 404
174 406
174 422
174 435
174 436
174 632
174 637
175 80
175 83
175 209
175 224
175 225
175 226
175 227
175 228
175 229
175 230
175 233
175 234
175 235
175 236
175 240
175 241
175 246
175 247
175 309
175 313
175 315
175 359
175 377
175 378
175 393
175 404
175 406
175 415
175 423
175 435
175 632
175 637
176 80
176 83
176 209
176 210
176 216
176 217
176 218
176 219
176 220
176 221
176 222
176 223
176 224
176 241
176 242
176 245
176 309
176 313
176 315
176 359
176 379
176 392
176 404
176 406
176 415
176 423
176 432
176 433
176 434
176 632
176 637
177 80
177 83
177 211
177 214
177 215
177 242
177 243
177 244
177 309
177 312
177 313
177 315
177 359
177 380
177 392
177 404
177 406
177 415
177 424
177 430
177 431
177 632
177 637
178 80
178 83
178 212
178 213
178 214
178 309
178 315
178 359
178 380
178 381
178 382
178 383
178 384
178 392
178 404
178 406
178 415
178 422
178 424
178 425
178 429
178 430
178 632
178 637
179 80
179 83
179 309
179 315
179 359
179 380
179 384
179 385
179 391
179 404
179 406
179 415
179 422
179 425
179 426
179 427
179 428
179 429
179 632
179 637
180 80
180 83
180 310
180 311
180 312
180 313
180 314
180 359
180 380
180 385
180 388
180 389
180 390
180 391
180 404
180 406
180 415
180 632
180 637
181 80
181 83
181 360
181 380
181 385
181 386
181 387
181 404
181 406
181 415
181 423
181 632
181 637
182 80
182 83
182 312
182 314
182 360
182 362
182 380
182 381
182 384
182 392
182 393
182 404
182 406
182 415
182 423
182 632
182 637
183 80
183 83
183 312
183 314
183 360
183 362
183 381
183 382
183 383
183 384
183 388
183 394
183 404
183 406
183 415
183 423
183 632
183 637
184 80
184 83
184 153
184 312
184 314
184 360
184 362
184 382
184 384
184 387
184 394
184 404
184 406
184 415
184 423
184 632
184 637
185 80
185 83
185 152
185 154
185 155
185 312
185 314
185 360
185 362
185 382
185 384
185 388
185 389
185 390
185 391
185 392
185 393
185 394
185 404
185 415
185 423
185 632
185 637
186 80
186 83
186 151
186 155
186 156
186 312
186 314
186 360
186 362
186 382
186 384
186 404
186 415
186 423
186 632
186 637
187 80
187 83
187 129
187 130
187 131
187 132
187 133
187 134
187 135
187 136
187 137
187 138
187 139
187 140
187 141
187 142
187 143
187 151
187 157
187 312
187 314
187 360
187 382
187 384
187 404
187 415
187 423
187 632
187 637
188 80
188 83
188 119
188 120
188 121
188 122
188 123
188 124
188 125
188 126
188 127
188 128
188 144
188 145
188 151
188 157
188 271
188 272
188 273
188 274
188 275
188 276
188 277
188 278
188 279
188 280
188 312
188 314
188 360
188 382
188 384
188 404
188 415
188 423
188 632
188 637
189 80
189 83
189 117
189 118
189 146
189 147
189 152
189 157
189 269
189 270
189 281
189 282
189 312
189 314
189 382
189 384
189 404
189 415
189 423
189 632
189 637
190 80
190 83
190 115
190 116
190 147
190 148
190 152
190 157
190 236
190 237
190 238
190 267
190 268
190 283
190 284
190 312
190 314
190 382
190 384
190 404
190 415
190 423
190 632
190 637
191 80
191 83
191 114
191 115
191 149
191 152
191 157
191 235
191 239
191 240
191 266
191 267
191 285
191 286
191 404
191 415
191 423
191 632
191 637
192 80
192 83
192 112
192 113
192 150
192 153
192 158
192 234
192 240
192 264
192 265
192 287
192 288
192 405
192 415
192 423
192 632
192 637
193 80
193 83
193 111
193 112
193 150
193 153
193 158
193 234
193 240
193 262
193 263
193 288
193 405
193 407
193 415
193 423
193 632
193 637
194 80
194 83
194 110
194 111
194 151
194 153
194 158
194 235
194 240
194 261
194 262
194 288
194 405
194 407
194 415
194 423
194 633
194 637
195 80
195 83
195 109
195 110
195 152
195 158
195 235
195 241
195 261
195 288
195 415
195 423
195 633
195 637
196 80
196 83
196 108
196 109
196 154
196 155
196 156
196 157
196 158
196 260
196 414
196 423
196 633
196 637
197 80
197 83
197 106
197 107
197 152
197 260
197 413
197 415
197 423
197 633
197 638
198 80
198 83
198 104
198 105
198 152
198 259
198 412
198 415
198 423
198 633
198 638
199 80
199 83
199 102
199 103
199 152
199 413
199 415
199 423
199 633
199 638
200 80
200 83
200 101
200 102
200 152
200 413
200 414
200 415
200 423
200 633
200 638
201 101
201 152
201 423
201 633
201 637
201 638
201 639
202 100
202 152
202 415
202 423
202 632
202 633
203 100
203 152
203 415
203 424
203 631
203 632
204 100
204 152
204 631
205 100
205 152
205 630
206 100
206 630
207 100
208 100
209 100
219 639
