0 212
0 213
0 547
0 548
0 632
0 638
1 214
1 215
1 544
1 545
1 546
1 631
1 632
1 637
1 638
2 215
2 216
2 542
2 543
2 630
2 631
2 636
2 637
3 216
3 541
3 542
3 628
3 629
3 635
3 636
4 216
4 541
4 543
4 544
4 545
4 546
4 627
4 628
4 633
4 634
5 215
5 216
5 547
5 548
5 549
5 550
5 551
5 552
5 553
5 554
5 555
5 556
5 557
5 558
5 559
5 560
5 561
5 562
5 563
5 626
5 627
5 632
5 633
6 214
6 215
6 564
6 565
6 566
6 567
6 568
6 569
6 570
6 571
6 625
6 626
6 630
6 631
7 214
7 623
7 624
7 629
7 630
8 213
8 569
8 570
8 571
8 622
8 623
8 627
8 628
9 213
9 567
9 568
9 621
9 622
9 626
9 627
10 213
10 565
10 566
10 620
10 621
10 624
10 625
11 213
11 562
11 563
11 564
11 619
11 623
11 624
12 213
12 560
12 561
12 617
12 618
12 622
12 639
13 213
13 216
13 217
13 558
13 559
13 616
13 620
13 621
13 637
13 638
14 213
14 555
14 556
14 557
14 615
14 619
14 636
14 637
15 213
15 553
15 554
15 614
15 618
15 635
15 636
16 213
16 551
16 552
16 612
16 617
16 634
16 635
17 213
17 215
17 226
17 548
17 549
17 550
17 611
17 615
17 632
17 633
17 638
17 639
18 213
18 215
18 217
18 224
18 225
18 227
18 228
18 546
18 547
18 609
18 613
18 631
18 632
18 636
18 637
19 217
19 224
19 228
19 544
19 545
19 608
19 612
19 629
19 630
19 635
19 636
20 218
20 223
20 228
20 541
20 542
20 543
20 607
20 610
20 628
20 629
20 634
20 635
21 218
21 223
21 228
21 539
21 540
21 605
21 609
21 627
21 628
21 632
21 633
22 219
22 223
22 228
22 538
22 539
22 604
22 608
22 626
22 627
22 631
22 632
23 219
23 220
23 222
23 223
23 227
23 228
23 537
23 538
23 602
23 603
23 606
23 624
23 625
23 630
23 631
24 220
24 221
24 222
24 226
24 227
24 537
24 601
24 605
24 623
24 624
24 628
24 629
25 220
25 223
25 224
25 225
25 226
25 536
25 600
25 603
25 621
25 622
25 627
25 628
26 221
26 536
26 599
26 602
26 620
26 621
26 625
26 626
27 220
27 536
27 597
27 601
27 619
27 620
27 624
27 625
28 220
28 536
28 596
28 600
28 618
28 619
28 623
28 624
29 220
29 537
29 594
29 595
29 598
29 616
29 617
29 621
29 622
30 220
30 537
30 593
30 597
30 615
30 616
30 620
30 621
31 220
31 538
31 591
31 595
31 614
31 615
31 618
31 619
32 220
32 237
32 238
32 239
32 240
32 538
32 539
32 590
32 594
32 612
32 613
32 617
32 618
33 220
33 224
33 225
33 226
33 237
33 240
33 539
33 589
33 593
33 611
33 612
33 616
33 617
34 26
34 27
34 28
34 29
34 30
34 31
34 221
34 223
34 226
34 236
34 240
34 540
34 541
34 542
34 587
34 591
34 610
34 611
34 614
34 615
35 26
35 32
35 33
35 221
35 222
35 223
35 226
35 236
35 241
35 543
35 544
35 545
35 546
35 547
35 548
35 549
35 550
35 551
35 552
35 553
35 554
35 586
35 590
35 609
35 613
35 614
36 26
36 27
36 33
36 34
36 226
36 235
36 241
36 555
36 556
36 584
36 588
36 607
36 608
36 612
37 27
37 28
37 34
37 226
37 235
37 241
37 557
37 558
37 583
37 587
37 605
37 606
37 610
37 611
38 28
38 29
38 35
38 226
38 234
38 241
38 558
38 559
38 582
38 586
38 604
38 605
38 608
38 609
39 29
39 30
39 35
39 227
39 233
39 234
39 241
39 559
39 580
39 584
39 603
39 604
39 607
39 608
40 30
40 31
40 35
40 227
40 232
40 233
40 240
40 560
40 579
40 583
40 601
40 602
40 606
40 607
41 31
41 32
41 35
41 228
41 229
41 230
41 231
41 232
41 240
41 413
41 414
41 415
41 416
41 420
41 430
41 431
41 432
41 433
41 434
41 435
41 436
41 437
41 560
41 578
41 582
41 600
41 604
41 605
42 32
42 33
42 34
42 35
42 239
42 240
42 399
42 400
42 401
42 402
42 403
42 404
42 405
42 406
42 407
42 408
42 409
42 410
42 411
42 412
42 422
42 423
42 424
42 425
42 426
42 427
42 428
42 429
42 438
42 560
42 576
42 580
42 598
42 599
42 603
43 239
43 397
43 398
43 417
43 418
43 419
43 438
43 559
43 575
43 579
43 597
43 598
43 601
43 602
44 238
44 397
44 416
44 419
44 438
44 559
44 573
44 577
44 596
44 597
44 600
44 601
45 237
45 238
45 396
45 416
45 419
45 438
45 558
45 559
45 572
45 576
45 594
45 595
45 599
45 600
46 236
46 237
46 396
46 400
46 401
46 402
46 403
46 404
46 405
46 406
46 407
46 408
46 409
46 410
46 411
46 412
46 413
46 414
46 415
46 416
46 420
46 421
46 422
46 423
46 424
46 425
46 426
46 427
46 428
46 429
46 430
46 431
46 432
46 433
46 434
46 435
46 436
46 437
46 438
46 556
46 557
46 570
46 575
46 593
46 594
46 597
46 598
47 235
47 236
47 397
47 398
47 399
47 416
47 420
47 553
47 554
47 555
47 569
47 573
47 591
47 592
47 596
47 597
48 235
48 416
48 420
48 551
48 552
48 567
48 572
48 590
48 594
48 595
49 234
49 416
49 420
49 550
49 551
49 566
49 570
49 588
49 589
49 593
50 234
50 417
50 420
50 550
50 564
50 565
50 569
50 587
50 588
50 591
50 592
51 233
51 417
51 420
51 549
51 563
51 567
51 568
51 585
51 586
51 590
51 591
52 233
52 417
52 420
52 549
52 561
52 562
52 566
52 584
52 585
52 588
52 589
53 233
53 417
53 420
53 549
53 560
53 564
53 565
53 583
53 587
53 588
54 233
54 417
54 420
54 549
54 559
54 563
54 581
54 586
55 233
55 404
55 405
55 406
55 407
55 408
55 409
55 410
55 411
55 412
55 413
55 414
55 415
55 416
55 417
55 421
55 422
55 423
55 424
55 425
55 426
55 427
55 428
55 429
55 430
55 431
55 432
55 433
55 434
55 549
55 557
55 562
55 579
55 580
55 584
56 233
56 403
56 417
56 421
56 435
56 549
56 556
56 560
56 578
56 582
56 583
57 233
57 402
57 417
57 420
57 435
57 547
57 548
57 554
57 555
57 559
57 577
57 581
58 233
58 402
58 417
58 421
58 423
58 424
58 425
58 426
58 427
58 428
58 429
58 430
58 431
58 432
58 433
58 434
58 435
58 545
58 546
58 553
58 557
58 558
58 575
58 576
58 580
59 233
59 402
59 403
59 404
59 405
59 406
59 407
59 408
59 409
59 410
59 411
59 412
59 413
59 414
59 415
59 416
59 417
59 421
59 422
59 544
59 545
59 552
59 556
59 574
59 578
59 579
60 233
60 417
60 421
60 543
60 544
60 550
60 555
60 572
60 577
61 233
61 417
61 421
61 542
61 543
61 548
61 549
61 553
61 570
61 571
61 575
62 234
62 418
62 421
62 541
62 542
62 547
62 551
62 552
62 569
62 573
62 574
63 70
63 71
63 72
63 234
63 418
63 421
63 540
63 541
63 545
63 546
63 550
63 567
63 568
63 572
64 70
64 72
64 73
64 235
64 418
64 421
64 539
64 540
64 544
64 548
64 549
64 566
64 570
64 571
65 70
65 74
65 75
65 235
65 236
65 418
65 421
65 539
65 547
65 565
65 569
66 70
66 76
66 77
66 236
66 237
66 418
66 421
66 538
66 545
66 563
66 567
67 70
67 77
67 237
67 418
67 421
67 538
67 543
67 544
67 561
67 562
67 566
68 70
68 78
68 238
68 418
68 421
68 537
68 542
68 560
68 564
68 565
69 50
69 51
69 52
69 53
69 70
69 78
69 238
69 418
69 421
69 536
69 537
69 540
69 541
69 559
69 563
70 3
70 40
70 41
70 42
70 43
70 44
70 45
70 46
70 47
70 48
70 49
70 70
70 78
70 239
70 418
70 422
70 534
70 535
70 557
70 562
71 0
71 1
71 2
71 4
71 5
71 39
71 53
71 70
71 78
71 239
71 418
71 422
71 533
71 537
71 538
71 539
71 556
71 560
72 5
72 6
72 40
72 41
72 42
72 43
72 44
72 53
72 70
72 78
72 239
72 418
72 422
72 531
72 532
72 536
72 540
72 541
72 554
72 559
73 6
73 7
73 45
73 46
73 53
73 70
73 78
73 239
73 418
73 422
73 530
73 534
73 535
73 541
73 552
73 553
73 557
74 7
74 8
74 23
74 46
74 53
74 70
74 78
74 239
74 418
74 422
74 528
74 533
74 541
74 551
74 555
74 556
75 0
75 8
75 9
75 17
75 18
75 19
75 20
75 21
75 22
75 24
75 25
75 47
75 54
75 70
75 78
75 239
75 371
75 372
75 373
75 374
75 418
75 422
75 527
75 531
75 540
75 549
75 550
75 554
76 1
76 9
76 10
76 11
76 12
76 13
76 14
76 15
76 16
76 26
76 47
76 54
76 70
76 78
76 239
76 371
76 374
76 418
76 422
76 525
76 530
76 540
76 548
76 552
76 553
77 1
77 2
77 24
77 26
77 48
77 54
77 70
77 74
77 75
77 76
77 77
77 78
77 239
77 370
77 375
77 418
77 422
77 522
77 523
77 528
77 539
77 546
77 551
78 2
78 3
78 22
78 23
78 48
78 54
78 70
78 73
78 74
78 239
78 370
78 375
78 418
78 422
78 521
78 526
78 539
78 544
78 545
78 549
79 4
79 5
79 22
79 48
79 54
79 70
79 71
79 72
79 73
79 239
79 370
79 376
79 418
79 422
79 476
79 477
79 478
79 519
79 520
79 523
79 538
79 543
79 547
79 548
80 5
80 6
80 7
80 21
80 48
80 54
80 70
80 239
80 370
80 376
80 418
80 422
80 474
80 475
80 479
80 480
80 517
80 518
80 521
80 538
80 541
80 542
80 546
81 8
81 9
81 10
81 11
81 18
81 19
81 20
81 48
81 54
81 70
81 238
81 239
81 370
81 377
81 378
81 418
81 423
81 472
81 473
81 481
81 482
81 516
81 520
81 537
81 544
81 545
82 12
82 13
82 14
82 15
82 16
82 17
82 48
82 54
82 71
82 236
82 237
82 369
82 379
82 380
82 418
82 423
82 471
82 472
82 483
82 514
82 515
82 518
82 537
82 543
83 49
83 54
83 71
83 235
83 369
83 381
83 382
83 418
83 423
83 470
83 471
83 484
83 512
83 513
83 517
83 536
83 537
83 541
83 542
84 49
84 50
84 54
84 71
84 235
84 244
84 245
84 246
84 366
84 367
84 368
84 369
84 382
84 383
84 385
84 386
84 387
84 418
84 423
84 469
84 470
84 484
84 485
84 510
84 514
84 515
84 535
84 536
84 540
85 50
85 51
85 54
85 71
85 235
85 242
85 243
85 247
85 248
85 364
85 365
85 383
85 387
85 418
85 423
85 468
85 469
85 485
85 486
85 487
85 508
85 513
85 533
85 534
86 51
86 52
86 71
86 236
86 240
86 241
86 248
86 363
86 383
86 388
86 418
86 423
86 468
86 488
86 489
86 506
86 507
86 511
86 532
86 533
87 53
87 71
87 236
87 237
87 238
87 239
87 240
87 248
87 362
87 383
87 388
87 418
87 423
87 467
87 490
87 491
87 504
87 505
87 509
87 530
87 536
88 72
88 248
88 362
88 383
88 386
88 389
88 418
88 423
88 467
88 491
88 492
88 502
88 503
88 507
88 528
88 529
88 534
88 535
88 536
89 72
89 248
89 256
89 257
89 258
89 362
89 383
89 386
89 389
89 419
89 423
89 466
89 492
89 493
89 500
89 501
89 505
89 526
89 527
89 531
89 534
90 72
90 248
90 256
90 258
90 361
90 383
90 386
90 390
90 419
90 423
90 465
90 466
90 493
90 498
90 499
90 502
90 503
90 524
90 525
90 529
90 534
91 72
91 248
91 256
91 258
91 361
91 384
91 385
91 386
91 390
91 419
91 423
91 464
91 465
91 494
91 496
91 497
91 500
91 501
91 522
91 523
91 527
91 533
92 72
92 247
92 255
92 258
92 361
92 390
92 419
92 424
92 462
92 463
92 494
92 495
92 498
92 499
92 520
92 521
92 525
92 533
93 73
93 246
93 251
93 252
93 253
93 254
93 255
93 258
93 360
93 391
93 419
93 424
93 461
93 462
93 492
93 495
93 496
93 497
93 519
93 523
93 532
94 73
94 246
94 249
94 250
94 259
94 360
94 391
94 419
94 424
94 459
94 460
94 490
94 491
94 495
94 517
94 518
94 521
94 531
94 532
95 73
95 246
95 248
95 249
95 259
95 360
95 391
95 419
95 424
95 458
95 459
95 487
95 488
95 492
95 493
95 494
95 515
95 516
95 520
95 530
95 531
96 73
96 246
96 248
96 259
96 360
96 391
96 419
96 424
96 457
96 458
96 485
96 486
96 490
96 491
96 495
96 513
96 514
96 517
96 518
96 529
96 530
97 73
97 260
97 360
97 391
97 419
97 424
97 456
97 483
97 484
97 487
97 488
97 495
97 496
97 511
97 512
97 515
97 516
97 527
97 528
98 25
98 26
98 73
98 260
98 261
98 361
98 391
98 399
98 419
98 424
98 455
98 480
98 481
98 485
98 486
98 496
98 497
98 498
98 499
98 509
98 510
98 513
98 514
98 526
98 527
99 23
99 24
99 27
99 28
99 74
99 261
99 262
99 361
99 362
99 392
99 397
99 398
99 400
99 419
99 424
99 455
99 478
99 479
99 483
99 484
99 500
99 501
99 507
99 508
99 511
99 512
99 525
99 526
100 21
100 22
100 29
100 30
100 31
100 53
100 54
100 55
100 74
100 262
100 263
100 264
100 362
100 392
100 393
100 396
100 397
100 401
100 419
100 424
100 454
100 478
100 481
100 482
100 501
100 505
100 506
100 509
100 510
100 524
100 525
101 19
101 20
101 32
101 33
101 51
101 52
101 56
101 57
101 74
101 265
101 266
101 267
101 268
101 363
101 393
101 394
101 395
101 396
101 401
101 419
101 424
101 454
101 478
101 479
101 480
101 502
101 515
101 516
101 517
101 518
101 519
101 520
101 521
101 522
101 523
102 17
102 18
102 34
102 35
102 49
102 50
102 58
102 59
102 60
102 74
102 269
102 270
102 363
102 401
102 419
102 424
102 455
102 500
102 503
102 504
102 507
102 508
102 509
102 510
102 511
102 512
102 513
102 514
103 15
103 16
103 36
103 37
103 38
103 46
103 47
103 48
103 61
103 62
103 74
103 270
103 271
103 363
103 401
103 419
103 425
103 455
103 456
103 498
103 499
103 505
103 506
104 13
104 14
104 39
104 40
104 44
104 45
104 63
104 64
104 74
104 271
104 364
104 401
104 419
104 425
104 456
104 457
104 496
104 497
104 501
105 11
105 12
105 41
105 42
105 43
105 65
105 66
105 74
105 158
105 271
105 364
105 401
105 419
105 425
105 457
105 458
105 494
105 495
105 499
106 9
106 10
106 66
106 75
106 158
106 170
106 171
106 271
106 364
106 401
106 419
106 425
106 458
106 492
106 493
106 497
107 7
107 8
107 66
107 75
107 158
107 168
107 169
107 172
107 173
107 174
107 175
107 176
107 177
107 178
107 179
107 180
107 271
107 364
107 401
107 419
107 425
107 458
107 488
107 489
107 490
107 491
107 495
108 5
108 6
108 66
108 75
108 158
108 168
108 181
108 182
108 272
108 273
108 338
108 339
108 340
108 341
108 342
108 343
108 344
108 345
108 346
108 347
108 348
108 349
108 350
108 351
108 352
108 353
108 356
108 357
108 358
108 359
108 360
108 361
108 362
108 363
108 364
108 401
108 419
108 425
108 458
108 485
108 486
108 487
108 492
108 493
109 3
109 4
109 66
109 75
109 158
109 168
109 182
109 274
109 275
109 334
109 335
109 336
109 337
109 355
109 400
109 419
109 425
109 458
109 482
109 483
109 484
109 489
109 490
109 491
110 1
110 2
110 66
110 75
110 158
110 168
110 169
110 182
110 275
110 333
110 344
110 352
110 353
110 354
110 400
110 419
110 425
110 455
110 456
110 457
110 458
110 479
110 480
110 486
110 487
111 66
111 75
111 158
111 169
111 170
111 171
111 172
111 173
111 174
111 175
111 176
111 177
111 178
111 179
111 180
111 181
111 182
111 275
111 333
111 337
111 338
111 339
111 340
111 341
111 343
111 345
111 350
111 351
111 400
111 419
111 425
111 440
111 450
111 451
111 452
111 453
111 454
111 476
111 477
111 483
111 484
112 65
112 75
112 158
112 275
112 343
112 345
112 350
112 400
112 419
112 425
112 438
112 439
112 441
112 442
112 443
112 444
112 445
112 446
112 447
112 448
112 449
112 471
112 472
112 473
112 474
112 480
113 65
113 75
113 158
113 275
113 343
113 345
113 350
113 400
113 419
113 435
113 436
113 437
113 438
113 467
113 468
113 469
113 470
113 477
114 65
114 76
114 158
114 174
114 175
114 176
114 177
114 178
114 179
114 180
114 181
114 182
114 275
114 343
114 350
114 400
114 419
114 426
114 427
114 428
114 429
114 430
114 431
114 432
114 433
114 434
114 463
114 464
114 465
114 466
114 471
114 472
114 473
114 474
114 506
114 507
114 508
114 509
114 510
114 511
114 512
114 513
114 514
114 515
115 65
115 76
115 158
115 173
115 275
115 343
115 350
115 400
115 406
115 407
115 408
115 409
115 410
115 411
115 412
115 413
115 414
115 419
115 425
115 460
115 461
115 462
115 467
115 468
115 469
115 470
115 505
115 516
115 517
115 518
115 519
115 520
115 521
115 522
115 523
115 524
115 525
115 526
115 527
116 42
116 65
116 76
116 158
116 172
116 181
116 182
116 276
116 343
116 349
116 400
116 404
116 405
116 415
116 416
116 417
116 418
116 426
116 435
116 436
116 437
116 438
116 439
116 440
116 441
116 442
116 443
116 444
116 445
116 446
116 447
116 448
116 449
116 450
116 451
116 452
116 453
116 454
116 455
116 456
116 457
116 458
116 463
116 464
116 465
116 466
116 506
116 507
116 508
116 509
116 510
116 528
116 529
116 530
116 531
116 532
116 533
116 534
116 535
116 536
116 537
116 538
116 539
116 540
117 42
117 43
117 44
117 65
117 76
117 158
117 172
117 180
117 181
117 276
117 343
117 349
117 400
117 404
117 419
117 426
117 432
117 458
117 460
117 461
117 462
117 517
117 518
117 519
117 520
117 521
117 522
117 523
117 524
117 525
117 542
117 543
117 544
117 545
117 546
117 547
117 548
117 549
117 550
117 551
117 552
117 553
117 554
118 42
118 45
118 46
118 65
118 76
118 158
118 173
118 179
118 180
118 277
118 343
118 349
118 400
118 403
118 410
118 411
118 414
118 419
118 426
118 433
118 434
118 435
118 436
118 437
118 438
118 439
118 440
118 441
118 442
118 443
118 444
118 445
118 446
118 447
118 448
118 449
118 450
118 451
118 452
118 453
118 454
118 455
118 456
118 457
118 458
118 529
118 530
118 531
118 532
118 533
118 534
118 535
118 536
118 537
118 538
118 539
118 554
118 556
118 557
118 558
118 559
118 560
118 561
118 562
118 563
118 564
118 565
118 566
119 41
119 47
119 65
119 76
119 158
119 173
119 174
119 175
119 176
119 177
119 178
119 179
119 278
119 279
119 344
119 349
119 397
119 401
119 402
119 403
119 409
119 410
119 413
119 414
119 419
119 426
119 542
119 543
119 544
119 545
119 546
119 547
119 548
119 549
119 550
119 551
119 552
119 553
119 554
119 566
119 575
119 576
119 577
119 578
119 579
119 580
119 581
119 582
119 583
119 584
119 585
120 41
120 48
120 49
120 64
120 76
120 158
120 279
120 280
120 344
120 346
120 349
120 395
120 396
120 408
120 409
120 413
120 419
120 426
120 504
120 505
120 556
120 557
120 558
120 559
120 560
120 561
120 562
120 563
120 564
120 565
120 566
120 574
120 585
120 589
120 590
120 591
120 592
120 593
120 594
120 595
120 596
120 597
120 598
120 599
120 600
120 601
121 41
121 50
121 51
121 62
121 63
121 76
121 149
121 150
121 158
121 280
121 281
121 344
121 346
121 349
121 394
121 407
121 408
121 412
121 419
121 426
121 504
121 507
121 508
121 509
121 510
121 511
121 512
121 513
121 514
121 515
121 516
121 575
121 576
121 577
121 578
121 579
121 580
121 581
121 582
121 583
121 584
121 585
121 588
121 601
121 605
121 606
121 607
121 608
121 609
121 610
121 611
121 612
121 613
121 614
121 615
121 616
122 41
122 42
122 52
122 61
122 77
122 147
122 148
122 151
122 152
122 158
122 282
122 344
122 349
122 393
122 396
122 406
122 407
122 411
122 412
122 419
122 426
122 504
122 517
122 518
122 519
122 520
122 521
122 522
122 523
122 524
122 525
122 526
122 589
122 590
122 591
122 592
122 593
122 594
122 595
122 596
122 597
122 598
122 599
122 600
122 601
122 604
122 616
122 621
122 622
122 623
122 624
122 625
122 626
122 627
122 628
122 629
122 630
122 631
122 632
123 43
123 44
123 53
123 54
123 60
123 77
123 146
123 147
123 152
123 153
123 158
123 283
123 344
123 349
123 392
123 395
123 405
123 406
123 409
123 410
123 419
123 426
123 507
123 508
123 509
123 510
123 511
123 527
123 528
123 529
123 530
123 531
123 532
123 533
123 534
123 535
123 536
123 537
123 605
123 606
123 607
123 608
123 609
123 610
123 611
123 612
123 613
123 614
123 615
123 616
123 620
123 632
123 638
123 639
124 45
124 46
124 55
124 56
124 58
124 59
124 77
124 146
124 153
124 154
124 158
124 284
124 285
124 344
124 349
124 390
124 394
124 404
124 405
124 408
124 409
124 419
124 426
124 518
124 519
124 520
124 521
124 522
124 538
124 539
124 540
124 541
124 542
124 543
124 544
124 545
124 546
124 547
124 548
124 549
124 621
124 622
124 623
124 624
124 625
124 626
124 627
124 628
124 629
124 630
124 631
124 632
124 637
125 47
125 48
125 57
125 77
125 145
125 154
125 158
125 285
125 286
125 344
125 349
125 389
125 393
125 403
125 407
125 408
125 419
125 426
125 528
125 529
125 530
125 531
125 532
125 533
125 550
125 551
125 552
125 553
125 554
125 555
125 556
125 557
125 558
125 559
125 560
125 561
125 562
125 563
125 638
125 639
126 49
126 50
126 77
126 145
126 155
126 158
126 286
126 344
126 349
126 387
126 391
126 401
126 402
126 406
126 419
126 426
126 539
126 540
126 541
126 542
126 543
126 544
126 545
126 546
126 547
126 548
126 564
126 565
126 566
126 567
126 568
126 569
126 570
126 571
126 572
126 573
126 574
127 51
127 52
127 77
127 145
127 155
127 156
127 158
127 287
127 344
127 349
127 386
127 390
127 400
127 401
127 404
127 405
127 419
127 426
127 551
127 552
127 553
127 554
127 555
127 556
127 557
127 558
127 559
127 560
127 575
127 576
127 577
127 578
127 579
127 580
127 581
127 582
127 583
127 584
127 585
128 53
128 54
128 77
128 146
128 156
128 158
128 287
128 344
128 349
128 384
128 385
128 388
128 399
128 400
128 403
128 404
128 419
128 426
128 565
128 566
128 567
128 568
128 569
128 570
128 571
128 586
128 587
128 588
128 589
128 590
128 591
128 592
128 593
128 594
128 595
128 596
129 55
129 56
129 77
129 146
129 147
129 148
129 149
129 156
129 159
129 287
129 344
129 347
129 349
129 383
129 387
129 398
129 399
129 402
129 403
129 420
129 426
129 576
129 577
129 578
129 579
129 580
129 581
129 582
129 597
129 598
129 599
129 600
129 601
129 602
129 603
129 604
129 605
129 606
129 607
130 57
130 58
130 78
130 150
130 151
130 157
130 159
130 287
130 344
130 347
130 349
130 381
130 382
130 385
130 397
130 398
130 401
130 402
130 420
130 426
130 587
130 588
130 589
130 590
130 591
130 592
130 593
130 608
130 609
130 610
130 611
130 612
130 613
130 614
130 615
130 616
130 617
130 618
130 619
131 59
131 78
131 151
131 157
131 158
131 159
131 287
131 345
131 347
131 349
131 380
131 384
131 396
131 397
131 400
131 401
131 420
131 426
131 598
131 599
131 600
131 601
131 602
131 603
131 604
131 620
131 621
131 622
131 623
131 624
131 625
131 626
131 627
131 628
131 629
131 630
131 631
131 632
131 633
132 60
132 78
132 151
132 158
132 287
132 345
132 349
132 378
132 382
132 395
132 396
132 399
132 400
132 420
132 426
132 609
132 610
132 611
132 612
132 613
132 614
132 615
132 616
132 617
132 618
132 634
132 635
132 636
132 637
132 638
132 639
133 61
133 62
133 78
133 151
133 159
133 287
133 345
133 348
133 376
133 381
133 394
133 395
133 398
133 399
133 420
133 427
133 620
133 621
133 622
133 623
133 624
133 625
133 626
133 627
133 628
133 629
133 630
133 631
134 63
134 78
134 151
134 159
134 287
134 345
134 348
134 375
134 379
134 393
134 394
134 397
134 398
134 420
134 427
134 635
134 636
134 637
134 638
134 639
135 64
135 78
135 151
135 159
135 287
135 345
135 373
135 378
135 391
135 392
135 396
135 397
135 420
135 427
136 65
136 66
136 78
136 151
136 159
136 287
136 345
136 372
136 376
136 390
136 391
136 395
136 396
136 420
136 427
137 67
137 78
137 151
137 159
137 287
137 345
137 348
137 370
137 375
137 389
137 390
137 393
137 394
137 420
137 427
138 68
138 79
138 152
138 153
138 154
138 155
138 156
138 157
138 158
138 159
138 286
138 345
138 348
138 368
138 373
138 388
138 389
138 392
138 393
138 420
138 427
139 69
139 70
139 79
139 286
139 345
139 348
139 366
139 371
139 387
139 391
139 392
139 420
139 427
140 71
140 79
140 286
140 345
140 348
140 364
140 365
140 369
140 385
140 386
140 390
140 420
140 427
141 72
141 73
141 79
141 286
141 345
141 348
141 361
141 362
141 367
141 384
141 385
141 388
141 389
141 420
141 427
142 74
142 75
142 286
142 346
142 348
142 358
142 359
142 365
142 383
142 384
142 387
142 388
142 420
142 427
143 76
143 77
143 286
143 346
143 354
143 355
143 356
143 357
143 362
143 380
143 381
143 382
143 386
143 387
143 420
143 427
144 78
144 79
144 286
144 346
144 349
144 350
144 351
144 352
144 353
144 359
144 360
144 378
144 379
144 384
144 385
144 420
144 427
144 638
145 80
145 81
145 174
145 286
145 346
145 349
145 355
145 356
145 377
145 378
145 383
145 384
145 420
145 427
145 638
146 82
146 83
146 144
146 145
146 146
146 147
146 148
146 149
146 158
146 159
146 160
146 174
146 287
146 346
146 349
146 351
146 352
146 375
146 376
146 381
146 382
146 420
146 427
146 637
147 84
147 85
147 150
147 151
147 152
147 153
147 154
147 155
147 156
147 157
147 160
147 173
147 287
147 346
147 349
147 373
147 374
147 380
147 381
147 420
147 427
147 637
148 86
148 87
148 160
148 173
148 287
148 345
148 346
148 349
148 372
148 373
148 378
148 379
148 420
148 427
148 636
149 88
149 89
149 160
149 173
149 287
149 345
149 349
149 370
149 371
149 375
149 376
149 377
149 420
149 428
149 621
149 636
150 90
150 91
150 160
150 173
150 287
150 345
150 349
150 367
150 368
150 369
150 373
150 374
150 420
150 428
150 621
150 636
151 92
151 93
151 160
151 172
151 288
151 345
151 349
151 363
151 364
151 365
151 366
151 371
151 372
151 420
151 428
151 621
151 635
152 94
152 95
152 160
152 172
152 288
152 345
152 350
152 351
152 352
152 353
152 354
152 355
152 356
152 357
152 358
152 359
152 360
152 361
152 362
152 369
152 370
152 420
152 428
152 621
152 635
153 96
153 97
153 160
153 172
153 288
153 345
153 350
153 361
153 366
153 367
153 420
153 428
153 621
153 635
154 98
154 160
154 172
154 288
154 345
154 350
154 354
154 355
154 356
154 357
154 358
154 359
154 360
154 361
154 362
154 363
154 364
154 365
154 420
154 428
154 621
154 635
155 98
155 160
155 172
155 288
155 346
155 350
155 421
155 428
155 621
155 635
156 98
156 160
156 172
156 289
156 346
156 350
156 421
156 428
156 621
156 636
157 99
157 160
157 172
157 289
157 339
157 340
157 341
157 342
157 343
157 344
157 345
157 346
157 350
157 421
157 428
157 621
157 636
158 99
158 161
158 173
158 219
158 290
158 335
158 336
158 337
158 338
158 350
158 421
158 428
158 621
158 636
159 99
159 161
159 173
159 219
159 290
159 303
159 304
159 305
159 326
159 333
159 334
159 347
159 350
159 421
159 428
159 621
159 636
160 99
160 161
160 173
160 219
160 225
160 290
160 303
160 305
160 325
160 327
160 333
160 347
160 350
160 421
160 428
160 621
160 636
161 99
161 161
161 173
161 219
161 225
161 291
161 303
161 325
161 327
161 332
161 348
161 350
161 421
161 428
161 621
161 636
162 100
162 161
162 173
162 219
162 225
162 291
162 303
162 310
162 325
162 327
162 331
162 332
162 348
162 421
162 428
162 621
162 636
163 100
163 161
163 173
163 219
163 226
163 291
163 303
163 309
163 311
163 319
163 320
163 321
163 322
163 323
163 325
163 327
163 331
163 348
163 421
163 428
163 621
163 635
164 100
164 161
164 173
164 220
164 226
164 291
164 304
164 306
164 309
164 311
164 317
164 318
164 324
164 325
164 326
164 327
164 330
164 348
164 421
164 428
164 562
164 576
164 577
164 620
164 635
165 100
165 161
165 173
165 220
165 226
165 291
165 304
165 306
165 309
165 311
165 316
165 317
165 327
165 328
165 329
165 330
165 348
165 351
165 421
165 428
165 561
165 563
165 575
165 620
165 635
166 100
166 161
166 174
166 220
166 226
166 291
166 304
166 309
166 311
166 315
166 316
166 348
166 351
166 421
166 429
166 561
166 563
166 575
166 620
166 635
167 101
167 161
167 174
167 220
167 226
167 291
167 304
167 309
167 311
167 314
167 315
167 348
167 351
167 421
167 429
167 561
167 563
167 575
167 620
167 635
168 101
168 161
168 174
168 220
168 226
168 232
168 291
168 304
168 309
168 311
168 313
168 314
168 349
168 351
168 421
168 429
168 561
168 563
168 575
168 576
168 577
168 578
168 579
168 580
168 581
168 582
168 620
168 635
169 101
169 161
169 174
169 220
169 227
169 233
169 240
169 291
169 299
169 300
169 301
169 304
169 309
169 310
169 312
169 349
169 421
169 429
169 561
169 563
169 571
169 572
169 573
169 574
169 583
169 620
169 635
170 101
170 162
170 174
170 220
170 227
170 234
170 240
170 291
170 297
170 298
170 302
170 303
170 304
170 307
170 308
170 309
170 311
170 349
170 421
170 429
170 561
170 563
170 570
170 583
170 620
170 635
171 101
171 162
171 174
171 220
171 227
171 235
171 240
171 291
171 297
171 311
171 349
171 421
171 429
171 561
171 563
171 569
171 583
171 620
171 635
172 102
172 162
172 174
172 220
172 227
172 235
172 240
172 291
172 296
172 304
172 309
172 311
172 349
172 352
172 421
172 429
172 561
172 563
172 569
172 583
172 593
172 594
172 595
172 596
172 597
172 598
172 599
172 600
172 601
172 602
172 603
172 604
172 605
172 606
172 607
172 608
172 609
172 610
172 611
172 612
172 613
172 614
172 615
172 616
172 617
172 618
172 619
172 620
172 634
173 102
173 162
173 174
173 221
173 227
173 235
173 239
173 291
173 293
173 294
173 295
173 296
173 304
173 309
173 311
173 349
173 352
173 410
173 411
173 412
173 421
173 429
173 564
173 565
173 566
173 567
173 568
173 569
173 584
173 585
173 586
173 587
173 588
173 589
173 590
173 591
173 592
173 634
174 102
174 162
174 175
174 221
174 227
174 236
174 239
174 305
174 309
174 311
174 349
174 352
174 409
174 413
174 421
174 429
174 443
174 444
174 445
174 455
174 456
174 457
174 546
174 547
174 548
174 549
174 550
174 551
174 552
174 553
174 554
174 555
174 556
174 557
174 558
174 559
174 560
174 562
174 563
174 620
174 634
175 101
175 162
175 175
175 221
175 227
175 236
175 239
175 305
175 307
175 309
175 311
175 326
175 349
175 352
175 408
175 413
175 421
175 429
175 443
175 445
175 455
175 457
175 528
175 529
175 530
175 531
175 532
175 533
175 534
175 535
175 536
175 537
175 538
175 539
175 540
175 541
175 542
175 543
175 544
175 545
175 561
175 563
175 569
175 583
175 619
175 634
176 101
176 162
176 175
176 221
176 227
176 233
176 236
176 239
176 305
176 307
176 311
176 325
176 327
176 349
176 352
176 409
176 413
176 421
176 429
176 443
176 446
176 454
176 458
176 509
176 510
176 511
176 512
176 513
176 514
176 515
176 516
176 517
176 518
176 519
176 520
176 521
176 522
176 523
176 524
176 525
176 526
176 527
176 561
176 563
176 569
176 583
176 619
176 634
177 100
177 162
177 175
177 221
177 228
177 229
177 232
177 234
177 236
177 239
177 305
177 311
177 325
177 327
177 349
177 352
177 375
177 409
177 414
177 421
177 429
177 443
177 446
177 453
177 454
177 458
177 490
177 491
177 492
177 493
177 494
177 495
177 496
177 497
177 498
177 499
177 500
177 501
177 502
177 503
177 504
177 505
177 506
177 507
177 508
177 561
177 563
177 570
177 583
177 619
177 634
178 99
178 162
178 175
178 221
178 228
178 229
178 231
178 234
178 236
178 239
178 295
178 296
178 297
178 298
178 305
178 311
178 325
178 327
178 349
178 352
178 374
178 376
178 409
178 414
178 421
178 429
178 443
178 447
178 453
178 459
178 469
178 470
178 471
178 472
178 473
178 474
178 475
178 476
178 477
178 478
178 479
178 480
178 481
178 482
178 483
178 484
178 485
178 486
178 487
178 488
178 489
178 561
178 563
178 570
178 583
178 619
178 634
179 99
179 162
179 175
179 219
179 220
179 221
179 228
179 232
179 233
179 234
179 236
179 239
179 294
179 299
179 305
179 311
179 325
179 327
179 349
179 352
179 373
179 376
179 409
179 414
179 421
179 429
179 443
179 447
179 448
179 452
179 458
179 461
179 462
179 463
179 464
179 465
179 466
179 467
179 468
179 561
179 563
179 570
179 583
179 619
179 634
180 98
180 163
180 175
180 215
180 216
180 217
180 218
180 221
180 228
180 236
180 239
180 294
180 299
180 305
180 311
180 325
180 329
180 330
180 331
180 349
180 352
180 373
180 376
180 409
180 421
180 429
180 433
180 434
180 442
180 448
180 449
180 450
180 451
180 458
180 460
180 561
180 563
180 571
180 572
180 573
180 574
180 579
180 580
180 581
180 582
180 583
180 619
180 634
181 97
181 163
181 175
181 213
181 214
181 220
181 221
181 228
181 236
181 239
181 305
181 310
181 312
181 325
181 329
181 349
181 353
181 373
181 376
181 409
181 413
181 415
181 422
181 430
181 431
181 432
181 442
181 454
181 455
181 456
181 458
181 459
181 561
181 563
181 575
181 578
181 618
181 633
182 96
182 163
182 176
182 216
182 217
182 221
182 228
182 236
182 239
182 305
182 310
182 312
182 325
182 330
182 332
182 347
182 349
182 353
182 374
182 375
182 376
182 378
182 409
182 413
182 415
182 422
182 430
182 431
182 434
182 443
182 455
182 457
182 561
182 563
182 575
182 618
182 633
183 96
183 163
183 176
183 211
183 213
183 220
183 228
183 236
183 239
183 253
183 255
183 305
183 310
183 312
183 325
183 330
183 332
183 333
183 343
183 344
183 345
183 346
183 348
183 351
183 353
183 378
183 410
183 411
183 412
183 413
183 415
183 422
183 433
183 443
183 444
183 445
183 446
183 447
183 448
183 455
183 457
183 561
183 563
183 576
183 596
183 597
183 598
183 599
183 600
183 618
183 633
184 95
184 163
184 176
184 194
184 195
184 220
184 228
184 237
184 239
184 253
184 255
184 306
184 310
184 312
184 322
184 325
184 330
184 333
184 343
184 345
184 348
184 351
184 353
184 374
184 375
184 377
184 379
184 380
184 381
184 382
184 383
184 388
184 389
184 390
184 413
184 422
184 430
184 433
184 449
184 454
184 457
184 561
184 563
184 576
184 578
184 594
184 595
184 601
184 602
184 618
184 633
185 94
185 163
185 176
185 182
185 183
185 184
185 193
185 207
185 208
185 209
185 220
185 228
185 237
185 240
185 253
185 255
185 295
185 296
185 297
185 298
185 299
185 300
185 301
185 302
185 306
185 308
185 310
185 312
185 321
185 323
185 329
185 330
185 333
185 343
185 347
185 351
185 353
185 361
185 362
185 363
185 368
185 373
185 376
185 378
185 384
185 387
185 391
185 392
185 413
185 422
185 430
185 433
185 449
185 453
185 457
185 561
185 563
185 569
185 570
185 571
185 576
185 578
185 593
185 594
185 602
185 603
185 618
185 633
186 94
186 163
186 176
186 182
186 184
186 193
186 206
186 210
186 211
186 216
186 217
186 218
186 220
186 228
186 237
186 240
186 253
186 255
186 284
186 285
186 286
186 287
186 292
186 293
186 294
186 303
186 306
186 308
186 321
186 324
186 325
186 329
186 333
186 339
186 340
186 341
186 343
186 347
186 351
186 355
186 356
186 357
186 358
186 359
186 360
186 364
186 367
186 369
186 372
186 376
186 378
186 385
186 392
186 407
186 408
186 413
186 416
186 422
186 430
186 433
186 449
186 456
186 561
186 563
186 569
186 576
186 592
186 593
186 603
186 617
186 618
187 93
187 163
187 176
187 182
187 193
187 211
187 215
187 218
187 220
187 228
187 237
187 240
187 253
187 255
187 282
187 284
187 286
187 288
187 289
187 290
187 291
187 303
187 306
187 311
187 312
187 313
187 314
187 315
187 321
187 324
187 329
187 333
187 335
187 339
187 341
187 344
187 347
187 351
187 354
187 364
187 369
187 372
187 376
187 378
187 385
187 387
187 392
187 405
187 406
187 409
187 410
187 411
187 412
187 417
187 418
187 419
187 420
187 421
187 430
187 433
187 449
187 455
187 561
187 563
187 570
187 572
187 575
187 576
187 581
187 582
187 591
187 592
187 603
187 616
187 617
188 92
188 163
188 176
188 182
188 193
188 203
188 204
188 205
188 211
188 216
188 218
188 220
188 228
188 237
188 240
188 253
188 255
188 280
188 281
188 284
188 285
188 286
188 303
188 306
188 309
188 310
188 316
188 317
188 321
188 324
188 329
188 335
188 338
188 342
188 346
188 348
188 349
188 352
188 353
188 364
188 369
188 372
188 376
188 378
188 385
188 387
188 392
188 405
188 413
188 430
188 434
188 449
188 561
188 563
188 570
188 572
188 573
188 574
188 578
188 579
188 580
188 583
188 590
188 591
188 603
188 615
188 616
189 92
189 164
189 176
189 182
189 194
189 201
189 202
189 206
189 216
189 217
189 218
189 220
189 228
189 237
189 240
189 253
189 255
189 280
189 295
189 298
189 299
189 302
189 306
189 308
189 310
189 312
189 317
189 321
189 324
189 326
189 328
189 330
189 331
189 332
189 335
189 338
189 354
189 364
189 367
189 369
189 372
189 376
189 378
189 379
189 380
189 381
189 382
189 383
189 384
189 385
189 386
189 387
189 393
189 404
189 413
189 422
189 430
189 434
189 441
189 442
189 443
189 444
189 445
189 446
189 447
189 448
189 449
189 452
189 454
189 456
189 561
189 563
189 570
189 583
189 589
189 590
189 604
189 605
189 615
190 91
190 164
190 176
190 182
190 194
190 196
190 201
190 206
190 211
190 212
190 228
190 237
190 240
190 242
190 243
190 247
190 253
190 255
190 280
190 293
190 294
190 296
190 297
190 300
190 301
190 303
190 306
190 308
190 310
190 312
190 317
190 321
190 324
190 326
190 327
190 328
190 336
190 338
190 354
190 355
190 364
190 367
190 370
190 371
190 372
190 373
190 374
190 375
190 376
190 377
190 378
190 388
190 394
190 395
190 396
190 397
190 398
190 403
190 404
190 414
190 416
190 422
190 430
190 435
190 440
190 452
190 456
190 561
190 563
190 570
190 582
190 583
190 589
190 606
190 607
190 614
191 90
191 164
191 176
191 182
191 194
191 196
191 201
191 202
191 205
191 208
191 213
191 220
191 228
191 229
191 230
191 233
191 234
191 235
191 236
191 237
191 240
191 241
191 244
191 245
191 246
191 248
191 253
191 255
191 280
191 281
191 293
191 303
191 306
191 308
191 310
191 312
191 317
191 321
191 322
191 324
191 336
191 337
191 338
191 355
191 356
191 364
191 367
191 389
191 390
191 399
191 402
191 414
191 422
191 430
191 435
191 436
191 440
191 442
191 443
191 444
191 445
191 446
191 453
191 489
191 490
191 491
191 492
191 493
191 561
191 563
191 570
191 581
191 585
191 586
191 587
191 607
191 608
191 614
192 90
192 164
192 176
192 182
192 194
192 196
192 202
192 203
192 204
192 207
192 209
192 211
192 213
192 215
192 216
192 217
192 218
192 219
192 228
192 231
192 232
192 240
192 241
192 248
192 253
192 255
192 292
192 295
192 303
192 308
192 309
192 310
192 311
192 312
192 313
192 314
192 315
192 316
192 317
192 321
192 325
192 356
192 364
192 366
192 367
192 391
192 399
192 414
192 422
192 430
192 436
192 437
192 438
192 447
192 487
192 488
192 494
192 495
192 561
192 563
192 569
192 570
192 582
192 583
192 608
192 609
192 610
192 611
192 612
192 613
193 89
193 164
193 177
193 182
193 194
193 196
193 206
193 209
193 211
193 214
193 215
193 221
193 228
193 235
193 236
193 237
193 243
193 244
193 245
193 246
193 247
193 248
193 253
193 255
193 289
193 292
193 295
193 303
193 322
193 324
193 325
193 336
193 357
193 364
193 366
193 392
193 399
193 414
193 422
193 430
193 439
193 440
193 441
193 446
193 450
193 486
193 487
193 495
193 496
193 561
193 563
193 568
193 569
194 88
194 164
194 177
194 182
194 194
194 196
194 203
194 207
194 208
194 212
194 221
194 228
194 233
194 234
194 235
194 253
194 255
194 322
194 336
194 357
194 364
194 365
194 366
194 392
194 393
194 399
194 414
194 417
194 422
194 430
194 442
194 443
194 445
194 449
194 486
194 496
194 561
194 563
194 568
195 88
195 164
195 177
195 182
195 194
195 203
195 210
195 213
195 214
195 215
195 216
195 217
195 218
195 219
195 220
195 221
195 228
195 231
195 232
195 253
195 322
195 333
195 334
195 335
195 357
195 393
195 399
195 412
195 413
195 417
195 418
195 419
195 420
195 430
195 443
195 444
195 448
195 450
195 485
195 497
195 561
195 563
195 567
196 87
196 164
196 177
196 182
196 194
196 203
196 204
196 205
196 229
196 230
196 231
196 321
196 333
196 357
196 363
196 394
196 395
196 398
196 399
196 402
196 403
196 404
196 405
196 406
196 407
196 408
196 411
196 412
196 421
196 422
196 430
196 442
196 447
196 450
196 485
196 497
196 561
196 563
196 566
197 86
197 165
197 177
197 182
197 194
197 196
197 321
197 333
197 334
197 358
197 362
197 363
197 396
197 409
197 410
197 411
197 414
197 422
197 430
197 442
197 445
197 446
197 450
197 484
197 497
197 561
197 563
197 565
198 86
198 165
198 177
198 182
198 194
198 196
198 334
198 359
198 360
198 361
198 397
198 414
198 417
198 422
198 430
198 443
198 444
198 445
198 450
198 484
198 497
198 563
198 564
198 565
199 85
199 165
199 177
199 182
199 334
199 359
199 361
199 397
199 414
199 417
199 422
199 430
199 435
199 436
199 443
199 450
199 564
200 85
200 165
200 182
200 184
200 333
200 358
200 361
200 397
201 84
201 165
201 182
201 184
201 334
201 358
201 361
201 396
202 83
202 360
202 396
203 83
203 360
203 396
204 82
204 360
204 396
205 81
205 360
205 396
206 81
206 360
206 396
207 80
207 360
207 396
208 80
209 80
210 80
211 79
212 79
213 79
214 79
215 79
216 79
217 78
218 78
219 78
220 78
221 78
222 78
223 78
224 77
225 77
226 77
227 77
