0 28
0 29
0 582
1 30
1 31
1 580
1 581
2 32
2 33
2 578
2 579
3 34
3 578
4 30
4 31
4 32
4 34
4 577
5 29
5 558
5 559
5 577
6 30
6 31
6 32
6 556
6 557
6 560
6 561
6 564
6 571
6 572
6 573
6 574
6 575
6 576
6 577
7 33
7 554
7 555
7 556
7 561
7 562
7 563
7 565
7 568
7 569
7 570
8 33
8 553
8 565
8 567
9 33
9 552
10 31
10 32
10 33
10 552
11 31
11 552
11 553
12 31
12 553
12 554
13 31
13 554
13 555
14 26
14 27
14 28
14 29
14 30
14 31
14 555
15 26
15 554
15 555
16 20
16 21
16 26
16 552
16 553
17 19
17 22
17 23
17 24
17 25
17 26
17 552
18 20
18 21
18 551
19 22
19 546
19 547
19 548
19 549
19 550
19 551
20 22
20 545
21 23
21 544
22 23
22 30
22 544
23 24
23 25
23 26
23 27
23 28
23 29
23 31
23 32
23 33
23 94
23 95
23 96
23 544
24 34
24 35
24 92
24 93
24 97
24 98
24 99
24 100
24 542
24 543
25 90
25 91
25 92
25 101
25 102
25 540
25 541
25 542
26 34
26 89
26 102
26 103
26 538
26 539
27 32
27 33
27 89
27 103
27 537
27 538
28 32
28 103
28 535
28 536
29 32
29 85
29 86
29 87
29 88
29 89
29 90
29 102
29 103
29 535
30 31
30 32
30 84
30 101
30 534
31 31
31 34
31 35
31 36
31 82
31 83
31 102
31 103
31 104
31 534
32 28
32 29
32 30
32 33
32 37
32 80
32 81
32 104
32 105
32 106
32 107
32 111
32 534
33 28
33 33
33 38
33 79
33 108
33 109
33 110
33 112
33 534
34 28
34 29
34 38
34 39
34 59
34 78
34 112
34 535
34 536
34 537
34 538
34 539
35 32
35 39
35 40
35 41
35 42
35 57
35 58
35 60
35 77
35 78
35 113
35 114
35 115
35 539
36 43
36 44
36 51
36 56
36 61
36 62
36 63
36 67
36 68
36 69
36 70
36 71
36 72
36 73
36 74
36 75
36 76
36 116
36 117
36 535
36 536
36 537
36 538
36 539
37 45
37 46
37 47
37 48
37 49
37 50
37 52
37 53
37 54
37 55
37 59
37 64
37 65
37 66
37 118
37 535
38 58
38 60
38 118
38 534
39 58
39 59
39 60
39 117
39 118
39 532
39 533
39 534
40 117
40 530
40 531
41 116
41 530
42 116
42 121
42 122
42 530
42 531
43 117
43 118
43 119
43 120
43 123
43 124
43 531
44 531
45 123
45 530
46 122
46 529
47 121
47 122
47 530
48 121
48 530
49 121
49 122
49 529
49 530
50 122
50 529
51 122
51 528
52 122
52 528
53 122
53 529
54 122
54 123
55 123
55 124
55 125
55 528
56 126
56 127
56 524
56 525
56 526
56 527
57 127
57 522
57 523
58 127
58 521
58 522
59 127
59 520
59 521
60 126
60 519
60 520
61 126
61 518
62 517
63 122
63 123
63 124
63 517
64 121
64 517
65 122
65 123
65 124
65 516
66 124
66 516
67 124
67 158
67 159
67 515
67 516
68 125
68 126
68 133
68 137
68 138
68 139
68 140
68 141
68 142
68 143
68 144
68 145
68 151
68 152
68 153
68 154
68 155
68 156
68 157
68 160
68 161
68 162
68 163
68 514
68 515
69 126
69 127
69 131
69 132
69 134
69 135
69 136
69 150
69 151
69 163
69 164
69 165
69 514
70 125
70 128
70 129
70 130
70 143
70 150
70 162
70 166
70 513
71 143
71 145
71 146
71 147
71 148
71 149
71 167
71 168
71 505
71 506
71 513
72 169
72 504
72 507
72 508
72 509
72 510
72 511
72 512
72 513
73 169
73 504
74 169
74 504
75 169
75 172
75 504
76 169
76 171
76 173
76 504
77 173
77 504
78 173
78 504
78 505
78 506
78 507
79 173
80 173
80 507
81 172
81 173
81 507
82 171
82 175
82 507
83 171
83 173
83 176
83 505
83 506
83 507
84 176
84 504
85 176
85 503
86 176
86 503
87 176
87 502
88 176
88 502
89 175
89 501
90 174
90 500
90 501
91 175
91 500
92 175
92 395
92 396
92 397
92 398
92 399
92 400
92 401
92 402
92 403
92 404
92 405
92 499
93 175
93 393
93 394
93 406
93 407
93 408
93 409
93 500
94 175
94 393
94 400
94 401
94 402
94 403
94 411
94 412
94 501
95 175
95 176
95 177
95 178
95 393
95 394
95 395
95 396
95 397
95 398
95 407
95 408
95 413
95 502
96 179
96 411
96 415
96 489
96 503
97 179
97 412
97 416
97 488
97 490
97 503
98 179
98 413
98 417
98 489
98 490
98 492
98 500
98 501
99 179
99 415
99 418
99 493
99 499
99 500
100 179
100 416
100 419
100 490
100 494
100 495
100 499
101 180
101 417
101 420
101 491
101 495
101 496
101 497
101 498
102 181
102 182
102 420
102 491
103 182
103 418
103 491
104 182
104 419
104 421
104 491
105 183
105 419
105 491
106 183
106 422
106 491
107 183
107 420
107 422
107 490
108 183
108 422
108 488
108 489
109 183
109 420
109 422
109 488
110 184
110 420
110 422
110 488
110 489
111 184
111 185
111 227
111 420
111 422
111 489
112 185
112 222
112 226
112 228
112 229
112 420
112 422
112 489
113 185
113 218
113 219
113 220
113 221
113 223
113 224
113 225
113 230
113 231
113 420
113 422
113 489
113 490
113 491
113 492
114 185
114 186
114 216
114 217
114 232
114 420
114 422
115 186
115 216
115 233
115 234
115 420
115 422
115 488
115 489
115 491
115 492
116 186
116 216
116 235
116 236
116 420
116 422
116 486
116 487
117 186
117 216
117 236
117 237
117 420
117 422
117 486
118 186
118 216
118 238
118 247
118 248
118 249
118 250
118 420
118 422
118 485
119 186
119 214
119 215
119 238
119 245
119 246
119 250
119 420
119 422
119 485
120 186
120 209
120 210
120 211
120 212
120 213
120 214
120 238
120 244
120 251
120 420
120 422
120 485
121 186
121 209
121 239
121 243
121 252
121 256
121 420
121 422
121 486
122 187
122 209
122 239
122 240
122 241
122 242
122 243
122 253
122 255
122 257
122 258
122 420
122 422
122 486
122 487
122 488
122 489
122 490
122 498
122 499
123 187
123 209
123 253
123 258
123 259
123 420
123 422
123 491
123 498
124 186
124 187
124 209
124 259
124 420
124 422
124 491
124 492
125 186
125 208
125 242
125 243
125 244
125 245
125 260
125 420
125 422
125 493
126 184
126 185
126 208
126 242
126 246
126 260
126 420
126 422
126 493
127 183
127 208
127 242
127 247
127 261
127 262
127 420
127 422
127 493
128 181
128 182
128 190
128 207
128 241
128 248
128 263
128 420
128 422
128 480
128 481
128 493
129 181
129 188
129 189
129 191
129 192
129 193
129 194
129 206
129 241
129 249
129 264
129 420
129 423
129 480
129 482
129 493
130 181
130 187
130 194
130 205
130 240
130 241
130 250
130 265
130 266
130 420
130 423
130 480
130 482
130 483
130 484
130 485
130 486
130 493
131 180
131 181
131 187
131 195
131 196
131 204
131 238
131 239
131 251
131 266
131 375
131 376
131 377
131 378
131 379
131 380
131 381
131 420
131 423
131 480
131 487
131 494
132 180
132 197
132 203
132 236
132 237
132 251
132 266
132 375
132 382
132 383
132 384
132 420
132 423
132 480
132 487
132 494
133 180
133 181
133 182
133 183
133 186
133 197
133 202
133 235
133 252
133 267
133 375
133 376
133 378
133 379
133 380
133 381
133 385
133 386
133 420
133 423
133 473
133 474
133 475
133 479
133 488
133 489
133 490
133 491
133 494
134 184
134 186
134 198
134 199
134 200
134 201
134 234
134 252
134 267
134 382
134 383
134 384
134 420
134 423
134 471
134 472
134 476
134 477
134 478
134 492
135 184
135 186
135 233
135 253
135 268
135 385
135 388
135 420
135 423
135 470
135 471
136 184
136 185
136 186
136 232
136 254
136 269
136 270
136 271
136 386
136 388
136 420
136 423
136 439
136 440
136 441
136 442
136 468
136 469
137 231
137 254
137 272
137 273
137 274
137 386
137 389
137 420
137 423
137 437
137 438
137 443
137 444
137 445
137 467
138 231
138 255
138 275
138 276
138 387
138 398
138 399
138 400
138 401
138 402
138 403
138 404
138 420
138 423
138 437
138 446
138 447
138 466
139 231
139 255
139 276
139 388
139 390
139 396
139 397
139 405
139 406
139 407
139 408
139 409
139 410
139 411
139 412
139 420
139 423
139 436
139 447
139 448
139 449
139 450
139 451
139 466
140 231
140 256
140 276
140 388
140 390
140 394
140 395
140 413
140 414
140 420
140 423
140 434
140 435
140 452
140 453
140 466
141 232
141 256
141 276
141 278
141 279
141 388
141 390
141 393
141 394
141 414
141 420
141 423
141 434
141 453
141 466
141 467
142 232
142 257
142 279
142 388
142 390
142 391
142 392
142 415
142 416
142 420
142 423
142 433
142 454
142 458
142 461
142 462
142 463
142 467
142 468
142 470
143 232
143 257
143 280
143 388
143 389
143 391
143 417
143 418
143 419
143 420
143 423
143 433
143 454
143 455
143 456
143 457
143 459
143 460
143 461
143 464
143 465
143 466
144 230
144 231
144 258
144 281
144 387
144 388
144 390
144 423
144 424
144 425
144 426
144 432
144 433
144 467
144 468
144 470
145 228
145 229
145 258
145 282
145 380
145 381
145 385
145 386
145 387
145 390
145 420
145 423
145 426
145 432
145 468
146 227
146 259
146 282
146 376
146 377
146 378
146 379
146 382
146 383
146 384
146 390
146 420
146 423
146 427
146 428
146 429
146 430
146 431
146 475
146 476
146 477
147 227
147 259
147 282
147 376
147 388
147 390
147 420
147 423
147 475
147 478
147 480
147 481
147 482
148 227
148 260
148 283
148 365
148 366
148 368
148 370
148 371
148 375
148 388
148 390
148 420
148 423
148 475
148 476
148 484
148 485
149 226
149 260
149 283
149 284
149 356
149 364
149 367
149 369
149 372
149 373
149 374
149 375
149 388
149 390
149 420
149 423
149 480
149 481
149 485
150 226
150 260
150 285
150 354
150 355
150 357
150 363
150 367
150 369
150 388
150 390
150 420
150 423
150 483
150 484
150 485
151 226
151 261
151 286
151 287
151 288
151 289
151 290
151 353
151 354
151 357
151 361
151 362
151 363
151 388
151 390
151 420
151 423
152 226
152 261
152 352
152 353
152 358
152 360
152 388
152 390
152 420
152 423
153 226
153 262
153 290
153 351
153 358
153 388
153 390
153 420
153 423
154 226
154 262
154 290
154 291
154 292
154 348
154 349
154 388
154 390
154 420
154 423
155 226
155 262
155 348
155 388
155 390
155 420
155 423
156 226
156 262
156 291
156 292
156 347
156 359
156 388
156 390
156 420
156 423
157 227
157 262
157 290
157 347
157 360
157 362
157 374
157 375
157 388
157 390
157 420
157 423
158 227
158 262
158 290
158 346
158 360
158 362
158 420
158 423
159 228
159 262
159 292
159 293
159 346
159 373
159 376
159 377
159 389
159 390
159 391
159 405
159 420
159 423
160 228
160 262
160 294
160 325
160 326
160 331
160 346
160 375
160 377
160 388
160 391
160 392
160 404
160 406
160 420
160 423
160 545
160 546
160 550
160 551
160 552
160 553
160 554
160 555
161 229
161 261
161 295
161 303
161 315
161 323
161 324
161 327
161 328
161 329
161 330
161 332
161 333
161 337
161 338
161 345
161 369
161 370
161 371
161 372
161 375
161 377
161 379
161 380
161 387
161 388
161 392
161 403
161 406
161 420
161 423
161 544
161 547
161 548
161 549
161 555
162 229
162 260
162 295
162 302
162 304
162 314
162 316
162 322
162 323
162 334
162 335
162 336
162 339
162 345
162 368
162 375
162 377
162 380
162 387
162 390
162 392
162 393
162 394
162 395
162 403
162 406
162 420
162 423
162 545
162 546
162 551
162 552
162 553
162 554
162 555
163 230
163 259
163 296
163 301
163 304
163 313
163 317
163 318
163 319
163 320
163 321
163 339
163 345
163 367
163 375
163 377
163 380
163 388
163 396
163 403
163 406
163 420
163 423
163 547
163 550
163 551
163 591
163 592
163 593
163 594
163 595
163 596
163 597
163 598
163 599
163 600
163 617
163 618
163 619
163 620
164 230
164 259
164 296
164 299
164 300
164 301
164 302
164 303
164 304
164 315
164 317
164 340
164 341
164 345
164 368
164 369
164 370
164 371
164 375
164 377
164 380
164 388
164 396
164 404
164 406
164 420
164 423
164 547
164 550
164 590
164 617
164 621
164 622
165 231
165 258
165 296
165 301
165 316
165 319
165 321
165 342
165 375
165 377
165 383
165 384
165 385
165 389
165 390
165 393
165 394
165 395
165 396
165 405
165 420
165 423
165 547
165 589
165 600
165 617
165 622
166 231
166 257
166 296
166 297
166 298
166 300
166 301
166 302
166 303
166 305
166 306
166 307
166 308
166 309
166 310
166 311
166 312
166 313
166 314
166 316
166 319
166 321
166 343
166 374
166 375
166 377
166 382
166 386
166 389
166 392
166 403
166 405
166 420
166 423
166 540
166 546
166 587
166 588
166 600
166 617
166 621
166 622
167 232
167 255
167 256
167 298
167 305
167 309
167 310
167 314
167 315
167 316
167 319
167 321
167 343
167 368
167 369
167 370
167 371
167 372
167 375
167 377
167 382
167 387
167 391
167 403
167 405
167 420
167 423
167 483
167 484
167 485
167 486
167 487
167 488
167 489
167 539
167 558
167 586
167 600
167 618
167 621
168 233
168 234
168 251
168 252
168 253
168 254
168 298
168 305
168 319
168 321
168 346
168 360
168 361
168 362
168 368
168 371
168 373
168 374
168 375
168 377
168 382
168 387
168 389
168 391
168 403
168 405
168 420
168 423
168 481
168 482
168 483
168 489
168 540
168 542
168 559
168 561
168 562
168 586
168 600
168 618
168 623
168 624
168 625
168 626
168 639
169 235
169 236
169 242
169 243
169 244
169 245
169 246
169 247
169 248
169 249
169 250
169 294
169 295
169 298
169 305
169 306
169 307
169 319
169 321
169 345
169 347
169 358
169 359
169 363
169 364
169 365
169 366
169 367
169 368
169 369
169 370
169 375
169 377
169 383
169 384
169 385
169 386
169 387
169 388
169 390
169 403
169 405
169 420
169 423
169 480
169 490
169 491
169 496
169 497
169 498
169 499
169 540
169 542
169 559
169 588
169 589
169 600
169 618
169 627
169 628
169 629
169 638
170 236
170 237
170 238
170 242
170 293
170 296
170 297
170 298
170 308
170 309
170 310
170 311
170 312
170 313
170 314
170 315
170 319
170 321
170 345
170 347
170 357
170 358
170 371
170 372
170 375
170 377
170 390
170 403
170 405
170 420
170 423
170 480
170 492
170 496
170 500
170 540
170 542
170 543
170 544
170 545
170 546
170 547
170 561
170 562
170 589
170 601
170 615
170 616
170 617
170 618
170 620
170 621
170 622
170 630
170 638
171 239
171 240
171 242
171 293
171 297
171 300
171 303
171 304
171 316
171 317
171 318
171 319
171 320
171 345
171 347
171 357
171 372
171 375
171 377
171 388
171 390
171 403
171 405
171 421
171 423
171 480
171 493
171 496
171 500
171 526
171 527
171 528
171 540
171 547
171 589
171 601
171 602
171 613
171 614
171 625
171 630
171 637
172 240
172 242
172 293
172 298
172 303
172 305
172 308
172 309
172 310
172 311
172 320
172 345
172 347
172 356
172 372
172 375
172 377
172 384
172 386
172 388
172 389
172 390
172 403
172 405
172 421
172 423
172 481
172 493
172 497
172 499
172 500
172 515
172 516
172 517
172 518
172 519
172 520
172 521
172 522
172 523
172 524
172 525
172 529
172 534
172 535
172 536
172 537
172 538
172 542
172 548
172 589
172 602
172 613
172 627
172 628
172 630
172 637
173 240
173 242
173 293
173 295
173 306
173 307
173 317
173 318
173 319
173 320
173 345
173 347
173 356
173 373
173 376
173 377
173 384
173 386
173 388
173 390
173 403
173 405
173 421
173 423
173 482
173 494
173 497
173 498
173 499
173 513
173 514
173 529
173 533
173 548
173 549
173 589
173 591
173 592
173 593
173 594
173 595
173 596
173 597
173 598
173 599
173 600
173 602
173 612
173 628
173 630
173 638
174 240
174 242
174 292
174 295
174 296
174 297
174 298
174 299
174 302
174 319
174 321
174 345
174 347
174 355
174 374
174 384
174 386
174 388
174 390
174 403
174 404
174 406
174 421
174 423
174 465
174 466
174 467
174 482
174 494
174 497
174 511
174 512
174 529
174 532
174 542
174 550
174 551
174 570
174 571
174 572
174 573
174 574
174 575
174 576
174 578
174 587
174 588
174 602
174 612
174 630
174 636
174 638
175 240
175 242
175 289
175 290
175 291
175 292
175 293
175 296
175 299
175 319
175 321
175 345
175 347
175 351
175 355
175 374
175 384
175 386
175 421
175 423
175 464
175 468
175 480
175 481
175 482
175 490
175 491
175 492
175 494
175 498
175 499
175 509
175 510
175 529
175 532
175 545
175 546
175 547
175 551
175 568
175 569
175 576
175 579
175 586
175 587
175 602
175 611
175 631
175 635
175 638
176 240
176 242
176 288
176 293
176 297
176 299
176 301
176 319
176 321
176 330
176 331
176 340
176 341
176 345
176 346
176 347
176 350
176 352
176 355
176 374
176 421
176 423
176 463
176 468
176 478
176 479
176 484
176 485
176 488
176 489
176 494
176 497
176 500
176 505
176 506
176 507
176 508
176 529
176 532
176 547
176 548
176 549
176 551
176 552
176 553
176 567
176 568
176 576
176 579
176 584
176 585
176 598
176 602
176 631
176 634
176 638
177 240
177 242
177 299
177 301
177 319
177 321
177 327
177 328
177 329
177 332
177 333
177 339
177 342
177 350
177 355
177 373
177 421
177 423
177 464
177 465
177 466
177 467
177 468
177 478
177 486
177 487
177 494
177 497
177 498
177 500
177 501
177 502
177 503
177 504
177 529
177 532
177 554
177 555
177 566
177 567
177 575
177 576
177 578
177 580
177 631
177 634
177 638
178 240
178 242
178 319
178 321
178 353
178 355
178 373
178 421
178 424
178 493
178 494
178 495
178 496
178 497
178 529
178 532
178 555
178 631
178 634
178 638
179 240
179 242
179 352
179 355
179 373
179 405
179 421
179 424
179 486
179 487
179 489
179 492
179 529
179 532
179 556
179 630
179 633
179 639
180 148
180 240
180 242
180 355
180 373
180 488
180 529
180 533
180 556
180 633
181 142
181 148
181 241
181 242
181 355
181 373
181 490
181 530
181 533
181 556
181 633
181 638
182 142
182 147
182 241
182 243
182 489
182 530
182 533
182 633
182 638
183 143
183 147
183 241
183 243
183 489
183 530
183 633
183 638
184 143
184 147
184 488
184 633
184 638
185 143
185 147
185 488
185 633
185 638
186 143
186 147
186 489
186 633
186 638
187 143
187 147
187 633
187 638
188 143
188 147
188 633
188 638
189 143
189 147
189 633
189 638
190 143
190 147
190 633
190 638
191 143
191 147
191 633
191 638
192 143
192 147
192 633
192 638
193 143
193 147
193 633
193 638
194 143
194 147
194 633
194 637
195 143
195 147
195 633
195 637
196 143
196 147
196 633
196 637
197 143
197 147
197 633
197 637
198 633
198 637
199 633
199 637
200 633
200 637
201 633
201 637
202 633
202 637
203 632
203 637
204 632
204 637
205 632
205 637
206 632
206 637
207 632
207 637
208 632
208 637
209 632
209 637
210 632
210 637
211 632
211 637
212 632
212 637
213 632
213 637
214 632
214 637
215 632
215 637
216 632
216 637
217 632
217 637
218 632
218 636
219 632
219 636
220 632
220 636
221 632
221 636
222 632
222 636
223 632
223 636
224 632
224 636
