0 501
0 502
0 503
0 508
0 540
0 595
0 632
1 500
1 508
1 537
1 538
1 539
1 540
1 595
1 631
1 632
2 499
2 508
2 535
2 536
2 594
2 630
3 499
3 509
3 534
3 535
3 594
3 630
4 499
4 509
4 510
4 532
4 533
4 593
4 630
5 498
5 511
5 512
5 513
5 531
5 532
5 593
5 630
6 498
6 514
6 515
6 516
6 517
6 518
6 524
6 525
6 526
6 530
6 531
6 593
6 594
6 630
7 498
7 519
7 520
7 523
7 524
7 526
7 527
7 528
7 529
7 594
7 628
7 629
7 630
8 498
8 520
8 522
8 523
8 594
8 627
9 497
9 498
9 520
9 522
9 593
9 626
10 496
10 497
10 592
10 626
11 494
11 495
11 592
11 625
11 626
12 494
12 591
12 624
12 625
13 494
13 591
13 603
13 622
13 623
14 494
14 495
14 496
14 497
14 499
14 501
14 591
14 601
14 602
14 604
14 622
15 497
15 502
15 503
15 591
15 600
15 601
15 605
15 621
16 493
16 494
16 495
16 496
16 497
16 499
16 503
16 591
16 598
16 599
16 605
16 606
16 607
16 620
16 621
17 492
17 493
17 499
17 503
17 591
17 597
17 598
17 608
17 620
18 492
18 499
18 502
18 590
18 591
18 596
18 597
18 609
18 619
19 492
19 500
19 501
19 502
19 590
19 595
19 596
19 609
19 610
19 611
19 612
19 613
19 614
19 615
19 616
19 617
19 618
19 619
20 490
20 491
20 492
20 591
20 592
20 593
20 594
21 489
22 488
23 488
24 489
25 489
26 489
27 488
27 489
28 488
29 488
29 494
30 488
30 489
30 490
30 491
30 492
30 493
30 495
31 496
32 496
32 497
32 498
33 499
34 499
35 497
35 498
35 499
36 495
36 496
37 494
37 495
38 493
38 494
39 492
39 493
40 491
40 492
41 489
41 490
42 488
43 487
44 487
45 485
45 488
46 483
46 484
46 486
47 482
47 483
47 488
48 481
49 480
50 480
51 480
51 490
51 491
51 492
52 480
52 490
52 493
53 480
53 490
53 493
53 494
54 481
54 490
54 494
54 495
54 496
54 497
55 481
55 487
55 488
55 489
55 490
55 498
56 482
56 483
56 484
56 485
56 486
56 487
56 498
57 498
58 498
59 497
60 495
60 496
61 494
61 495
62 494
63 494
64 494
65 495
66 495
67 496
68 497
68 498
69 498
70 473
70 474
70 491
70 492
70 498
71 471
71 472
71 475
71 476
71 487
71 488
71 489
71 490
71 493
71 494
71 497
72 470
72 471
72 476
72 482
72 486
72 495
73 469
73 470
73 476
73 480
73 481
73 483
73 484
73 485
74 469
74 477
74 478
74 479
74 480
75 468
76 468
77 468
78 469
79 450
79 469
80 443
80 444
80 445
80 448
80 449
80 451
80 452
80 469
81 15
81 16
81 17
81 440
81 441
81 442
81 443
81 445
81 446
81 447
81 448
81 453
81 454
81 469
82 0
82 1
82 14
82 17
82 435
82 436
82 437
82 438
82 439
82 455
82 458
82 459
82 468
83 2
83 13
83 14
83 18
83 19
83 20
83 426
83 427
83 428
83 429
83 430
83 431
83 435
83 456
83 457
83 458
83 469
84 3
84 12
84 13
84 21
84 22
84 28
84 29
84 30
84 40
84 41
84 425
84 432
84 433
84 434
84 459
84 469
85 3
85 4
85 12
85 22
85 26
85 27
85 30
85 38
85 39
85 42
85 43
85 424
85 460
85 461
85 464
85 465
85 466
85 469
86 5
86 6
86 10
86 11
86 23
86 24
86 25
86 26
86 31
86 37
86 38
86 44
86 424
86 462
86 466
86 467
86 469
87 6
87 9
87 32
87 33
87 34
87 35
87 36
87 37
87 44
87 421
87 422
87 423
87 424
87 467
88 7
88 8
88 44
88 420
89 44
89 412
89 413
89 414
89 419
90 45
90 411
90 412
90 414
90 415
90 418
90 419
91 45
91 46
91 410
91 411
91 415
91 416
91 417
91 418
92 47
92 409
92 410
93 47
93 407
93 408
94 47
94 407
95 47
95 401
95 402
95 403
95 406
96 47
96 48
96 400
96 404
96 405
96 406
97 48
97 399
98 48
98 399
99 48
99 398
99 399
100 47
100 48
100 397
101 47
101 396
102 47
102 48
102 396
103 48
103 49
103 50
103 395
103 396
104 51
104 52
104 394
105 52
105 99
105 393
106 52
106 97
106 98
106 100
106 101
106 102
106 103
106 104
106 105
106 393
107 52
107 97
107 106
107 107
107 393
108 52
108 53
108 90
108 91
108 92
108 93
108 94
108 95
108 107
108 392
109 53
109 54
109 88
109 89
109 95
109 107
109 381
109 392
110 54
110 88
110 106
110 113
110 114
110 379
110 380
110 382
110 383
110 392
111 54
111 87
111 106
111 111
111 112
111 115
111 116
111 121
111 122
111 378
111 379
111 383
111 384
111 392
112 54
112 87
112 107
112 108
112 109
112 110
112 117
112 118
112 119
112 120
112 123
112 124
112 377
112 378
112 384
112 392
113 54
113 85
113 86
113 124
113 125
113 132
113 133
113 134
113 373
113 374
113 375
113 376
113 377
113 384
113 391
113 392
114 54
114 83
114 84
114 125
114 126
114 130
114 131
114 135
114 136
114 137
114 138
114 373
114 384
114 386
114 387
114 388
114 391
115 55
115 82
115 83
115 127
115 128
115 130
115 139
115 140
115 373
115 384
115 386
115 388
115 389
115 390
116 55
116 82
116 128
116 141
116 372
116 373
117 55
117 81
117 142
117 370
117 371
118 54
118 81
118 142
118 143
118 148
118 149
118 150
118 151
118 152
118 153
118 154
118 370
119 52
119 53
119 56
119 81
119 144
119 145
119 148
119 155
119 156
119 176
119 184
119 185
119 369
120 51
120 54
120 57
120 58
120 80
120 81
120 146
120 156
120 157
120 158
120 159
120 160
120 175
120 177
120 178
120 179
120 183
120 186
120 187
120 368
120 369
121 52
121 53
121 58
121 80
121 161
121 162
121 175
121 180
121 181
121 182
121 187
121 188
121 189
121 368
122 59
122 60
122 61
122 75
122 76
122 77
122 78
122 79
122 163
122 164
122 175
122 190
122 191
122 368
122 369
123 62
123 63
123 73
123 74
123 165
123 175
123 191
123 192
123 370
123 371
124 63
124 72
124 73
124 166
124 167
124 175
124 192
124 372
125 63
125 71
125 72
125 168
125 169
125 175
125 192
125 372
126 62
126 63
126 71
126 170
126 175
126 191
126 343
126 344
126 345
126 346
126 347
126 348
126 349
126 350
126 351
126 372
127 62
127 64
127 71
127 170
127 175
127 191
127 341
127 342
127 352
127 353
127 371
128 65
128 71
128 72
128 170
128 175
128 190
128 191
128 341
128 353
128 369
128 370
128 371
129 66
129 73
129 170
129 175
129 190
129 341
129 353
129 368
130 66
130 67
130 68
130 69
130 70
130 73
130 170
130 189
130 341
130 352
130 353
130 367
131 70
131 73
131 170
131 173
131 174
131 190
131 191
131 342
131 352
131 365
131 366
131 367
131 419
131 420
131 421
131 422
131 423
131 424
131 425
131 426
131 427
131 428
131 429
131 430
132 71
132 170
132 171
132 172
132 173
132 192
132 193
132 333
132 334
132 335
132 342
132 343
132 344
132 349
132 350
132 351
132 362
132 363
132 364
132 403
132 404
132 405
132 406
132 407
132 408
132 409
132 410
132 411
132 412
132 413
132 414
132 415
132 416
132 430
133 71
133 193
133 330
133 331
133 332
133 336
133 337
133 338
133 345
133 347
133 348
133 358
133 359
133 360
133 361
133 386
133 387
133 388
133 389
133 390
133 391
133 392
133 393
133 394
133 395
133 396
133 397
133 398
133 399
133 400
133 401
133 402
133 416
133 419
133 420
133 421
133 422
133 423
133 424
133 425
133 426
133 427
133 428
133 429
133 430
134 193
134 197
134 329
134 334
134 339
134 340
134 345
134 347
134 357
134 371
134 372
134 373
134 374
134 375
134 376
134 377
134 378
134 379
134 380
134 381
134 382
134 383
134 384
134 385
134 403
134 404
134 405
134 406
134 407
134 408
134 409
134 410
134 411
134 412
134 413
134 414
134 415
134 416
135 193
135 195
135 196
135 198
135 199
135 200
135 201
135 202
135 203
135 204
135 205
135 206
135 329
135 331
135 332
135 339
135 341
135 342
135 343
135 345
135 347
135 352
135 353
135 354
135 356
135 362
135 363
135 364
135 365
135 366
135 367
135 368
135 387
135 388
135 389
135 390
135 391
135 392
135 393
135 394
135 395
135 396
135 397
135 398
135 399
135 400
135 401
135 402
136 193
136 195
136 207
136 208
136 209
136 335
136 336
136 337
136 338
136 344
136 345
136 347
136 348
136 349
136 350
136 351
136 354
136 356
136 368
136 371
136 372
136 373
136 374
136 375
136 376
136 377
136 378
136 379
136 380
136 381
136 382
136 383
136 384
136 385
137 210
137 334
137 339
137 340
137 341
137 348
137 351
137 355
137 358
137 359
137 360
137 361
137 362
137 363
137 364
137 365
137 366
137 367
137 368
138 210
138 327
138 328
138 333
138 341
138 342
138 343
138 348
138 349
138 351
139 210
139 327
139 332
139 343
139 344
139 345
139 346
139 348
139 349
139 350
139 351
140 211
140 327
140 329
140 330
140 331
140 345
140 348
140 439
140 440
140 441
140 442
140 443
140 444
140 445
140 446
140 447
140 448
140 449
141 212
141 213
141 228
141 327
141 345
141 348
141 429
141 430
141 431
141 432
141 433
141 434
141 435
141 436
141 437
141 438
141 449
142 214
142 227
142 229
142 230
142 327
142 345
142 348
142 419
142 420
142 421
142 422
142 423
142 424
142 425
142 426
142 427
142 428
142 441
142 442
142 443
142 444
142 445
142 446
142 447
142 448
142 449
143 214
143 226
143 230
143 231
143 345
143 348
143 408
143 409
143 410
143 411
143 412
143 413
143 414
143 415
143 416
143 417
143 418
143 431
143 432
143 433
143 434
143 435
143 436
143 437
144 215
144 222
144 223
144 224
144 225
144 231
144 232
144 324
144 325
144 326
144 328
144 345
144 348
144 398
144 399
144 400
144 401
144 402
144 403
144 404
144 405
144 406
144 419
144 420
144 421
144 422
144 423
144 424
144 425
144 426
144 427
145 216
145 217
145 218
145 219
145 220
145 221
145 232
145 233
145 234
145 235
145 324
145 326
145 345
145 348
145 389
145 390
145 391
145 392
145 393
145 394
145 395
145 396
145 397
145 409
145 410
145 411
145 412
145 413
145 414
145 415
145 416
145 417
145 418
146 236
146 323
146 327
146 345
146 348
146 379
146 380
146 381
146 382
146 383
146 384
146 385
146 386
146 387
146 388
146 399
146 400
146 401
146 402
146 403
146 404
146 405
146 406
147 236
147 323
147 345
147 348
147 368
147 369
147 370
147 371
147 372
147 373
147 374
147 375
147 376
147 377
147 378
147 389
147 390
147 391
147 392
147 393
147 394
147 395
147 396
147 397
148 237
148 322
148 323
148 345
148 348
148 358
148 359
148 360
148 361
148 362
148 363
148 364
148 365
148 366
148 367
148 379
148 380
148 381
148 382
148 383
148 384
148 385
148 386
148 387
148 388
149 238
149 239
149 321
149 343
149 344
149 345
149 348
149 349
149 350
149 351
149 357
149 369
149 370
149 371
149 372
149 373
149 374
149 375
149 376
149 377
149 378
150 0
150 1
150 2
150 3
150 4
150 239
150 240
150 320
150 327
150 328
150 329
150 330
150 331
150 332
150 333
150 334
150 335
150 336
150 337
150 338
150 339
150 340
150 341
150 345
150 347
150 348
150 351
150 358
150 359
150 360
150 361
150 362
150 363
150 364
150 365
150 366
150 367
151 5
151 6
151 7
151 8
151 9
151 10
151 11
151 12
151 13
151 14
151 15
151 240
151 241
151 311
151 312
151 313
151 314
151 315
151 320
151 322
151 323
151 324
151 325
151 326
151 341
151 343
151 344
151 345
151 348
151 349
151 350
151 351
152 16
152 17
152 18
152 19
152 20
152 21
152 22
152 23
152 24
152 25
152 26
152 27
152 241
152 291
152 292
152 293
152 294
152 295
152 296
152 297
152 298
152 299
152 300
152 301
152 302
152 303
152 304
152 305
152 310
152 316
152 317
152 318
152 319
152 328
152 329
152 330
152 331
152 332
152 333
152 334
152 335
152 336
152 337
152 338
152 339
152 340
152 341
152 345
152 348
153 6
153 7
153 8
153 9
153 10
153 28
153 29
153 30
153 31
153 32
153 33
153 34
153 35
153 36
153 37
153 38
153 39
153 40
153 41
153 42
153 43
153 44
153 45
153 46
153 47
153 241
153 275
153 276
153 277
153 278
153 279
153 280
153 281
153 282
153 283
153 284
153 285
153 286
153 287
153 288
153 305
153 311
153 312
153 313
153 322
153 323
153 324
153 325
153 326
153 345
153 348
154 17
154 18
154 19
154 20
154 21
154 22
154 48
154 49
154 50
154 51
154 52
154 53
154 54
154 55
154 56
154 57
154 58
154 59
154 60
154 61
154 62
154 63
154 64
154 65
154 66
154 67
154 68
154 69
154 70
154 71
154 72
154 73
154 74
154 75
154 76
154 77
154 241
154 248
154 249
154 250
154 251
154 252
154 253
154 254
154 255
154 256
154 257
154 258
154 259
154 260
154 261
154 262
154 263
154 264
154 265
154 266
154 267
154 268
154 269
154 270
154 271
154 272
154 288
154 291
154 292
154 293
154 294
154 295
154 296
154 297
154 298
154 299
154 300
154 301
154 302
154 303
154 307
154 308
154 315
154 345
154 348
155 29
155 30
155 31
155 32
155 33
155 34
155 80
155 81
155 82
155 83
155 84
155 85
155 86
155 87
155 88
155 89
155 90
155 91
155 92
155 93
155 94
155 95
155 96
155 97
155 98
155 99
155 100
155 101
155 102
155 103
155 104
155 105
155 106
155 107
155 108
155 109
155 110
155 111
155 112
155 113
155 114
155 115
155 116
155 117
155 118
155 119
155 120
155 121
155 122
155 123
155 124
155 125
155 126
155 127
155 128
155 129
155 130
155 131
155 132
155 133
155 134
155 135
155 200
155 201
155 202
155 203
155 204
155 205
155 206
155 207
155 208
155 209
155 210
155 211
155 212
155 213
155 214
155 215
155 216
155 217
155 218
155 219
155 220
155 221
155 222
155 223
155 224
155 225
155 226
155 227
155 228
155 229
155 230
155 231
155 232
155 233
155 234
155 235
155 236
155 237
155 238
155 239
155 240
155 242
155 243
155 244
155 245
155 246
155 247
155 272
155 275
155 276
155 277
155 278
155 279
155 280
155 281
155 282
155 283
155 284
155 285
155 286
155 287
155 288
155 305
155 306
155 309
155 310
155 314
155 345
155 348
156 49
156 50
156 51
156 52
156 53
156 54
156 55
156 56
156 72
156 73
156 74
156 75
156 76
156 77
156 136
156 137
156 138
156 139
156 140
156 141
156 142
156 143
156 144
156 145
156 146
156 147
156 148
156 149
156 150
156 151
156 152
156 153
156 154
156 155
156 156
156 157
156 158
156 159
156 160
156 161
156 162
156 163
156 164
156 165
156 166
156 167
156 168
156 169
156 170
156 171
156 172
156 173
156 174
156 175
156 176
156 177
156 178
156 179
156 180
156 181
156 182
156 183
156 184
156 185
156 186
156 187
156 188
156 189
156 190
156 191
156 192
156 193
156 194
156 195
156 196
156 197
156 198
156 199
156 241
156 248
156 249
156 250
156 251
156 252
156 253
156 254
156 255
156 256
156 257
156 258
156 259
156 260
156 261
156 262
156 263
156 264
156 268
156 269
156 270
156 271
156 272
156 303
156 304
156 310
156 311
156 312
156 313
156 314
156 345
156 348
157 59
157 60
157 61
157 62
157 70
157 71
157 78
157 80
157 81
157 82
157 83
157 84
157 85
157 86
157 87
157 88
157 89
157 90
157 91
157 92
157 207
157 208
157 209
157 210
157 211
157 212
157 213
157 214
157 215
157 216
157 217
157 218
157 219
157 220
157 221
157 222
157 223
157 224
157 225
157 226
157 227
157 228
157 229
157 230
157 231
157 232
157 233
157 234
157 235
157 236
157 237
157 238
157 239
157 240
157 241
157 246
157 247
157 266
157 298
157 299
157 300
157 301
157 302
157 303
157 345
157 348
158 58
158 63
158 64
158 65
158 66
158 67
158 68
158 69
158 78
158 137
158 138
158 139
158 140
158 141
158 142
158 143
158 144
158 145
158 146
158 147
158 148
158 149
158 150
158 151
158 152
158 153
158 154
158 155
158 156
158 157
158 158
158 159
158 160
158 161
158 162
158 163
158 164
158 165
158 166
158 167
158 168
158 169
158 170
158 171
158 172
158 173
158 174
158 175
158 176
158 177
158 178
158 179
158 180
158 181
158 182
158 183
158 184
158 185
158 186
158 187
158 188
158 189
158 190
158 191
158 192
158 193
158 194
158 195
158 196
158 197
158 198
158 242
158 243
158 244
158 264
158 265
158 267
158 268
158 269
158 296
158 297
158 345
158 348
159 57
159 78
159 244
159 264
159 270
159 271
159 285
159 286
159 287
159 288
159 289
159 296
159 345
159 348
160 57
160 78
160 244
160 262
160 263
160 272
160 283
160 284
160 290
160 291
160 295
160 345
160 348
161 57
161 78
161 244
161 261
161 272
161 277
161 278
161 279
161 280
161 281
161 282
161 283
161 292
161 293
161 294
161 345
161 348
162 57
162 78
162 244
162 260
162 273
162 274
162 275
162 276
162 345
162 348
163 57
163 78
163 244
163 260
163 345
163 348
164 57
164 78
164 244
164 245
164 260
164 345
164 348
165 57
165 78
165 245
165 246
165 260
165 346
165 348
166 57
166 79
166 246
166 259
166 346
166 348
167 58
167 79
167 246
167 260
167 346
167 348
168 58
168 79
168 246
168 248
168 261
168 262
168 346
168 348
169 58
169 79
169 249
169 253
169 254
169 255
169 256
169 346
169 348
170 58
170 79
170 249
170 252
170 256
170 257
170 258
170 259
170 260
170 346
170 348
171 58
171 79
171 249
171 251
171 346
171 348
172 58
172 79
172 249
172 251
172 346
172 348
172 419
172 420
172 440
173 58
173 79
173 346
173 348
173 418
173 421
173 422
173 423
173 424
173 439
174 58
174 79
174 346
174 348
174 418
174 424
174 439
175 58
175 79
175 346
175 348
175 420
175 422
175 423
175 424
175 439
176 59
176 64
176 65
176 66
176 67
176 72
176 73
176 74
176 75
176 76
176 77
176 78
176 79
176 346
176 348
176 420
176 422
176 438
177 59
177 60
177 61
177 62
177 63
177 68
177 69
177 70
177 71
177 346
177 348
177 420
177 422
177 436
177 437
178 0
178 1
178 2
178 3
178 4
178 5
178 6
178 7
178 8
178 9
178 68
178 333
178 334
178 335
178 336
178 346
178 348
178 420
178 422
178 435
179 10
179 11
179 12
179 68
179 154
179 155
179 236
179 237
179 260
179 261
179 262
179 263
179 332
179 333
179 336
179 337
179 346
179 348
179 420
179 422
179 434
180 13
180 68
180 71
180 148
180 154
180 167
180 168
180 169
180 170
180 171
180 235
180 238
180 259
180 260
180 263
180 264
180 331
180 332
180 337
180 338
180 346
180 348
180 420
180 422
180 434
181 14
181 69
181 71
181 147
181 149
181 153
181 166
181 172
181 234
181 238
181 258
181 259
181 264
181 265
181 330
181 331
181 338
181 339
181 346
181 348
181 420
181 422
181 433
182 15
182 16
182 17
182 18
182 19
182 20
182 146
182 150
182 153
182 165
182 168
182 170
182 172
182 234
182 238
182 257
182 258
182 266
182 329
182 330
182 339
182 346
182 348
182 420
182 422
182 433
183 21
183 22
183 31
183 32
183 33
183 34
183 35
183 36
183 37
183 68
183 69
183 146
183 150
183 153
183 165
183 168
183 170
183 172
183 234
183 238
183 250
183 251
183 252
183 253
183 254
183 255
183 256
183 257
183 266
183 295
183 296
183 297
183 298
183 313
183 314
183 324
183 327
183 328
183 329
183 339
183 346
183 348
183 420
183 422
183 433
184 23
184 24
184 25
184 29
184 30
184 38
184 39
184 58
184 67
184 71
184 146
184 150
184 153
184 165
184 168
184 170
184 172
184 208
184 209
184 210
184 211
184 212
184 213
184 214
184 215
184 216
184 217
184 234
184 237
184 246
184 247
184 248
184 249
184 256
184 266
184 295
184 298
184 299
184 312
184 322
184 323
184 325
184 326
184 327
184 331
184 338
184 339
184 346
184 348
184 420
184 422
184 433
185 26
185 27
185 28
185 40
185 57
185 59
185 60
185 61
185 66
185 69
185 71
185 146
185 150
185 153
185 165
185 168
185 170
185 172
185 205
185 206
185 207
185 218
185 219
185 234
185 237
185 246
185 256
185 265
185 266
185 284
185 295
185 300
185 301
185 313
185 314
185 321
185 322
185 330
185 332
185 337
185 338
185 346
185 348
185 420
185 422
185 433
186 40
186 52
186 53
186 54
186 55
186 56
186 62
186 66
186 69
186 71
186 146
186 147
186 148
186 149
186 150
186 154
186 156
186 157
186 165
186 168
186 170
186 172
186 203
186 204
186 219
186 234
186 237
186 245
186 248
186 256
186 265
186 283
186 285
186 296
186 297
186 301
186 321
186 328
186 329
186 330
186 332
186 337
186 346
186 348
186 420
186 422
186 433
187 41
187 51
187 62
187 66
187 69
187 71
187 119
187 120
187 121
187 122
187 123
187 124
187 125
187 126
187 127
187 128
187 129
187 130
187 147
187 149
187 155
187 158
187 159
187 166
187 167
187 168
187 169
187 170
187 171
187 172
187 203
187 220
187 221
187 222
187 223
187 235
187 236
187 237
187 246
187 247
187 248
187 249
187 250
187 252
187 253
187 256
187 261
187 262
187 263
187 265
187 282
187 285
187 297
187 298
187 300
187 301
187 308
187 322
187 323
187 326
187 327
187 331
187 333
187 334
187 335
187 337
187 346
187 348
187 420
187 422
187 433
188 41
188 50
188 62
188 66
188 69
188 71
188 117
188 118
188 131
188 132
188 147
188 149
188 155
188 159
188 202
188 220
188 224
188 234
188 238
188 251
188 254
188 255
188 256
188 257
188 259
188 260
188 265
188 283
188 284
188 285
188 298
188 299
188 300
188 306
188 307
188 309
188 310
188 323
188 324
188 325
188 326
188 331
188 333
188 335
188 337
188 346
188 348
188 420
188 422
188 433
189 42
189 43
189 44
189 58
189 62
189 67
189 68
189 71
189 73
189 74
189 75
189 116
189 132
189 147
189 149
189 155
189 159
189 168
189 170
189 202
189 219
189 224
189 234
189 236
189 238
189 249
189 251
189 258
189 260
189 263
189 265
189 283
189 285
189 292
189 293
189 294
189 295
189 306
189 310
189 331
189 333
189 335
189 337
189 346
189 348
189 420
189 422
189 433
190 45
190 46
190 47
190 50
190 51
190 52
190 53
190 54
190 57
190 59
190 60
190 61
190 62
190 69
190 76
190 77
190 78
190 115
190 132
190 147
190 149
190 155
190 156
190 157
190 158
190 159
190 168
190 170
190 201
190 224
190 234
190 236
190 238
190 249
190 251
190 254
190 256
190 258
190 260
190 263
190 265
190 283
190 285
190 291
190 296
190 297
190 331
190 333
190 335
190 337
190 346
190 348
190 420
190 422
190 433
191 48
191 49
191 55
191 56
191 57
191 69
191 72
191 79
191 80
191 115
191 132
191 147
191 148
191 149
191 168
191 170
191 201
191 203
191 204
191 205
191 206
191 207
191 208
191 209
191 210
191 211
191 212
191 213
191 214
191 215
191 216
191 217
191 218
191 219
191 220
191 221
191 222
191 223
191 224
191 234
191 236
191 238
191 249
191 251
191 254
191 256
191 258
191 260
191 263
191 265
191 283
191 285
191 290
191 297
191 331
191 333
191 335
191 337
191 346
191 420
191 422
191 433
192 52
192 53
192 54
192 69
192 72
192 81
192 82
192 83
192 84
192 85
192 86
192 87
192 88
192 89
192 90
192 91
192 92
192 93
192 94
192 95
192 96
192 111
192 114
192 131
192 132
192 154
192 156
192 158
192 168
192 170
192 234
192 236
192 238
192 249
192 251
192 254
192 256
192 258
192 260
192 263
192 265
192 283
192 285
192 290
192 297
192 331
192 333
192 335
192 337
192 346
192 420
192 422
192 433
193 48
193 50
193 56
193 57
193 69
193 72
193 97
193 98
193 99
193 100
193 101
193 102
193 103
193 104
193 105
193 106
193 107
193 108
193 109
193 110
193 112
193 115
193 129
193 130
193 154
193 156
193 158
193 168
193 170
193 171
193 234
193 236
193 238
193 249
193 251
193 254
193 256
193 258
193 260
193 263
193 265
193 297
193 331
193 333
193 335
193 337
193 433
194 69
194 72
194 113
194 115
194 126
194 127
194 128
194 154
194 155
194 158
194 168
194 169
194 170
194 214
194 217
194 234
194 236
194 238
194 249
194 251
194 254
194 256
194 258
194 260
194 263
194 265
194 433
195 70
195 72
195 114
195 116
195 117
195 118
195 119
195 120
195 121
195 122
195 123
195 124
195 125
195 156
195 157
195 158
195 171
195 213
195 217
195 234
195 236
195 238
195 433
196 70
196 72
196 213
196 217
196 234
196 236
196 238
196 433
197 70
197 72
197 213
197 217
197 433
198 70
198 72
198 213
198 217
198 433
199 70
199 72
199 213
199 217
199 433
200 70
200 72
200 433
201 70
201 72
201 433
202 70
202 73
203 70
203 73
204 70
204 73
205 70
205 73
206 70
206 73
207 70
207 73
208 71
208 73
209 71
209 73
210 71
210 74
211 71
211 74
212 71
212 74
