55 561
55 562
56 557
56 558
56 559
56 560
56 563
57 556
57 563
58 556
58 561
58 562
59 556
59 557
59 558
59 560
59 561
59 639
60 559
60 561
60 637
60 638
61 559
61 561
61 637
62 559
62 561
62 637
63 561
63 562
63 637
64 560
64 562
64 563
64 637
65 560
65 563
65 564
65 637
66 560
66 637
67 559
67 562
67 635
67 636
68 559
68 634
69 559
69 633
70 559
70 634
71 559
71 634
72 559
72 634
73 559
73 633
73 634
74 559
74 633
75 559
75 629
75 630
75 631
75 632
76 559
76 628
77 559
77 628
78 559
78 561
78 629
79 561
79 630
80 555
80 556
80 557
80 561
80 631
81 555
81 562
81 632
82 554
82 558
82 559
82 562
82 632
82 633
82 634
83 555
83 557
83 562
83 635
83 636
83 637
84 555
84 556
84 557
84 559
84 562
84 638
85 559
85 562
85 638
86 559
86 562
86 636
86 637
87 559
87 562
87 629
87 630
87 631
87 632
87 633
87 634
87 635
88 559
88 562
88 628
89 559
89 562
89 628
90 559
90 562
90 628
90 629
91 560
91 562
91 629
91 630
91 631
91 632
91 633
91 634
92 25
92 560
93 24
93 26
93 560
93 628
93 630
93 631
94 24
94 26
94 418
94 419
94 560
94 628
95 24
95 27
95 360
95 417
95 420
95 421
95 426
95 560
95 628
95 629
96 24
96 27
96 28
96 359
96 361
96 416
96 421
96 422
96 423
96 424
96 425
96 427
96 428
96 560
96 629
96 630
97 24
97 28
97 29
97 30
97 31
97 32
97 33
97 359
97 361
97 416
97 428
97 429
97 433
97 434
97 560
97 563
97 631
98 21
98 22
98 23
98 24
98 34
98 35
98 356
98 357
98 358
98 359
98 360
98 361
98 362
98 363
98 364
98 414
98 415
98 429
98 430
98 431
98 432
98 435
98 436
98 441
98 442
98 560
98 563
98 631
99 19
99 20
99 36
99 353
99 354
99 355
99 365
99 366
99 367
99 368
99 369
99 370
99 371
99 372
99 412
99 413
99 436
99 437
99 438
99 439
99 440
99 443
99 444
99 452
99 453
99 560
99 563
99 631
100 16
100 17
100 18
100 25
100 36
100 353
100 360
100 373
100 374
100 375
100 376
100 404
100 405
100 406
100 407
100 408
100 409
100 410
100 411
100 412
100 444
100 445
100 446
100 447
100 448
100 449
100 450
100 451
100 454
100 455
100 456
100 560
100 563
100 622
100 623
100 631
101 14
101 15
101 20
101 21
101 22
101 26
101 27
101 28
101 29
101 30
101 31
101 32
101 33
101 34
101 35
101 36
101 353
101 354
101 355
101 356
101 357
101 358
101 366
101 367
101 368
101 376
101 378
101 379
101 380
101 402
101 403
101 457
101 458
101 560
101 563
101 620
101 621
101 624
101 625
101 626
101 627
101 628
101 629
101 630
102 12
102 16
102 17
102 374
102 375
102 376
102 381
102 382
102 383
102 401
102 402
102 458
102 459
102 560
102 563
102 619
102 620
103 10
103 15
103 378
103 379
103 380
103 384
103 385
103 386
103 400
103 401
103 459
103 460
103 560
103 563
103 618
103 619
104 8
104 13
104 381
104 382
104 387
104 388
104 389
104 400
104 461
104 560
104 563
104 617
105 6
105 7
105 11
105 384
105 385
105 390
105 391
105 399
105 461
105 560
105 563
105 616
106 4
106 5
106 9
106 10
106 387
106 388
106 392
106 393
106 394
106 395
106 399
106 407
106 461
106 560
106 563
106 616
107 2
107 3
107 7
107 116
107 117
107 118
107 198
107 382
107 383
107 384
107 389
107 397
107 398
107 399
107 406
107 408
107 461
107 560
107 563
107 614
107 615
108 0
108 1
108 8
108 9
108 11
108 12
108 111
108 112
108 113
108 114
108 115
108 119
108 196
108 197
108 199
108 379
108 380
108 381
108 389
108 391
108 393
108 394
108 395
108 402
108 406
108 408
108 461
108 462
108 549
108 550
108 560
108 563
108 613
109 12
109 13
109 110
109 119
109 155
109 196
109 200
109 379
109 381
109 389
109 391
109 397
109 398
109 403
109 406
109 408
109 463
109 464
109 545
109 546
109 547
109 548
109 551
109 560
109 563
109 613
110 14
110 15
110 109
110 119
110 153
110 154
110 156
110 195
110 200
110 379
110 389
110 391
110 398
110 406
110 408
110 464
110 544
110 551
110 558
110 559
110 563
110 613
111 0
111 1
111 15
111 109
111 119
111 153
111 156
111 183
111 184
111 185
111 195
111 200
111 380
111 381
111 389
111 391
111 398
111 399
111 402
111 403
111 406
111 409
111 464
111 543
111 551
111 556
111 557
111 563
111 614
112 16
112 65
112 66
112 67
112 68
112 69
112 70
112 71
112 72
112 109
112 119
112 152
112 157
112 158
112 159
112 160
112 161
112 162
112 163
112 164
112 165
112 166
112 167
112 168
112 169
112 170
112 171
112 172
112 173
112 174
112 175
112 176
112 177
112 178
112 179
112 180
112 181
112 182
112 186
112 195
112 199
112 389
112 391
112 397
112 404
112 406
112 409
112 464
112 543
112 552
112 554
112 555
112 556
112 559
112 560
112 563
112 614
112 615
113 16
113 17
113 64
113 73
113 109
113 115
113 116
113 117
113 118
113 119
113 120
113 121
113 122
113 123
113 124
113 125
113 126
113 127
113 128
113 129
113 130
113 131
113 132
113 133
113 134
113 135
113 136
113 137
113 138
113 139
113 140
113 141
113 142
113 143
113 144
113 145
113 146
113 147
113 148
113 149
113 150
113 151
113 152
113 157
113 186
113 195
113 200
113 389
113 391
113 397
113 406
113 409
113 464
113 544
113 547
113 548
113 558
113 559
113 564
113 615
113 616
114 17
114 18
114 19
114 63
114 73
114 109
114 110
114 111
114 112
114 113
114 114
114 152
114 156
114 185
114 186
114 195
114 200
114 201
114 389
114 391
114 397
114 406
114 409
114 464
114 544
114 545
114 551
114 554
114 555
114 556
114 557
114 558
114 560
114 564
114 617
114 618
115 20
115 21
115 63
115 73
115 108
115 152
115 157
115 158
115 159
115 160
115 161
115 162
115 163
115 164
115 165
115 166
115 167
115 168
115 169
115 170
115 171
115 172
115 182
115 183
115 184
115 188
115 189
115 190
115 191
115 192
115 194
115 201
115 389
115 391
115 397
115 406
115 409
115 462
115 463
115 471
115 472
115 473
115 474
115 475
115 476
115 545
115 547
115 548
115 551
115 560
115 564
115 618
115 619
116 22
116 23
116 34
116 63
116 73
116 115
116 116
116 117
116 118
116 123
116 124
116 125
116 126
116 127
116 128
116 129
116 130
116 131
116 132
116 133
116 134
116 135
116 136
116 137
116 140
116 141
116 142
116 152
116 157
116 178
116 179
116 180
116 181
116 182
116 184
116 185
116 186
116 194
116 201
116 389
116 391
116 397
116 406
116 409
116 462
116 465
116 466
116 467
116 468
116 469
116 470
116 477
116 478
116 545
116 551
116 553
116 561
116 564
116 603
116 619
117 23
117 32
117 33
117 35
117 36
117 37
117 63
117 73
117 108
117 111
117 112
117 113
117 114
117 119
117 120
117 121
117 122
117 123
117 126
117 138
117 139
117 143
117 152
117 156
117 173
117 182
117 184
117 193
117 194
117 202
117 203
117 204
117 389
117 391
117 397
117 406
117 409
117 478
117 544
117 551
117 553
117 561
117 564
117 601
117 602
117 604
117 605
117 619
118 23
118 32
118 63
118 73
118 109
118 110
118 119
118 123
118 124
118 138
118 143
118 152
118 156
118 174
118 175
118 176
118 177
118 178
118 182
118 184
118 191
118 192
118 205
118 206
118 207
118 208
118 389
118 391
118 397
118 406
118 409
118 479
118 544
118 551
118 553
118 561
118 564
118 595
118 596
118 601
118 605
118 619
119 24
119 29
119 32
119 33
119 34
119 35
119 36
119 37
119 56
119 57
119 58
119 59
119 60
119 61
119 62
119 73
119 109
119 121
119 138
119 143
119 152
119 156
119 182
119 191
119 209
119 210
119 211
119 212
119 389
119 391
119 397
119 406
119 409
119 480
119 481
119 545
119 546
119 547
119 548
119 551
119 553
119 561
119 564
119 595
119 600
119 605
119 619
120 24
120 28
120 30
120 49
120 50
120 51
120 52
120 53
120 54
120 55
120 63
120 73
120 109
120 122
120 138
120 144
120 145
120 146
120 153
120 156
120 181
120 188
120 189
120 190
120 201
120 202
120 213
120 247
120 248
120 389
120 391
120 397
120 406
120 409
120 481
120 482
120 548
120 551
120 553
120 561
120 564
120 595
120 597
120 600
120 605
120 608
120 619
121 24
121 27
121 31
121 46
121 47
121 48
121 63
121 73
121 109
121 120
121 122
121 138
121 147
121 153
121 157
121 181
121 187
121 200
121 214
121 236
121 237
121 246
121 249
121 389
121 391
121 397
121 406
121 409
121 482
121 545
121 546
121 547
121 548
121 551
121 553
121 561
121 564
121 581
121 582
121 595
121 597
121 598
121 601
121 605
121 607
121 609
121 610
121 619
121 620
122 24
122 27
122 32
122 42
122 43
122 44
122 45
122 53
122 54
122 73
122 93
122 94
122 95
122 109
122 120
122 122
122 138
122 148
122 153
122 157
122 179
122 180
122 181
122 184
122 185
122 187
122 188
122 189
122 190
122 200
122 214
122 215
122 235
122 238
122 245
122 249
122 389
122 391
122 396
122 406
122 409
122 483
122 545
122 551
122 553
122 561
122 564
122 581
122 583
122 595
122 599
122 610
122 612
122 613
122 614
122 615
122 616
122 620
123 24
123 27
123 32
123 33
123 39
123 40
123 41
123 48
123 49
123 73
123 92
123 93
123 96
123 109
123 120
123 122
123 138
123 148
123 149
123 153
123 157
123 176
123 177
123 178
123 181
123 183
123 186
123 190
123 200
123 215
123 234
123 239
123 245
123 250
123 251
123 389
123 391
123 396
123 406
123 409
123 483
123 545
123 553
123 561
123 564
123 580
123 583
123 584
123 588
123 589
123 590
123 591
123 595
123 610
123 612
123 617
123 618
123 619
123 620
124 24
124 27
124 33
124 34
124 35
124 36
124 37
124 38
124 45
124 46
124 47
124 62
124 73
124 91
124 92
124 96
124 109
124 120
124 122
124 138
124 149
124 153
124 157
124 175
124 181
124 183
124 184
124 186
124 187
124 188
124 189
124 190
124 200
124 215
124 234
124 239
124 245
124 389
124 391
124 396
124 406
124 409
124 483
124 545
124 554
124 561
124 564
124 580
124 584
124 585
124 586
124 587
124 592
124 593
124 594
125 25
125 26
125 27
125 31
125 44
125 62
125 73
125 90
125 91
125 97
125 109
125 120
125 122
125 128
125 129
125 130
125 131
125 132
125 133
125 134
125 135
125 136
125 137
125 138
125 150
125 153
125 157
125 176
125 177
125 181
125 183
125 186
125 200
125 215
125 218
125 219
125 220
125 221
125 222
125 223
125 224
125 225
125 233
125 234
125 239
125 245
125 251
125 389
125 391
125 396
125 406
125 409
125 483
125 546
125 547
125 548
125 554
125 561
125 564
125 573
125 574
125 575
125 576
125 577
125 578
125 579
125 580
126 30
126 42
126 43
126 62
126 73
126 90
126 98
126 99
126 109
126 122
126 123
126 124
126 125
126 126
126 127
126 145
126 146
126 147
126 148
126 152
126 154
126 157
126 181
126 183
126 186
126 198
126 200
126 202
126 203
126 204
126 215
126 216
126 217
126 226
126 227
126 228
126 232
126 240
126 243
126 244
126 245
126 252
126 253
126 287
126 288
126 289
126 290
126 389
126 391
126 396
126 406
126 409
126 483
126 549
126 554
126 561
126 564
126 572
127 32
127 33
127 34
127 36
127 38
127 40
127 41
127 62
127 73
127 89
127 99
127 110
127 121
127 122
127 143
127 144
127 154
127 157
127 181
127 183
127 186
127 197
127 200
127 203
127 205
127 206
127 229
127 230
127 240
127 241
127 242
127 258
127 259
127 260
127 261
127 286
127 291
127 389
127 391
127 397
127 398
127 406
127 409
127 467
127 468
127 469
127 470
127 471
127 482
127 550
127 554
127 561
127 565
127 571
128 21
128 22
128 23
128 29
128 39
128 62
128 73
128 88
128 89
128 100
128 110
128 121
128 143
128 154
128 157
128 181
128 183
128 187
128 196
128 200
128 203
128 207
128 208
128 218
128 221
128 222
128 230
128 232
128 252
128 257
128 262
128 285
128 291
128 389
128 391
128 398
128 406
128 409
128 461
128 462
128 463
128 464
128 465
128 466
128 472
128 482
128 550
128 551
128 552
128 553
128 554
128 561
128 565
128 571
129 18
129 19
129 26
129 33
129 36
129 62
129 73
129 88
129 100
129 101
129 102
129 103
129 110
129 120
129 142
129 154
129 157
129 181
129 183
129 187
129 195
129 200
129 203
129 208
129 209
129 220
129 231
129 233
129 252
129 253
129 256
129 262
129 285
129 291
129 389
129 391
129 397
129 398
129 406
129 409
129 460
129 472
129 481
129 482
129 561
129 565
129 570
129 571
130 13
130 14
130 15
130 16
130 17
130 22
130 23
130 30
130 31
130 35
130 37
130 38
130 39
130 62
130 73
130 86
130 87
130 104
130 110
130 120
130 142
130 154
130 157
130 181
130 183
130 187
130 198
130 200
130 203
130 210
130 211
130 221
130 222
130 225
130 226
130 231
130 233
130 253
130 256
130 262
130 285
130 291
130 332
130 333
130 334
130 335
130 374
130 376
130 377
130 378
130 379
130 380
130 381
130 389
130 391
130 397
130 406
130 409
130 459
130 472
130 481
130 484
130 485
130 486
130 487
130 488
130 561
130 566
130 567
130 568
130 569
131 10
131 11
131 12
131 21
131 28
131 29
131 33
131 40
131 41
131 42
131 43
131 44
131 45
131 53
131 62
131 73
131 84
131 85
131 104
131 105
131 106
131 107
131 108
131 118
131 119
131 120
131 121
131 142
131 154
131 157
131 181
131 183
131 187
131 193
131 197
131 200
131 203
131 205
131 211
131 212
131 227
131 231
131 233
131 251
131 252
131 253
131 256
131 263
131 264
131 265
131 266
131 267
131 268
131 269
131 270
131 271
131 272
131 273
131 274
131 275
131 276
131 277
131 278
131 279
131 280
131 281
131 282
131 283
131 284
131 285
131 292
131 293
131 294
131 295
131 296
131 297
131 298
131 299
131 300
131 301
131 302
131 303
131 304
131 305
131 306
131 307
131 308
131 309
131 310
131 311
131 312
131 313
131 331
131 336
131 368
131 369
131 370
131 371
131 372
131 373
131 375
131 381
131 389
131 391
131 397
131 406
131 409
131 459
131 472
131 480
131 483
131 489
131 490
131 491
131 492
131 493
131 494
131 495
131 502
131 503
131 504
131 559
131 560
132 6
132 7
132 8
132 14
132 15
132 16
132 18
132 20
132 26
132 31
132 46
132 47
132 52
132 54
132 62
132 73
132 84
132 109
132 110
132 111
132 112
132 121
132 143
132 154
132 157
132 181
132 183
132 187
132 191
132 200
132 203
132 205
132 206
132 213
132 214
132 224
132 225
132 228
132 229
132 233
132 250
132 255
132 262
132 285
132 291
132 314
132 315
132 316
132 317
132 318
132 319
132 320
132 321
132 322
132 330
132 336
132 367
132 373
132 375
132 376
132 377
132 378
132 379
132 380
132 381
132 389
132 391
132 398
132 407
132 410
132 459
132 472
132 481
132 482
132 483
132 496
132 497
132 501
132 505
132 506
132 507
132 508
132 509
132 556
132 557
132 558
132 562
132 565
133 3
133 4
133 5
133 11
133 12
133 18
133 20
133 24
133 29
133 47
133 48
133 49
133 50
133 51
133 52
133 54
133 66
133 67
133 68
133 69
133 70
133 71
133 72
133 73
133 83
133 113
133 114
133 115
133 116
133 117
133 121
133 143
133 154
133 159
133 170
133 171
133 181
133 183
133 187
133 190
133 200
133 203
133 207
133 208
133 214
133 215
133 216
133 231
133 251
133 252
133 253
133 256
133 263
133 264
133 265
133 266
133 267
133 268
133 269
133 270
133 271
133 272
133 273
133 274
133 275
133 276
133 277
133 278
133 279
133 280
133 281
133 282
133 283
133 284
133 285
133 292
133 293
133 294
133 295
133 296
133 297
133 298
133 299
133 300
133 301
133 302
133 303
133 304
133 305
133 306
133 307
133 308
133 323
133 324
133 325
133 326
133 327
133 328
133 336
133 368
133 369
133 370
133 371
133 372
133 373
133 375
133 389
133 393
133 398
133 407
133 410
133 459
133 472
133 497
133 500
133 509
133 554
133 555
133 562
133 565
134 0
134 1
134 7
134 8
134 18
134 22
134 27
134 42
134 44
134 53
134 54
134 60
134 61
134 62
134 83
134 118
134 119
134 120
134 121
134 143
134 154
134 158
134 160
134 161
134 168
134 169
134 172
134 173
134 174
134 175
134 176
134 181
134 183
134 187
134 193
134 200
134 203
134 209
134 210
134 213
134 217
134 218
134 228
134 229
134 256
134 262
134 285
134 291
134 314
134 315
134 329
134 330
134 336
134 373
134 375
134 389
134 390
134 391
134 392
134 394
134 399
134 407
134 410
134 459
134 472
134 497
134 498
134 499
134 500
134 509
134 552
134 553
134 556
134 557
134 559
134 560
134 562
134 565
135 4
135 17
135 25
135 42
135 44
135 55
135 56
135 57
135 58
135 59
135 63
135 64
135 65
135 66
135 67
135 68
135 69
135 70
135 71
135 72
135 73
135 74
135 75
135 76
135 77
135 83
135 143
135 154
135 157
135 162
135 163
135 164
135 165
135 166
135 167
135 168
135 177
135 178
135 179
135 183
135 186
135 187
135 192
135 200
135 203
135 213
135 214
135 215
135 218
135 220
135 221
135 234
135 235
135 252
135 253
135 254
135 255
135 262
135 285
135 291
135 320
135 321
135 322
135 323
135 330
135 338
135 339
135 340
135 373
135 375
135 387
135 388
135 395
135 396
135 407
135 410
135 459
135 472
135 509
135 549
135 550
135 551
135 552
135 557
135 561
135 565
136 23
136 42
136 44
136 52
136 78
136 79
136 80
136 83
136 121
136 123
136 143
136 154
136 157
136 180
136 183
136 184
136 185
136 186
136 191
136 200
136 203
136 216
136 219
136 232
136 233
136 236
136 237
136 251
136 262
136 285
136 291
136 313
136 327
136 328
136 329
136 330
136 337
136 341
136 342
136 343
136 344
136 373
136 375
136 385
136 386
136 397
136 400
136 407
136 410
136 459
136 472
136 509
136 548
136 557
136 561
136 565
137 2
137 3
137 4
137 5
137 6
137 7
137 8
137 9
137 10
137 11
137 12
137 13
137 15
137 21
137 42
137 44
137 52
137 81
137 82
137 83
137 121
137 123
137 143
137 154
137 157
137 180
137 183
137 190
137 200
137 203
137 217
137 222
137 223
137 224
137 225
137 234
137 235
137 252
137 253
137 254
137 256
137 262
137 285
137 291
137 304
137 305
137 306
137 312
137 314
137 315
137 337
137 345
137 346
137 347
137 348
137 349
137 350
137 351
137 373
137 384
137 398
137 407
137 410
137 459
137 472
137 509
137 547
137 557
137 561
137 565
138 1
138 18
138 42
138 44
138 52
138 121
138 123
138 143
138 154
138 157
138 179
138 180
138 183
138 189
138 200
138 203
138 218
138 219
138 220
138 225
138 228
138 229
138 230
138 231
138 232
138 233
138 237
138 240
138 241
138 256
138 262
138 285
138 291
138 304
138 307
138 311
138 315
138 330
138 338
138 341
138 342
138 352
138 353
138 354
138 355
138 356
138 370
138 371
138 372
138 373
138 383
138 400
138 407
138 410
138 459
138 472
138 509
138 547
138 557
138 561
138 565
138 635
139 0
139 11
139 12
139 13
139 16
139 17
139 19
139 42
139 44
139 52
139 121
139 123
139 143
139 154
139 157
139 177
139 178
139 180
139 182
139 183
139 188
139 200
139 203
139 221
139 222
139 223
139 224
139 225
139 235
139 239
139 256
139 258
139 261
139 262
139 286
139 287
139 288
139 289
139 290
139 291
139 303
139 307
139 308
139 311
139 315
139 330
139 337
139 346
139 347
139 357
139 358
139 359
139 360
139 368
139 369
139 375
139 376
139 377
139 378
139 379
139 382
139 383
139 407
139 410
139 459
139 472
139 509
139 545
139 546
139 557
139 561
139 566
139 634
139 636
140 0
140 9
140 10
140 14
140 15
140 19
140 42
140 44
140 52
140 121
140 123
140 140
140 143
140 154
140 157
140 175
140 176
140 180
140 183
140 187
140 200
140 203
140 228
140 229
140 230
140 231
140 232
140 233
140 234
140 235
140 239
140 256
140 257
140 259
140 303
140 308
140 311
140 316
140 317
140 330
140 337
140 350
140 351
140 352
140 361
140 362
140 363
140 364
140 365
140 367
140 368
140 380
140 381
140 382
140 407
140 410
140 459
140 472
140 509
140 543
140 544
140 547
140 557
140 561
140 566
140 627
140 628
140 629
140 630
140 631
140 632
140 633
140 637
141 0
141 7
141 8
141 12
141 13
141 20
141 42
141 44
141 52
141 121
141 123
141 139
141 141
141 143
141 154
141 157
141 173
141 174
141 178
141 180
141 183
141 200
141 203
141 239
141 259
141 302
141 308
141 310
141 317
141 318
141 330
141 337
141 352
141 355
141 366
141 370
141 407
141 410
141 459
141 472
141 510
141 511
141 542
141 543
141 547
141 557
141 562
141 566
141 611
141 612
141 613
141 614
141 615
141 616
141 617
141 618
141 619
141 620
141 621
141 622
141 623
141 624
141 625
141 626
141 638
141 639
142 0
142 5
142 6
142 10
142 11
142 20
142 42
142 44
142 52
142 121
142 123
142 139
142 141
142 143
142 154
142 157
142 167
142 171
142 172
142 176
142 180
142 183
142 200
142 203
142 239
142 258
142 259
142 301
142 308
142 310
142 319
142 330
142 337
142 349
142 351
142 352
142 359
142 371
142 372
142 373
142 374
142 407
142 410
142 459
142 472
142 511
142 536
142 537
142 538
142 539
142 540
142 541
142 542
142 547
142 557
142 562
142 566
142 594
142 595
142 596
142 597
142 598
142 599
142 600
142 601
142 602
142 603
142 604
142 605
142 606
142 607
142 608
142 609
142 610
143 1
143 2
143 3
143 4
143 8
143 9
143 10
143 21
143 42
143 44
143 52
143 121
143 123
143 139
143 141
143 143
143 154
143 157
143 166
143 168
143 169
143 170
143 174
143 180
143 183
143 200
143 203
143 239
143 258
143 301
143 320
143 331
143 332
143 333
143 334
143 335
143 336
143 337
143 348
143 363
143 364
143 365
143 375
143 376
143 377
143 378
143 379
143 380
143 381
143 407
143 410
143 459
143 472
143 512
143 530
143 531
143 532
143 533
143 534
143 535
143 547
143 557
143 562
143 566
143 585
143 586
143 587
143 588
143 589
143 590
143 591
143 592
143 593
144 11
144 12
144 13
144 14
144 15
144 16
144 18
144 19
144 21
144 22
144 42
144 44
144 52
144 121
144 123
144 139
144 141
144 143
144 154
144 158
144 166
144 168
144 172
144 180
144 183
144 200
144 203
144 239
144 258
144 298
144 299
144 300
144 320
144 321
144 348
144 369
144 370
144 371
144 382
144 383
144 384
144 385
144 386
144 407
144 410
144 459
144 472
144 512
144 515
144 516
144 517
144 528
144 529
144 547
144 557
144 562
144 566
144 584
145 4
145 7
145 8
145 9
145 10
145 16
145 22
145 42
145 44
145 52
145 121
145 123
145 139
145 141
145 143
145 154
145 158
145 166
145 168
145 170
145 180
145 183
145 200
145 203
145 239
145 258
145 259
145 298
145 321
145 348
145 373
145 374
145 375
145 387
145 388
145 389
145 390
145 407
145 410
145 459
145 472
145 513
145 514
145 515
145 517
145 518
145 528
145 548
145 557
145 562
145 566
145 583
146 2
146 4
146 5
146 6
146 16
146 22
146 42
146 52
146 121
146 123
146 139
146 141
146 143
146 154
146 158
146 166
146 168
146 180
146 183
146 200
146 203
146 239
146 260
146 261
146 264
146 267
146 268
146 269
146 270
146 298
146 321
146 348
146 377
146 378
146 379
146 380
146 381
146 391
146 392
146 393
146 394
146 395
146 407
146 410
146 459
146 472
146 518
146 524
146 525
146 526
146 527
146 548
146 557
146 562
146 566
146 583
147 11
147 16
147 22
147 42
147 52
147 121
147 123
147 139
147 141
147 143
147 158
147 166
147 180
147 183
147 200
147 203
147 239
147 261
147 262
147 264
147 266
147 270
147 299
147 321
147 347
147 382
147 383
147 384
147 385
147 396
147 397
147 398
147 399
147 400
147 407
147 410
147 459
147 472
147 519
147 520
147 521
147 522
147 523
147 548
147 557
147 562
147 566
147 583
148 0
148 1
148 2
148 3
148 7
148 8
148 14
148 16
148 22
148 25
148 26
148 27
148 28
148 42
148 52
148 121
148 123
148 139
148 141
148 144
148 145
148 146
148 147
148 148
148 149
148 150
148 151
148 152
148 153
148 154
148 158
148 166
148 180
148 183
148 200
148 203
148 239
148 263
148 264
148 266
148 267
148 268
148 269
148 270
148 300
148 301
148 321
148 347
148 386
148 387
148 388
148 389
148 390
148 401
148 402
148 403
148 404
148 407
148 410
148 459
148 472
148 478
148 479
148 480
148 481
148 482
148 483
148 484
148 485
148 486
148 487
148 488
148 489
148 490
148 491
148 492
148 493
148 494
148 495
148 496
148 497
148 498
148 499
148 500
148 501
148 502
148 503
148 504
148 505
148 506
148 507
148 508
148 509
148 510
148 511
148 512
148 513
148 514
148 548
148 557
148 562
148 566
148 582
149 5
149 6
149 12
149 16
149 23
149 29
149 30
149 31
149 32
149 33
149 34
149 42
149 52
149 121
149 123
149 139
149 141
149 158
149 166
149 180
149 183
149 200
149 203
149 239
149 264
149 265
149 301
149 321
149 340
149 341
149 342
149 346
149 347
149 391
149 392
149 393
149 394
149 395
149 405
149 407
149 410
149 455
149 456
149 457
149 458
149 459
149 473
149 474
149 475
149 476
149 477
149 515
149 516
149 548
149 557
149 562
149 566
149 582
150 9
150 16
150 22
150 25
150 26
150 35
150 36
150 37
150 38
150 39
150 42
150 52
150 121
150 123
150 139
150 153
150 158
150 166
150 180
150 183
150 200
150 203
150 239
150 265
150 300
150 301
150 322
150 333
150 334
150 335
150 336
150 343
150 344
150 345
150 346
150 396
150 397
150 398
150 399
150 407
150 410
150 453
150 454
150 517
150 518
150 519
150 520
150 548
150 557
150 562
150 566
150 582
150 585
150 586
150 587
151 12
151 13
151 16
151 22
151 30
151 31
151 40
151 43
151 44
151 52
151 55
151 121
151 123
151 139
151 153
151 158
151 166
151 180
151 183
151 200
151 203
151 239
151 263
151 264
151 265
151 299
151 300
151 323
151 324
151 325
151 326
151 327
151 328
151 329
151 332
151 337
151 338
151 355
151 356
151 357
151 358
151 400
151 401
151 402
151 403
151 404
151 407
151 410
151 453
151 459
151 472
151 521
151 522
151 523
151 524
151 549
151 550
151 558
151 559
151 562
151 567
151 582
151 585
151 587
151 593
151 594
151 595
152 16
152 22
152 31
152 33
152 35
152 36
152 47
152 48
152 52
152 55
152 114
152 115
152 116
152 121
152 123
152 139
152 153
152 158
152 166
152 176
152 177
152 180
152 183
152 188
152 200
152 203
152 239
152 263
152 266
152 278
152 279
152 280
152 299
152 318
152 319
152 320
152 324
152 329
152 333
152 334
152 335
152 336
152 338
152 339
152 340
152 341
152 342
152 347
152 348
152 349
152 350
152 351
152 352
152 358
152 405
152 407
152 411
152 452
152 459
152 472
152 525
152 551
152 552
152 557
152 562
152 567
152 582
152 583
152 585
152 593
152 595
153 16
153 22
153 25
153 26
153 27
153 31
153 33
153 39
153 40
153 49
153 50
153 51
153 52
153 55
153 113
153 117
153 118
153 119
153 121
153 123
153 139
153 153
153 158
153 166
153 175
153 180
153 183
153 187
153 189
153 200
153 203
153 239
153 263
153 264
153 265
153 266
153 278
153 280
153 281
153 282
153 283
153 298
153 305
153 306
153 307
153 308
153 309
153 310
153 311
153 312
153 313
153 317
153 322
153 325
153 326
153 327
153 328
153 329
153 336
153 344
153 345
153 352
153 355
153 356
153 357
153 358
153 407
153 411
153 452
153 459
153 466
153 467
153 470
153 471
153 472
153 525
153 552
153 557
153 559
153 562
153 567
153 583
153 584
153 588
153 592
153 595
154 16
154 22
154 28
154 29
154 30
154 31
154 33
154 43
154 44
154 53
154 55
154 113
154 121
154 123
154 139
154 153
154 158
154 166
154 175
154 180
154 183
154 187
154 189
154 201
154 203
154 239
154 267
154 268
154 280
154 283
154 295
154 296
154 297
154 298
154 301
154 302
154 313
154 318
154 319
154 320
154 321
154 322
154 325
154 332
154 333
154 334
154 335
154 336
154 345
154 347
154 348
154 349
154 350
154 351
154 352
154 407
154 411
154 451
154 460
154 461
154 462
154 464
154 465
154 469
154 525
154 553
154 554
154 555
154 556
154 557
154 562
154 567
154 584
154 588
154 592
154 595
154 597
154 598
154 601
154 602
155 16
155 22
155 24
155 25
155 33
155 34
155 42
155 45
155 53
155 55
155 113
155 114
155 115
155 116
155 121
155 123
155 133
155 139
155 153
155 158
155 167
155 175
155 180
155 182
155 183
155 187
155 189
155 201
155 239
155 244
155 245
155 246
155 247
155 248
155 249
155 250
155 251
155 252
155 253
155 254
155 255
155 256
155 257
155 258
155 259
155 260
155 261
155 262
155 263
155 264
155 268
155 269
155 270
155 271
155 272
155 273
155 274
155 275
155 276
155 277
155 278
155 279
155 280
155 281
155 282
155 283
155 284
155 285
155 286
155 287
155 294
155 299
155 302
155 305
155 306
155 307
155 308
155 309
155 310
155 311
155 312
155 313
155 323
155 325
155 326
155 331
155 336
155 340
155 341
155 342
155 343
155 344
155 345
155 407
155 411
155 412
155 413
155 450
155 451
155 464
155 468
155 525
155 562
155 567
155 588
155 590
155 595
155 598
155 601
155 604
155 605
155 606
156 16
156 21
156 28
156 29
156 35
156 36
156 37
156 42
156 46
156 53
156 117
156 118
156 120
156 123
156 132
156 134
156 135
156 136
156 137
156 138
156 139
156 153
156 158
156 167
156 169
156 175
156 182
156 187
156 189
156 201
156 239
156 264
156 266
156 274
156 277
156 280
156 287
156 295
156 296
156 297
156 301
156 302
156 314
156 315
156 316
156 317
156 318
156 319
156 320
156 327
156 328
156 329
156 332
156 335
156 338
156 409
156 410
156 414
156 448
156 449
156 464
156 468
156 525
156 562
156 567
156 599
156 600
156 604
156 606
156 608
157 17
157 18
157 19
157 20
157 21
157 31
157 32
157 38
157 39
157 40
157 42
157 45
157 47
157 48
157 49
157 50
157 51
157 52
157 53
157 54
157 55
157 56
157 120
157 123
157 131
157 139
157 141
157 153
157 158
157 167
157 169
157 175
157 182
157 187
157 189
157 201
157 239
157 244
157 245
157 246
157 247
157 248
157 249
157 250
157 251
157 252
157 253
157 254
157 255
157 256
157 257
157 258
157 259
157 260
157 261
157 262
157 264
157 266
157 267
157 272
157 276
157 277
157 280
157 281
157 282
157 283
157 284
157 285
157 286
157 287
157 299
157 303
157 304
157 305
157 306
157 307
157 308
157 311
157 320
157 323
157 324
157 330
157 334
157 335
157 359
157 408
157 409
157 414
157 447
157 465
157 468
157 519
157 520
157 521
157 522
157 523
157 524
157 525
157 562
157 567
157 602
157 604
157 608
158 34
158 35
158 44
158 57
158 120
158 123
158 132
158 133
158 134
158 139
158 141
158 146
158 147
158 148
158 149
158 150
158 151
158 153
158 158
158 167
158 169
158 176
158 182
158 187
158 189
158 201
158 230
158 231
158 232
158 233
158 234
158 235
158 236
158 237
158 238
158 240
158 241
158 243
158 264
158 266
158 272
158 273
158 277
158 278
158 280
158 288
158 289
158 290
158 291
158 292
158 293
158 298
158 309
158 312
158 313
158 314
158 315
158 316
158 317
158 318
158 319
158 320
158 330
158 333
158 358
158 360
158 408
158 414
158 446
158 465
158 469
158 470
158 471
158 472
158 477
158 478
158 479
158 480
158 481
158 482
158 483
158 484
158 485
158 486
158 487
158 488
158 489
158 512
158 513
158 514
158 515
158 516
158 517
158 518
158 562
158 567
158 602
158 603
158 604
158 608
159 37
159 38
159 44
159 57
159 93
159 94
159 120
159 123
159 139
159 146
159 153
159 158
159 167
159 169
159 176
159 178
159 182
159 187
159 189
159 201
159 229
159 239
159 246
159 255
159 256
159 257
159 258
159 259
159 260
159 261
159 262
159 264
159 267
159 268
159 269
159 279
159 293
159 298
159 300
159 301
159 302
159 303
159 304
159 305
159 306
159 307
159 308
159 310
159 331
159 333
159 357
159 361
159 408
159 414
159 446
159 465
159 469
159 473
159 474
159 475
159 476
159 490
159 491
159 494
159 495
159 496
159 497
159 498
159 499
159 500
159 501
159 502
159 503
159 504
159 505
159 506
159 507
159 508
159 509
159 510
159 511
159 556
159 557
159 558
159 559
159 567
159 608
159 613
160 39
160 40
160 41
160 44
160 57
160 93
160 95
160 120
160 123
160 139
160 146
160 147
160 153
160 158
160 167
160 169
160 176
160 178
160 182
160 187
160 189
160 201
160 230
160 231
160 232
160 233
160 234
160 235
160 236
160 237
160 238
160 240
160 241
160 243
160 244
160 245
160 246
160 254
160 263
160 269
160 279
160 280
160 281
160 282
160 283
160 284
160 285
160 286
160 287
160 288
160 289
160 293
160 297
160 298
160 308
160 310
160 319
160 331
160 356
160 362
160 408
160 414
160 446
160 465
160 468
160 474
160 492
160 493
160 536
160 537
160 538
160 539
160 540
160 541
160 542
160 543
160 544
160 545
160 546
160 547
160 548
160 549
160 550
160 551
160 552
160 553
160 554
160 555
160 560
160 567
160 608
160 611
160 612
160 614
161 44
161 56
161 93
161 95
161 120
161 123
161 139
161 149
161 150
161 151
161 152
161 153
161 158
161 167
161 169
161 176
161 178
161 182
161 187
161 189
161 201
161 207
161 213
161 239
161 255
161 256
161 257
161 258
161 259
161 260
161 261
161 262
161 264
161 265
161 267
161 268
161 269
161 277
161 278
161 279
161 290
161 291
161 292
161 297
161 308
161 310
161 318
161 320
161 331
161 334
161 355
161 362
161 408
161 414
161 447
161 448
161 449
161 450
161 451
161 452
161 453
161 454
161 455
161 456
161 457
161 458
161 459
161 460
161 461
161 462
161 463
161 464
161 465
161 468
161 473
161 492
161 511
161 512
161 513
161 514
161 515
161 516
161 517
161 518
161 519
161 520
161 521
161 522
161 523
161 524
161 525
161 526
161 527
161 528
161 529
161 530
161 531
161 532
161 533
161 534
161 535
161 560
161 567
161 609
161 610
161 611
161 614
162 43
162 45
162 46
162 47
162 48
162 53
162 54
162 55
162 56
162 93
162 95
162 120
162 123
162 139
162 153
162 158
162 167
162 169
162 176
162 178
162 182
162 187
162 189
162 201
162 206
162 208
162 209
162 212
162 214
162 215
162 216
162 239
162 263
162 277
162 280
162 290
162 292
162 293
162 297
162 308
162 310
162 318
162 320
162 331
162 334
162 355
162 362
162 408
162 409
162 414
162 468
162 474
162 492
162 507
162 508
162 509
162 510
162 560
162 568
162 614
163 3
163 4
163 5
163 24
163 42
163 49
163 50
163 51
163 52
163 55
163 93
163 120
163 123
163 139
163 153
163 158
163 167
163 169
163 171
163 172
163 173
163 174
163 176
163 178
163 183
163 184
163 187
163 189
163 201
163 217
163 218
163 219
163 239
163 263
163 265
163 277
163 278
163 281
163 282
163 283
163 290
163 293
163 296
163 297
163 308
163 310
163 318
163 320
163 331
163 333
163 334
163 355
163 363
163 409
163 414
163 465
163 468
163 474
163 492
163 506
163 559
163 562
163 568
163 614
164 1
164 2
164 6
164 23
164 25
164 26
164 27
164 28
164 33
164 34
164 35
164 36
164 37
164 42
164 53
164 55
164 94
164 96
164 120
164 123
164 139
164 153
164 158
164 167
164 169
164 176
164 178
164 183
164 185
164 187
164 189
164 201
164 206
164 209
164 211
164 212
164 215
164 216
164 220
164 221
164 239
164 263
164 265
164 278
164 293
164 295
164 308
164 310
164 318
164 331
164 333
164 355
164 363
164 409
164 414
164 465
164 468
164 474
164 492
164 505
164 559
164 562
164 568
164 614
165 1
165 6
165 23
165 29
165 30
165 31
165 32
165 38
165 42
165 45
165 53
165 94
165 96
165 101
165 102
165 103
165 104
165 105
165 106
165 107
165 120
165 139
165 153
165 158
165 167
165 169
165 176
165 178
165 183
165 187
165 189
165 193
165 194
165 195
165 196
165 198
165 201
165 205
165 217
165 218
165 219
165 239
165 247
165 248
165 263
165 265
165 273
165 274
165 275
165 276
165 277
165 279
165 281
165 282
165 283
165 284
165 285
165 287
165 288
165 289
165 290
165 308
165 310
165 317
165 354
165 363
165 409
165 414
165 465
165 468
165 474
165 492
165 505
165 559
165 562
165 568
165 613
166 4
166 5
166 6
166 23
166 24
166 25
166 29
166 38
166 42
166 45
166 53
166 87
166 88
166 89
166 90
166 91
166 92
166 93
166 94
166 97
166 98
166 99
166 100
166 108
166 109
166 110
166 111
166 112
166 113
166 114
166 115
166 116
166 117
166 118
166 119
166 120
166 121
166 122
166 123
166 124
166 125
166 126
166 127
166 128
166 129
166 130
166 131
166 132
166 133
166 134
166 135
166 136
166 153
166 158
166 167
166 169
166 172
166 173
166 174
166 176
166 178
166 183
166 185
166 187
166 189
166 193
166 197
166 199
166 201
166 206
166 207
166 212
166 213
166 220
166 221
166 239
166 246
166 263
166 265
166 273
166 278
166 280
166 291
166 308
166 310
166 318
166 319
166 354
166 363
166 389
166 390
166 409
166 414
166 465
166 468
166 473
166 474
166 492
166 505
166 559
166 563
166 568
166 613
167 29
167 34
167 35
167 36
167 37
167 38
167 42
167 45
167 53
167 56
167 72
167 73
167 74
167 75
167 76
167 77
167 78
167 79
167 80
167 81
167 82
167 83
167 84
167 85
167 86
167 137
167 138
167 139
167 140
167 141
167 142
167 143
167 144
167 145
167 146
167 147
167 148
167 149
167 150
167 151
167 167
167 169
167 176
167 178
167 182
167 187
167 189
167 196
167 197
167 199
167 201
167 206
167 208
167 209
167 212
167 240
167 241
167 246
167 263
167 265
167 273
167 278
167 280
167 292
167 293
167 295
167 308
167 310
167 354
167 363
167 388
167 409
167 414
167 465
167 469
167 470
167 471
167 472
167 473
167 492
167 505
167 559
167 563
167 564
167 565
167 568
167 613
168 29
168 42
168 45
168 53
168 56
168 63
168 64
168 65
168 66
168 67
168 68
168 69
168 70
168 71
168 152
168 153
168 154
168 155
168 156
168 157
168 158
168 159
168 167
168 176
168 178
168 182
168 187
168 189
168 197
168 199
168 201
168 206
168 210
168 211
168 212
168 247
168 263
168 265
168 273
168 278
168 280
168 296
168 308
168 310
168 354
168 363
168 388
168 403
168 404
168 405
168 409
168 410
168 413
168 414
168 465
168 469
168 492
168 505
168 560
168 563
168 566
168 567
168 568
168 612
169 29
169 42
169 45
169 49
169 50
169 51
169 52
169 56
169 61
169 62
169 159
169 160
169 167
169 176
169 178
169 182
169 187
169 189
169 197
169 199
169 201
169 206
169 247
169 249
169 263
169 265
169 273
169 274
169 278
169 280
169 281
169 282
169 283
169 284
169 285
169 293
169 296
169 308
169 309
169 310
169 354
169 364
169 388
169 402
169 403
169 406
169 407
169 409
169 411
169 412
169 447
169 448
169 449
169 465
169 468
169 493
169 505
169 560
169 563
169 564
169 613
170 29
170 43
170 45
170 48
170 56
170 60
170 61
170 161
170 162
170 167
170 176
170 178
170 182
170 187
170 189
170 197
170 199
170 201
170 206
170 247
170 249
170 263
170 264
170 265
170 278
170 279
170 286
170 287
170 288
170 289
170 290
170 291
170 292
170 296
170 353
170 364
170 388
170 401
170 408
170 411
170 445
170 446
170 449
170 465
170 468
170 493
170 505
170 560
170 563
170 568
170 613
170 614
171 29
171 43
171 47
171 53
171 56
171 59
171 60
171 162
171 163
171 167
171 176
171 178
171 182
171 187
171 189
171 197
171 199
171 201
171 206
171 247
171 249
171 274
171 278
171 296
171 353
171 364
171 373
171 374
171 388
171 401
171 403
171 408
171 413
171 414
171 415
171 416
171 445
171 449
171 465
171 468
171 493
171 505
171 560
171 568
171 614
171 615
171 622
171 624
172 29
172 43
172 53
172 58
172 59
172 163
172 164
172 167
172 176
172 179
172 182
172 187
172 189
172 197
172 199
172 201
172 206
172 247
172 249
172 274
172 275
172 276
172 277
172 280
172 294
172 296
172 353
172 364
172 372
172 374
172 383
172 384
172 385
172 386
172 404
172 405
172 406
172 407
172 408
172 411
172 412
172 417
172 445
172 449
172 465
172 468
172 493
172 506
172 560
172 567
172 568
172 615
172 616
172 620
172 621
172 627
173 29
173 31
173 33
173 34
173 43
173 47
173 48
173 49
173 50
173 51
173 52
173 53
173 54
173 55
173 56
173 57
173 164
173 165
173 166
173 176
173 179
173 182
173 187
173 189
173 192
173 193
173 197
173 199
173 201
173 206
173 247
173 249
173 280
173 294
173 296
173 353
173 364
173 372
173 374
173 382
173 383
173 386
173 387
173 397
173 398
173 408
173 411
173 417
173 445
173 449
173 465
173 468
173 493
173 506
173 560
173 563
173 564
173 617
173 618
173 619
173 620
173 624
173 625
173 626
173 628
173 629
174 27
174 28
174 30
174 32
174 35
174 36
174 43
174 44
174 45
174 46
174 167
174 168
174 169
174 176
174 179
174 182
174 187
174 189
174 191
174 197
174 199
174 201
174 206
174 247
174 249
174 278
174 280
174 294
174 296
174 352
174 364
174 372
174 374
174 381
174 382
174 388
174 389
174 396
174 399
174 408
174 410
174 417
174 445
174 449
174 465
174 468
174 493
174 506
174 560
174 563
174 565
174 629
174 631
174 632
174 633
174 634
174 635
174 636
174 637
174 638
174 639
175 23
175 24
175 25
175 26
175 27
175 30
175 32
175 36
175 42
175 43
175 169
175 170
175 171
175 172
175 176
175 179
175 182
175 187
175 189
175 191
175 197
175 199
175 201
175 206
175 247
175 249
175 278
175 279
175 280
175 294
175 296
175 352
175 364
175 372
175 374
175 381
175 389
175 395
175 399
175 408
175 410
175 417
175 445
175 446
175 447
175 448
175 449
175 465
175 468
175 493
175 504
175 505
175 560
175 563
175 564
175 565
175 628
175 629
176 22
176 30
176 32
176 36
176 40
176 41
176 173
176 174
176 179
176 182
176 187
176 189
176 191
176 197
176 199
176 201
176 206
176 247
176 249
176 290
176 291
176 295
176 296
176 339
176 340
176 341
176 342
176 343
176 344
176 345
176 346
176 347
176 348
176 349
176 350
176 351
176 352
176 353
176 354
176 355
176 356
176 357
176 358
176 359
176 360
176 361
176 362
176 364
176 372
176 374
176 381
176 388
176 389
176 395
176 399
176 408
176 411
176 417
176 450
176 465
176 468
176 493
176 502
176 503
176 560
176 628
177 21
177 30
177 36
177 40
177 175
177 176
177 179
177 182
177 187
177 189
177 197
177 199
177 205
177 247
177 249
177 289
177 292
177 337
177 338
177 363
177 364
177 372
177 374
177 381
177 382
177 387
177 388
177 395
177 399
177 408
177 411
177 412
177 414
177 415
177 416
177 417
177 445
177 450
177 465
177 468
177 493
177 501
177 502
177 506
177 560
177 628
177 629
177 630
178 21
178 29
178 30
178 33
178 36
178 39
178 176
178 177
178 182
178 187
178 189
178 194
178 197
178 205
178 247
178 249
178 289
178 292
178 336
178 365
178 372
178 375
178 382
178 383
178 386
178 387
178 395
178 396
178 398
178 399
178 408
178 413
178 445
178 450
178 465
178 468
178 485
178 486
178 487
178 488
178 489
178 490
178 491
178 493
178 499
178 500
178 506
178 560
178 631
179 0
179 1
179 2
179 3
179 4
179 20
179 28
179 30
179 33
179 34
179 37
179 38
179 39
179 177
179 178
179 187
179 194
179 197
179 205
179 247
179 249
179 289
179 290
179 291
179 292
179 298
179 299
179 300
179 301
179 302
179 303
179 304
179 305
179 335
179 365
179 372
179 375
179 383
179 384
179 385
179 386
179 395
179 397
179 408
179 412
179 445
179 450
179 465
179 469
179 470
179 471
179 472
179 473
179 474
179 475
179 476
179 483
179 484
179 493
179 497
179 498
179 506
179 560
179 631
180 5
180 6
180 7
180 8
180 20
180 27
180 30
180 34
180 179
180 180
180 187
180 194
180 197
180 205
180 247
180 249
180 298
180 306
180 335
180 366
180 372
180 375
180 388
180 395
180 397
180 408
180 412
180 444
180 449
180 463
180 464
180 477
180 482
180 493
180 495
180 496
180 506
180 560
180 631
180 639
181 9
181 10
181 11
181 12
181 13
181 14
181 20
181 27
181 30
181 34
181 180
181 181
181 187
181 192
181 194
181 198
181 205
181 247
181 249
181 299
181 300
181 301
181 302
181 306
181 335
181 366
181 372
181 375
181 383
181 387
181 395
181 397
181 408
181 412
181 444
181 449
181 457
181 458
181 459
181 460
181 461
181 462
181 465
181 470
181 477
181 481
181 495
181 506
181 560
181 630
181 638
182 15
182 16
182 19
182 27
182 30
182 34
182 181
182 182
182 187
182 192
182 200
182 205
182 247
182 249
182 302
182 306
182 318
182 326
182 327
182 328
182 329
182 330
182 331
182 332
182 333
182 334
182 335
182 366
182 372
182 375
182 383
182 386
182 388
182 391
182 392
182 397
182 408
182 414
182 415
182 416
182 417
182 418
182 419
182 444
182 449
182 456
182 465
182 469
182 471
182 472
182 477
182 481
182 488
182 489
182 490
182 491
182 492
182 506
182 560
182 631
182 632
182 637
182 638
183 16
183 19
183 28
183 33
183 34
183 182
183 187
183 192
183 197
183 199
183 205
183 247
183 249
183 303
183 304
183 305
183 306
183 317
183 319
183 324
183 325
183 366
183 372
183 375
183 385
183 388
183 393
183 397
183 413
183 420
183 421
183 444
183 449
183 455
183 465
183 468
183 472
183 473
183 476
183 482
183 483
183 484
183 485
183 486
183 487
183 506
183 560
183 633
183 634
183 635
183 636
184 16
184 18
184 28
184 29
184 30
184 33
184 183
184 187
184 192
184 195
184 196
184 198
184 200
184 201
184 205
184 207
184 247
184 249
184 269
184 270
184 271
184 278
184 279
184 280
184 281
184 282
184 283
184 284
184 285
184 286
184 287
184 288
184 289
184 290
184 291
184 292
184 293
184 294
184 295
184 296
184 317
184 319
184 324
184 334
184 338
184 339
184 340
184 341
184 342
184 343
184 344
184 345
184 346
184 347
184 348
184 349
184 350
184 351
184 352
184 353
184 354
184 355
184 356
184 357
184 358
184 359
184 360
184 361
184 362
184 366
184 372
184 375
184 385
184 388
184 394
184 397
184 406
184 407
184 408
184 412
184 422
184 423
184 424
184 444
184 449
184 454
184 455
184 465
184 468
184 473
184 474
184 476
184 479
184 480
184 482
184 506
184 560
185 15
185 19
185 22
185 23
185 30
185 32
185 183
185 184
185 192
185 195
185 198
185 201
185 207
185 247
185 265
185 267
185 268
185 272
185 273
185 275
185 276
185 277
185 297
185 298
185 323
185 334
185 335
185 337
185 363
185 364
185 365
185 367
185 368
185 369
185 370
185 385
185 388
185 391
185 394
185 395
185 401
185 402
185 403
185 405
185 406
185 408
185 412
185 425
185 426
185 427
185 428
185 429
185 444
185 449
185 453
185 454
185 465
185 468
185 475
185 478
185 506
185 560
185 638
185 639
186 2
186 3
186 9
186 10
186 11
186 12
186 15
186 19
186 20
186 21
186 24
186 25
186 26
186 27
186 28
186 29
186 31
186 32
186 185
186 186
186 192
186 194
186 198
186 201
186 210
186 211
186 212
186 213
186 214
186 215
186 216
186 217
186 218
186 230
186 231
186 232
186 233
186 234
186 235
186 236
186 237
186 238
186 239
186 243
186 244
186 245
186 246
186 253
186 254
186 258
186 259
186 260
186 261
186 262
186 263
186 264
186 266
186 274
186 299
186 323
186 332
186 333
186 371
186 372
186 385
186 388
186 391
186 395
186 396
186 397
186 400
186 401
186 404
186 405
186 408
186 412
186 430
186 431
186 445
186 449
186 453
186 465
186 468
186 474
186 478
186 506
186 560
186 637
186 638
187 0
187 1
187 4
187 5
187 6
187 7
187 8
187 13
187 14
187 15
187 31
187 186
187 187
187 192
187 194
187 198
187 201
187 207
187 208
187 209
187 219
187 220
187 228
187 229
187 240
187 241
187 242
187 247
187 248
187 249
187 250
187 251
187 252
187 255
187 256
187 257
187 268
187 300
187 323
187 331
187 332
187 372
187 373
187 385
187 388
187 391
187 398
187 399
187 400
187 408
187 412
187 432
187 446
187 448
187 453
187 465
187 468
187 474
187 477
187 506
187 560
187 637
188 29
188 30
188 187
188 194
188 198
188 201
188 204
188 205
188 206
188 220
188 221
188 222
188 223
188 224
188 225
188 226
188 227
188 228
188 272
188 300
188 322
188 331
188 373
188 388
188 391
188 398
188 405
188 406
188 407
188 408
188 412
188 432
188 446
188 448
188 453
188 465
188 468
188 474
188 477
188 506
188 560
188 636
189 29
189 188
189 194
189 195
189 196
189 198
189 200
189 201
189 202
189 203
189 216
189 217
189 218
189 230
189 231
189 239
189 240
189 252
189 257
189 258
189 259
189 272
189 301
189 322
189 330
189 374
189 391
189 398
189 406
189 408
189 412
189 446
189 453
189 465
189 468
189 474
189 507
189 508
189 509
189 510
189 559
190 0
190 1
190 2
190 3
190 28
190 188
190 192
190 193
190 194
190 198
190 199
190 219
190 231
190 232
190 239
190 252
190 253
190 257
190 271
190 301
190 302
190 322
190 327
190 330
190 374
190 375
190 404
190 405
190 408
190 412
190 454
190 466
190 468
190 476
190 511
191 4
191 5
191 13
191 14
191 27
191 28
191 189
191 191
191 196
191 197
191 198
191 222
191 223
191 232
191 233
191 238
191 253
191 258
191 269
191 271
191 302
191 303
191 304
191 322
191 329
191 375
191 404
191 408
191 413
191 414
191 454
191 455
191 456
191 462
191 463
191 464
191 465
191 466
191 469
191 470
191 471
191 472
191 473
191 474
191 475
191 511
192 6
192 7
192 8
192 9
192 10
192 11
192 12
192 15
192 16
192 17
192 18
192 19
192 20
192 21
192 22
192 23
192 24
192 25
192 26
192 27
192 189
192 190
192 224
192 225
192 226
192 237
192 254
192 269
192 270
192 305
192 321
192 328
192 329
192 376
192 401
192 402
192 403
192 409
192 452
192 457
192 458
192 459
192 460
192 461
192 476
192 511
192 639
193 0
193 1
193 2
193 3
193 227
193 228
193 229
193 230
193 231
193 232
193 233
193 254
193 267
193 269
193 305
193 321
193 323
193 324
193 325
193 327
193 328
193 376
193 377
193 400
193 409
193 452
193 466
194 4
194 5
194 14
194 15
194 25
194 233
194 234
194 235
194 236
194 237
194 238
194 269
194 305
194 320
194 327
194 377
194 452
194 466
195 5
195 6
195 24
195 25
195 192
195 239
195 268
195 304
195 319
195 323
195 326
195 327
195 378
195 452
195 466
196 7
196 8
196 14
196 24
196 192
196 240
196 268
196 305
196 320
196 322
196 324
196 325
196 326
196 378
196 379
196 380
196 381
196 466
197 8
197 9
197 13
197 14
197 23
197 193
197 200
197 201
197 202
197 203
197 240
197 267
197 305
197 320
197 382
198 10
198 11
198 13
198 22
198 23
198 193
198 198
198 199
198 204
198 205
198 267
198 305
198 319
198 382
199 11
199 12
199 21
199 22
199 194
199 197
199 198
199 206
199 207
199 267
199 305
199 319
199 382
200 12
200 21
200 194
200 195
200 197
200 207
200 267
200 305
200 320
200 382
201 13
201 20
201 195
201 208
201 267
201 305
201 320
201 321
201 382
202 15
202 16
202 17
202 20
202 208
202 267
202 305
202 321
202 381
203 0
203 1
203 2
203 3
203 4
203 5
203 6
203 7
203 8
203 9
203 10
203 11
203 12
203 13
203 14
203 210
203 267
203 305
203 321
203 382
204 18
204 209
204 267
204 305
204 321
204 382
205 17
205 208
205 267
205 321
205 383
206 16
206 17
206 208
206 321
206 383
206 384
207 16
207 208
207 321
207 384
208 15
208 205
208 206
208 207
208 321
208 384
209 14
209 15
209 203
209 204
209 321
209 384
210 14
210 203
210 321
210 384
211 13
211 203
211 204
211 321
211 384
212 13
212 205
212 321
212 384
213 12
213 206
213 321
213 384
214 12
214 206
214 207
214 321
214 384
215 11
215 207
215 208
215 321
215 384
216 11
216 208
216 322
216 384
217 10
217 209
217 322
217 384
218 10
218 209
218 210
218 322
218 384
219 9
219 210
219 322
219 384
220 9
220 211
220 384
221 8
221 211
221 212
221 384
222 8
222 212
222 213
222 384
223 7
223 213
224 7
224 213
225 6
225 214
226 6
226 214
227 6
227 214
228 6
228 214
229 6
229 214
230 6
230 214
231 6
231 214
232 6
232 214
233 6
233 214
234 6
234 214
235 6
235 213
236 6
236 213
237 6
237 213
238 6
238 213
239 6
239 214
240 6
240 214
241 6
241 214
242 6
242 214
243 6
243 214
244 6
244 214
245 5
246 5
247 4
247 5
248 4
249 3
250 3
251 3
252 2
253 2
254 2
255 2
256 2
257 3
258 3
259 3
260 3
261 4
262 4
263 4
264 4
265 4
266 5
267 5
268 5
269 5
270 6
271 6
271 7
272 7
272 8
272 9
273 10
273 11
273 12
274 13
274 14
274 15
275 16
276 16
