0 285
0 310
0 311
0 332
0 518
1 285
1 308
1 309
1 332
1 518
2 286
2 307
2 332
2 333
2 334
2 335
2 340
2 519
3 286
3 290
3 291
3 292
3 302
3 306
3 336
3 337
3 338
3 339
3 341
3 342
3 517
4 287
4 288
4 289
4 292
4 293
4 300
4 301
4 303
4 304
4 305
4 306
4 342
4 343
4 512
4 513
4 514
4 515
4 516
5 293
5 294
5 295
5 296
5 297
5 298
5 299
5 343
5 344
5 506
5 507
5 508
5 509
5 510
5 511
6 344
6 345
6 505
7 345
7 346
7 504
8 346
8 504
9 346
9 355
9 356
9 357
9 358
9 504
10 346
10 353
10 354
10 359
10 360
10 505
11 347
11 348
11 349
11 350
11 351
11 352
11 353
11 360
11 361
11 505
11 506
12 362
12 363
12 506
12 507
12 508
12 509
13 364
13 365
13 366
13 510
13 511
14 367
14 511
15 367
15 510
15 511
16 368
16 508
16 509
17 369
17 370
17 507
17 508
18 371
18 372
18 373
18 374
18 375
18 376
18 507
19 377
19 378
19 507
20 378
20 379
20 507
20 508
21 379
21 508
22 379
22 508
23 379
23 508
24 379
24 508
25 378
25 507
25 508
26 378
26 507
27 379
27 506
28 379
28 380
28 507
29 380
29 381
29 382
29 508
29 509
29 510
29 511
29 512
29 513
29 514
29 515
30 383
30 384
31 384
31 385
31 510
31 511
31 512
32 385
32 510
33 385
33 504
33 505
33 510
34 385
34 502
34 503
34 506
34 507
35 385
35 500
35 501
35 508
35 510
36 385
36 499
36 500
37 384
37 498
37 499
38 385
38 497
39 385
39 386
39 496
40 387
40 497
41 388
41 497
41 498
42 388
42 389
42 499
43 389
43 500
44 389
44 500
44 501
45 384
45 385
45 386
45 387
45 388
45 389
45 501
45 502
45 503
45 504
45 505
46 383
46 506
47 384
47 385
47 386
47 506
48 387
48 506
49 388
49 506
50 388
50 389
50 506
51 389
51 390
51 505
51 506
52 390
52 391
52 504
52 505
53 391
53 504
54 391
54 505
54 506
54 507
55 391
55 508
55 509
56 392
56 393
56 399
56 400
56 401
56 402
56 403
56 404
56 405
56 406
56 510
57 394
57 398
57 407
57 408
57 418
57 511
58 395
58 397
58 408
58 409
58 410
58 411
58 417
58 419
58 511
58 512
59 395
59 412
59 413
59 414
59 415
59 416
59 419
59 421
59 422
59 423
59 512
60 395
60 424
60 425
60 426
60 427
60 428
60 512
61 396
61 397
61 428
61 511
61 512
62 429
62 511
63 429
63 430
63 431
63 432
63 511
64 432
64 509
65 432
65 505
65 506
65 507
65 508
66 432
66 503
66 504
67 432
67 433
67 496
67 497
67 498
67 499
67 500
67 501
67 502
67 503
68 433
68 484
68 485
68 492
68 493
68 494
68 495
69 433
69 444
69 445
69 482
69 483
69 486
69 491
70 433
70 443
70 444
70 446
70 481
70 482
70 487
70 490
71 433
71 442
71 443
71 447
71 448
71 481
71 487
71 488
71 490
72 433
72 442
72 448
72 480
72 488
72 490
73 428
73 429
73 430
73 431
73 432
73 433
73 441
73 448
73 480
73 488
73 490
73 491
73 492
73 493
73 494
74 428
74 441
74 447
74 477
74 478
74 479
74 488
74 495
74 496
75 428
75 440
75 447
75 468
75 469
75 476
75 488
76 428
76 440
76 448
76 454
76 467
76 470
76 475
76 489
76 490
76 494
76 495
77 428
77 436
77 439
77 448
77 449
77 450
77 451
77 452
77 453
77 455
77 465
77 466
77 471
77 472
77 473
77 474
77 475
77 491
77 492
77 493
78 428
78 434
78 435
78 437
78 438
78 439
78 455
78 459
78 460
78 461
78 462
78 463
78 464
79 429
79 430
79 434
79 456
79 457
79 458
80 431
80 432
80 433
123 455
123 456
123 457
124 452
124 453
124 454
124 458
124 459
124 460
124 461
125 449
125 450
125 451
125 462
125 463
125 464
126 446
126 447
126 448
126 465
126 466
127 443
127 444
127 445
127 467
128 440
128 441
128 442
128 468
129 438
129 439
129 469
130 437
130 470
131 437
131 470
132 435
132 436
132 470
133 433
133 434
133 471
134 432
134 471
135 431
135 470
136 430
136 470
137 428
137 429
137 471
138 427
138 472
138 473
138 474
139 426
139 475
139 476
139 477
140 424
140 425
140 477
141 423
141 477
142 421
142 422
142 478
143 420
143 478
144 419
144 478
145 14
145 15
145 16
145 17
145 18
145 19
145 419
146 14
146 20
146 418
147 14
147 20
147 417
148 14
148 21
148 417
149 1
149 2
149 3
149 4
149 5
149 6
149 7
149 8
149 9
149 14
149 22
149 23
149 24
149 25
149 26
149 27
149 28
149 29
149 30
149 416
150 10
150 11
150 12
150 14
150 31
150 32
150 416
151 13
151 14
151 33
151 34
151 35
151 36
151 37
151 38
151 39
151 40
151 41
151 416
152 42
152 43
152 416
153 44
153 415
154 44
154 51
154 52
154 415
155 45
155 46
155 47
155 48
155 49
155 50
155 53
155 415
156 54
156 415
157 55
157 416
158 56
158 416
159 57
159 417
160 58
160 417
160 428
160 429
160 430
161 59
161 418
161 427
161 430
161 431
162 59
162 418
162 427
162 431
163 59
163 419
163 428
163 429
163 430
163 431
164 59
165 60
165 61
166 62
166 449
166 451
167 62
167 449
167 451
168 62
168 432
168 449
168 451
169 62
169 431
169 433
169 449
169 451
170 63
170 315
170 316
170 317
170 318
170 319
170 320
170 321
170 322
170 323
170 324
170 325
170 326
170 327
170 431
170 433
170 449
170 451
171 63
171 311
171 312
171 313
171 314
171 328
171 329
171 431
171 433
171 447
171 448
171 449
171 450
171 451
171 452
171 453
171 459
171 460
172 63
172 310
172 329
172 330
172 333
172 334
172 431
172 433
172 446
172 454
172 458
172 461
173 63
173 309
173 330
173 332
173 335
173 420
173 421
173 422
173 423
173 424
173 425
173 431
173 433
173 445
173 454
173 457
173 462
173 463
173 464
173 465
173 466
173 467
174 308
174 309
174 330
174 336
174 419
174 426
174 431
174 433
174 445
174 454
174 457
174 468
174 469
175 308
175 331
175 336
175 418
175 426
175 431
175 445
175 454
175 457
175 469
176 307
176 331
176 332
176 336
176 418
176 426
176 430
176 445
176 454
176 457
176 468
176 469
177 306
177 332
177 333
177 336
177 418
177 426
177 430
177 446
177 454
177 457
177 467
177 468
178 305
178 333
178 336
178 430
178 446
178 447
178 448
178 449
178 450
178 451
178 452
178 453
178 454
178 458
178 459
178 460
178 461
178 462
178 463
178 464
178 465
178 466
178 467
179 306
179 333
179 337
179 338
179 430
179 432
180 306
180 333
180 339
180 430
180 432
181 306
181 333
181 339
182 305
182 333
182 339
183 305
183 333
183 339
184 305
184 333
184 340
185 305
185 333
185 441
185 442
185 443
186 305
186 444
186 445
187 305
187 446
187 447
188 305
188 448
188 449
188 450
188 451
188 452
188 453
188 454
189 455
189 456
189 457
190 458
190 459
190 460
191 461
191 462
191 463
191 464
191 465
191 466
191 467
191 468
191 469
192 470
192 471
192 472
193 473
193 474
193 475
194 476
194 477
194 478
195 479
195 480
195 481
196 482
196 483
196 484
196 485
196 486
196 487
196 488
196 489
196 490
196 491
196 492
196 493
197 494
197 495
197 496
197 497
198 498
198 499
198 500
199 501
199 502
199 503
200 504
200 505
201 506
201 507
201 508
202 509
202 510
202 511
203 512
203 513
203 514
203 515
204 516
204 517
204 518
204 519
204 520
204 521
204 522
204 523
204 524
204 525
204 526
204 527
204 528
204 529
204 530
205 531
205 532
206 532
206 533
207 534
207 535
207 536
208 537
208 538
208 539
209 540
209 541
209 542
209 553
209 554
209 555
209 556
209 557
209 558
209 559
210 543
210 544
210 545
210 546
210 547
210 548
210 549
210 550
210 551
210 552
210 560
210 561
215 601
216 580
216 581
216 595
216 596
216 597
216 598
216 599
216 600
216 602
216 603
216 604
217 582
217 583
217 584
217 585
217 592
217 593
217 594
217 605
217 606
217 607
218 586
218 587
218 588
218 589
218 590
218 591
218 608
218 609
218 610
219 611
219 612
219 613
219 614
220 615
220 616
220 617
220 618
221 619
221 620
221 621
221 622
221 623
222 624
222 625
222 626
223 627
223 628
223 629
223 630
224 631
224 632
224 633
225 634
225 635
225 636
225 637
226 638
226 639
243 639
