0 284
0 295
0 305
0 478
1 285
1 293
1 294
1 305
1 478
2 285
2 292
2 293
2 305
2 479
3 286
3 287
3 288
3 289
3 290
3 291
3 292
3 305
3 479
4 305
4 479
5 304
5 305
5 479
6 303
6 304
6 478
6 479
7 302
7 303
7 475
7 476
7 477
7 478
8 300
8 301
8 473
8 474
9 300
9 471
9 472
10 299
10 469
10 470
11 300
11 469
12 301
12 302
12 468
13 303
13 304
13 468
14 304
14 305
14 467
15 306
15 307
15 466
15 467
16 307
16 308
16 466
17 308
17 465
18 308
18 463
18 464
19 308
19 462
19 463
20 308
20 461
20 462
21 308
21 461
22 307
22 460
23 307
23 458
23 459
24 306
24 456
24 457
25 306
25 455
25 456
26 307
26 454
26 455
27 307
27 308
27 453
27 454
28 309
28 310
28 311
28 452
28 453
29 312
29 313
29 314
29 315
29 451
29 452
30 316
30 317
30 318
30 319
30 320
30 321
30 450
30 451
31 322
31 323
31 449
31 450
32 323
32 324
32 449
33 324
33 448
34 325
34 326
34 327
34 448
35 328
35 329
35 447
36 329
36 447
37 330
37 447
38 330
38 448
38 454
39 331
39 449
39 450
39 451
39 452
39 453
39 455
40 331
40 332
40 456
41 332
41 333
41 456
42 333
42 334
42 457
43 334
43 457
43 458
43 459
43 460
43 461
44 334
44 462
44 467
45 335
45 336
45 462
45 463
45 464
45 465
45 466
45 468
45 474
46 337
46 338
46 469
46 470
46 471
46 472
46 473
46 475
46 476
47 338
47 339
47 477
47 478
48 340
48 341
48 478
49 342
49 343
49 478
50 343
50 344
50 477
51 344
51 345
51 475
51 476
52 345
52 475
53 346
53 474
54 346
54 475
54 480
55 346
55 475
55 476
55 477
55 478
55 479
56 346
56 479
57 346
57 479
58 346
58 480
59 347
59 480
59 481
60 348
60 349
60 482
61 350
61 351
61 482
62 351
62 399
62 400
62 401
62 482
63 352
63 361
63 362
63 363
63 364
63 369
63 370
63 371
63 372
63 397
63 398
63 402
63 403
63 410
63 411
63 412
63 482
64 353
64 354
64 355
64 356
64 357
64 358
64 359
64 360
64 365
64 366
64 367
64 368
64 369
64 373
64 374
64 393
64 394
64 395
64 396
64 403
64 404
64 405
64 406
64 407
64 408
64 409
64 413
64 414
64 483
65 374
65 391
65 392
65 415
65 416
65 417
65 483
66 375
66 389
66 390
66 418
66 419
66 483
67 375
67 376
67 387
67 388
67 419
67 483
68 377
68 378
68 386
68 387
68 419
68 483
69 379
69 380
69 385
69 386
69 419
69 483
70 380
70 385
70 420
70 425
70 426
70 427
70 428
70 484
71 381
71 384
71 420
71 421
71 424
71 429
71 430
71 431
71 484
71 485
71 486
71 487
71 496
72 381
72 382
72 383
72 384
72 421
72 432
72 433
72 488
72 489
72 494
72 495
72 497
73 422
73 423
73 434
73 435
73 436
73 437
73 438
73 439
73 440
73 489
73 490
73 493
73 494
73 497
74 441
74 442
74 491
74 492
74 493
74 496
74 497
75 443
75 444
75 494
75 495
75 496
76 444
76 445
76 492
76 493
77 446
77 447
77 482
77 483
77 484
77 485
77 486
77 487
77 488
77 489
77 490
77 491
78 143
78 448
78 449
78 480
78 481
79 144
79 449
79 450
79 480
80 144
80 450
80 451
80 479
81 145
81 451
81 479
82 146
82 452
82 478
82 479
83 147
83 452
83 478
84 147
84 452
84 478
85 148
85 453
85 478
85 479
86 149
86 453
86 480
86 481
87 150
87 453
87 482
88 150
88 453
88 482
89 151
89 453
89 482
90 152
90 454
90 481
91 153
91 454
91 455
91 481
92 153
92 455
92 481
93 154
93 455
93 482
94 155
94 455
94 482
94 483
94 484
94 485
94 486
95 155
95 455
95 487
96 156
96 456
96 457
96 487
96 488
96 490
96 491
96 492
96 493
96 494
97 156
97 488
97 489
97 490
97 495
97 496
98 157
98 456
98 457
98 496
99 157
99 456
99 496
100 158
100 455
100 496
101 159
101 455
101 496
102 159
102 455
102 496
103 160
103 455
103 497
104 160
104 455
104 498
105 161
105 455
105 466
105 499
106 162
106 455
106 464
106 465
106 467
106 499
106 500
106 501
107 162
107 454
107 460
107 461
107 462
107 463
107 468
107 502
108 163
108 455
108 456
108 457
108 458
108 459
108 468
108 469
108 502
109 163
109 469
109 470
109 503
110 164
110 470
110 471
110 504
110 505
111 165
111 471
111 472
111 505
111 506
112 165
112 472
112 473
112 507
112 508
113 166
113 473
113 508
114 167
114 474
114 508
115 167
115 474
115 508
116 168
116 475
116 499
116 500
116 501
116 502
116 503
116 504
116 505
116 506
116 507
116 508
117 168
117 475
117 476
117 497
117 498
118 169
118 476
118 477
118 496
119 170
119 477
119 478
119 496
120 170
120 478
120 496
120 497
121 171
121 478
121 497
121 498
122 172
122 479
122 499
122 500
123 173
123 479
123 501
123 502
123 512
123 513
124 173
124 479
124 502
124 503
124 511
124 514
124 515
124 516
125 174
125 480
125 503
125 504
125 511
126 175
126 480
126 505
126 506
126 507
126 508
126 509
126 510
126 511
126 516
127 176
127 481
127 515
128 176
128 481
128 516
129 177
129 481
129 516
129 517
130 178
130 481
130 517
131 179
131 481
131 517
132 179
132 481
132 515
132 516
133 180
133 481
133 514
133 515
134 181
134 182
134 481
134 514
135 183
135 481
135 513
136 184
136 185
136 481
136 512
136 513
137 186
137 187
137 481
137 482
137 483
137 511
137 512
138 188
138 484
138 485
138 511
139 189
139 190
139 486
139 487
139 510
140 191
140 192
140 193
140 194
140 487
140 509
140 510
141 195
141 196
141 197
141 198
141 488
141 508
141 509
142 199
142 200
142 488
142 506
142 507
143 201
143 202
143 488
143 506
144 203
144 204
144 488
144 505
145 205
145 206
145 488
145 506
146 207
146 488
146 506
146 507
146 508
146 509
147 208
147 488
147 510
148 209
148 489
148 511
149 210
149 489
149 490
149 511
150 211
150 212
150 490
150 491
150 512
150 513
151 213
151 214
151 215
151 216
151 491
151 492
151 514
151 515
152 217
152 218
152 492
152 516
153 219
153 492
153 516
154 220
154 492
154 516
155 221
155 492
155 508
155 509
155 510
155 511
155 512
155 513
155 514
155 515
156 222
156 492
156 507
157 223
157 492
157 506
158 223
158 492
158 506
159 224
159 491
159 506
160 225
160 226
160 227
160 228
160 229
160 485
160 486
160 487
160 488
160 491
160 505
160 506
161 230
161 484
161 485
161 489
161 490
161 491
161 502
161 503
161 504
162 231
162 484
162 501
163 231
163 483
163 501
164 232
164 484
164 501
164 502
165 233
165 484
165 485
165 496
165 497
165 498
165 499
165 500
166 234
166 485
166 486
166 487
166 488
166 489
166 490
166 491
166 495
167 235
167 492
167 493
167 494
168 236
169 237
170 238
171 239
172 240
173 241
174 242
174 523
174 524
174 525
175 243
175 523
175 526
176 244
176 245
176 523
176 526
177 246
177 247
177 523
177 526
177 530
177 531
177 532
177 533
178 248
178 249
178 485
178 486
178 487
178 488
178 524
178 527
178 529
178 530
179 250
179 251
179 484
179 488
179 494
179 495
179 496
179 497
179 498
179 524
179 525
179 527
179 528
179 529
179 532
180 252
180 253
180 485
180 486
180 487
180 488
180 493
180 498
180 501
180 502
180 503
180 504
180 505
180 506
180 527
180 531
181 254
181 275
181 276
181 277
181 494
181 495
181 496
181 497
181 498
181 506
181 509
181 510
181 511
181 512
181 513
181 514
181 524
181 525
181 526
181 531
182 254
182 272
182 273
182 274
182 278
182 279
182 501
182 502
182 503
182 504
182 505
182 506
182 514
182 517
182 518
182 519
182 520
182 521
182 523
182 530
183 255
183 268
183 269
183 270
183 271
183 280
183 281
183 509
183 510
183 511
183 512
183 513
183 514
183 521
183 523
183 530
184 255
184 258
184 259
184 260
184 261
184 262
184 263
184 264
184 265
184 266
184 267
184 282
184 517
184 518
184 519
184 520
184 521
184 523
184 531
184 532
184 533
184 534
185 256
185 283
185 424
185 425
185 426
185 427
185 524
185 525
185 526
185 527
185 528
185 534
186 257
186 284
186 422
186 423
186 428
186 429
186 529
186 531
186 532
186 533
186 534
187 257
187 285
187 422
187 425
187 429
187 430
187 529
187 531
188 258
188 286
188 287
188 421
188 425
188 427
188 430
188 529
188 531
189 258
189 288
189 289
189 421
189 425
189 427
189 430
189 529
189 531
189 546
190 258
190 290
190 421
190 425
190 427
190 430
190 529
190 531
190 545
190 547
190 548
191 259
191 290
191 422
191 425
191 429
191 430
191 529
191 544
191 548
191 549
192 259
192 290
192 422
192 424
192 425
192 426
192 429
192 529
192 534
192 535
192 543
192 544
192 549
192 550
193 259
193 290
193 422
193 425
193 429
193 430
193 529
193 533
193 536
193 543
193 550
194 259
194 290
194 421
194 425
194 427
194 430
194 529
194 533
194 537
194 542
194 551
195 259
195 290
195 421
195 425
195 427
195 430
195 529
195 532
195 537
195 542
195 551
196 260
196 290
196 422
196 423
196 424
196 426
196 428
196 429
196 430
196 530
196 532
196 538
196 542
196 551
197 260
197 290
197 425
197 427
197 531
197 538
197 539
197 541
197 551
197 566
198 260
198 290
198 425
198 427
198 531
198 539
198 541
198 550
198 563
198 565
198 567
199 259
199 289
199 425
199 427
199 531
199 539
199 541
199 550
199 562
199 565
199 567
200 259
200 289
200 425
200 427
200 531
200 540
200 550
200 562
200 565
200 567
201 258
201 289
201 425
201 427
201 531
201 540
201 542
201 550
201 562
201 567
202 258
202 289
202 425
202 427
202 531
202 540
202 542
202 550
202 562
202 566
203 257
203 289
203 425
203 427
203 531
203 540
203 542
203 543
203 550
203 562
203 566
204 257
204 289
204 425
204 427
204 531
204 540
204 544
204 550
204 562
204 566
205 256
205 288
205 425
205 427
205 531
205 540
205 544
205 550
206 256
206 288
206 425
206 427
206 531
206 539
206 540
206 544
206 550
207 256
207 288
207 425
207 427
208 255
208 288
208 425
208 427
209 255
209 288
210 255
210 288
211 255
211 287
212 254
212 287
213 254
213 287
214 254
214 287
215 287
216 286
217 286
218 286
223 243
223 247
223 254
224 243
224 247
224 254
225 236
225 243
225 247
225 254
226 236
226 243
226 247
226 254
227 236
227 243
227 247
227 254
228 236
228 243
228 247
228 254
229 236
229 243
229 247
229 254
230 237
230 247
231 237
