0 606
1 606
2 606
3 604
3 605
4 603
4 604
5 603
6 602
7 602
8 601
8 602
9 601
9 612
10 600
10 610
10 611
10 613
11 600
11 610
11 613
11 620
11 621
11 638
11 639
12 600
12 608
12 609
12 614
12 617
12 618
12 619
12 622
12 623
12 624
12 625
12 626
12 627
12 628
12 629
12 630
12 631
12 632
12 637
13 601
13 607
13 614
13 615
13 616
13 633
13 634
13 636
14 601
14 602
14 606
14 634
14 635
14 636
15 603
15 604
15 606
16 604
16 605
16 606
60 400
61 400
62 399
63 399
64 398
65 392
65 398
66 392
66 398
67 391
67 397
68 391
68 397
69 391
69 397
70 390
70 396
71 390
71 396
72 389
72 396
73 215
73 216
73 217
73 218
73 219
73 220
73 221
73 222
73 389
73 395
74 213
74 214
74 223
74 224
74 225
74 226
74 227
74 228
74 229
74 230
74 231
74 232
74 233
74 234
74 235
74 236
74 237
74 238
74 239
74 240
74 241
74 242
74 243
74 244
74 245
74 246
74 247
74 248
74 249
74 250
74 251
74 252
74 253
74 254
74 255
74 256
74 257
74 258
74 259
74 260
74 261
74 262
74 263
74 264
74 265
74 266
74 267
74 268
74 269
74 389
74 395
75 211
75 212
75 270
75 271
75 272
75 388
75 394
76 211
76 273
76 388
76 394
77 210
77 273
77 388
77 394
78 210
78 273
78 387
78 393
79 210
79 273
79 387
79 393
80 210
80 273
80 387
80 393
81 210
81 273
81 353
81 386
81 392
82 210
82 273
82 353
82 386
82 392
83 210
83 273
83 353
83 386
83 392
84 210
84 273
84 353
84 386
84 391
85 210
85 273
85 353
85 385
85 391
86 210
86 273
86 348
86 352
86 385
86 391
87 210
87 273
87 348
87 352
87 385
87 391
88 210
88 273
88 348
88 352
88 384
88 390
89 210
89 273
89 348
89 352
89 384
89 390
90 210
90 273
90 348
90 352
90 384
90 390
91 210
91 273
91 348
91 352
91 384
91 390
92 210
92 273
92 348
92 352
92 383
92 389
93 211
93 273
93 348
93 352
93 383
93 389
94 211
94 273
94 348
94 352
94 383
94 389
95 212
95 213
95 214
95 215
95 216
95 217
95 218
95 219
95 220
95 221
95 222
95 223
95 224
95 225
95 226
95 227
95 228
95 229
95 256
95 257
95 258
95 259
95 260
95 261
95 262
95 263
95 264
95 265
95 266
95 267
95 268
95 269
95 270
95 271
95 272
95 348
95 352
95 382
95 389
96 229
96 347
96 352
96 382
96 388
97 229
97 256
97 257
97 347
97 352
97 369
97 382
97 388
98 228
98 257
98 258
98 347
98 352
98 369
98 382
98 388
99 227
99 228
99 258
99 259
99 347
99 352
99 369
99 381
99 387
100 226
100 227
100 259
100 260
100 347
100 352
100 368
100 381
100 387
101 225
101 226
101 260
101 261
101 347
101 352
101 364
101 368
101 381
101 387
102 223
102 224
102 262
102 263
102 347
102 352
102 364
102 368
102 380
102 387
103 222
103 223
103 263
103 264
103 347
103 352
103 364
103 368
103 380
103 386
104 222
104 264
104 265
104 347
104 352
104 363
104 368
104 380
104 386
105 221
105 265
105 266
105 347
105 352
105 363
105 367
105 380
105 386
106 220
106 221
106 266
106 267
106 347
106 352
106 363
106 367
106 379
106 385
107 219
107 220
107 267
107 268
107 347
107 352
107 363
107 367
107 379
107 385
108 217
108 218
108 268
108 269
108 347
108 352
108 362
108 367
108 379
108 385
109 217
109 269
109 347
109 352
109 362
109 367
109 379
109 385
110 216
110 269
110 346
110 352
110 362
110 366
110 378
110 384
111 216
111 269
111 346
111 351
111 362
111 366
111 378
111 384
112 216
112 269
112 346
112 351
112 362
112 366
112 378
112 384
113 216
113 269
113 345
113 351
113 362
113 366
113 378
113 383
114 216
114 269
114 345
114 351
114 362
114 366
114 377
114 383
115 216
115 269
115 345
115 351
115 362
115 366
115 377
115 383
116 216
116 269
116 345
116 351
116 361
116 365
116 377
116 383
117 216
117 269
117 345
117 351
117 361
117 365
117 377
117 382
118 216
118 269
118 345
118 350
118 360
118 365
118 376
118 382
119 216
119 269
119 344
119 350
119 360
119 364
119 376
119 382
120 216
120 269
120 344
120 350
120 359
120 364
120 376
120 381
121 216
121 269
121 344
121 350
121 359
121 363
121 376
121 381
122 216
122 269
122 344
122 350
122 359
122 363
122 375
122 381
123 216
123 269
123 344
123 350
123 359
123 363
123 375
123 380
124 216
124 269
124 344
124 350
124 358
124 363
124 375
124 380
125 216
125 269
125 344
125 350
125 358
125 362
125 375
125 379
126 216
126 269
126 344
126 350
126 358
126 362
126 374
126 379
127 216
127 269
127 344
127 350
127 358
127 362
127 374
127 379
128 216
128 269
128 345
128 350
128 358
128 362
128 374
128 378
129 216
129 269
129 345
129 350
129 358
129 362
129 373
129 378
130 216
130 269
130 345
130 350
130 358
130 362
130 373
130 378
131 217
131 268
131 269
131 345
131 350
131 358
131 362
131 373
131 377
132 218
132 219
132 267
132 268
132 345
132 350
132 358
132 362
132 372
132 377
133 219
133 220
133 266
133 267
133 345
133 350
133 357
133 361
133 372
133 377
134 220
134 221
134 265
134 266
134 345
134 350
134 357
134 361
134 371
134 376
135 221
135 222
135 264
135 265
135 345
135 350
135 357
135 361
135 371
135 376
136 222
136 223
136 263
136 264
136 345
136 350
136 357
136 361
136 371
136 376
137 223
137 224
137 262
137 263
137 344
137 350
137 357
137 361
137 370
137 376
138 225
138 226
138 261
138 262
138 344
138 350
138 357
138 361
138 370
138 375
139 226
139 227
139 260
139 261
139 344
139 350
139 357
139 361
139 370
139 375
140 227
140 228
140 259
140 260
140 344
140 350
140 357
140 361
140 369
140 375
141 228
141 229
141 258
141 259
141 344
141 350
141 357
141 361
141 369
141 374
142 229
142 230
142 257
142 258
142 344
142 350
142 357
142 360
142 369
142 374
143 230
143 231
143 256
143 257
143 350
143 356
143 360
143 369
143 374
144 232
144 233
144 247
144 248
144 249
144 250
144 251
144 252
144 253
144 254
144 255
144 256
144 349
144 356
144 360
144 368
144 374
145 233
145 234
145 235
145 236
145 237
145 238
145 239
145 240
145 241
145 244
145 245
145 246
145 349
145 356
145 360
145 368
145 373
146 242
146 243
146 349
146 356
146 359
146 368
146 373
147 242
147 245
147 349
147 356
147 359
147 368
147 373
148 242
148 246
148 349
148 356
148 359
148 367
148 372
149 242
149 246
149 349
149 356
149 359
149 367
149 372
150 242
150 246
150 349
150 356
150 359
150 367
150 372
151 242
151 246
151 349
151 355
151 359
151 367
151 371
152 242
152 246
152 349
152 355
152 359
152 367
152 371
153 242
153 246
153 355
153 359
153 366
153 371
154 242
154 246
154 355
154 358
154 366
154 371
155 242
155 246
155 355
155 358
155 366
155 370
156 242
156 246
156 355
156 358
156 370
157 242
157 246
157 355
157 358
157 370
158 242
158 246
158 355
158 358
158 369
159 242
159 246
159 354
159 358
159 369
160 242
160 246
160 354
160 358
160 369
161 242
161 246
161 354
161 358
161 369
162 242
162 246
162 354
162 358
162 368
163 242
163 246
163 354
163 358
163 368
164 242
164 246
164 354
164 358
164 368
165 242
165 246
165 353
165 357
165 367
166 242
166 246
166 353
166 357
166 367
167 242
167 246
167 353
167 357
167 367
168 242
168 246
168 357
168 367
169 242
169 246
169 357
169 366
170 242
170 246
170 357
170 366
171 242
171 246
172 242
172 246
173 243
173 246
174 243
174 246
175 243
175 246
176 243
176 246
177 243
177 247
178 243
178 247
179 243
179 247
180 243
180 247
181 243
181 247
182 243
182 247
183 243
183 247
184 243
184 247
185 243
185 247
186 243
186 247
187 243
187 247
188 243
188 247
189 243
189 247
190 243
190 247
191 243
191 247
192 243
192 247
193 243
193 247
194 243
194 247
195 243
195 247
196 243
196 247
197 243
197 247
198 243
198 247
199 243
199 247
200 243
200 247
201 243
201 247
202 243
202 247
203 243
203 247
204 243
204 247
205 243
205 247
206 243
206 248
207 243
207 248
208 244
208 248
209 244
209 248
210 244
210 248
211 244
211 248
212 244
212 248
213 244
213 248
214 244
214 248
215 244
215 248
216 244
216 248
217 244
217 248
218 244
218 248
219 244
219 248
220 244
220 248
221 244
221 248
222 244
222 248
223 244
223 248
224 244
224 248
225 244
225 248
226 244
226 248
227 244
227 248
228 244
228 248
229 244
229 248
230 244
230 248
231 244
231 248
232 244
232 248
233 244
233 248
234 244
234 248
235 244
235 248
236 244
236 249
237 244
237 249
238 244
238 249
239 244
239 249
240 244
240 249
241 244
241 249
242 244
242 249
243 244
243 249
244 245
244 249
245 245
245 249
246 245
246 249
247 245
247 249
248 245
248 249
249 245
249 249
250 245
250 249
251 246
251 247
251 248
251 249
