0 71
0 216
0 312
0 424
0 560
0 572
0 576
0 620
0 625
1 71
1 216
1 312
1 424
1 560
1 572
1 576
1 618
1 619
1 624
1 625
2 71
2 206
2 207
2 208
2 209
2 215
2 216
2 312
2 315
2 316
2 317
2 318
2 424
2 560
2 573
2 575
2 616
2 617
2 623
2 624
3 72
3 73
3 74
3 204
3 205
3 210
3 211
3 212
3 213
3 214
3 312
3 314
3 315
3 319
3 320
3 425
3 560
3 573
3 614
3 615
3 621
3 622
4 75
4 204
4 320
4 323
4 425
4 426
4 477
4 560
4 572
4 613
4 614
4 620
4 621
5 76
5 203
5 320
5 322
5 324
5 325
5 427
5 428
5 455
5 456
5 457
5 458
5 475
5 476
5 478
5 479
5 560
5 572
5 593
5 594
5 611
5 612
5 618
5 619
6 76
6 77
6 203
6 325
6 429
6 430
6 437
6 438
6 455
6 459
6 468
6 469
6 470
6 471
6 472
6 473
6 474
6 475
6 479
6 560
6 572
6 579
6 580
6 581
6 591
6 594
6 610
6 611
6 616
6 617
7 78
7 204
7 326
7 430
7 436
7 453
7 461
7 462
7 463
7 464
7 465
7 466
7 467
7 479
7 560
7 572
7 579
7 581
7 589
7 590
7 594
7 608
7 609
7 615
7 616
8 78
8 84
8 85
8 86
8 154
8 155
8 156
8 204
8 326
8 431
8 436
8 439
8 440
8 441
8 442
8 443
8 444
8 445
8 446
8 447
8 448
8 449
8 450
8 451
8 452
8 454
8 460
8 478
8 560
8 572
8 578
8 581
8 588
8 589
8 592
8 593
8 607
8 608
8 613
8 614
9 79
9 83
9 86
9 153
9 154
9 156
9 205
9 326
9 431
9 432
9 436
9 454
9 459
9 467
9 468
9 469
9 470
9 471
9 472
9 473
9 474
9 475
9 476
9 477
9 478
9 560
9 572
9 577
9 578
9 580
9 581
9 586
9 587
9 591
9 592
9 606
9 607
9 612
9 613
10 79
10 83
10 86
10 153
10 156
10 205
10 322
10 323
10 324
10 325
10 326
10 432
10 433
10 436
10 452
10 453
10 454
10 460
10 461
10 462
10 463
10 464
10 560
10 572
10 575
10 576
10 580
10 585
10 586
10 590
10 591
10 604
10 605
10 611
10 612
11 80
11 81
11 82
11 83
11 86
11 152
11 157
11 158
11 159
11 160
11 206
11 320
11 321
11 434
11 436
11 437
11 438
11 440
11 441
11 560
11 573
11 575
11 579
11 584
11 585
11 589
11 590
11 603
11 604
11 609
11 610
12 86
12 152
12 161
12 162
12 206
12 320
12 326
12 435
12 436
12 440
12 454
12 459
12 560
12 573
12 578
12 579
12 583
12 584
12 588
12 589
12 601
12 602
12 607
12 608
13 87
13 88
13 89
13 90
13 91
13 92
13 93
13 99
13 100
13 101
13 102
13 103
13 150
13 151
13 163
13 206
13 327
13 328
13 439
13 440
13 454
13 459
13 560
13 572
13 578
13 582
13 583
13 587
13 588
13 600
13 601
13 606
13 607
14 94
14 95
14 96
14 97
14 98
14 104
14 105
14 149
14 164
14 206
14 328
14 329
14 438
14 439
14 454
14 459
14 560
14 572
14 577
14 581
14 582
14 586
14 587
14 599
14 600
14 604
14 605
15 105
15 106
15 148
15 164
15 165
15 166
15 206
15 329
15 437
15 438
15 454
15 459
15 560
15 572
15 576
15 577
15 580
15 581
15 585
15 586
15 597
15 598
15 603
15 604
16 106
16 148
16 167
16 168
16 169
16 206
16 329
16 436
16 437
16 454
16 459
16 559
16 560
16 573
16 575
16 579
16 580
16 584
16 585
16 596
16 597
16 601
16 602
17 107
17 112
17 113
17 133
17 147
17 148
17 170
17 171
17 206
17 329
17 434
17 435
17 454
17 459
17 482
17 557
17 559
17 573
17 578
17 579
17 583
17 584
17 595
17 596
17 600
17 601
18 108
18 109
18 110
18 111
18 114
18 119
18 131
18 132
18 134
18 135
18 136
18 137
18 138
18 147
18 171
18 206
18 329
18 434
18 454
18 459
18 478
18 479
18 480
18 481
18 483
18 484
18 555
18 559
18 572
18 577
18 578
18 581
18 582
18 593
18 594
18 598
18 599
19 114
19 117
19 118
19 120
19 121
19 127
19 128
19 129
19 130
19 131
19 139
19 147
19 148
19 171
19 206
19 328
19 433
19 454
19 459
19 478
19 485
19 486
19 554
19 559
19 572
19 576
19 577
19 580
19 581
19 592
19 593
19 597
19 598
20 114
20 117
20 121
20 122
20 125
20 126
20 140
20 148
20 171
20 207
20 327
20 433
20 434
20 454
20 459
20 471
20 472
20 473
20 474
20 475
20 476
20 477
20 478
20 486
20 553
20 557
20 559
20 573
20 575
20 579
20 580
20 591
20 592
20 595
20 596
21 114
21 117
21 122
21 123
21 124
21 140
21 141
21 142
21 149
21 171
21 207
21 327
21 435
21 454
21 462
21 463
21 464
21 465
21 466
21 467
21 468
21 469
21 470
21 486
21 552
21 556
21 559
21 573
21 578
21 588
21 589
21 590
21 591
21 594
21 595
22 114
22 117
22 143
22 144
22 149
22 171
22 207
22 327
22 436
22 453
22 460
22 461
22 479
22 480
22 481
22 482
22 483
22 484
22 485
22 486
22 551
22 555
22 559
22 572
22 577
22 586
22 587
22 593
22 594
23 115
23 116
23 117
23 145
23 146
23 147
23 148
23 149
23 172
23 208
23 326
23 327
23 436
23 437
23 442
23 443
23 444
23 445
23 446
23 447
23 448
23 449
23 450
23 451
23 452
23 454
23 470
23 471
23 472
23 473
23 474
23 475
23 476
23 477
23 550
23 554
23 559
23 572
23 576
23 577
23 584
23 585
23 591
23 592
24 173
24 184
24 208
24 325
24 326
24 431
24 432
24 438
24 439
24 440
24 441
24 454
24 461
24 549
24 552
24 559
24 572
24 575
24 576
24 582
24 583
24 589
24 590
25 174
25 183
25 185
25 186
25 208
25 324
25 325
25 431
25 437
25 439
25 449
25 450
25 451
25 548
25 551
25 559
25 573
25 575
25 581
25 582
25 587
25 588
26 174
26 175
26 182
26 186
26 187
26 188
26 189
26 190
26 191
26 192
26 193
26 206
26 207
26 324
26 329
26 330
26 431
26 437
26 439
26 440
26 454
26 459
26 547
26 550
26 557
26 559
26 573
26 581
26 586
26 587
27 175
27 182
27 194
27 205
27 323
27 327
27 328
27 331
27 332
27 431
27 432
27 436
27 439
27 454
27 459
27 546
27 549
27 556
27 559
27 573
27 580
27 584
27 585
28 176
28 177
28 178
28 179
28 182
28 194
28 204
28 324
28 325
28 326
28 332
28 433
28 439
28 454
28 459
28 545
28 548
28 555
28 559
28 572
28 579
28 580
28 583
28 584
29 180
29 181
29 194
29 202
29 203
29 204
29 332
29 433
29 440
29 454
29 459
29 544
29 547
29 554
29 559
29 572
29 576
29 577
29 578
29 582
29 583
30 194
30 201
30 332
30 433
30 440
30 454
30 459
30 543
30 546
30 553
30 557
30 559
30 573
30 575
30 581
30 582
31 194
31 200
31 332
31 434
31 435
31 440
31 454
31 459
31 542
31 545
31 552
31 556
31 559
31 572
31 580
31 581
32 195
32 200
32 332
32 440
32 454
32 459
32 541
32 544
32 550
32 555
32 559
32 572
32 578
32 579
33 195
33 201
33 332
33 440
33 454
33 459
33 540
33 543
33 549
33 553
33 559
33 571
33 576
33 577
33 578
34 195
34 201
34 202
34 331
34 440
34 454
34 459
34 539
34 542
34 548
34 552
34 559
34 571
34 574
34 575
35 195
35 202
35 332
35 440
35 454
35 459
35 537
35 538
35 541
35 547
35 551
35 559
35 572
35 574
36 195
36 196
36 201
36 202
36 333
36 334
36 335
36 336
36 337
36 440
36 454
36 459
36 536
36 539
36 546
36 550
36 559
36 572
37 197
37 198
37 201
37 338
37 339
37 340
37 370
37 371
37 372
37 373
37 374
37 440
37 454
37 459
37 535
37 538
37 545
37 549
37 556
37 557
37 559
37 571
38 198
38 199
38 200
38 341
38 342
38 368
38 369
38 375
38 376
38 440
38 454
38 459
38 534
38 537
38 543
38 547
38 555
38 559
38 571
39 342
39 343
39 366
39 367
39 377
39 440
39 449
39 454
39 459
39 533
39 536
39 542
39 546
39 554
39 559
39 571
40 343
40 344
40 366
40 378
40 439
40 447
40 448
40 450
40 454
40 459
40 532
40 535
40 541
40 545
40 553
40 557
40 559
40 571
41 344
41 345
41 365
41 379
41 380
41 381
41 382
41 440
41 446
41 447
41 450
41 454
41 459
41 531
41 534
41 540
41 544
41 552
41 556
41 559
41 571
42 345
42 346
42 365
42 383
42 384
42 440
42 441
42 442
42 443
42 444
42 445
42 446
42 450
42 454
42 459
42 530
42 533
42 539
42 543
42 551
42 555
42 559
42 571
43 346
43 364
43 385
43 386
43 387
43 450
43 451
43 454
43 459
43 529
43 532
43 538
43 542
43 550
43 554
43 559
43 571
44 346
44 359
44 360
44 361
44 362
44 363
44 364
44 388
44 389
44 451
44 452
44 459
44 528
44 531
44 536
44 540
44 548
44 553
44 559
44 571
45 346
45 356
45 357
45 358
45 389
45 390
45 452
45 459
45 527
45 530
45 535
45 539
45 547
45 551
45 559
45 571
46 347
46 354
46 355
46 390
46 391
46 452
46 459
46 526
46 529
46 534
46 538
46 546
46 550
46 559
46 571
47 347
47 348
47 354
47 391
47 392
47 452
47 459
47 524
47 528
47 533
47 537
47 545
47 549
47 557
47 559
47 571
48 348
48 349
48 353
48 392
48 446
48 447
48 448
48 451
48 452
48 459
48 523
48 526
48 532
48 536
48 544
48 548
48 556
48 557
48 559
48 571
49 349
49 353
49 393
49 446
49 448
49 450
49 451
49 454
49 459
49 522
49 526
49 530
49 534
49 543
49 547
49 555
49 556
49 559
49 571
50 349
50 353
50 393
50 445
50 448
50 450
50 454
50 459
50 521
50 525
50 529
50 533
50 542
50 546
50 554
50 559
50 571
51 350
51 352
51 353
51 393
51 433
51 434
51 435
51 436
51 444
51 445
51 454
51 459
51 520
51 524
51 528
51 532
51 540
51 544
51 553
51 557
51 559
51 571
52 350
52 351
52 352
52 393
52 413
52 414
52 415
52 416
52 417
52 421
52 422
52 423
52 424
52 425
52 431
52 432
52 436
52 444
52 454
52 460
52 519
52 523
52 527
52 531
52 539
52 543
52 552
52 556
52 559
52 571
53 392
53 393
53 408
53 409
53 410
53 411
53 412
53 418
53 419
53 420
53 425
53 426
53 427
53 428
53 429
53 430
53 436
53 443
53 454
53 460
53 526
53 530
53 538
53 542
53 551
53 555
53 559
53 571
54 391
54 392
54 405
54 406
54 407
54 436
54 443
54 454
54 460
54 518
54 525
54 529
54 537
54 541
54 549
54 550
54 554
54 559
54 571
55 391
55 403
55 404
55 437
55 443
55 454
55 460
55 523
55 527
55 536
55 540
55 548
55 549
55 552
55 553
55 559
55 571
56 391
56 392
56 402
56 403
56 437
56 438
56 443
56 454
56 460
56 522
56 526
56 535
56 539
56 547
56 548
56 551
56 552
56 559
56 571
57 393
57 394
57 395
57 396
57 397
57 398
57 399
57 400
57 401
57 402
57 438
57 443
57 454
57 460
57 521
57 525
57 534
57 538
57 546
57 547
57 550
57 551
57 559
57 571
58 439
58 441
58 442
58 454
58 460
58 520
58 524
58 532
58 536
58 545
58 546
58 549
58 550
58 558
58 571
59 439
59 440
59 441
59 454
59 460
59 519
59 523
59 531
59 535
59 544
59 548
59 549
59 558
59 571
60 455
60 456
60 460
60 518
60 521
60 530
60 534
60 543
60 547
60 558
60 571
61 457
61 458
61 460
61 517
61 520
61 529
61 533
61 542
61 546
61 558
61 571
62 458
62 459
62 460
62 516
62 528
62 532
62 541
62 545
62 558
62 571
63 515
63 518
63 527
63 531
63 540
63 544
63 558
63 571
64 513
64 517
64 526
64 529
64 539
64 543
64 558
64 571
65 512
65 516
65 524
65 528
65 538
65 542
65 558
65 571
66 511
66 515
66 523
66 527
66 536
66 540
66 558
66 571
67 510
67 514
67 522
67 526
67 535
67 539
67 558
67 571
68 509
68 512
68 521
68 525
68 534
68 538
68 558
68 571
69 508
69 511
69 520
69 524
69 533
69 537
69 558
69 571
70 506
70 510
70 519
70 522
70 532
70 536
70 558
70 571
71 419
71 420
71 505
71 509
71 518
71 521
71 531
71 535
71 558
71 570
72 418
72 421
72 422
72 423
72 424
72 425
72 426
72 427
72 428
72 429
72 430
72 431
72 432
72 433
72 434
72 435
72 436
72 437
72 504
72 508
72 516
72 520
72 529
72 530
72 534
72 558
72 570
73 418
73 438
73 503
73 507
73 515
73 519
73 528
73 532
73 533
73 558
73 570
74 422
74 423
74 424
74 425
74 426
74 427
74 428
74 429
74 430
74 431
74 432
74 433
74 438
74 503
74 505
74 514
74 518
74 527
74 531
74 558
74 570
75 428
75 513
75 517
75 526
75 530
75 558
75 570
76 428
76 431
76 512
76 516
76 525
76 529
76 558
76 570
77 428
77 431
77 511
77 515
77 524
77 528
77 558
77 570
78 428
78 431
78 509
78 513
78 522
78 527
78 558
78 570
79 428
79 431
79 508
79 512
79 521
79 525
79 558
79 570
80 428
80 431
80 507
80 511
80 520
80 524
80 558
80 570
81 428
81 431
81 506
81 510
81 519
81 523
81 558
81 570
82 428
82 431
82 505
82 509
82 518
82 522
82 558
82 570
83 220
83 221
83 428
83 431
83 504
83 508
83 517
83 521
83 558
83 570
84 219
84 222
84 223
84 427
84 431
84 503
84 506
84 516
84 519
84 558
84 570
85 219
85 224
85 225
85 427
85 431
85 501
85 505
85 515
85 518
85 558
85 570
86 217
86 218
86 226
86 227
86 228
86 229
86 230
86 231
86 427
86 431
86 501
86 504
86 513
86 517
86 558
86 570
87 215
87 216
87 232
87 233
87 234
87 235
87 236
87 237
87 238
87 239
87 240
87 241
87 427
87 431
87 501
87 502
87 503
87 512
87 516
87 558
87 570
88 208
88 209
88 210
88 211
88 212
88 213
88 214
88 241
88 427
88 431
88 511
88 515
88 558
88 570
89 206
89 207
89 242
89 427
89 431
89 510
89 513
89 558
89 570
90 205
90 242
90 427
90 431
90 508
90 512
90 558
90 570
91 204
91 242
91 428
91 429
91 430
91 431
91 507
91 511
91 557
91 570
92 203
92 243
92 506
92 509
92 557
92 570
93 202
93 243
93 505
93 508
93 557
93 570
94 202
94 244
94 503
94 507
94 557
94 570
95 201
95 244
95 245
95 502
95 506
95 557
95 570
96 200
96 246
96 247
96 500
96 504
96 557
96 570
97 199
97 248
97 499
97 503
97 557
97 570
98 199
98 249
98 250
98 498
98 502
98 557
98 570
99 198
99 251
99 498
99 501
99 557
99 570
100 185
100 186
100 187
100 188
100 189
100 195
100 196
100 197
100 252
100 557
100 570
101 151
101 152
101 153
101 154
101 155
101 156
101 157
101 182
101 183
101 184
101 190
101 191
101 192
101 193
101 194
101 253
101 254
101 557
101 570
102 143
102 144
102 145
102 146
102 147
102 148
102 149
102 150
102 158
102 159
102 181
102 255
102 557
102 570
103 141
103 142
103 160
103 161
103 162
103 175
103 176
103 177
103 178
103 179
103 181
103 256
103 557
103 570
104 139
104 140
104 163
104 164
104 165
104 166
104 167
104 168
104 169
104 170
104 171
104 172
104 173
104 174
104 180
104 255
104 557
104 570
105 138
105 255
105 557
105 570
106 137
106 254
106 557
106 570
107 136
107 254
107 557
107 570
108 136
108 253
108 557
108 570
109 136
109 253
109 557
109 570
110 136
110 254
110 557
110 570
111 136
111 255
111 557
111 570
112 136
112 256
112 557
112 570
113 134
113 135
113 256
113 557
113 570
114 132
114 133
114 256
114 557
114 570
115 132
115 257
115 557
115 570
116 131
116 257
116 557
116 570
117 131
117 257
117 557
117 570
118 132
118 133
118 255
118 256
118 557
118 570
119 134
119 255
119 557
119 570
120 135
120 136
120 137
120 138
120 254
120 557
120 570
121 139
121 140
121 141
121 254
121 557
121 570
122 140
122 255
122 256
122 557
122 570
123 140
123 257
123 557
123 570
124 139
124 258
124 557
124 570
125 139
125 259
125 557
125 570
126 138
126 260
126 557
126 570
127 138
127 260
127 557
127 570
128 137
128 261
128 557
128 570
129 135
129 136
129 261
129 557
129 570
130 133
130 134
130 261
130 557
130 570
131 132
131 262
131 557
131 570
132 131
132 262
132 557
132 570
133 131
133 262
133 557
133 570
134 130
134 262
134 556
134 570
135 130
135 262
135 556
135 570
136 131
136 263
136 556
136 570
137 131
137 263
137 556
137 570
138 132
138 263
138 556
138 570
139 132
139 264
139 556
139 570
140 133
140 264
140 556
140 570
141 133
141 265
141 556
141 570
142 134
142 266
142 556
142 570
143 134
143 267
143 556
143 570
144 134
144 267
144 556
144 570
145 134
145 268
145 556
145 570
146 134
146 268
146 556
146 570
147 133
147 269
147 556
147 570
148 131
148 132
148 269
148 556
148 570
149 130
149 270
149 556
149 570
150 131
150 270
150 556
150 570
151 131
151 269
151 556
151 570
152 132
152 263
152 264
152 265
152 266
152 267
152 268
152 269
152 556
152 570
153 133
153 261
153 262
153 556
153 570
154 134
154 261
154 556
154 570
155 134
155 260
155 556
155 570
156 135
156 136
156 137
156 138
156 139
156 140
156 141
156 142
156 260
156 300
156 301
156 302
156 556
156 570
157 260
157 299
157 300
157 302
157 303
157 556
157 570
158 260
158 298
158 299
158 304
158 556
158 570
159 260
159 298
159 304
159 556
159 570
160 260
160 298
160 299
160 303
160 304
160 385
160 386
160 387
160 388
160 389
160 556
160 570
161 260
161 299
161 300
161 301
161 302
161 303
161 384
161 390
161 556
161 570
162 260
162 300
162 302
162 383
162 390
162 556
162 570
163 257
163 258
163 259
163 300
163 302
163 383
163 390
163 556
163 570
164 255
164 256
164 383
164 390
164 556
164 570
165 254
165 383
165 390
165 556
165 570
166 253
166 383
166 390
166 556
166 570
167 252
167 383
167 390
167 556
167 570
168 250
168 251
168 384
168 385
168 390
168 556
168 570
169 247
169 248
169 249
169 386
169 387
169 388
169 389
169 556
169 570
170 242
170 243
170 244
170 245
170 246
170 386
170 388
170 556
170 570
171 239
171 240
171 241
171 386
171 388
171 556
171 570
172 386
172 388
172 556
172 570
173 386
173 388
173 556
173 570
174 386
174 388
174 556
174 570
175 386
175 388
175 556
175 570
176 386
176 388
176 556
176 570
177 386
177 388
177 556
177 570
178 386
178 388
178 555
178 570
179 386
179 388
179 555
179 570
180 386
180 388
180 555
180 570
181 387
181 555
181 570
182 205
182 206
182 207
182 208
182 209
182 210
182 211
182 212
182 213
182 214
182 215
182 216
182 217
182 218
182 219
182 220
182 221
182 222
182 223
182 224
182 225
182 226
182 227
182 387
182 389
182 555
182 570
183 194
183 195
183 196
183 197
183 198
183 199
183 200
183 201
183 202
183 203
183 204
183 228
183 229
183 387
183 389
183 555
183 570
184 190
184 191
184 192
184 193
184 229
184 387
184 389
184 555
184 570
185 187
185 188
185 189
185 230
185 387
185 389
185 555
185 570
186 185
186 186
186 230
186 231
186 387
186 389
186 555
186 570
187 184
187 185
187 231
187 387
187 389
187 555
187 570
188 184
188 232
188 387
188 389
188 555
188 570
189 183
189 232
189 233
189 387
189 389
189 570
190 182
190 183
190 233
190 234
191 73
191 74
191 182
191 234
191 235
191 236
192 71
192 72
192 75
192 88
192 89
192 90
192 91
192 181
192 237
193 71
193 76
193 77
193 78
193 79
193 80
193 81
193 82
193 83
193 84
193 85
193 86
193 87
193 92
193 93
193 94
193 95
193 96
193 97
193 98
193 99
193 100
193 172
193 173
193 174
193 175
193 180
193 181
193 238
193 239
194 58
194 59
194 60
194 61
194 62
194 63
194 64
194 65
194 66
194 67
194 68
194 69
194 70
194 101
194 102
194 103
194 104
194 170
194 171
194 176
194 177
194 180
194 240
194 241
195 41
195 42
195 43
195 44
195 45
195 46
195 47
195 48
195 49
195 50
195 51
195 52
195 53
195 54
195 55
195 56
195 57
195 105
195 106
195 170
195 177
195 178
195 179
195 241
196 25
196 26
196 27
196 28
196 29
196 30
196 31
196 32
196 33
196 34
196 35
196 36
196 37
196 38
196 39
196 40
196 106
196 169
196 242
197 17
197 18
197 19
197 20
197 21
197 22
197 23
197 24
197 106
197 170
197 242
198 14
198 15
198 16
198 107
198 171
198 172
198 173
198 174
198 242
199 12
199 13
199 107
199 108
199 242
200 10
200 11
200 108
200 109
200 173
200 174
200 242
201 8
201 9
201 109
201 110
201 172
201 173
201 242
202 6
202 7
202 110
202 111
202 171
202 172
202 242
203 5
203 6
203 111
203 112
203 170
203 171
203 243
204 3
204 4
204 112
204 113
204 170
204 243
205 2
205 3
205 113
205 114
205 169
205 243
206 0
206 1
206 115
206 116
206 169
206 243
207 116
207 117
207 169
207 242
208 117
208 169
208 242
209 118
209 169
209 242
210 119
210 120
210 169
210 242
211 120
211 169
211 242
212 121
212 169
212 242
213 121
213 169
213 242
214 121
214 169
214 242
215 122
215 169
215 242
216 122
216 169
217 122
217 169
218 122
218 170
219 122
219 170
220 122
220 170
221 122
221 170
222 122
222 170
223 122
223 170
224 123
224 170
225 123
226 123
227 123
228 123
229 124
230 124
231 124
232 124
233 124
234 124
235 124
236 124
237 124
238 124
239 124
240 124
241 124
242 124
243 124
244 124
245 124
246 124
247 124
248 124
249 124
