0 55
0 73
0 149
0 440
0 441
0 442
0 444
0 457
0 465
0 480
0 584
0 585
1 55
1 73
1 149
1 458
1 464
1 465
1 470
1 471
1 472
1 473
1 480
1 582
2 53
2 54
2 55
2 72
2 150
2 439
2 441
2 444
2 458
2 461
2 463
2 464
2 470
2 473
2 480
2 580
2 581
2 585
3 50
3 51
3 52
3 72
3 150
3 439
3 442
3 444
3 458
3 462
3 463
3 471
3 480
3 579
3 583
4 50
4 71
4 150
4 439
4 440
4 442
4 458
4 462
4 471
4 474
4 480
4 577
4 578
4 581
5 50
5 71
5 151
5 441
5 443
5 458
5 463
5 472
5 474
5 479
5 480
5 576
5 579
6 51
6 71
6 151
6 440
6 458
6 463
6 472
6 477
6 478
6 577
6 578
7 51
7 70
7 152
7 439
7 440
7 442
7 458
7 464
7 470
7 473
7 477
8 52
8 70
8 152
8 439
8 441
8 458
8 464
8 470
8 473
8 475
9 52
9 70
9 153
9 438
9 441
9 458
9 464
9 469
9 472
9 475
9 477
10 53
10 70
10 153
10 154
10 439
10 441
10 459
10 464
10 469
10 473
10 475
10 477
11 53
11 70
11 154
11 155
11 439
11 440
11 441
11 442
11 443
11 444
11 445
11 446
11 447
11 448
11 449
11 450
11 451
11 452
11 453
11 454
11 455
11 456
11 457
11 459
11 464
11 465
11 466
11 467
11 468
11 469
11 470
11 471
11 473
11 474
11 475
11 477
12 53
12 69
12 155
12 439
12 459
12 464
12 476
12 477
13 53
13 69
13 155
13 459
13 464
13 468
13 477
13 478
14 51
14 52
14 53
14 69
14 155
14 442
14 443
14 444
14 445
14 446
14 447
14 448
14 449
14 450
14 451
14 452
14 453
14 454
14 455
14 457
14 458
14 459
14 464
14 467
14 469
14 471
14 474
14 478
14 598
14 599
15 49
15 50
15 69
15 155
15 436
15 439
15 440
15 441
15 459
15 463
15 467
15 469
15 472
15 473
15 475
15 476
15 478
15 596
15 597
16 49
16 60
16 61
16 62
16 69
16 155
16 436
16 439
16 459
16 463
16 467
16 469
16 472
16 475
16 478
16 594
16 595
16 599
17 49
17 57
17 58
17 59
17 63
17 64
17 69
17 156
17 436
17 437
17 439
17 456
17 459
17 463
17 473
17 476
17 477
17 478
17 592
17 593
17 598
18 49
18 50
18 55
18 56
18 65
18 66
18 70
18 156
18 438
18 440
18 456
18 458
18 463
18 466
18 468
18 473
18 590
18 595
19 50
19 51
19 52
19 53
19 54
19 55
19 66
19 70
19 157
19 435
19 437
19 440
19 459
19 463
19 466
19 468
19 472
19 588
19 593
20 66
20 71
20 157
20 435
20 437
20 440
20 447
20 448
20 449
20 455
20 457
20 459
20 463
20 471
20 472
20 586
20 587
20 591
21 66
21 71
21 157
21 435
21 436
21 437
21 440
21 444
21 445
21 446
21 450
21 451
21 455
21 457
21 459
21 463
21 465
21 467
21 471
21 584
21 585
21 589
21 604
21 606
22 67
22 71
22 158
22 438
22 441
22 442
22 443
22 447
22 448
22 449
22 454
22 459
22 463
22 465
22 467
22 469
22 470
22 582
22 583
22 587
22 601
22 602
23 67
23 71
23 158
23 159
23 160
23 434
23 436
23 444
23 445
23 446
23 450
23 453
23 456
23 459
23 463
23 471
23 579
23 580
23 581
23 585
23 599
23 600
23 605
23 608
24 68
24 71
24 161
24 162
24 434
24 436
24 440
24 441
24 442
24 443
24 451
24 454
24 456
24 459
24 463
24 469
24 470
24 471
24 472
24 578
24 583
24 598
24 602
24 607
25 68
25 70
25 71
25 162
25 412
25 413
25 414
25 415
25 416
25 434
25 435
25 436
25 454
25 459
25 463
25 465
25 467
25 473
25 474
25 578
25 580
25 581
25 596
25 597
25 600
25 604
26 68
26 70
26 162
26 408
26 409
26 410
26 411
26 417
26 418
26 419
26 420
26 452
26 459
26 463
26 465
26 475
26 476
26 594
26 595
26 598
26 603
26 607
27 162
27 406
27 407
27 421
27 422
27 423
27 433
27 435
27 452
27 464
27 477
27 593
27 596
27 597
27 601
27 605
28 162
28 406
28 424
28 425
28 426
28 433
28 435
28 452
28 457
28 458
28 460
28 464
28 474
28 477
28 594
28 595
28 604
29 161
29 162
29 395
29 408
29 409
29 410
29 411
29 412
29 413
29 414
29 415
29 416
29 417
29 418
29 419
29 420
29 421
29 427
29 428
29 429
29 430
29 431
29 434
29 435
29 453
29 455
29 460
29 464
29 468
29 471
29 472
29 477
29 599
29 601
30 160
30 393
30 394
30 396
30 397
30 424
30 425
30 432
30 433
30 453
30 459
30 460
30 464
30 466
30 467
30 469
30 470
30 475
30 476
31 159
31 392
31 393
31 397
31 426
31 427
31 434
31 436
31 437
31 438
31 451
31 454
31 464
31 466
31 471
31 474
31 475
32 159
32 391
32 392
32 398
32 429
32 430
32 431
32 439
32 440
32 441
32 451
32 454
32 458
32 468
32 469
32 472
32 473
33 158
33 390
33 391
33 398
33 432
33 433
33 434
33 442
33 443
33 444
33 454
33 457
33 459
33 464
33 468
33 471
33 472
33 562
34 158
34 389
34 390
34 399
34 435
34 436
34 437
34 445
34 446
34 447
34 450
34 452
34 454
34 457
34 459
34 464
34 467
34 470
34 471
34 560
34 561
35 158
35 387
35 388
35 399
35 400
35 431
35 433
35 438
35 439
35 440
35 448
35 449
35 450
35 452
35 454
35 457
35 466
35 469
35 558
35 584
35 585
36 158
36 386
36 387
36 400
36 431
36 433
36 441
36 442
36 443
36 452
36 457
36 460
36 465
36 468
36 556
36 557
36 560
36 561
36 582
36 583
37 158
37 385
37 386
37 401
37 402
37 403
37 404
37 405
37 431
37 432
37 433
37 444
37 445
37 446
37 458
37 460
37 464
37 467
37 554
37 555
37 580
37 581
37 584
37 585
38 158
38 385
38 406
38 407
38 447
38 448
38 458
38 464
38 467
38 552
38 553
38 556
38 557
38 578
38 579
38 582
38 583
39 158
39 348
39 349
39 350
39 351
39 384
39 407
39 408
39 430
39 432
39 449
39 450
39 451
39 459
39 464
39 467
39 550
39 551
39 554
39 555
39 576
39 577
39 580
39 581
40 158
40 346
40 347
40 351
40 384
40 408
40 409
40 430
40 432
40 452
40 453
40 459
40 464
40 467
40 548
40 549
40 552
40 553
40 574
40 575
40 578
40 579
41 158
41 345
41 346
41 352
41 384
41 409
41 430
41 431
41 432
41 448
41 450
41 453
41 459
41 461
41 464
41 468
41 469
41 470
41 471
41 545
41 546
41 550
41 551
41 571
41 572
41 576
41 577
42 157
42 345
42 352
42 353
42 354
42 355
42 356
42 357
42 384
42 409
42 450
42 453
42 457
42 458
42 459
42 461
42 464
42 472
42 473
42 474
42 543
42 544
42 548
42 549
42 569
42 570
42 574
42 575
43 157
43 344
43 358
43 359
43 384
43 409
43 429
43 431
43 447
43 449
43 454
43 457
43 461
43 464
43 475
43 476
43 541
43 542
43 546
43 567
43 568
43 571
43 572
44 157
44 343
44 344
44 360
44 361
44 379
44 380
44 381
44 382
44 383
44 384
44 409
44 429
44 431
44 447
44 449
44 454
44 457
44 459
44 464
44 476
44 539
44 540
44 544
44 565
44 566
44 569
44 570
45 156
45 340
45 341
45 342
45 361
45 362
45 363
45 364
45 365
45 366
45 367
45 368
45 369
45 370
45 377
45 378
45 409
45 410
45 454
45 457
45 459
45 465
45 476
45 537
45 538
45 542
45 563
45 564
45 567
45 568
46 156
46 337
46 338
46 339
46 371
46 372
46 373
46 374
46 375
46 376
46 377
46 410
46 411
46 446
46 448
46 454
46 457
46 460
46 465
46 476
46 535
46 536
46 539
46 540
46 561
46 562
46 565
46 566
47 157
47 336
47 411
47 412
47 428
47 430
47 446
47 448
47 454
47 457
47 460
47 465
47 477
47 532
47 533
47 537
47 538
47 558
47 559
47 563
47 564
48 157
48 335
48 413
48 428
48 430
48 454
48 457
48 460
48 466
48 467
48 468
48 469
48 470
48 471
48 472
48 477
48 478
48 529
48 530
48 531
48 535
48 536
48 556
48 557
48 561
48 562
49 157
49 335
49 414
49 445
49 447
49 454
49 457
49 460
49 465
49 472
49 479
49 480
49 527
49 528
49 532
49 533
49 554
49 555
49 559
50 157
50 335
50 414
50 415
50 445
50 447
50 454
50 457
50 460
50 466
50 467
50 468
50 469
50 470
50 471
50 472
50 480
50 525
50 526
50 529
50 530
50 531
50 552
50 553
50 556
50 557
51 157
51 336
51 415
51 416
51 417
51 418
51 427
51 429
51 454
51 457
51 460
51 465
51 481
51 523
51 524
51 527
51 528
51 550
51 551
51 554
51 555
52 157
52 336
52 337
52 419
52 420
52 427
52 429
52 444
52 446
52 454
52 457
52 460
52 465
52 481
52 482
52 520
52 521
52 525
52 526
52 548
52 549
52 552
52 553
53 157
53 337
53 420
53 421
53 444
53 446
53 454
53 457
53 460
53 465
53 482
53 483
53 517
53 518
53 523
53 524
53 545
53 546
53 550
53 551
54 157
54 337
54 421
54 426
54 428
54 443
54 445
54 453
54 454
54 457
54 460
54 465
54 484
54 485
54 515
54 516
54 520
54 521
54 543
54 544
54 548
54 549
55 157
55 182
55 183
55 184
55 337
55 422
55 426
55 428
55 443
55 445
55 452
55 455
55 457
55 460
55 465
55 486
55 487
55 518
55 519
55 541
55 542
55 545
55 546
56 157
56 172
56 173
56 174
56 175
56 176
56 177
56 178
56 179
56 180
56 181
56 185
56 186
56 333
56 334
56 335
56 336
56 337
56 422
56 426
56 427
56 428
56 452
56 455
56 457
56 461
56 465
56 480
56 481
56 487
56 513
56 515
56 516
56 538
56 539
56 540
56 543
56 544
57 156
57 170
57 171
57 186
57 331
57 332
57 422
57 442
57 444
57 451
57 453
57 457
57 461
57 465
57 479
57 482
57 483
57 484
57 485
57 486
57 487
57 536
57 537
57 541
57 542
58 155
58 156
58 168
58 169
58 186
58 312
58 313
58 329
58 330
58 422
58 425
58 427
58 442
58 444
58 451
58 453
58 457
58 461
58 465
58 478
58 534
58 535
58 539
58 540
59 154
59 155
59 167
59 168
59 186
59 310
59 311
59 314
59 315
59 328
59 329
59 422
59 425
59 427
59 450
59 454
59 458
59 461
59 465
59 475
59 476
59 477
59 531
59 532
59 533
59 537
60 154
60 165
60 166
60 185
60 186
60 310
60 315
60 316
60 317
60 327
60 328
60 422
60 425
60 426
60 427
60 441
60 443
60 450
60 452
60 454
60 458
60 461
60 465
60 468
60 469
60 470
60 471
60 472
60 473
60 474
60 529
60 530
60 534
60 535
61 154
61 155
61 163
61 164
61 185
61 309
61 318
61 319
61 320
61 326
61 327
61 422
61 441
61 443
61 452
61 454
61 458
61 461
61 465
61 466
61 467
61 526
61 527
61 532
61 533
62 156
62 157
62 158
62 159
62 160
62 161
62 162
62 163
62 184
62 295
62 296
62 297
62 298
62 299
62 300
62 301
62 309
62 321
62 322
62 323
62 324
62 325
62 326
62 422
62 426
62 440
62 442
62 449
62 451
62 454
62 458
62 462
62 464
62 523
62 524
62 525
62 530
63 180
63 181
63 182
63 183
63 293
63 294
63 302
63 303
63 310
63 422
63 426
63 440
63 442
63 449
63 451
63 454
63 458
63 461
63 521
63 522
63 527
64 178
64 179
64 292
64 293
64 303
64 304
64 310
64 422
64 425
64 426
64 440
64 442
64 448
64 454
64 460
64 518
64 519
64 520
64 524
64 525
65 177
65 178
65 291
65 292
65 304
65 305
65 310
65 422
65 439
65 441
65 448
65 450
65 454
65 515
65 516
65 521
65 522
66 176
66 177
66 289
66 290
66 306
66 307
66 308
66 309
66 310
66 422
66 425
66 439
66 441
66 450
66 455
66 458
66 512
66 513
66 518
66 519
66 520
67 174
67 175
67 289
67 422
67 425
67 447
67 449
67 455
67 458
67 511
67 515
67 516
68 173
68 288
68 422
68 424
68 425
68 447
68 449
68 455
68 458
68 512
68 513
69 172
69 287
69 288
69 422
69 438
69 440
69 446
69 448
69 455
69 458
70 172
70 286
70 287
70 423
70 438
70 440
70 446
70 448
70 455
70 458
71 171
71 172
71 282
71 283
71 284
71 285
71 286
71 423
71 437
71 445
71 455
71 458
72 170
72 171
72 280
72 281
72 423
72 437
72 439
72 445
72 447
72 455
72 458
73 165
73 166
73 167
73 168
73 169
73 170
73 278
73 279
73 423
73 439
73 447
73 456
74 163
74 164
74 278
74 423
74 436
74 438
74 444
74 446
74 456
75 161
75 162
75 277
75 423
75 436
75 438
75 444
75 446
75 456
76 160
76 161
76 277
76 423
76 443
76 445
76 455
76 456
77 157
77 158
77 159
77 276
77 423
77 437
77 438
77 439
77 440
77 443
77 445
77 454
77 455
78 155
78 156
78 276
78 424
78 435
78 436
78 441
78 453
78 454
79 155
79 276
79 424
79 433
79 434
79 441
79 444
79 452
79 453
80 154
80 276
80 424
80 432
80 433
80 441
80 444
80 450
80 451
81 155
81 277
81 424
81 432
81 440
81 442
81 443
81 448
81 449
82 155
82 273
82 274
82 275
82 424
82 431
82 440
82 443
82 446
82 447
83 156
83 271
83 272
83 424
83 430
83 431
83 441
83 443
83 444
83 445
83 446
84 156
84 157
84 158
84 159
84 271
84 424
84 429
84 430
84 442
85 160
85 161
85 162
85 163
85 270
85 424
85 428
85 429
86 164
86 165
86 271
86 425
86 428
87 165
87 271
87 425
87 426
87 427
88 165
88 271
89 165
89 271
90 166
90 271
91 166
91 167
91 263
91 271
92 167
92 168
92 262
92 264
92 265
92 266
92 267
92 268
92 269
92 270
92 271
93 168
93 169
93 261
94 169
94 262
95 170
95 262
96 170
96 263
97 170
97 263
97 264
98 170
98 264
99 169
99 265
100 169
100 265
101 168
101 169
101 255
101 266
102 167
102 168
102 253
102 254
102 256
102 257
102 266
103 166
103 167
103 252
103 258
103 259
103 266
104 160
104 161
104 162
104 163
104 164
104 165
104 251
104 260
104 261
104 266
105 154
105 155
105 156
105 157
105 158
105 250
105 251
105 261
105 262
105 263
105 264
105 265
105 266
106 125
106 126
106 127
106 153
106 154
106 158
106 159
106 160
106 161
106 162
106 163
106 164
106 165
106 166
106 204
106 205
106 249
107 122
107 123
107 124
107 128
107 129
107 130
107 131
107 151
107 152
107 167
107 168
107 169
107 170
107 171
107 172
107 173
107 174
107 175
107 176
107 177
107 178
107 202
107 203
107 206
107 207
107 249
108 121
108 132
108 133
108 134
108 135
108 150
108 151
108 179
108 180
108 181
108 182
108 183
108 184
108 185
108 186
108 187
108 201
108 202
108 207
108 208
108 249
108 250
109 120
109 136
109 137
109 138
109 139
109 140
109 141
109 142
109 143
109 149
109 150
109 188
109 189
109 190
109 191
109 192
109 193
109 194
109 195
109 196
109 200
109 201
109 208
109 209
109 250
109 251
110 121
110 144
110 145
110 146
110 147
110 148
110 149
110 197
110 198
110 199
110 200
110 209
110 251
111 121
111 197
111 209
111 251
112 121
112 196
112 209
112 252
113 121
113 196
113 209
113 210
113 211
113 212
113 213
113 214
113 215
113 216
113 230
113 231
113 232
113 233
113 253
114 121
114 196
114 209
114 217
114 218
114 219
114 220
114 221
114 222
114 223
114 224
114 225
114 226
114 227
114 228
114 229
114 234
114 235
114 236
114 237
114 238
114 239
114 240
114 241
114 253
115 122
115 136
115 196
115 208
115 242
115 243
115 244
115 245
115 246
115 247
115 248
115 253
116 123
116 124
116 125
116 126
116 127
116 128
116 129
116 130
116 131
116 132
116 133
116 134
116 135
116 137
116 138
116 139
116 140
116 196
116 208
116 249
116 250
116 251
116 252
116 253
117 141
117 142
117 196
117 209
117 248
117 249
118 142
118 196
118 209
118 247
118 248
119 142
119 196
119 210
119 246
119 247
120 142
120 196
120 210
120 211
120 246
121 142
121 196
121 211
121 245
122 142
122 189
122 190
122 191
122 192
122 195
122 212
122 217
122 245
123 142
123 188
123 193
123 194
123 195
123 212
123 215
123 216
123 218
123 219
123 244
124 142
124 187
124 212
124 215
124 219
124 220
124 244
125 142
125 188
125 213
125 220
125 244
126 142
126 188
126 189
126 213
126 220
126 244
127 142
127 164
127 189
127 190
127 220
127 244
128 142
128 163
128 165
128 190
128 221
128 243
128 244
129 142
129 163
129 165
129 175
129 190
129 221
129 222
129 242
129 243
130 142
130 163
130 165
130 173
130 174
130 190
130 222
130 223
130 241
130 242
131 142
131 163
131 165
131 171
131 172
131 190
131 224
131 241
132 142
132 163
132 165
132 169
132 170
132 173
132 174
132 190
132 225
132 240
133 143
133 144
133 163
133 165
133 167
133 168
133 171
133 172
133 185
133 186
133 187
133 188
133 189
133 190
133 225
133 240
134 145
134 146
134 147
134 148
134 163
134 169
134 170
134 182
134 183
134 184
134 225
134 240
135 141
135 142
135 143
135 150
135 151
135 152
135 163
135 168
135 180
135 181
135 225
135 240
136 141
136 146
136 147
136 153
136 154
136 155
136 156
136 157
136 163
136 166
136 179
136 180
136 225
136 240
137 139
137 140
137 141
137 150
137 151
137 158
137 159
137 160
137 162
137 163
137 165
137 178
137 179
137 226
137 240
138 137
138 138
138 153
138 154
138 161
138 165
138 178
138 226
138 240
139 126
139 127
139 128
139 129
139 130
139 131
139 132
139 133
139 134
139 135
139 136
139 156
139 157
139 158
139 163
139 165
139 177
139 227
139 240
140 125
140 154
140 155
140 160
140 165
140 177
140 227
140 228
140 240
141 125
141 153
141 157
141 158
141 165
141 177
141 228
141 229
141 240
142 125
142 126
142 127
142 140
142 141
142 142
142 143
142 144
142 151
142 152
142 159
142 160
142 161
142 164
142 177
142 230
142 240
143 128
143 129
143 130
143 131
143 132
143 133
143 134
143 135
143 136
143 137
143 138
143 139
143 145
143 146
143 147
143 148
143 149
143 150
143 164
143 177
143 231
143 241
144 164
144 178
144 231
144 232
144 241
145 164
145 179
145 180
145 232
145 233
145 242
146 165
146 180
146 181
146 234
146 235
146 242
147 163
147 165
147 182
147 183
147 235
147 236
147 242
148 162
148 164
148 184
148 185
148 236
148 242
149 162
149 164
149 185
149 237
149 242
150 161
150 162
150 185
150 237
150 238
150 239
150 240
150 241
150 242
151 161
151 163
151 185
152 122
152 123
152 124
152 160
152 163
152 185
153 120
153 121
153 125
153 126
153 159
153 160
153 163
153 183
153 184
153 185
154 119
154 120
154 126
154 127
154 159
154 163
154 181
154 182
155 118
155 127
155 129
155 158
155 163
155 180
155 181
156 116
156 117
156 126
156 129
156 132
156 157
156 158
156 163
156 179
156 180
157 113
157 114
157 115
157 126
157 130
157 131
157 133
157 134
157 139
157 140
157 141
157 142
157 143
157 144
157 157
157 163
157 179
158 111
158 112
158 114
158 126
158 130
158 134
158 135
158 136
158 137
158 138
158 144
158 146
158 147
158 156
158 163
158 178
159 111
159 114
159 126
159 130
159 140
159 141
159 142
159 143
159 144
159 148
159 149
159 156
159 163
159 176
159 177
160 111
160 114
160 126
160 130
160 138
160 150
160 151
160 156
160 159
160 163
160 174
160 175
161 111
161 112
161 114
161 127
161 128
161 129
161 130
161 137
161 156
161 158
161 160
161 163
161 174
162 112
162 114
162 137
162 146
162 147
162 148
162 149
162 150
162 151
162 152
162 153
162 154
162 160
162 163
162 173
163 114
163 138
163 139
163 140
163 141
163 142
163 143
163 144
163 145
163 154
163 161
163 163
163 173
164 115
164 116
164 117
164 118
164 119
164 120
164 151
164 152
164 161
164 173
165 121
165 122
165 123
165 151
165 161
165 166
165 173
166 124
166 125
166 150
166 162
166 166
166 167
166 173
167 125
167 126
167 150
167 162
167 164
167 168
167 169
167 173
168 127
168 128
168 150
168 162
168 164
168 166
168 169
168 173
169 129
169 130
169 149
169 162
169 164
169 166
169 169
169 173
170 130
170 131
170 149
170 162
170 164
170 166
170 169
170 173
170 639
171 132
171 133
171 134
171 135
171 148
171 162
171 164
171 166
171 170
171 171
171 172
171 311
172 136
172 137
172 138
172 148
172 162
172 164
172 166
172 302
172 311
173 139
173 140
173 148
173 162
173 163
173 166
173 302
173 311
174 141
174 142
174 143
174 144
174 147
174 166
174 302
174 311
175 145
175 147
175 163
175 166
175 302
175 311
176 145
176 147
176 163
176 166
176 302
176 312
177 163
177 166
177 205
177 209
177 302
177 312
178 163
178 166
178 205
178 209
178 302
178 312
179 163
179 166
179 205
179 209
179 302
179 312
180 163
180 166
180 205
180 209
180 302
181 156
181 157
181 158
181 163
181 166
181 205
181 210
181 267
181 268
181 302
182 154
182 155
182 163
182 166
182 205
182 210
182 265
182 266
182 269
182 270
182 271
183 152
183 153
183 158
183 161
183 163
183 166
183 205
183 210
183 264
183 272
183 273
184 152
184 158
184 162
184 166
184 205
184 210
184 263
184 273
184 274
185 151
185 158
185 159
185 162
185 166
185 206
185 210
185 263
185 274
186 151
186 159
186 162
186 166
186 206
186 210
186 262
186 263
186 274
186 284
186 285
186 286
186 287
186 288
187 151
187 159
187 162
187 166
187 206
187 210
187 261
187 262
187 274
187 281
187 282
187 283
187 289
188 152
188 153
188 154
188 155
188 156
188 157
188 158
188 159
188 162
188 166
188 206
188 210
188 260
188 261
188 269
188 270
188 271
188 272
188 274
188 280
188 289
189 162
189 166
189 206
189 211
189 227
189 228
189 229
189 230
189 231
189 256
189 260
189 263
189 264
189 265
189 266
189 267
189 268
189 275
189 280
189 283
189 284
189 285
189 286
190 160
190 162
190 166
190 201
190 202
190 206
190 211
190 219
190 220
190 221
190 222
190 227
190 232
190 233
190 234
190 235
190 240
190 241
190 242
190 243
190 244
190 245
190 246
190 250
190 254
190 255
190 257
190 260
190 275
191 166
191 179
191 180
191 199
191 200
191 203
191 204
191 205
191 206
191 211
191 217
191 218
191 223
191 224
191 225
191 227
191 236
191 237
191 238
191 239
191 243
191 247
191 248
191 249
191 251
191 254
191 257
191 270
191 271
191 272
191 273
191 274
191 275
192 160
192 161
192 162
192 163
192 174
192 177
192 178
192 181
192 182
192 183
192 184
192 185
192 186
192 187
192 188
192 192
192 193
192 194
192 195
192 196
192 197
192 198
192 207
192 211
192 216
192 225
192 237
192 239
192 241
192 243
192 244
192 251
192 257
192 267
192 268
192 269
193 159
193 163
193 166
193 167
193 168
193 172
193 173
193 175
193 176
193 177
193 189
193 190
193 191
193 207
193 215
193 225
193 230
193 231
193 237
193 239
193 245
193 251
193 257
193 262
193 263
193 264
193 265
193 266
194 159
194 163
194 166
194 169
194 170
194 172
194 189
194 191
194 198
194 207
194 215
194 225
194 228
194 230
194 237
194 239
194 240
194 241
194 245
194 251
194 257
194 260
194 261
195 149
195 151
195 152
195 159
195 163
195 166
195 170
195 172
195 178
195 179
195 189
195 191
195 198
195 201
195 207
195 215
195 216
195 217
195 218
195 245
195 250
195 251
195 254
195 255
195 256
196 153
196 154
196 155
196 159
196 160
196 163
196 166
196 170
196 172
196 179
196 198
196 200
196 202
196 207
196 215
196 246
196 247
196 248
196 249
196 250
197 151
197 156
197 157
197 163
197 166
197 170
197 172
197 200
197 202
197 207
198 153
198 154
198 158
198 159
198 160
198 163
198 166
198 197
198 198
198 199
198 200
198 201
198 202
198 204
198 205
198 206
199 154
199 155
199 160
199 163
199 167
199 201
199 203
200 155
200 156
200 160
200 163
200 167
200 185
200 200
201 156
201 160
201 163
201 185
202 156
202 157
202 160
202 161
202 166
202 182
202 185
203 157
203 158
203 159
203 166
203 183
203 185
204 162
204 183
233 639
