0 462
0 481
0 506
0 507
0 558
1 462
1 463
1 480
1 481
1 508
1 509
1 556
1 557
2 463
2 480
2 510
2 511
2 556
3 463
3 480
3 481
3 512
3 513
3 556
4 464
4 481
4 482
4 514
4 557
4 558
4 559
4 560
5 464
5 482
5 483
5 515
5 524
5 561
5 562
5 563
5 564
5 565
5 566
5 567
5 568
5 569
5 570
5 571
5 572
5 573
5 574
6 464
6 483
6 484
6 515
6 516
6 522
6 523
6 525
6 526
6 575
6 576
7 464
7 484
7 516
7 517
7 521
7 522
7 526
7 527
7 577
8 464
8 477
8 478
8 484
8 517
8 521
8 527
8 577
9 464
9 475
9 476
9 479
9 480
9 481
9 482
9 483
9 484
9 517
9 520
9 528
9 578
10 464
10 472
10 473
10 474
10 475
10 517
10 520
10 528
10 578
10 579
10 580
10 581
11 465
11 466
11 467
11 468
11 469
11 470
11 471
11 517
11 519
11 529
11 581
12 517
12 519
12 530
12 581
13 517
13 519
13 531
13 581
14 531
14 532
14 581
15 532
15 581
16 532
16 582
17 532
17 582
18 530
18 531
18 583
19 529
19 530
19 583
20 529
20 583
21 529
21 530
21 583
22 530
22 531
22 583
23 531
23 583
24 532
24 559
24 583
25 532
25 557
25 558
25 560
25 561
25 562
25 563
25 564
25 565
25 566
25 572
25 573
25 583
26 533
26 534
26 535
26 536
26 557
26 567
26 570
26 571
26 574
26 575
26 581
26 582
26 583
27 537
27 538
27 556
27 568
27 569
27 570
27 575
27 579
27 580
28 538
28 539
28 556
28 576
28 577
28 578
28 579
29 539
29 540
29 541
29 542
29 543
29 544
29 545
29 546
29 547
29 556
30 548
30 556
31 549
31 555
32 549
32 550
32 551
32 552
32 553
32 554
32 555
33 483
34 482
35 482
36 481
37 481
38 480
39 479
40 478
41 477
42 475
42 476
43 474
44 473
45 472
46 471
47 470
48 468
48 469
49 465
49 466
49 467
50 461
50 462
50 463
50 464
51 459
51 460
52 458
53 456
53 457
54 455
55 453
55 454
56 452
57 450
57 451
58 449
59 450
60 450
61 451
62 452
63 453
63 454
64 455
64 456
65 457
66 458
66 459
67 445
67 446
67 447
67 460
68 443
68 444
68 448
68 449
68 459
69 441
69 442
69 450
69 451
69 458
70 439
70 440
70 452
70 453
70 454
70 455
70 456
70 457
71 437
71 438
72 435
72 436
73 435
74 434
75 434
76 433
77 433
78 432
79 432
80 432
81 431
82 431
83 431
84 431
85 430
86 430
87 430
88 431
88 432
89 433
90 433
91 433
92 433
93 433
94 434
95 434
96 434
97 434
98 435
98 436
99 437
100 438
101 439
101 440
102 441
102 442
103 443
104 444
104 445
105 446
106 445
107 445
108 444
109 444
110 443
111 443
112 442
113 442
114 443
115 443
116 444
117 444
118 444
119 445
120 445
121 446
122 446
123 447
124 447
125 445
125 446
126 444
127 444
128 444
129 444
130 444
130 639
131 444
131 634
131 635
131 636
131 637
131 638
132 444
132 630
132 631
132 632
132 633
133 444
133 626
133 627
133 628
133 629
134 442
134 443
134 622
134 623
134 624
134 625
135 441
135 618
135 619
135 620
135 621
136 441
136 615
136 616
136 617
137 442
137 609
137 610
137 611
137 612
137 613
137 614
138 442
138 443
138 444
138 445
138 446
138 605
138 606
138 607
138 608
139 447
139 448
139 449
139 450
139 601
139 602
139 603
139 604
140 451
140 452
140 598
140 599
140 600
141 453
141 594
141 595
141 596
141 597
142 454
142 455
142 456
142 457
142 590
142 591
142 592
142 593
143 458
143 459
143 460
143 461
143 585
143 586
143 587
143 588
143 589
144 461
144 576
144 581
144 582
144 583
144 584
145 461
145 575
145 577
145 578
145 579
145 580
146 460
146 574
147 460
147 574
148 460
148 570
148 571
148 572
148 573
148 574
149 460
149 461
149 562
149 563
149 564
149 565
149 566
149 567
149 568
149 569
150 462
150 463
150 473
150 474
150 556
150 557
150 558
150 559
150 560
150 561
151 464
151 465
151 466
151 472
151 475
151 476
151 550
151 551
151 552
151 553
151 554
151 555
152 467
152 468
152 471
152 477
152 544
152 545
152 546
152 547
152 548
152 549
153 469
153 470
153 477
153 538
153 539
153 540
153 541
153 542
153 543
154 477
154 531
154 532
154 533
154 534
154 535
154 536
154 537
155 477
155 523
155 524
155 525
155 526
155 527
155 528
155 529
155 530
156 477
156 517
156 518
156 519
156 520
156 521
156 522
157 477
157 511
157 512
157 513
157 514
157 515
157 516
158 477
158 505
158 506
158 507
158 508
158 509
158 510
158 526
159 477
159 499
159 500
159 501
159 502
159 503
159 504
159 522
159 526
160 477
160 492
160 493
160 494
160 495
160 496
160 497
160 498
160 519
160 522
160 526
161 484
161 485
161 486
161 487
161 488
161 489
161 490
161 491
161 519
161 522
161 526
162 478
162 479
162 480
162 481
162 482
162 483
162 519
162 522
162 526
163 473
163 474
163 475
163 476
163 477
163 519
163 522
163 526
164 471
164 472
164 519
164 523
164 526
165 471
165 520
165 523
165 526
166 470
166 520
166 523
166 527
167 471
167 520
167 523
167 527
168 471
168 520
168 523
168 527
169 471
169 520
169 523
169 527
170 471
170 520
170 523
170 527
171 471
171 520
171 523
171 527
172 471
172 520
172 523
172 527
173 471
173 521
173 523
173 527
174 472
174 521
174 524
174 527
175 472
175 521
175 524
175 527
176 472
176 521
176 524
176 527
177 472
177 521
177 524
177 527
178 472
178 521
178 524
178 527
179 472
179 521
179 524
179 527
180 440
180 472
180 521
180 524
180 528
181 439
181 441
181 442
181 473
181 522
181 524
181 528
182 412
182 413
182 439
182 441
182 443
182 473
182 522
182 524
182 528
183 411
183 412
183 439
183 443
183 473
183 522
183 524
183 528
184 362
184 411
184 413
184 439
184 442
184 473
184 522
184 525
184 528
185 352
185 353
185 361
185 363
185 410
185 413
185 439
185 442
185 473
185 522
185 525
185 528
186 352
186 361
186 363
186 410
186 413
186 439
186 442
186 473
186 522
186 525
186 528
187 351
187 361
187 363
187 409
187 413
187 439
187 442
187 474
187 522
187 525
187 528
188 162
188 163
188 164
188 351
188 361
188 362
188 363
188 409
188 413
188 439
188 443
188 474
188 522
188 525
188 528
189 121
189 122
189 162
189 164
189 351
189 361
189 363
189 409
189 413
189 443
189 474
189 523
189 525
189 528
190 121
190 151
190 152
190 153
190 162
190 164
190 351
190 360
190 363
190 409
190 413
190 474
190 523
190 525
190 528
191 120
191 151
191 153
191 161
191 164
191 351
191 360
191 363
191 409
191 413
191 474
191 523
191 525
191 528
192 120
192 122
192 151
192 153
192 161
192 164
192 351
192 360
192 363
192 474
192 523
192 525
192 528
193 119
193 122
193 150
193 153
193 161
193 164
193 351
193 353
193 360
193 363
193 474
193 523
193 525
193 528
194 119
194 150
194 153
194 161
194 164
194 350
194 353
194 360
194 363
194 475
194 523
194 526
194 529
195 119
195 150
195 153
195 161
195 164
195 350
195 353
195 360
195 363
195 475
195 523
195 526
195 529
196 119
196 121
196 150
196 153
196 161
196 164
196 476
196 523
196 526
196 529
197 118
197 121
197 150
197 153
197 161
197 165
197 475
197 477
197 524
197 526
197 529
198 118
198 121
198 150
198 153
198 161
198 165
198 475
198 524
198 526
198 529
199 118
199 150
199 154
199 161
199 165
199 474
199 477
199 524
199 526
199 529
200 118
200 120
200 150
200 154
200 161
200 165
200 474
200 477
200 524
200 526
200 529
201 117
201 120
201 150
201 154
201 161
201 165
201 474
201 477
201 524
201 526
201 529
202 117
202 120
202 150
202 154
202 161
202 165
202 474
202 477
202 524
202 526
203 117
203 120
203 150
203 154
203 161
203 165
203 474
203 477
203 524
203 526
204 117
204 120
204 150
204 154
204 161
204 165
204 474
204 477
204 524
204 527
205 116
205 119
205 150
205 154
205 161
205 165
205 474
205 477
205 525
205 527
206 116
206 119
206 150
206 154
206 161
206 165
206 473
206 477
206 525
206 527
207 116
207 119
207 150
207 154
207 161
207 165
207 473
207 477
207 525
207 527
208 149
208 154
208 161
208 165
208 473
208 477
208 525
208 527
209 473
209 477
209 525
209 527
210 473
210 477
210 525
210 527
211 473
211 477
211 525
211 527
212 473
212 477
212 525
212 527
213 473
213 477
213 526
213 527
214 473
214 477
214 526
214 528
215 473
215 477
215 526
215 528
216 472
216 477
216 526
216 528
217 472
217 477
217 526
217 528
218 472
218 477
218 528
219 472
219 477
220 472
220 477
223 639
