88 284
88 285
88 286
88 287
88 288
88 289
88 290
88 291
88 292
89 283
89 294
89 295
89 296
89 297
89 298
90 283
90 291
90 292
90 300
91 294
91 295
91 296
91 297
91 301
92 299
92 303
93 300
93 304
93 639
94 302
94 305
94 638
95 303
95 306
95 638
96 304
96 307
96 638
97 305
97 308
97 637
98 306
98 638
99 309
99 638
100 307
100 638
101 310
101 638
102 308
102 310
102 639
103 308
103 311
104 309
104 311
105 309
105 639
106 310
106 638
107 310
107 636
107 637
108 0
108 1
108 309
108 311
108 341
108 636
109 1
109 4
109 5
109 6
109 7
109 8
109 309
109 311
109 340
109 342
109 343
109 344
109 345
109 636
110 0
110 1
110 8
110 11
110 12
110 13
110 14
110 15
110 72
110 73
110 309
110 311
110 336
110 341
110 348
110 349
110 350
110 637
111 4
111 5
111 6
111 7
111 8
111 15
111 18
111 19
111 20
111 21
111 22
111 72
111 309
111 311
111 335
111 345
111 346
111 347
111 348
111 351
111 352
111 353
111 354
111 617
111 637
111 638
111 639
112 11
112 12
112 13
112 14
112 15
112 22
112 25
112 26
112 27
112 28
112 29
112 72
112 74
112 309
112 311
112 336
112 340
112 341
112 342
112 343
112 344
112 355
112 356
112 357
112 358
112 615
112 616
112 618
112 619
113 18
113 19
113 20
113 21
113 22
113 29
113 34
113 35
113 36
113 37
113 38
113 72
113 74
113 309
113 311
113 338
113 339
113 345
113 346
113 351
113 352
113 353
113 359
113 360
113 361
113 362
113 363
113 614
113 619
113 620
113 621
113 622
113 623
113 624
114 25
114 26
114 27
114 28
114 29
114 33
114 38
114 41
114 42
114 43
114 44
114 45
114 72
114 74
114 216
114 217
114 218
114 219
114 220
114 221
114 222
114 223
114 225
114 226
114 309
114 311
114 337
114 339
114 340
114 343
114 354
114 356
114 357
114 363
114 365
114 366
114 367
114 613
114 625
114 626
115 12
115 13
115 34
115 35
115 36
115 37
115 38
115 45
115 48
115 49
115 50
115 51
115 52
115 72
115 215
115 309
115 311
115 337
115 340
115 343
115 347
115 348
115 359
115 361
115 363
115 365
115 367
115 369
115 370
115 371
115 613
115 626
116 10
116 11
116 14
116 15
116 16
116 17
116 18
116 19
116 41
116 42
116 43
116 44
116 45
116 52
116 55
116 56
116 57
116 58
116 59
116 71
116 216
116 217
116 218
116 219
116 220
116 221
116 222
116 223
116 226
116 299
116 300
116 309
116 311
116 343
116 344
116 350
116 351
116 352
116 355
116 361
116 363
116 365
116 367
116 369
116 371
116 373
116 374
116 375
116 613
116 627
116 638
116 639
117 10
117 20
117 41
117 45
117 48
117 49
117 50
117 51
117 52
117 59
117 62
117 63
117 64
117 65
117 66
117 71
117 83
117 84
117 85
117 86
117 223
117 224
117 226
117 297
117 298
117 301
117 302
117 303
117 304
117 309
117 311
117 315
117 316
117 317
117 318
117 319
117 339
117 342
117 344
117 353
117 354
117 355
117 360
117 367
117 369
117 375
117 378
117 379
117 380
117 381
117 382
117 614
117 627
117 628
117 637
117 638
118 0
118 1
118 2
118 3
118 4
118 5
118 6
118 7
118 8
118 10
118 11
118 12
118 13
118 14
118 15
118 16
118 17
118 18
118 19
118 20
118 40
118 46
118 55
118 56
118 57
118 58
118 59
118 66
118 69
118 70
118 71
118 82
118 87
118 224
118 295
118 296
118 305
118 306
118 307
118 311
118 313
118 314
118 319
118 335
118 337
118 339
118 345
118 357
118 358
118 359
118 362
118 372
118 375
118 382
118 385
118 386
118 387
118 388
118 484
118 485
118 488
118 489
118 561
118 562
118 563
118 614
118 615
118 628
118 635
118 636
119 23
119 24
119 25
119 26
119 27
119 28
119 29
119 30
119 31
119 32
119 33
119 34
119 35
119 36
119 37
119 38
119 39
119 40
119 41
119 42
119 43
119 44
119 45
119 46
119 48
119 49
119 50
119 51
119 52
119 53
119 61
119 62
119 63
119 64
119 65
119 66
119 67
119 72
119 73
119 74
119 75
119 76
119 77
119 78
119 79
119 80
119 82
119 83
119 84
119 85
119 86
119 87
119 224
119 294
119 295
119 308
119 309
119 311
119 312
119 313
119 319
119 335
119 337
119 339
119 345
119 360
119 361
119 362
119 366
119 374
119 378
119 382
119 388
119 393
119 394
119 395
119 396
119 479
119 480
119 481
119 482
119 483
119 487
119 489
119 491
119 561
119 563
119 616
119 617
119 618
119 619
119 628
119 629
119 630
119 631
119 635
120 40
120 46
120 81
120 89
120 90
120 91
120 92
120 93
120 94
120 224
120 292
120 293
120 309
120 311
120 312
120 319
120 334
120 339
120 345
120 364
120 365
120 366
120 371
120 372
120 375
120 378
120 381
120 384
120 388
120 392
120 396
120 399
120 400
120 401
120 402
120 403
120 471
120 472
120 473
120 474
120 475
120 477
120 484
120 485
120 488
120 489
120 493
120 494
120 495
120 496
120 497
120 559
120 560
120 564
120 620
120 632
120 635
121 9
121 10
121 20
121 21
121 22
121 23
121 24
121 25
121 26
121 27
121 28
121 29
121 30
121 31
121 32
121 33
121 34
121 35
121 36
121 37
121 38
121 39
121 40
121 41
121 42
121 43
121 44
121 45
121 46
121 47
121 48
121 49
121 50
121 51
121 52
121 53
121 54
121 55
121 56
121 57
121 58
121 59
121 60
121 61
121 62
121 63
121 64
121 65
121 66
121 67
121 68
121 69
121 70
121 71
121 72
121 73
121 74
121 75
121 76
121 77
121 81
121 82
121 83
121 84
121 85
121 86
121 87
121 89
121 94
121 98
121 99
121 100
121 101
121 102
121 103
121 224
121 292
121 309
121 311
121 319
121 320
121 339
121 345
121 368
121 369
121 370
121 375
121 378
121 381
121 387
121 390
121 391
121 392
121 394
121 395
121 396
121 403
121 407
121 408
121 409
121 410
121 411
121 412
121 413
121 464
121 465
121 466
121 467
121 468
121 469
121 470
121 477
121 480
121 481
121 482
121 483
121 490
121 491
121 492
121 498
121 499
121 500
121 558
121 564
121 603
121 604
121 605
121 610
121 611
121 612
121 613
121 614
121 615
121 616
121 620
121 632
121 636
121 637
122 9
122 20
122 40
122 46
122 68
122 71
122 73
122 76
122 78
122 79
122 87
122 89
122 90
122 94
122 97
122 103
122 107
122 108
122 109
122 110
122 111
122 112
122 113
122 224
122 292
122 309
122 311
122 321
122 322
122 339
122 344
122 373
122 374
122 375
122 380
122 383
122 386
122 387
122 393
122 397
122 398
122 400
122 401
122 402
122 403
122 406
122 413
122 422
122 423
122 424
122 425
122 426
122 427
122 428
122 429
122 430
122 431
122 432
122 433
122 434
122 435
122 436
122 437
122 438
122 439
122 440
122 441
122 442
122 443
122 444
122 445
122 446
122 447
122 448
122 449
122 450
122 451
122 452
122 453
122 454
122 455
122 456
122 457
122 458
122 459
122 461
122 462
122 463
122 471
122 472
122 473
122 474
122 475
122 480
122 482
122 484
122 486
122 487
122 501
122 502
122 557
122 564
122 600
122 601
122 602
122 606
122 607
122 608
122 609
122 632
123 9
123 20
123 40
123 46
123 69
123 70
123 71
123 72
123 73
123 74
123 75
123 76
123 80
123 81
123 87
123 92
123 98
123 99
123 100
123 101
123 102
123 103
123 106
123 113
123 118
123 119
123 120
123 121
123 122
123 123
123 124
123 224
123 292
123 309
123 311
123 323
123 332
123 334
123 339
123 378
123 379
123 380
123 385
123 388
123 389
123 392
123 393
123 399
123 404
123 405
123 407
123 408
123 409
123 410
123 411
123 412
123 413
123 421
123 460
123 462
123 466
123 467
123 468
123 469
123 470
123 480
123 481
123 482
123 486
123 492
123 493
123 494
123 495
123 496
123 502
123 505
123 506
123 557
123 564
123 597
123 598
123 599
123 633
123 636
123 637
124 0
124 1
124 2
124 9
124 20
124 40
124 46
124 78
124 79
124 87
124 90
124 91
124 93
124 94
124 107
124 108
124 109
124 110
124 111
124 112
124 113
124 117
124 124
124 128
124 129
124 130
124 131
124 132
124 133
124 134
124 224
124 293
124 309
124 311
124 323
124 332
124 334
124 339
124 342
124 343
124 383
124 384
124 385
124 391
124 394
124 395
124 398
124 399
124 405
124 414
124 415
124 416
124 417
124 418
124 419
124 420
124 421
124 425
124 426
124 427
124 428
124 429
124 430
124 431
124 432
124 433
124 434
124 435
124 436
124 437
124 438
124 439
124 440
124 441
124 442
124 455
124 456
124 460
124 483
124 488
124 490
124 491
124 503
124 504
124 509
124 510
124 544
124 545
124 546
124 547
124 555
124 556
124 564
124 593
124 594
124 595
124 596
124 633
124 634
124 635
124 636
125 9
125 20
125 40
125 46
125 80
125 81
125 88
125 89
125 94
125 95
125 118
125 119
125 120
125 121
125 122
125 123
125 124
125 127
125 134
125 142
125 143
125 144
125 145
125 146
125 147
125 148
125 149
125 155
125 156
125 224
125 290
125 291
125 309
125 311
125 324
125 325
125 331
125 339
125 387
125 388
125 389
125 390
125 391
125 397
125 402
125 403
125 406
125 407
125 408
125 409
125 410
125 424
125 442
125 454
125 483
125 487
125 499
125 500
125 505
125 508
125 514
125 515
125 516
125 541
125 542
125 543
125 548
125 549
125 554
125 564
125 590
125 591
125 592
126 2
126 9
126 20
126 40
126 46
126 81
126 88
126 96
126 97
126 128
126 129
126 130
126 131
126 132
126 133
126 134
126 141
126 149
126 153
126 154
126 157
126 158
126 161
126 162
126 163
126 164
126 165
126 166
126 224
126 290
126 309
126 311
126 326
126 327
126 339
126 344
126 346
126 394
126 395
126 396
126 397
126 403
126 414
126 415
126 416
126 417
126 418
126 419
126 420
126 421
126 436
126 443
126 444
126 445
126 446
126 447
126 448
126 449
126 450
126 451
126 452
126 453
126 454
126 483
126 486
126 493
126 494
126 499
126 501
126 503
126 504
126 512
126 513
126 516
126 517
126 518
126 519
126 540
126 549
126 550
126 553
126 565
126 588
126 589
127 1
127 9
127 20
127 40
127 46
127 81
127 87
127 97
127 106
127 115
127 116
127 117
127 118
127 142
127 143
127 144
127 145
127 146
127 147
127 148
127 149
127 152
127 153
127 159
127 160
127 166
127 173
127 174
127 175
127 176
127 177
127 178
127 179
127 180
127 181
127 182
127 183
127 200
127 201
127 202
127 224
127 285
127 290
127 309
127 311
127 327
127 328
127 330
127 331
127 332
127 333
127 334
127 335
127 336
127 337
127 339
127 344
127 346
127 404
127 405
127 406
127 407
127 408
127 409
127 424
127 425
127 426
127 427
127 428
127 429
127 430
127 431
127 432
127 433
127 434
127 435
127 436
127 478
127 479
127 480
127 481
127 482
127 483
127 484
127 485
127 486
127 487
127 488
127 489
127 492
127 494
127 496
127 497
127 498
127 499
127 505
127 506
127 508
127 514
127 515
127 517
127 522
127 523
127 539
127 550
127 551
127 552
127 553
127 565
127 566
127 567
127 568
127 569
127 570
127 571
127 586
127 587
127 588
128 1
128 10
128 11
128 12
128 13
128 14
128 15
128 16
128 17
128 18
128 19
128 20
128 40
128 46
128 80
128 87
128 98
128 104
128 105
128 107
128 114
128 119
128 152
128 155
128 156
128 161
128 163
128 164
128 165
128 166
128 172
128 183
128 190
128 191
128 192
128 193
128 194
128 195
128 196
128 197
128 199
128 200
128 202
128 203
128 224
128 281
128 282
128 283
128 284
128 286
128 290
128 309
128 311
128 328
128 337
128 339
128 342
128 343
128 345
128 501
128 502
128 507
128 510
128 512
128 513
128 527
128 528
128 537
128 538
128 539
128 572
128 573
128 585
129 1
129 41
129 42
129 43
129 44
129 45
129 46
129 80
129 87
129 98
129 99
129 103
129 104
129 108
129 111
129 112
129 120
129 121
129 122
129 123
129 124
129 125
129 151
129 161
129 173
129 174
129 175
129 176
129 177
129 178
129 179
129 182
129 189
129 198
129 203
129 204
129 212
129 213
129 214
129 215
129 216
129 217
129 218
129 224
129 276
129 277
129 278
129 279
129 280
129 286
129 289
129 309
129 311
129 329
129 330
129 337
129 339
129 344
129 356
129 477
129 478
129 479
129 480
129 489
129 490
129 492
129 493
129 494
129 504
129 505
129 506
129 507
129 511
129 514
129 515
129 517
129 520
129 523
129 525
129 535
129 536
129 573
129 584
130 0
130 1
130 79
130 87
130 99
130 102
130 103
130 108
130 109
130 110
130 125
130 126
130 151
130 162
130 163
130 167
130 184
130 185
130 186
130 191
130 192
130 193
130 194
130 201
130 204
130 210
130 211
130 219
130 220
130 221
130 222
130 223
130 226
130 252
130 253
130 254
130 255
130 256
130 257
130 275
130 276
130 286
130 288
130 309
130 311
130 331
130 332
130 333
130 334
130 335
130 338
130 343
130 344
130 354
130 355
130 357
130 474
130 481
130 482
130 483
130 486
130 487
130 509
130 510
130 511
130 516
130 519
130 525
130 528
130 530
130 531
130 532
130 533
130 534
130 573
130 574
130 575
130 576
130 584
131 6
131 7
131 8
131 9
131 10
131 11
131 12
131 13
131 21
131 22
131 79
131 82
131 84
131 85
131 86
131 87
131 100
131 102
131 126
131 150
131 163
131 164
131 165
131 166
131 168
131 179
131 180
131 181
131 182
131 183
131 187
131 188
131 189
131 196
131 197
131 205
131 206
131 207
131 208
131 209
131 218
131 223
131 226
131 250
131 251
131 257
131 258
131 274
131 275
131 309
131 311
131 336
131 337
131 338
131 341
131 342
131 353
131 354
131 358
131 359
131 360
131 361
131 362
131 363
131 364
131 473
131 477
131 481
131 483
131 486
131 489
131 490
131 491
131 514
131 515
131 516
131 520
131 523
131 524
131 530
131 577
131 578
131 579
131 583
132 5
132 13
132 18
132 19
132 20
132 23
132 24
132 25
132 45
132 46
132 79
132 83
132 100
132 101
132 126
132 150
132 169
132 178
132 179
132 190
132 191
132 195
132 212
132 213
132 214
132 215
132 216
132 217
132 218
132 223
132 224
132 226
132 249
132 259
132 260
132 274
132 309
132 311
132 341
132 351
132 352
132 365
132 366
132 472
132 478
132 481
132 483
132 486
132 518
132 519
132 520
132 525
132 529
132 580
132 581
132 582
132 583
133 6
133 7
133 8
133 9
133 10
133 11
133 12
133 13
133 17
133 25
133 30
133 31
133 32
133 33
133 34
133 35
133 36
133 37
133 38
133 44
133 47
133 48
133 77
133 78
133 83
133 127
133 149
133 169
133 177
133 186
133 187
133 188
133 191
133 193
133 194
133 204
133 205
133 206
133 207
133 224
133 227
133 248
133 260
133 261
133 274
133 309
133 311
133 338
133 341
133 342
133 343
133 344
133 345
133 346
133 350
133 351
133 367
133 368
133 471
133 475
133 478
133 482
133 483
133 486
133 523
133 524
133 529
134 18
134 19
134 24
134 25
134 29
134 38
134 42
134 43
134 48
134 49
134 77
134 81
134 83
134 128
134 129
134 149
134 170
134 171
134 172
134 173
134 174
134 175
134 185
134 188
134 189
134 190
134 191
134 196
134 197
134 198
134 204
134 207
134 224
134 227
134 246
134 247
134 248
134 262
134 263
134 264
134 265
134 275
134 276
134 309
134 311
134 338
134 341
134 347
134 348
134 349
134 368
134 432
134 433
134 474
134 479
134 485
134 490
134 491
134 492
134 526
134 527
134 528
135 19
135 23
135 30
135 31
135 32
135 33
135 34
135 35
135 36
135 37
135 38
135 41
135 49
135 54
135 55
135 56
135 57
135 58
135 59
135 60
135 61
135 66
135 67
135 76
135 81
135 83
135 129
135 149
135 184
135 194
135 195
135 199
135 200
135 201
135 202
135 203
135 208
135 209
135 210
135 211
135 212
135 213
135 214
135 215
135 216
135 217
135 218
135 219
135 224
135 228
135 244
135 245
135 266
135 276
135 309
135 311
135 338
135 341
135 369
135 431
135 470
135 472
135 473
135 479
135 482
135 485
135 490
135 492
135 524
135 525
136 18
136 19
136 24
136 25
136 26
136 27
136 28
136 42
136 43
136 49
136 53
136 61
136 65
136 68
136 69
136 70
136 71
136 72
136 73
136 76
136 81
136 83
136 129
136 149
136 184
136 220
136 221
136 222
136 223
136 224
136 228
136 238
136 239
136 243
136 244
136 267
136 268
136 269
136 275
136 276
136 309
136 311
136 338
136 341
136 369
136 370
136 431
136 469
136 480
136 485
136 490
136 493
136 523
136 524
137 17
137 19
137 23
137 29
137 32
137 33
137 34
137 35
137 36
137 37
137 38
137 39
137 40
137 43
137 48
137 54
137 55
137 56
137 57
137 58
137 59
137 60
137 61
137 64
137 68
137 73
137 76
137 81
137 83
137 130
137 148
137 184
137 189
137 191
137 195
137 200
137 201
137 202
137 203
137 229
137 236
137 237
137 240
137 241
137 242
137 270
137 271
137 272
137 273
137 274
137 275
137 309
137 311
137 338
137 341
137 371
137 372
137 373
137 374
137 375
137 376
137 377
137 431
137 467
137 471
137 480
137 481
137 485
137 489
137 494
137 523
138 18
138 19
138 24
138 25
138 26
138 27
138 28
138 29
138 43
138 48
138 51
138 52
138 63
138 64
138 69
138 70
138 71
138 72
138 75
138 83
138 130
138 147
138 148
138 184
138 188
138 194
138 203
138 208
138 214
138 215
138 216
138 217
138 221
138 222
138 223
138 229
138 230
138 231
138 232
138 233
138 234
138 235
138 236
138 309
138 311
138 338
138 341
138 378
138 379
138 404
138 405
138 406
138 407
138 408
138 431
138 469
138 481
138 485
138 489
138 494
138 522
139 19
139 23
139 32
139 33
139 34
139 35
139 36
139 37
139 38
139 39
139 40
139 41
139 42
139 43
139 48
139 64
139 69
139 76
139 77
139 78
139 82
139 84
139 130
139 146
139 147
139 184
139 188
139 194
139 203
139 207
139 309
139 311
139 338
139 340
139 380
139 381
139 402
139 403
139 409
139 410
139 411
139 412
139 413
139 431
139 466
139 468
139 472
139 482
139 485
139 489
139 494
139 522
140 19
140 23
140 43
140 49
140 50
140 51
140 52
140 53
140 54
140 55
140 56
140 64
140 69
140 79
140 80
140 84
140 130
140 137
140 138
140 139
140 140
140 141
140 142
140 143
140 144
140 145
140 146
140 184
140 188
140 193
140 203
140 207
140 211
140 212
140 217
140 226
140 309
140 311
140 338
140 340
140 381
140 401
140 402
140 414
140 415
140 431
140 465
140 470
140 471
140 473
140 474
140 475
140 476
140 477
140 478
140 482
140 486
140 489
140 495
140 521
140 522
141 20
141 21
141 22
141 23
141 44
141 48
141 64
141 69
141 70
141 71
141 72
141 73
141 84
141 130
141 136
141 145
141 184
141 188
141 191
141 193
141 203
141 207
141 211
141 217
141 223
141 226
141 309
141 311
141 338
141 340
141 381
141 387
141 388
141 389
141 390
141 391
141 392
141 393
141 394
141 395
141 396
141 400
141 401
141 415
141 416
141 431
141 464
141 465
141 469
141 470
141 479
141 482
141 487
141 488
141 489
141 495
141 496
141 497
141 498
141 521
142 0
142 1
142 2
142 44
142 45
142 46
142 47
142 64
142 79
142 80
142 81
142 85
142 130
142 131
142 137
142 138
142 139
142 140
142 141
142 142
142 143
142 144
142 184
142 188
142 191
142 203
142 207
142 211
142 217
142 223
142 226
142 309
142 311
142 338
142 340
142 381
142 385
142 386
142 397
142 398
142 399
142 416
142 431
142 463
142 464
142 468
142 469
142 480
142 481
142 482
142 485
142 499
142 500
142 521
143 2
143 65
143 66
143 68
143 85
143 131
143 144
143 185
143 186
143 187
143 188
143 192
143 193
143 204
143 205
143 206
143 207
143 212
143 213
143 214
143 215
143 216
143 217
143 223
143 226
143 309
143 311
143 338
143 340
143 381
143 383
143 384
143 416
143 422
143 423
143 424
143 425
143 426
143 427
143 428
143 429
143 430
143 431
143 434
143 462
143 466
143 467
143 485
143 501
143 502
143 513
143 514
143 515
143 521
144 0
144 1
144 2
144 67
144 81
144 85
144 131
144 144
144 223
144 226
144 309
144 311
144 338
144 340
144 381
144 382
144 383
144 417
144 420
144 421
144 434
144 435
144 436
144 466
144 485
144 503
144 504
144 512
144 516
144 517
144 518
144 521
145 67
145 81
145 85
145 131
145 144
145 223
145 226
145 309
145 311
145 337
145 340
145 417
145 418
145 419
145 420
145 437
145 438
145 442
145 443
145 444
145 445
145 460
145 461
145 462
145 463
145 464
145 465
145 482
145 485
145 504
145 505
145 508
145 511
145 519
145 520
145 521
146 68
146 82
146 85
146 132
146 144
146 223
146 226
146 309
146 311
146 337
146 340
146 439
146 440
146 441
146 445
146 446
146 459
146 460
146 481
146 484
146 505
146 506
146 507
146 509
146 510
146 511
147 68
147 82
147 84
147 133
147 134
147 143
147 223
147 226
147 309
147 311
147 337
147 340
147 446
147 447
147 459
147 481
147 484
148 66
148 67
148 68
148 81
148 134
148 143
148 223
148 226
148 309
148 311
148 337
148 340
148 448
148 458
148 481
148 484
149 64
149 65
149 81
149 134
149 142
149 223
149 226
149 309
149 311
149 337
149 340
149 448
149 452
149 453
149 454
149 455
149 456
149 457
149 481
149 484
150 63
150 81
150 134
150 141
150 142
150 223
150 226
150 309
150 311
150 337
150 340
150 448
150 450
150 451
150 481
150 484
151 62
151 81
151 134
151 136
151 137
151 141
151 223
151 226
151 309
151 311
151 337
151 340
151 448
151 450
151 481
151 484
152 0
152 1
152 2
152 62
152 81
152 138
152 223
152 226
152 309
152 311
152 337
152 339
152 481
152 484
153 2
153 3
153 61
153 81
153 139
153 140
153 223
153 226
153 309
153 311
153 337
153 339
153 481
153 484
154 3
154 61
154 81
154 223
154 226
154 309
154 311
154 337
154 339
154 481
154 484
155 3
155 60
155 81
155 223
155 226
155 309
155 311
155 337
155 339
155 481
155 484
156 0
156 1
156 2
156 14
156 15
156 16
156 17
156 18
156 19
156 20
156 21
156 22
156 60
156 81
156 223
156 226
156 309
156 311
156 337
156 339
156 481
156 484
157 3
157 12
157 13
157 23
157 24
157 54
157 60
157 81
157 223
157 226
157 308
157 311
157 337
157 339
157 481
157 484
158 4
158 5
158 6
158 7
158 8
158 9
158 10
158 11
158 12
158 25
158 26
158 52
158 53
158 55
158 56
158 57
158 58
158 59
158 81
158 211
158 223
158 226
158 308
158 313
158 337
158 339
158 481
158 484
159 27
159 28
159 32
159 51
159 52
159 81
159 210
159 212
159 223
159 226
159 308
159 312
159 314
159 336
159 339
159 482
159 483
159 484
160 28
160 29
160 30
160 31
160 33
160 34
160 35
160 36
160 47
160 48
160 49
160 50
160 51
160 81
160 137
160 138
160 139
160 210
160 212
160 219
160 220
160 221
160 222
160 223
160 226
160 308
160 311
160 314
160 336
160 339
161 37
161 38
161 39
161 40
161 41
161 42
161 43
161 44
161 45
161 46
161 81
161 83
161 136
161 137
161 139
161 210
161 212
161 217
161 218
161 223
161 225
161 308
161 311
161 314
161 336
161 339
162 81
162 83
162 136
162 139
162 210
162 212
162 217
162 223
162 226
162 227
162 228
162 229
162 230
162 308
162 311
162 314
162 336
162 339
163 80
163 137
163 138
163 139
163 210
163 212
163 216
163 308
163 311
163 314
163 336
163 339
164 0
164 1
164 80
164 210
164 212
164 216
164 222
164 223
164 226
164 227
164 228
164 229
164 230
164 231
164 232
164 233
164 234
164 308
164 311
164 315
164 316
164 336
164 338
165 2
165 3
165 11
165 12
165 13
165 14
165 15
165 16
165 17
165 18
165 80
165 135
165 137
165 210
165 212
165 217
165 218
165 219
165 220
165 221
165 224
165 225
165 235
165 236
165 237
165 238
165 239
165 308
165 311
165 317
165 336
165 338
166 3
166 9
166 10
166 19
166 80
166 135
166 137
166 210
166 215
166 216
166 240
166 308
166 311
166 317
166 336
166 338
167 4
167 5
167 6
167 9
167 20
167 21
167 22
167 23
167 24
167 25
167 58
167 59
167 60
167 61
167 62
167 63
167 64
167 65
167 66
167 67
167 68
167 69
167 70
167 71
167 72
167 73
167 74
167 75
167 76
167 80
167 117
167 118
167 119
167 120
167 121
167 122
167 123
167 124
167 125
167 126
167 127
167 128
167 129
167 135
167 137
167 169
167 170
167 171
167 172
167 173
167 174
167 175
167 176
167 177
167 178
167 179
167 180
167 181
167 182
167 183
167 184
167 185
167 186
167 187
167 210
167 213
167 214
167 241
167 295
167 308
167 311
167 317
167 336
167 338
168 8
168 13
168 14
168 16
168 17
168 26
168 27
168 56
168 57
168 77
168 78
168 107
168 108
168 109
168 110
168 114
168 115
168 116
168 130
168 131
168 135
168 137
168 167
168 168
168 188
168 189
168 210
168 213
168 241
168 294
168 296
168 308
168 310
168 317
168 336
168 338
169 5
169 6
169 8
169 12
169 13
169 16
169 27
169 28
169 55
169 78
169 79
169 105
169 106
169 111
169 112
169 113
169 131
169 132
169 138
169 139
169 140
169 141
169 142
169 155
169 156
169 157
169 158
169 159
169 160
169 161
169 162
169 163
169 164
169 166
169 167
169 189
169 210
169 213
169 241
169 294
169 296
169 306
169 308
169 310
169 317
169 336
169 338
170 5
170 7
170 12
170 16
170 29
170 54
170 79
170 104
170 105
170 132
170 133
170 135
170 136
170 137
170 143
170 144
170 145
170 146
170 147
170 148
170 149
170 150
170 151
170 152
170 153
170 154
170 165
170 190
170 195
170 196
170 197
170 198
170 199
170 200
170 212
170 242
170 259
170 260
170 261
170 305
170 308
170 310
170 317
170 335
170 338
171 4
171 7
171 11
171 15
171 29
171 54
171 79
171 103
171 104
171 110
171 111
171 133
171 134
171 135
171 190
171 191
171 192
171 193
171 194
171 201
171 202
171 203
171 204
171 205
171 206
171 207
171 208
171 209
171 210
171 211
171 212
171 242
171 243
171 245
171 246
171 247
171 248
171 249
171 250
171 251
171 252
171 253
171 254
171 255
171 256
171 257
171 258
171 262
171 263
171 305
171 308
171 310
171 317
171 335
171 338
172 2
172 3
172 7
172 11
172 15
172 29
172 53
172 80
172 102
172 103
172 109
172 110
172 165
172 174
172 175
172 176
172 177
172 178
172 179
172 180
172 181
172 182
172 183
172 184
172 185
172 186
172 187
172 234
172 235
172 236
172 237
172 238
172 239
172 240
172 244
172 264
172 270
172 304
172 306
172 308
172 310
172 317
172 335
172 338
173 1
173 2
173 7
173 15
173 29
173 52
173 53
173 80
173 102
173 108
173 136
173 150
173 151
173 163
173 164
173 173
173 188
173 212
173 213
173 232
173 233
173 265
173 269
173 271
173 295
173 303
173 308
173 310
173 317
173 335
173 338
174 0
174 1
174 8
174 52
174 80
174 101
174 108
174 136
174 148
174 149
174 162
174 172
174 186
174 187
174 188
174 213
174 214
174 231
174 232
174 241
174 242
174 265
174 266
174 269
174 271
174 294
174 296
174 302
174 303
174 305
174 308
174 310
174 317
174 321
174 322
174 335
174 338
175 8
175 48
175 49
175 50
175 51
175 81
175 100
175 101
175 108
175 136
175 148
175 162
175 172
175 186
175 214
175 230
175 231
175 241
175 266
175 269
175 271
175 294
175 296
175 308
175 310
175 317
175 320
175 335
175 338
175 381
175 382
176 0
176 8
176 10
176 46
176 47
176 81
176 82
176 83
176 84
176 85
176 86
176 100
176 108
176 136
176 148
176 162
176 172
176 183
176 184
176 185
176 215
176 227
176 228
176 229
176 230
176 240
176 267
176 269
176 271
176 294
176 296
176 301
176 303
176 304
176 308
176 310
176 317
176 320
176 335
176 337
176 381
177 0
177 8
177 46
177 87
177 99
177 108
177 136
177 148
177 162
177 172
177 181
177 182
177 216
177 217
177 225
177 226
177 240
177 267
177 268
177 269
177 271
177 294
177 296
177 301
177 303
177 308
177 310
177 317
177 320
177 335
177 337
177 380
177 480
177 481
177 482
178 0
178 7
178 46
178 47
178 87
178 99
178 108
178 136
178 148
178 161
178 172
178 181
178 217
178 225
178 239
178 268
178 294
178 296
178 300
178 302
178 308
178 310
178 317
178 320
178 335
178 337
178 349
178 350
178 351
178 352
178 353
178 354
178 355
178 356
178 380
178 480
178 482
179 0
179 7
179 9
179 48
179 86
179 87
179 99
179 108
179 136
179 148
179 161
179 172
179 181
179 182
179 217
179 225
179 237
179 238
179 239
179 268
179 270
179 299
179 300
179 302
179 306
179 308
179 310
179 317
179 320
179 338
179 339
179 340
179 341
179 342
179 343
179 344
179 345
179 346
179 347
179 348
179 357
179 380
179 479
179 483
180 0
180 7
180 9
180 48
180 85
180 108
180 136
180 148
180 161
180 171
180 182
180 218
180 226
180 236
180 268
180 270
180 305
180 308
180 310
180 317
180 320
180 337
180 357
180 380
180 382
180 479
180 483
181 6
181 48
181 84
181 108
181 136
181 148
181 161
181 171
181 182
181 218
181 226
181 235
181 269
181 270
181 305
181 308
181 310
181 318
181 320
181 334
181 336
181 357
181 379
181 382
181 479
181 483
182 6
182 8
182 47
182 85
182 107
182 161
182 171
182 182
182 218
182 226
182 236
182 237
182 238
182 270
182 308
182 310
182 318
182 319
182 320
182 322
182 334
182 336
182 357
182 379
182 382
182 479
182 483
183 47
183 85
183 161
183 171
183 182
183 218
183 226
183 270
183 318
183 320
183 322
183 334
183 336
183 357
183 379
183 479
183 483
184 47
184 85
184 171
184 182
184 218
184 226
184 238
184 270
184 318
184 322
184 334
184 336
184 357
184 379
184 381
184 479
184 483
185 47
185 85
185 182
185 218
185 226
185 237
185 270
185 322
185 336
185 357
185 378
185 381
185 479
185 483
186 47
186 85
186 182
186 218
186 237
186 270
186 336
186 357
186 378
186 381
186 479
186 483
187 47
187 85
187 182
187 218
187 237
187 270
187 357
187 378
187 381
187 479
187 483
188 47
188 85
188 218
188 237
188 270
188 378
188 381
188 479
188 483
189 47
189 85
189 238
189 270
189 378
189 381
189 479
189 483
190 47
190 85
190 270
190 479
190 483
191 47
191 84
191 270
191 479
191 483
192 47
192 84
192 479
192 483
193 47
193 84
193 479
193 484
194 479
194 484
195 479
195 484
196 479
196 484
197 479
197 484
198 479
198 484
