17 125
17 126
17 127
18 123
18 124
18 128
18 129
19 123
19 129
19 130
19 158
19 159
19 160
20 78
20 79
20 80
20 81
20 82
20 83
20 122
20 131
20 138
20 139
20 158
20 160
20 161
21 78
21 84
21 85
21 121
21 122
21 132
21 137
21 140
21 141
21 157
21 158
21 161
21 162
22 77
22 86
22 87
22 88
22 89
22 113
22 116
22 117
22 118
22 121
22 132
22 136
22 142
22 143
22 144
22 156
22 157
22 163
22 164
23 76
23 77
23 90
23 91
23 92
23 93
23 94
23 95
23 111
23 112
23 114
23 119
23 120
23 132
23 136
23 145
23 146
23 155
23 156
23 165
23 166
24 76
24 96
24 97
24 98
24 99
24 100
24 101
24 111
24 114
24 117
24 132
24 135
24 147
24 148
24 149
24 150
24 151
24 152
24 153
24 154
24 167
24 168
25 75
25 102
25 103
25 104
25 105
25 106
25 107
25 110
25 115
25 116
25 117
25 132
25 134
25 135
25 169
25 170
26 76
26 108
26 109
26 110
26 132
26 134
26 170
27 76
27 132
27 171
28 77
28 171
28 172
29 77
29 78
29 79
29 80
29 172
30 173
31 79
31 80
31 173
32 78
32 79
32 174
33 76
33 77
33 175
33 176
34 73
34 74
34 75
34 76
34 177
34 178
35 64
35 65
35 71
35 72
35 178
36 63
36 66
36 67
36 68
36 69
36 70
36 178
37 63
37 178
38 63
38 64
38 178
39 64
39 177
40 63
40 64
40 177
41 61
41 62
41 178
42 61
42 178
42 179
43 61
43 180
43 181
44 61
44 181
44 182
45 61
45 182
45 191
45 192
45 193
46 62
46 183
46 189
46 190
46 194
46 195
47 62
47 106
47 107
47 108
47 109
47 110
47 183
47 188
47 189
47 195
47 196
48 62
48 105
48 184
48 185
48 186
48 187
48 188
48 196
49 62
49 104
49 110
49 196
50 62
50 104
50 110
50 197
51 62
51 104
51 110
51 197
52 62
52 104
52 110
52 198
53 62
53 104
53 110
53 199
53 200
54 61
54 62
54 104
54 111
54 200
54 201
55 46
55 47
55 48
55 49
55 50
55 59
55 60
55 104
55 111
55 201
55 202
56 44
56 45
56 51
56 52
56 53
56 54
56 55
56 56
56 57
56 58
56 104
56 111
56 202
56 203
57 44
57 104
57 111
57 204
57 205
58 44
58 45
58 104
58 111
58 205
58 206
59 104
59 111
59 206
59 207
60 27
60 28
60 29
60 30
60 42
60 43
60 104
60 111
60 207
61 25
61 26
61 31
61 32
61 33
61 34
61 35
61 36
61 37
61 38
61 39
61 40
61 41
61 104
61 111
61 208
61 209
61 210
61 216
61 217
61 218
61 219
62 24
62 104
62 111
62 211
62 212
62 213
62 214
62 215
62 220
62 221
62 222
63 23
63 104
63 111
63 223
63 224
64 23
64 104
64 111
64 225
65 24
65 104
65 111
65 226
65 227
65 228
65 229
65 230
65 231
65 232
66 24
66 104
66 111
66 233
66 234
66 235
67 21
67 22
67 23
67 24
67 104
67 111
67 236
67 237
68 19
68 20
68 104
68 111
68 237
68 238
69 18
69 19
69 104
69 111
69 238
70 18
70 104
70 111
70 239
71 17
71 104
71 111
71 239
72 17
72 104
72 111
72 239
73 17
73 104
73 111
73 239
74 17
74 104
74 111
74 239
75 17
75 104
75 111
75 239
76 17
76 104
76 111
76 239
77 16
77 17
77 104
77 111
77 239
78 14
78 15
78 104
78 111
78 239
79 12
79 13
79 104
79 111
79 239
80 12
80 104
80 111
80 239
80 462
80 463
80 464
80 465
80 466
81 12
81 104
81 111
81 239
81 461
81 467
82 0
82 12
82 104
82 111
82 239
82 460
82 467
83 1
83 2
83 3
83 7
83 8
83 9
83 10
83 11
83 12
83 104
83 111
83 240
83 460
83 467
84 4
84 5
84 6
84 104
84 111
84 240
84 241
84 460
84 467
85 104
85 111
85 241
85 242
85 460
85 467
86 104
86 111
86 242
86 461
86 462
86 464
86 467
87 104
87 111
87 242
87 463
87 465
87 466
87 467
88 104
88 111
88 242
88 463
88 465
89 104
89 111
89 242
89 463
89 465
90 104
90 111
90 242
90 243
90 463
90 465
91 103
91 111
91 244
91 463
91 465
92 103
92 111
92 245
92 463
92 465
93 103
93 111
93 245
93 349
93 350
93 351
93 352
93 353
93 354
93 355
93 356
93 357
93 358
93 359
93 463
93 465
94 103
94 111
94 245
94 347
94 348
94 360
94 463
94 465
95 103
95 111
95 246
95 347
95 360
95 463
95 465
96 103
96 111
96 116
96 117
96 120
96 121
96 246
96 339
96 340
96 341
96 342
96 343
96 344
96 345
96 346
96 360
96 405
96 406
96 407
96 408
96 409
96 410
96 411
96 412
96 413
96 414
96 415
96 463
96 465
97 103
97 112
97 116
97 119
97 122
97 247
97 274
97 275
97 276
97 277
97 278
97 279
97 280
97 281
97 282
97 338
97 360
97 403
97 404
97 416
97 417
97 418
97 419
97 420
97 421
97 422
97 463
97 465
98 103
98 112
98 115
98 118
98 122
98 247
98 273
98 283
98 337
98 346
98 360
98 397
98 403
98 423
98 463
98 465
98 477
98 478
98 479
98 480
98 481
98 482
98 483
98 484
98 485
98 486
99 103
99 112
99 115
99 118
99 122
99 247
99 272
99 283
99 337
99 346
99 360
99 396
99 398
99 402
99 411
99 423
99 463
99 465
99 476
99 487
100 103
100 112
100 118
100 123
100 216
100 217
100 218
100 219
100 220
100 221
100 222
100 223
100 224
100 225
100 226
100 227
100 228
100 229
100 230
100 231
100 232
100 233
100 234
100 235
100 236
100 237
100 238
100 239
100 240
100 241
100 242
100 243
100 244
100 245
100 246
100 247
100 248
100 249
100 250
100 251
100 252
100 253
100 254
100 255
100 256
100 257
100 258
100 259
100 260
100 261
100 262
100 263
100 264
100 265
100 266
100 267
100 268
100 269
100 270
100 271
100 272
100 273
100 274
100 275
100 276
100 277
100 278
100 279
100 280
100 281
100 282
100 283
100 284
100 285
100 286
100 287
100 288
100 289
100 290
100 291
100 292
100 293
100 294
100 295
100 296
100 297
100 298
100 299
100 300
100 301
100 302
100 303
100 304
100 305
100 306
100 307
100 308
100 309
100 310
100 311
100 312
100 313
100 314
100 315
100 316
100 317
100 318
100 319
100 320
100 321
100 322
100 323
100 324
100 325
100 326
100 327
100 328
100 329
100 330
100 331
100 332
100 333
100 334
100 335
100 336
100 337
100 338
100 339
100 340
100 341
100 342
100 343
100 344
100 345
100 361
100 362
100 363
100 364
100 365
100 366
100 367
100 368
100 369
100 370
100 371
100 372
100 373
100 374
100 375
100 376
100 377
100 378
100 379
100 380
100 381
100 382
100 383
100 384
100 385
100 386
100 387
100 388
100 389
100 390
100 391
100 392
100 393
100 394
100 395
100 399
100 400
100 401
100 402
100 403
100 404
100 405
100 406
100 407
100 408
100 409
100 410
100 424
100 425
100 426
100 427
100 428
100 429
100 430
100 431
100 432
100 433
100 434
100 435
100 436
100 437
100 438
100 439
100 440
100 441
100 442
100 443
100 444
100 445
100 446
100 447
100 463
100 465
100 475
100 487
101 103
101 112
101 118
101 123
101 166
101 167
101 168
101 169
101 170
101 171
101 172
101 173
101 174
101 175
101 176
101 177
101 178
101 179
101 180
101 181
101 182
101 183
101 184
101 185
101 186
101 187
101 188
101 189
101 190
101 191
101 192
101 193
101 194
101 195
101 196
101 197
101 198
101 199
101 200
101 201
101 202
101 203
101 204
101 205
101 206
101 207
101 208
101 209
101 210
101 211
101 212
101 213
101 214
101 215
101 346
101 361
101 411
101 424
101 448
101 449
101 450
101 451
101 452
101 453
101 454
101 455
101 456
101 457
101 458
101 459
101 460
101 461
101 462
101 463
101 464
101 465
101 466
101 467
101 468
101 469
101 470
101 471
101 472
101 473
101 474
101 475
101 488
101 489
101 490
102 103
102 119
102 123
102 147
102 148
102 149
102 150
102 151
102 152
102 153
102 154
102 155
102 156
102 157
102 158
102 159
102 160
102 161
102 162
102 163
102 164
102 165
102 346
102 360
102 411
102 423
102 475
102 488
102 491
102 492
102 493
102 494
102 495
102 496
102 497
102 498
102 499
102 500
102 501
102 502
102 503
102 504
102 505
102 506
102 507
102 508
102 509
102 510
102 511
102 512
102 513
103 103
103 113
103 114
103 124
103 127
103 128
103 129
103 130
103 131
103 132
103 133
103 134
103 135
103 136
103 137
103 138
103 139
103 140
103 141
103 142
103 143
103 144
103 145
103 146
103 346
103 360
103 411
103 423
103 475
103 487
103 514
103 515
103 516
103 517
103 518
103 519
103 520
103 521
103 522
103 523
103 524
103 525
103 526
103 527
103 528
103 529
103 530
103 531
103 532
103 533
103 534
103 535
103 536
104 103
104 112
104 114
104 115
104 116
104 117
104 118
104 119
104 120
104 121
104 122
104 123
104 124
104 125
104 126
104 346
104 360
104 411
104 423
104 475
104 487
104 537
104 538
104 539
104 540
104 541
104 542
104 543
104 544
104 545
104 546
104 547
104 548
104 549
104 550
104 551
104 552
104 553
104 554
104 555
104 556
105 103
105 274
105 275
105 276
105 277
105 278
105 279
105 280
105 281
105 282
105 346
105 360
105 411
105 423
105 475
105 487
105 557
105 558
105 559
105 560
105 561
105 562
105 563
105 564
105 565
105 566
105 567
105 568
105 569
105 570
105 571
105 572
105 573
105 574
105 575
105 576
106 103
106 227
106 228
106 229
106 230
106 231
106 232
106 233
106 234
106 235
106 236
106 237
106 238
106 239
106 240
106 241
106 242
106 243
106 244
106 245
106 246
106 250
106 251
106 252
106 253
106 254
106 255
106 256
106 257
106 258
106 259
106 260
106 261
106 262
106 263
106 264
106 265
106 266
106 267
106 268
106 269
106 270
106 271
106 272
106 273
106 283
106 284
106 285
106 286
106 287
106 288
106 289
106 294
106 295
106 296
106 297
106 298
106 299
106 300
106 301
106 302
106 303
106 304
106 305
106 306
106 307
106 308
106 309
106 310
106 311
106 312
106 313
106 314
106 315
106 316
106 317
106 318
106 319
106 320
106 321
106 322
106 323
106 324
106 325
106 326
106 327
106 328
106 329
106 330
106 331
106 332
106 333
106 334
106 335
106 336
106 339
106 340
106 341
106 342
106 343
106 344
106 345
106 346
106 362
106 363
106 364
106 365
106 366
106 367
106 368
106 369
106 370
106 371
106 372
106 373
106 374
106 375
106 376
106 377
106 378
106 379
106 380
106 381
106 382
106 383
106 384
106 385
106 386
106 387
106 388
106 389
106 390
106 411
106 423
106 475
106 487
106 577
106 578
106 579
106 580
106 581
106 582
106 583
106 584
106 585
106 586
106 587
106 588
106 589
106 590
106 591
106 592
106 593
106 594
106 595
107 103
107 112
107 152
107 153
107 154
107 155
107 156
107 157
107 158
107 159
107 160
107 161
107 162
107 163
107 164
107 165
107 166
107 167
107 168
107 169
107 170
107 171
107 172
107 173
107 175
107 177
107 178
107 179
107 180
107 181
107 182
107 183
107 184
107 185
107 186
107 187
107 188
107 189
107 190
107 191
107 192
107 193
107 194
107 195
107 196
107 197
107 198
107 199
107 200
107 201
107 202
107 203
107 204
107 205
107 207
107 209
107 210
107 211
107 212
107 213
107 214
107 215
107 216
107 217
107 218
107 219
107 220
107 221
107 222
107 223
107 224
107 225
107 226
107 247
107 248
107 272
107 284
107 290
107 291
107 292
107 293
107 337
107 338
107 361
107 391
107 392
107 401
107 404
107 405
107 406
107 407
107 408
107 409
107 410
107 411
107 424
107 425
107 426
107 427
107 428
107 429
107 430
107 431
107 432
107 433
107 434
107 435
107 436
107 437
107 438
107 439
107 440
107 441
107 442
107 443
107 444
107 445
107 446
107 447
107 448
107 449
107 450
107 451
107 452
107 453
107 454
107 475
107 487
107 496
107 596
107 597
107 598
107 599
107 600
107 601
107 602
107 603
107 604
107 605
107 606
107 607
107 608
107 609
107 610
107 611
107 612
107 613
107 614
107 615
107 616
107 617
107 618
107 619
107 620
107 621
107 622
108 103
108 113
108 116
108 117
108 118
108 119
108 123
108 124
108 125
108 126
108 127
108 128
108 129
108 130
108 131
108 132
108 133
108 134
108 135
108 136
108 137
108 138
108 139
108 140
108 141
108 142
108 143
108 144
108 145
108 146
108 147
108 148
108 149
108 150
108 151
108 174
108 176
108 206
108 208
108 248
108 249
108 272
108 283
108 290
108 337
108 346
108 360
108 393
108 394
108 402
108 403
108 424
108 455
108 456
108 457
108 458
108 459
108 460
108 461
108 462
108 463
108 464
108 465
108 466
108 467
108 468
108 469
108 470
108 471
108 472
108 473
108 474
108 475
108 488
108 495
108 497
108 623
108 624
108 625
108 626
108 627
108 628
108 629
108 630
108 631
108 632
108 633
108 634
108 635
108 636
108 637
108 638
108 639
109 103
109 114
109 115
109 120
109 121
109 122
109 126
109 174
109 176
109 206
109 208
109 249
109 250
109 272
109 283
109 290
109 337
109 346
109 360
109 394
109 395
109 396
109 397
109 398
109 399
109 400
109 411
109 423
109 475
109 488
109 489
109 490
109 491
109 492
109 493
109 494
109 495
109 497
109 498
109 499
109 500
109 501
109 502
109 503
109 504
109 505
109 506
109 507
109 508
109 509
109 510
109 511
109 512
109 513
109 514
109 515
109 516
110 103
110 112
110 121
110 174
110 176
110 206
110 208
110 251
110 252
110 272
110 283
110 290
110 337
110 346
110 360
110 400
110 411
110 423
110 475
110 487
110 495
110 497
110 517
110 518
110 519
110 520
110 521
110 522
110 523
110 524
110 525
110 526
110 527
110 528
110 529
110 530
110 531
110 532
110 533
110 534
110 535
110 536
110 537
110 538
110 539
110 540
110 541
110 542
110 543
110 544
110 545
110 546
110 547
110 548
110 549
111 103
111 112
111 121
111 128
111 169
111 170
111 171
111 172
111 173
111 174
111 175
111 176
111 177
111 178
111 179
111 180
111 181
111 182
111 183
111 184
111 185
111 186
111 187
111 188
111 189
111 190
111 191
111 192
111 193
111 194
111 195
111 196
111 197
111 198
111 199
111 200
111 201
111 202
111 203
111 204
111 205
111 206
111 207
111 208
111 209
111 210
111 211
111 212
111 252
111 272
111 283
111 290
111 337
111 346
111 360
111 401
111 411
111 423
111 475
111 487
111 495
111 497
111 531
111 533
111 550
111 551
111 552
111 553
111 554
111 555
111 556
111 557
111 558
111 559
111 560
111 561
111 562
111 563
111 564
111 565
111 566
111 567
111 568
111 569
111 570
111 571
111 572
111 573
111 574
112 103
112 112
112 121
112 128
112 168
112 213
112 253
112 272
112 283
112 290
112 337
112 346
112 360
112 402
112 403
112 411
112 423
112 475
112 487
112 495
112 497
112 531
112 533
112 575
112 576
112 577
112 578
112 579
112 580
112 581
112 582
112 583
112 584
112 585
112 586
112 587
112 588
112 589
112 590
112 591
112 592
112 593
112 594
112 595
112 596
112 597
112 598
112 599
112 600
113 103
113 112
113 115
113 121
113 128
113 167
113 213
113 253
113 272
113 283
113 290
113 337
113 346
113 360
113 403
113 411
113 423
113 475
113 487
113 493
113 494
113 495
113 496
113 497
113 498
113 499
113 500
113 501
113 502
113 503
113 504
113 505
113 506
113 507
113 508
113 509
113 510
113 511
113 512
113 513
113 514
113 515
113 516
113 517
113 518
113 519
113 520
113 521
113 522
113 523
113 524
113 525
113 526
113 527
113 528
113 529
113 530
113 531
113 532
113 533
113 534
113 535
113 601
113 602
113 603
113 604
113 605
113 606
113 607
113 608
113 609
113 610
113 611
113 612
113 613
113 614
113 615
113 616
113 617
113 618
113 619
113 620
113 621
113 622
113 623
113 624
113 625
113 626
113 627
113 628
113 629
113 630
113 631
113 632
113 633
113 634
114 103
114 112
114 115
114 121
114 128
114 167
114 213
114 254
114 255
114 256
114 257
114 258
114 259
114 260
114 261
114 262
114 272
114 283
114 290
114 337
114 346
114 360
114 403
114 411
114 423
114 475
114 487
114 492
114 536
114 635
114 636
114 637
114 638
114 639
115 103
115 112
115 115
115 121
115 128
115 167
115 213
115 263
115 264
115 272
115 283
115 290
115 337
115 346
115 360
115 403
115 411
115 423
115 475
115 487
115 491
115 536
116 103
116 112
116 115
116 121
116 128
116 167
116 213
116 264
116 265
116 272
116 283
116 290
116 337
116 346
116 360
116 403
116 411
116 423
116 475
116 487
116 491
116 536
117 103
117 112
117 115
117 121
117 128
117 129
117 167
117 213
117 266
117 267
117 272
117 283
117 290
117 337
117 346
117 360
117 403
117 411
117 423
117 475
117 487
117 491
117 536
117 563
117 564
117 565
117 566
117 567
117 568
117 569
117 570
117 571
117 572
117 573
117 574
118 103
118 112
118 115
118 121
118 129
118 167
118 213
118 268
118 269
118 283
118 290
118 293
118 337
118 346
118 360
118 403
118 411
118 423
118 475
118 487
118 491
118 536
118 560
118 561
118 562
118 575
118 576
119 103
119 112
119 116
119 121
119 129
119 167
119 213
119 270
119 271
119 283
119 290
119 293
119 296
119 337
119 346
119 360
119 403
119 411
119 423
119 475
119 487
119 491
119 536
119 554
119 555
119 556
119 557
119 558
119 559
119 576
119 577
120 103
120 112
120 116
120 121
120 129
120 167
120 213
120 272
120 283
120 286
120 287
120 288
120 289
120 290
120 291
120 292
120 293
120 297
120 340
120 341
120 342
120 343
120 344
120 345
120 346
120 347
120 348
120 349
120 350
120 351
120 352
120 353
120 354
120 355
120 356
120 357
120 358
120 359
120 360
120 403
120 411
120 423
120 475
120 487
120 491
120 536
120 551
120 552
120 553
120 578
120 579
121 103
121 112
121 116
121 121
121 129
121 167
121 213
121 273
121 274
121 275
121 278
121 279
121 280
121 281
121 282
121 283
121 286
121 338
121 339
121 403
121 412
121 413
121 414
121 417
121 418
121 421
121 422
121 423
121 447
121 448
121 449
121 476
121 477
121 478
121 479
121 480
121 481
121 482
121 483
121 484
121 485
121 486
121 487
121 491
121 536
121 549
121 550
121 579
121 580
122 103
122 112
122 116
122 121
122 129
122 168
122 169
122 170
122 171
122 172
122 173
122 174
122 175
122 176
122 177
122 178
122 179
122 180
122 181
122 182
122 183
122 184
122 185
122 186
122 187
122 188
122 189
122 190
122 191
122 192
122 193
122 194
122 195
122 196
122 197
122 198
122 199
122 200
122 201
122 202
122 203
122 204
122 205
122 206
122 207
122 208
122 209
122 210
122 211
122 212
122 213
122 276
122 286
122 287
122 288
122 289
122 294
122 295
122 296
122 297
122 298
122 299
122 338
122 403
122 416
122 419
122 446
122 491
122 536
122 547
122 548
122 580
122 581
122 587
122 588
123 103
123 112
123 116
123 121
123 129
123 276
123 288
123 290
123 291
123 293
123 295
123 297
123 299
123 338
123 339
123 404
123 405
123 406
123 407
123 408
123 409
123 410
123 411
123 412
123 413
123 414
123 415
123 419
123 426
123 427
123 445
123 449
123 492
123 493
123 494
123 495
123 496
123 497
123 498
123 499
123 500
123 501
123 502
123 536
123 545
123 546
123 581
123 582
123 583
123 584
123 585
123 586
123 589
123 590
124 103
124 112
124 116
124 121
124 129
124 277
124 288
124 295
124 297
124 299
124 340
124 419
124 424
124 425
124 428
124 429
124 430
124 431
124 432
124 433
124 434
124 435
124 445
124 449
124 503
124 504
124 505
124 506
124 507
124 508
124 509
124 510
124 511
124 512
124 513
124 514
124 515
124 516
124 517
124 518
124 519
124 520
124 521
124 522
124 523
124 524
124 525
124 526
124 527
124 528
124 529
124 530
124 531
124 532
124 533
124 534
124 535
124 536
124 544
124 545
124 590
124 591
125 103
125 112
125 116
125 121
125 129
125 277
125 278
125 279
125 290
125 291
125 294
125 297
125 300
125 341
125 420
125 424
125 436
125 437
125 438
125 445
125 449
125 473
125 474
125 475
125 476
125 477
125 478
125 479
125 480
125 543
125 544
125 592
125 593
125 594
125 595
126 103
126 112
126 116
126 120
126 129
126 280
126 281
126 286
126 287
126 291
126 296
126 342
126 420
126 421
126 429
126 430
126 431
126 432
126 433
126 434
126 439
126 440
126 441
126 445
126 449
126 471
126 472
126 481
126 482
126 543
126 596
126 597
126 598
127 103
127 112
127 116
127 120
127 129
127 282
127 283
127 284
127 285
127 288
127 289
127 290
127 291
127 295
127 298
127 342
127 421
127 436
127 437
127 442
127 443
127 445
127 449
127 471
127 482
127 542
127 599
127 600
128 103
128 112
128 115
128 120
128 129
128 294
128 295
128 297
128 299
128 301
128 342
128 421
128 438
128 439
128 444
128 445
128 446
128 449
128 470
128 483
128 541
128 542
128 600
128 601
128 602
128 603
128 604
128 605
129 103
129 112
129 115
129 120
129 129
129 291
129 297
129 300
129 302
129 342
129 421
129 439
129 442
129 449
129 470
129 483
129 540
129 541
129 605
129 606
130 103
130 112
130 120
130 129
130 293
130 297
130 298
130 300
130 303
130 342
130 421
130 439
130 449
130 469
130 484
130 540
130 606
130 607
130 615
131 103
131 112
131 120
131 127
131 128
131 129
131 298
131 301
131 304
131 341
131 421
131 440
131 445
131 449
131 469
131 484
131 485
131 539
131 607
131 608
131 613
131 614
131 616
131 617
131 621
131 622
132 103
132 112
132 121
132 122
132 123
132 124
132 125
132 126
132 298
132 302
132 305
132 313
132 314
132 315
132 316
132 341
132 421
132 441
132 449
132 465
132 466
132 467
132 468
132 485
132 486
132 487
132 488
132 539
132 609
132 610
132 611
132 612
132 618
132 619
132 620
132 623
132 624
133 103
133 112
133 298
133 303
133 311
133 312
133 317
133 318
133 342
133 343
133 344
133 421
133 427
133 442
133 447
133 449
133 463
133 464
133 489
133 538
133 624
133 625
134 103
134 112
134 117
134 118
134 119
134 298
134 304
134 306
134 310
134 319
134 320
134 422
134 423
134 424
134 425
134 426
134 428
134 429
134 443
134 447
134 449
134 463
134 489
134 537
134 538
134 626
134 627
135 103
135 113
135 114
135 115
135 116
135 299
135 305
135 307
135 309
135 320
135 321
135 344
135 429
135 430
135 444
135 447
135 449
135 462
135 489
135 536
135 537
135 627
136 103
136 113
136 299
136 300
136 301
136 306
136 308
136 321
136 333
136 334
136 344
136 430
136 444
136 445
136 449
136 463
136 490
136 535
136 536
136 628
137 103
137 112
137 302
137 303
137 304
137 305
137 321
137 333
137 344
137 431
137 445
137 446
137 449
137 463
137 490
137 491
137 534
137 535
137 628
138 103
138 112
138 322
138 332
138 343
138 431
138 432
138 446
138 449
138 463
138 491
138 533
138 629
139 103
139 112
139 322
139 332
139 343
139 432
139 446
139 449
139 462
139 492
139 532
139 629
140 103
140 112
140 323
140 332
140 343
140 432
140 446
140 449
140 462
140 492
140 531
140 532
140 629
141 103
141 112
141 323
141 332
141 335
141 342
141 343
141 432
141 446
141 449
141 461
141 462
141 490
141 491
141 492
141 530
141 531
141 629
141 631
141 632
141 633
142 103
142 112
142 324
142 333
142 335
142 340
142 341
142 432
142 446
142 449
142 460
142 461
142 490
142 529
142 530
142 633
143 103
143 112
143 324
143 333
143 334
143 335
143 340
143 432
143 433
143 446
143 449
143 459
143 460
143 490
143 491
143 528
143 529
143 633
144 103
144 112
144 325
144 333
144 335
144 339
144 434
144 435
144 446
144 449
144 458
144 459
144 492
144 527
144 528
144 632
145 103
145 112
145 325
145 333
145 335
145 338
145 339
145 435
145 436
145 446
145 449
145 458
145 493
145 521
145 522
145 523
145 524
145 525
145 526
145 527
145 632
146 103
146 112
146 325
146 333
146 337
146 338
146 436
146 437
146 446
146 449
146 457
146 493
146 519
146 520
146 521
146 633
147 103
147 112
147 326
147 327
147 328
147 329
147 330
147 331
147 332
147 333
147 334
147 336
147 438
147 439
147 446
147 449
147 457
147 493
147 517
147 518
147 634
147 635
147 636
147 637
147 638
147 639
148 37
148 38
148 39
148 40
148 41
148 42
148 43
148 44
148 45
148 46
148 103
148 112
148 439
148 440
148 446
148 449
148 456
148 493
148 513
148 514
148 515
148 516
149 36
149 47
149 103
149 112
149 333
149 335
149 440
149 441
149 442
149 446
149 449
149 456
149 493
149 501
149 502
149 503
149 504
149 505
149 509
149 510
149 511
149 512
150 36
150 47
150 103
150 112
150 333
150 335
150 443
150 444
150 446
150 449
150 456
150 493
150 499
150 500
150 506
150 507
150 508
151 37
151 47
151 103
151 112
151 333
151 335
151 444
151 445
151 446
151 450
151 451
151 452
151 453
151 454
151 455
151 456
151 493
151 497
151 498
152 34
152 37
152 47
152 59
152 60
152 61
152 62
152 63
152 64
152 65
152 66
152 67
152 103
152 112
152 333
152 335
152 493
152 496
152 497
153 34
153 37
153 47
153 57
153 58
153 68
153 69
153 103
153 112
153 333
153 335
153 446
153 449
153 492
153 495
153 496
154 34
154 37
154 47
154 57
154 69
154 103
154 112
154 333
154 335
154 446
154 449
154 492
154 494
155 34
155 37
155 47
155 58
155 69
155 103
155 112
155 333
155 335
155 446
155 449
156 34
156 38
156 39
156 40
156 41
156 42
156 43
156 44
156 45
156 46
156 47
156 55
156 58
156 69
156 103
156 112
156 333
156 335
156 446
156 449
157 34
157 55
157 58
157 69
157 103
157 112
157 333
157 335
157 446
157 449
158 34
158 37
158 55
158 58
158 69
158 103
158 112
158 333
158 335
158 446
158 449
159 34
159 37
159 55
159 58
159 69
159 103
159 111
159 333
159 335
159 446
159 449
160 34
160 37
160 55
160 59
160 60
160 61
160 62
160 63
160 64
160 65
160 66
160 67
160 68
160 69
160 103
160 111
160 333
160 335
160 446
160 449
161 34
161 37
161 55
161 103
161 111
161 333
161 335
161 446
161 449
162 34
162 37
162 55
162 58
162 103
162 111
162 333
162 334
162 335
162 446
162 449
163 34
163 37
163 55
163 58
163 103
163 111
163 446
163 449
164 34
164 37
164 55
164 58
164 103
164 111
164 234
164 446
164 449
165 34
165 37
165 55
165 58
165 103
165 111
165 233
165 235
165 236
165 446
165 449
165 593
165 594
165 595
165 596
166 34
166 37
166 55
166 58
166 103
166 111
166 232
166 237
166 446
166 449
166 545
166 546
166 547
166 592
166 597
166 598
167 34
167 37
167 55
167 58
167 103
167 111
167 232
167 237
167 446
167 449
167 543
167 544
167 548
167 549
167 591
167 598
167 599
168 34
168 37
168 55
168 58
168 103
168 111
168 232
168 237
168 446
168 449
168 543
168 549
168 591
168 597
168 599
169 34
169 37
169 55
169 58
169 103
169 111
169 232
169 237
169 446
169 449
169 542
169 549
169 591
169 597
169 599
170 34
170 37
170 55
170 58
170 103
170 111
170 232
170 237
170 446
170 449
170 543
170 549
170 592
170 593
170 594
170 595
170 596
170 599
171 34
171 37
171 55
171 58
171 103
171 111
171 232
171 236
171 446
171 449
171 543
171 549
171 597
171 599
172 34
172 37
172 55
172 58
172 102
172 111
172 233
172 235
172 236
172 446
172 449
172 544
172 548
172 549
172 597
172 599
173 34
173 37
173 55
173 58
173 102
173 111
173 233
173 234
173 235
173 446
173 449
173 544
173 545
173 546
173 547
173 597
173 599
174 34
174 37
174 55
174 58
174 102
174 111
174 232
174 258
174 259
174 261
174 263
174 264
174 446
174 449
174 544
174 546
174 597
174 599
175 34
175 37
175 55
175 58
175 102
175 111
175 232
175 257
175 260
175 262
175 265
175 446
175 449
175 544
175 546
175 597
175 599
176 34
176 37
176 55
176 58
176 102
176 111
176 232
176 256
176 260
176 262
176 265
176 446
176 449
176 544
176 546
176 597
176 599
177 34
177 37
177 55
177 58
177 102
177 111
177 232
177 256
177 260
177 262
177 265
177 446
177 449
177 481
177 482
177 483
177 544
177 546
177 597
177 599
178 34
178 37
178 55
178 58
178 102
178 111
178 232
178 256
178 260
178 262
178 265
178 441
178 442
178 443
178 446
178 450
178 451
178 452
178 453
178 454
178 480
178 484
178 485
178 544
178 546
178 597
178 599
179 34
179 37
179 55
179 58
179 102
179 111
179 232
179 256
179 260
179 262
179 265
179 440
179 444
179 455
179 480
179 486
179 487
179 544
179 546
179 597
179 599
180 34
180 37
180 55
180 58
180 102
180 111
180 232
180 256
180 260
180 262
180 265
180 439
180 444
180 449
180 455
180 480
180 488
180 489
180 544
180 546
180 597
180 599
181 33
181 37
181 55
181 58
181 102
181 111
181 232
181 256
181 260
181 262
181 265
181 439
181 444
181 449
181 455
181 480
181 489
181 544
181 546
181 597
181 599
182 33
182 37
182 55
182 58
182 102
182 111
182 232
182 257
182 262
182 265
182 439
182 444
182 449
182 455
182 480
182 489
182 544
182 546
182 597
182 599
183 33
183 37
183 55
183 58
183 102
183 111
183 232
183 258
183 259
183 262
183 265
183 439
183 444
183 450
183 455
183 480
183 489
183 544
183 546
183 597
183 599
184 33
184 37
184 55
184 58
184 102
184 111
184 232
184 259
184 260
184 261
184 263
184 264
184 265
184 328
184 329
184 330
184 331
184 332
184 333
184 334
184 335
184 336
184 439
184 444
184 450
184 455
184 481
184 489
184 544
184 546
184 597
184 599
185 33
185 37
185 55
185 58
185 102
185 111
185 232
185 260
185 262
185 326
185 327
185 337
185 338
185 339
185 340
185 341
185 408
185 409
185 410
185 440
185 442
185 444
185 451
185 452
185 454
185 455
185 481
185 482
185 483
185 485
185 487
185 488
185 489
185 544
185 546
185 597
185 599
186 33
186 37
186 55
186 58
186 102
186 111
186 232
186 260
186 262
186 324
186 325
186 342
186 343
186 408
186 411
186 441
186 443
186 446
186 450
186 453
186 484
186 486
186 544
186 546
186 597
186 599
187 33
187 37
187 55
187 58
187 102
187 111
187 232
187 260
187 262
187 324
187 343
187 367
187 368
187 408
187 411
187 441
187 443
187 446
187 450
187 453
187 484
187 486
187 544
187 546
187 597
187 599
188 33
188 37
188 55
188 58
188 102
188 111
188 232
188 260
188 262
188 323
188 344
188 345
188 346
188 347
188 348
188 349
188 366
188 369
188 370
188 371
188 372
188 373
188 374
188 375
188 376
188 377
188 378
188 379
188 380
188 381
188 382
188 409
188 410
188 411
188 441
188 443
188 446
188 450
188 453
188 484
188 486
188 544
188 546
188 597
188 599
189 33
189 37
189 55
189 58
189 102
189 111
189 232
189 260
189 262
189 319
189 322
189 323
189 350
189 351
189 365
189 383
189 384
189 441
189 443
189 446
189 450
189 453
189 484
189 486
189 544
189 546
189 597
189 599
190 33
190 37
190 55
190 58
190 102
190 111
190 233
190 234
190 260
190 262
190 276
190 277
190 278
190 279
190 280
190 281
190 282
190 283
190 284
190 285
190 286
190 287
190 288
190 289
190 316
190 317
190 318
190 320
190 321
190 351
190 365
190 368
190 369
190 384
190 385
190 441
190 443
190 446
190 450
190 453
190 484
190 486
190 544
190 546
190 597
190 599
191 33
191 37
191 55
191 58
191 102
191 111
191 231
191 260
191 262
191 274
191 275
191 290
191 291
191 314
191 315
191 345
191 346
191 352
191 365
191 366
191 368
191 385
191 386
191 441
191 443
191 446
191 450
191 453
191 484
191 486
191 544
191 546
191 597
191 599
192 33
192 37
192 55
192 59
192 102
192 111
192 230
192 235
192 260
192 262
192 273
192 291
192 292
192 313
192 314
192 320
192 347
192 353
192 354
192 355
192 356
192 364
192 365
192 386
192 387
192 388
192 441
192 443
192 446
192 450
192 453
192 484
192 486
192 544
192 546
192 597
192 599
193 33
193 37
193 55
193 59
193 102
193 111
193 230
193 235
193 260
193 262
193 272
193 292
193 293
193 312
193 313
193 320
193 321
193 347
193 356
193 364
193 389
193 441
193 443
193 446
193 450
193 453
193 484
193 486
193 544
193 597
193 599
194 33
194 37
194 55
194 59
194 102
194 111
194 231
194 233
194 235
194 260
194 262
194 270
194 271
194 272
194 293
194 294
194 312
194 321
194 347
194 354
194 357
194 358
194 364
194 365
194 389
194 441
194 443
194 446
194 450
194 453
194 484
194 486
194 544
194 597
194 599
195 33
195 37
195 55
195 59
195 102
195 111
195 232
195 234
195 260
195 262
195 268
195 269
195 294
195 295
195 312
195 321
195 347
195 353
195 356
195 365
195 388
195 412
195 413
195 441
195 443
195 446
195 450
195 453
195 486
195 544
195 597
195 599
196 33
196 37
196 55
196 59
196 102
196 111
196 232
196 234
196 260
196 262
196 268
196 295
196 312
196 321
196 347
196 353
196 357
196 358
196 365
196 388
196 412
196 418
196 419
196 420
196 421
196 422
196 423
196 424
196 425
196 426
196 427
196 428
196 441
196 443
196 446
196 450
196 453
196 458
196 459
196 460
196 461
196 462
196 463
196 464
196 465
196 466
196 467
196 468
196 469
196 470
196 471
196 472
196 473
196 474
196 475
196 482
196 483
196 484
196 485
196 486
196 487
196 488
196 489
196 490
196 491
196 492
196 493
196 494
196 495
196 496
196 497
196 498
196 499
196 500
196 501
196 502
196 503
196 504
196 505
196 506
196 507
196 508
196 509
196 510
196 511
196 512
196 513
196 514
196 515
196 516
196 517
196 518
196 519
196 520
196 521
196 522
196 523
196 524
196 525
196 526
196 527
196 528
196 529
196 530
196 531
196 532
196 533
196 534
196 535
196 536
196 537
196 544
196 597
196 599
197 33
197 37
197 55
197 59
197 102
197 111
197 232
197 234
197 260
197 262
197 268
197 296
197 312
197 321
197 348
197 353
197 357
197 365
197 388
197 412
197 414
197 418
197 429
197 430
197 431
197 432
197 433
197 434
197 435
197 436
197 437
197 438
197 439
197 440
197 442
197 444
197 445
197 451
197 452
197 454
197 455
197 456
197 457
197 476
197 482
197 484
197 486
197 509
197 511
197 544
197 597
197 599
197 631
197 632
197 633
197 634
197 635
197 636
197 637
197 638
197 639
198 33
198 37
198 55
198 59
198 102
198 111
198 232
198 234
198 260
198 262
198 268
198 296
198 312
198 321
198 348
198 353
198 357
198 365
198 388
198 441
198 443
198 446
198 450
198 453
198 476
198 482
198 484
198 485
198 486
198 487
198 488
198 489
198 490
198 491
198 492
198 493
198 494
198 495
198 496
198 497
198 498
198 499
198 500
198 501
198 502
198 503
198 504
198 505
198 506
198 507
198 508
198 509
198 510
198 511
198 512
198 513
198 514
198 515
198 516
198 517
198 518
198 519
198 520
198 521
198 522
198 523
198 524
198 525
198 526
198 527
198 528
198 529
198 530
198 531
198 532
198 533
198 534
198 535
198 536
198 538
198 544
198 597
198 599
198 612
198 613
198 614
198 619
198 620
198 621
198 622
198 623
198 624
198 625
198 626
198 627
198 628
198 629
198 630
199 33
199 37
199 55
199 59
199 102
199 111
199 232
199 234
199 260
199 262
199 267
199 296
199 320
199 349
199 353
199 357
199 364
199 388
199 441
199 443
199 446
199 450
199 453
199 476
199 481
199 482
199 484
199 509
199 511
199 536
199 538
199 544
199 545
199 546
199 597
199 599
199 606
199 607
199 608
199 609
199 610
199 611
199 615
199 616
199 617
199 618
200 33
200 37
200 55
200 59
200 102
200 111
200 232
200 234
200 260
200 262
200 267
200 296
200 349
200 364
200 388
200 480
200 484
200 486
200 499
200 503
200 504
200 505
200 506
200 507
200 508
200 509
200 510
200 511
200 512
200 513
200 514
200 515
200 516
200 517
200 518
200 519
200 520
200 521
200 522
200 523
200 524
200 525
200 526
200 527
200 528
200 529
200 530
200 531
200 532
200 533
200 534
200 535
200 536
200 537
200 538
200 539
200 540
200 541
200 542
200 543
200 544
200 546
200 547
200 548
200 549
200 550
200 551
200 552
200 553
200 554
200 555
200 556
200 557
200 558
200 559
200 560
200 561
200 562
200 563
200 564
200 565
200 566
200 567
200 568
200 569
200 570
200 571
200 572
200 573
200 574
200 575
200 576
200 577
200 578
200 579
200 580
200 581
200 582
200 583
200 584
200 585
200 586
200 587
200 588
200 589
200 590
200 591
200 592
200 593
200 594
200 595
200 596
200 597
200 598
200 599
200 604
200 605
201 33
201 37
201 55
201 59
201 111
201 260
201 262
201 267
201 296
201 319
201 320
201 349
201 364
201 388
201 599
201 600
201 601
201 602
201 603
202 33
202 37
202 55
202 59
202 266
202 296
202 320
202 364
202 388
203 33
203 37
203 55
203 59
203 266
203 296
203 320
203 364
203 595
203 598
204 33
204 37
204 55
204 59
204 594
204 595
205 33
205 37
205 55
205 592
205 593
206 33
206 37
206 55
206 56
206 57
206 58
206 59
206 60
206 591
206 592
207 589
207 590
208 588
208 589
209 587
209 588
210 586
210 587
211 584
211 585
212 583
212 584
213 582
213 583
214 581
214 582
215 580
215 581
216 578
216 579
217 577
217 578
218 576
218 577
219 569
219 575
219 576
220 566
220 567
220 568
220 570
220 571
220 572
220 573
220 574
220 575
221 563
221 564
221 565
222 561
222 562
223 561
224 560
225 560
226 559
227 560
229 557
229 558
230 555
230 556
231 554
231 555
232 554
233 553
234 552
234 553
235 552
236 551
237 551
238 550
239 549
239 550
240 549
241 548
242 548
243 547
244 547
245 547
246 547
247 547
248 547
249 547
250 547
251 547
252 547
253 547
254 547
255 547
256 547
257 547
258 547
259 547
260 547
261 547
262 548
263 548
264 549
265 549
311 639
