0 19
0 488
1 19
1 486
1 487
2 19
2 485
2 486
3 19
3 483
3 484
4 19
4 481
4 482
5 19
5 480
5 481
6 19
6 478
6 479
7 19
7 476
7 477
8 19
8 475
8 476
9 19
9 473
9 474
10 19
10 471
10 472
11 19
11 470
11 471
12 19
12 468
12 469
13 19
13 466
13 467
14 19
14 464
14 465
15 19
15 463
15 464
16 19
16 461
16 462
17 19
17 459
17 460
17 461
18 19
18 457
18 458
19 19
19 456
19 457
20 19
20 454
20 455
21 19
21 453
21 454
22 19
22 451
22 452
23 19
23 449
23 450
24 19
24 447
24 448
25 19
25 446
25 447
26 19
26 444
26 445
27 19
27 442
27 443
28 19
28 441
28 442
29 19
29 439
29 440
30 19
30 437
30 438
31 19
31 436
31 437
32 19
32 434
32 435
33 19
33 433
33 434
34 19
34 431
34 432
35 19
35 429
35 430
36 19
36 427
36 428
37 19
37 426
37 427
38 19
38 424
38 425
39 19
39 423
39 424
40 19
40 421
40 422
41 19
41 419
41 420
41 421
42 19
42 417
42 418
43 19
43 416
43 417
44 19
44 414
44 415
45 19
45 413
45 414
46 19
46 411
46 412
47 19
47 410
47 411
48 19
48 408
48 409
49 19
49 406
49 407
50 19
50 404
50 405
51 19
51 403
51 404
52 19
52 122
52 123
52 124
52 125
52 126
52 127
52 401
52 402
53 19
53 120
53 121
53 128
53 129
53 130
53 131
53 132
53 133
53 134
53 135
53 136
53 137
53 138
53 139
53 140
53 401
54 19
54 118
54 119
54 141
54 142
54 143
54 144
54 145
54 146
54 147
54 148
54 149
54 150
54 402
55 19
55 117
55 118
55 151
55 152
55 153
55 154
55 155
55 156
55 157
55 158
55 159
55 402
55 464
55 465
55 466
56 19
56 115
56 116
56 160
56 161
56 162
56 163
56 164
56 165
56 166
56 167
56 168
56 169
56 403
56 462
56 463
56 467
56 468
56 470
56 471
56 472
56 473
56 474
56 475
56 476
56 477
56 478
56 479
56 480
56 481
56 482
56 483
56 484
56 485
56 486
56 487
56 488
56 489
56 490
56 491
56 492
56 493
56 494
56 495
56 496
57 19
57 115
57 170
57 171
57 172
57 173
57 174
57 175
57 176
57 177
57 178
57 403
57 461
57 462
57 468
57 469
57 497
57 498
58 19
58 114
58 179
58 180
58 181
58 182
58 183
58 184
58 185
58 186
58 187
58 188
58 403
58 461
58 469
58 498
59 19
59 113
59 114
59 189
59 190
59 191
59 192
59 193
59 194
59 195
59 196
59 197
59 198
59 199
59 200
59 201
59 403
59 460
59 469
59 471
59 472
59 473
59 474
59 475
59 476
59 477
59 478
59 479
59 480
59 481
59 482
59 498
60 19
60 111
60 112
60 202
60 203
60 204
60 205
60 206
60 207
60 208
60 209
60 210
60 403
60 461
60 462
60 463
60 464
60 465
60 466
60 467
60 468
60 469
60 483
60 484
60 485
60 486
60 487
60 488
60 489
60 490
60 491
60 492
60 493
60 494
60 497
60 498
60 621
60 622
60 623
60 624
61 19
61 110
61 111
61 211
61 212
61 213
61 214
61 215
61 403
61 496
61 498
61 619
61 620
61 625
62 19
62 109
62 110
62 216
62 403
62 495
62 498
62 619
62 625
63 19
63 108
63 216
63 403
63 495
63 498
63 618
63 626
63 627
63 628
63 629
63 630
63 631
63 632
63 633
63 634
63 635
63 636
63 637
63 638
63 639
64 19
64 107
64 216
64 402
64 403
64 495
64 498
64 617
64 618
65 19
65 107
65 216
65 401
65 402
65 495
65 498
65 617
66 19
66 107
66 216
66 401
66 495
66 498
66 616
67 19
67 107
67 216
67 400
67 495
67 498
67 613
67 614
67 615
67 616
68 19
68 107
68 216
68 400
68 495
68 498
68 613
69 19
69 107
69 216
69 400
69 495
69 498
69 613
70 19
70 107
70 216
70 400
70 495
70 498
70 613
71 19
71 107
71 216
71 400
71 495
71 498
71 613
72 19
72 107
72 216
72 400
72 495
72 498
72 613
73 19
73 107
73 216
73 336
73 337
73 338
73 339
73 340
73 341
73 342
73 343
73 344
73 400
73 495
73 498
73 613
74 19
74 107
74 216
74 333
74 334
74 335
74 345
74 346
74 347
74 348
74 349
74 350
74 351
74 352
74 353
74 354
74 400
74 495
74 498
74 613
75 19
75 107
75 216
75 331
75 332
75 355
75 356
75 357
75 358
75 359
75 360
75 361
75 362
75 363
75 364
75 400
75 495
75 498
75 613
76 19
76 107
76 216
76 319
76 320
76 321
76 322
76 323
76 324
76 325
76 326
76 327
76 328
76 329
76 330
76 365
76 366
76 367
76 368
76 369
76 370
76 400
76 495
76 498
76 613
77 19
77 107
77 216
77 315
77 316
77 317
77 318
77 371
77 401
77 495
77 498
77 612
78 19
78 107
78 216
78 313
78 314
78 371
78 401
78 495
78 498
78 612
79 19
79 107
79 216
79 313
79 371
79 401
79 495
79 498
79 612
80 19
80 107
80 216
80 312
80 371
80 401
80 495
80 498
80 612
81 19
81 107
81 216
81 312
81 371
81 401
81 495
81 498
81 612
82 19
82 107
82 216
82 311
82 371
82 401
82 495
82 498
82 612
83 19
83 107
83 216
83 311
83 371
83 401
83 495
83 498
83 612
84 19
84 107
84 216
84 311
84 371
84 401
84 495
84 498
84 612
85 19
85 107
85 216
85 311
85 371
85 401
85 495
85 498
85 612
86 19
86 107
86 216
86 311
86 371
86 401
86 495
86 498
86 612
87 19
87 107
87 216
87 311
87 371
87 401
87 495
87 498
87 612
88 0
88 1
88 2
88 3
88 4
88 5
88 6
88 19
88 107
88 216
88 311
88 371
88 401
88 495
88 498
88 612
89 7
89 8
89 9
89 10
89 11
89 12
89 16
89 17
89 18
89 19
89 107
89 216
89 311
89 371
89 401
89 495
89 498
89 612
90 14
90 15
90 20
90 107
90 216
90 311
90 371
90 400
90 401
90 495
90 498
90 612
91 6
91 14
91 21
91 107
91 216
91 311
91 371
91 398
91 399
91 495
91 498
91 612
92 0
92 1
92 2
92 3
92 4
92 5
92 6
92 13
92 21
92 107
92 216
92 311
92 371
92 396
92 397
92 495
92 498
92 612
93 7
93 8
93 9
93 10
93 11
93 13
93 21
93 107
93 216
93 311
93 371
93 394
93 395
93 495
93 498
93 612
94 13
94 14
94 15
94 16
94 17
94 18
94 21
94 107
94 216
94 311
94 371
94 392
94 393
94 495
94 498
94 612
95 19
95 20
95 107
95 216
95 311
95 371
95 390
95 391
95 495
95 498
95 612
96 19
96 107
96 216
96 311
96 371
96 388
96 389
96 495
96 498
96 612
97 19
97 107
97 216
97 311
97 372
97 386
97 387
97 495
97 498
97 612
98 19
98 107
98 216
98 311
98 372
98 373
98 384
98 385
98 495
98 498
98 612
99 19
99 107
99 216
99 311
99 374
99 375
99 382
99 383
99 495
99 498
99 612
100 19
100 107
100 216
100 311
100 375
100 376
100 380
100 381
100 495
100 498
100 612
101 19
101 107
101 216
101 309
101 310
101 376
101 377
101 378
101 379
101 495
101 498
101 612
102 19
102 107
102 216
102 308
102 495
102 498
102 612
103 19
103 107
103 216
103 307
103 495
103 498
103 612
104 19
104 107
104 216
104 307
104 495
104 498
104 612
105 19
105 107
105 216
105 307
105 495
105 498
105 612
106 19
106 107
106 216
106 307
106 495
106 498
106 612
107 19
107 107
107 200
107 201
107 216
107 307
107 335
107 495
107 498
107 612
108 19
108 107
108 198
108 199
108 202
108 203
108 204
108 205
108 216
108 307
108 333
108 334
108 336
108 337
108 338
108 339
108 340
108 341
108 342
108 343
108 344
108 345
108 346
108 347
108 348
108 349
108 350
108 351
108 352
108 353
108 354
108 495
108 498
108 612
109 19
109 107
109 176
109 177
109 178
109 179
109 180
109 181
109 182
109 197
109 198
109 206
109 207
109 216
109 307
109 332
109 333
109 337
109 355
109 356
109 357
109 495
109 498
109 612
110 19
110 107
110 174
110 175
110 183
110 184
110 185
110 192
110 193
110 194
110 195
110 196
110 207
110 208
110 216
110 307
110 332
110 337
110 355
110 357
110 495
110 498
110 612
111 19
111 107
111 172
111 173
111 186
111 187
111 188
111 189
111 190
111 191
111 208
111 209
111 216
111 307
111 332
111 337
111 339
111 340
111 341
111 342
111 343
111 344
111 345
111 346
111 347
111 348
111 349
111 350
111 351
111 352
111 353
111 355
111 357
111 495
111 498
111 612
112 19
112 107
112 170
112 171
112 209
112 210
112 216
112 307
112 333
112 334
112 335
112 336
112 337
112 355
112 357
112 495
112 498
112 612
113 19
113 107
113 162
113 165
113 166
113 167
113 168
113 169
113 173
113 174
113 175
113 176
113 177
113 178
113 179
113 180
113 181
113 182
113 183
113 210
113 211
113 212
113 216
113 307
113 354
113 357
113 495
113 498
113 611
113 612
114 19
114 107
114 160
114 161
114 163
114 164
114 184
114 185
114 186
114 187
114 188
114 189
114 190
114 191
114 192
114 193
114 196
114 197
114 198
114 199
114 200
114 201
114 202
114 203
114 204
114 205
114 206
114 207
114 208
114 209
114 212
114 213
114 216
114 217
114 307
114 354
114 357
114 495
114 498
114 610
115 19
115 107
115 160
115 163
115 194
115 195
115 211
115 212
115 214
115 215
115 216
115 218
115 307
115 354
115 357
115 495
115 498
115 609
116 19
116 107
116 159
116 163
116 184
116 194
116 218
116 220
116 221
116 222
116 223
116 226
116 227
116 228
116 229
116 230
116 231
116 232
116 233
116 234
116 235
116 236
116 237
116 238
116 239
116 240
116 241
116 307
116 354
116 357
116 495
116 498
116 608
116 609
117 19
117 107
117 159
117 163
117 186
117 187
117 188
117 189
117 190
117 191
117 192
117 193
117 215
117 216
117 225
117 242
117 244
117 245
117 246
117 247
117 248
117 249
117 250
117 251
117 252
117 253
117 254
117 255
117 256
117 257
117 258
117 259
117 260
117 261
117 262
117 263
117 264
117 265
117 266
117 267
117 268
117 269
117 270
117 271
117 272
117 273
117 274
117 275
117 276
117 277
117 278
117 279
117 280
117 281
117 282
117 283
117 284
117 285
117 286
117 287
117 288
117 289
117 290
117 291
117 292
117 293
117 294
117 295
117 296
117 297
117 298
117 307
117 354
117 357
117 495
117 498
117 608
118 19
118 107
118 159
118 163
118 185
118 194
118 219
118 220
118 224
118 243
118 299
118 307
118 354
118 357
118 495
118 498
118 607
119 19
119 107
119 159
119 163
119 185
119 194
119 215
119 221
119 222
119 224
119 243
119 253
119 254
119 255
119 256
119 257
119 258
119 259
119 260
119 261
119 262
119 263
119 264
119 265
119 266
119 267
119 268
119 269
119 270
119 283
119 284
119 285
119 286
119 287
119 288
119 289
119 290
119 291
119 292
119 293
119 294
119 295
119 296
119 297
119 298
119 299
119 301
119 307
119 354
119 357
119 495
119 498
119 607
120 9
120 10
120 11
120 19
120 107
120 160
120 161
120 162
120 164
120 215
120 224
120 243
120 251
120 252
120 271
120 272
120 281
120 282
120 302
120 303
120 306
120 354
120 357
120 495
120 498
120 607
121 3
121 4
121 5
121 7
121 8
121 11
121 19
121 106
121 162
121 164
121 165
121 166
121 167
121 168
121 169
121 170
121 171
121 172
121 173
121 174
121 175
121 176
121 177
121 178
121 179
121 180
121 181
121 182
121 183
121 184
121 194
121 223
121 224
121 243
121 251
121 271
121 281
121 303
121 306
121 354
121 357
121 495
121 498
121 606
122 2
122 5
122 6
122 7
122 11
122 20
122 21
122 22
122 37
122 38
122 39
122 40
122 41
122 42
122 43
122 106
122 160
122 161
122 162
122 164
122 186
122 187
122 188
122 189
122 190
122 191
122 192
122 193
122 214
122 224
122 243
122 245
122 246
122 247
122 248
122 249
122 250
122 251
122 252
122 253
122 254
122 255
122 256
122 257
122 258
122 259
122 260
122 261
122 262
122 263
122 264
122 265
122 266
122 267
122 268
122 269
122 270
122 271
122 272
122 273
122 274
122 275
122 276
122 277
122 278
122 279
122 280
122 281
122 282
122 283
122 284
122 285
122 286
122 287
122 288
122 289
122 290
122 291
122 292
122 293
122 294
122 295
122 296
122 297
122 298
122 303
122 306
122 354
122 357
122 495
122 498
122 599
122 600
122 601
122 602
122 606
123 2
123 11
123 20
123 24
123 25
123 26
123 36
123 44
123 45
123 106
123 159
123 160
123 163
123 185
123 194
123 195
123 196
123 197
123 198
123 199
123 200
123 201
123 202
123 203
123 204
123 205
123 206
123 207
123 208
123 209
123 210
123 211
123 212
123 213
123 214
123 215
123 216
123 217
123 218
123 221
123 222
123 223
123 225
123 226
123 243
123 299
123 303
123 306
123 354
123 357
123 494
123 498
123 591
123 592
123 593
123 594
123 595
123 596
123 597
123 598
123 599
123 603
123 604
123 605
124 0
124 1
124 2
124 11
124 14
124 20
124 21
124 22
124 26
124 28
124 29
124 35
124 45
124 106
124 158
124 163
124 184
124 219
124 220
124 227
124 228
124 238
124 239
124 243
124 299
124 302
124 303
124 306
124 354
124 357
124 494
124 498
124 589
124 590
125 11
125 13
125 15
125 19
125 24
125 25
125 26
125 32
125 33
125 35
125 45
125 106
125 157
125 163
125 184
125 219
125 228
125 229
125 233
125 234
125 238
125 240
125 241
125 242
125 244
125 245
125 246
125 247
125 248
125 249
125 250
125 251
125 252
125 253
125 254
125 255
125 256
125 257
125 258
125 259
125 260
125 261
125 262
125 263
125 264
125 265
125 266
125 267
125 268
125 269
125 270
125 271
125 272
125 273
125 274
125 275
125 276
125 277
125 278
125 279
125 280
125 283
125 284
125 285
125 286
125 287
125 288
125 289
125 290
125 291
125 292
125 293
125 294
125 295
125 296
125 297
125 298
125 299
125 302
125 306
125 354
125 357
125 494
125 498
125 588
125 589
126 16
126 19
126 28
126 29
126 35
126 45
126 55
126 56
126 57
126 106
126 158
126 163
126 184
126 219
126 230
126 231
126 235
126 236
126 238
126 281
126 282
126 306
126 354
126 357
126 494
126 498
126 574
126 575
126 576
126 577
126 582
126 583
126 584
126 585
126 586
126 587
126 599
126 603
126 604
126 605
127 0
127 1
127 2
127 3
127 4
127 5
127 6
127 7
127 8
127 9
127 10
127 11
127 12
127 13
127 16
127 17
127 18
127 32
127 33
127 35
127 40
127 41
127 42
127 43
127 44
127 45
127 47
127 48
127 49
127 50
127 51
127 52
127 54
127 58
127 106
127 158
127 163
127 184
127 219
127 231
127 237
127 238
127 281
127 301
127 306
127 354
127 357
127 494
127 498
127 564
127 565
127 566
127 567
127 573
127 578
127 579
127 580
127 581
127 599
127 601
127 605
128 14
128 18
128 20
128 21
128 22
128 23
128 24
128 25
128 26
128 27
128 28
128 29
128 30
128 34
128 35
128 36
128 37
128 38
128 39
128 53
128 59
128 106
128 159
128 164
128 165
128 166
128 167
128 168
128 169
128 170
128 171
128 172
128 173
128 174
128 175
128 176
128 177
128 178
128 179
128 180
128 181
128 182
128 183
128 184
128 219
128 231
128 235
128 237
128 281
128 301
128 306
128 354
128 357
128 494
128 498
128 564
128 568
128 569
128 572
128 598
128 605
129 18
129 53
129 59
129 106
129 159
129 219
129 231
129 237
129 281
129 301
129 306
129 354
129 357
129 367
129 368
129 371
129 372
129 373
129 374
129 494
129 498
129 563
129 569
129 570
129 571
129 572
129 598
129 605
130 15
130 16
130 17
130 19
130 25
130 26
130 27
130 28
130 34
130 40
130 41
130 42
130 43
130 44
130 45
130 46
130 47
130 48
130 49
130 50
130 51
130 52
130 57
130 58
130 59
130 106
130 160
130 218
130 231
130 237
130 281
130 301
130 306
130 354
130 357
130 364
130 365
130 366
130 370
130 375
130 376
130 377
130 494
130 498
130 563
130 598
130 605
131 20
131 21
131 22
131 23
131 24
131 29
131 30
131 31
131 32
131 33
131 35
131 36
131 37
131 38
131 39
131 106
131 160
131 161
131 218
131 231
131 237
131 281
131 301
131 306
131 337
131 354
131 358
131 359
131 360
131 361
131 362
131 363
131 378
131 379
131 380
131 381
131 412
131 413
131 414
131 421
131 422
131 423
131 424
131 425
131 426
131 494
131 498
131 563
131 598
131 605
132 39
132 51
132 52
132 53
132 55
132 56
132 60
132 61
132 62
132 106
132 162
132 163
132 217
132 231
132 237
132 282
132 283
132 284
132 285
132 286
132 287
132 288
132 289
132 290
132 291
132 292
132 293
132 294
132 295
132 296
132 297
132 298
132 299
132 300
132 301
132 306
132 335
132 336
132 338
132 339
132 354
132 382
132 383
132 411
132 415
132 416
132 419
132 420
132 427
132 428
132 494
132 498
132 549
132 561
132 562
132 598
132 604
132 605
133 39
133 40
133 42
133 43
133 44
133 57
133 58
133 62
133 64
133 65
133 66
133 106
133 163
133 217
133 231
133 237
133 306
133 333
133 334
133 335
133 340
133 341
133 344
133 345
133 346
133 347
133 354
133 357
133 383
133 402
133 410
133 416
133 417
133 418
133 419
133 428
133 429
133 494
133 498
133 548
133 550
133 551
133 560
133 561
133 583
133 584
133 585
133 586
133 587
133 588
133 589
133 590
133 591
133 592
133 593
133 598
133 603
133 604
134 40
134 41
134 42
134 45
134 60
134 61
134 62
134 66
134 68
134 69
134 70
134 106
134 164
134 217
134 231
134 237
134 306
134 328
134 329
134 330
134 331
134 332
134 342
134 343
134 344
134 348
134 349
134 355
134 384
134 400
134 401
134 403
134 404
134 405
134 406
134 407
134 408
134 409
134 410
134 429
134 430
134 431
134 494
134 498
134 547
134 551
134 552
134 560
134 581
134 582
134 594
134 598
134 601
134 602
134 603
135 45
135 46
135 64
135 65
135 66
135 70
135 72
135 73
135 74
135 106
135 164
135 217
135 231
135 237
135 306
135 326
135 327
135 350
135 351
135 354
135 355
135 384
135 399
135 400
135 432
135 433
135 494
135 498
135 548
135 553
135 554
135 559
135 581
135 594
135 598
136 46
136 47
136 68
136 69
136 70
136 74
136 76
136 77
136 78
136 106
136 163
136 164
136 217
136 231
136 237
136 306
136 324
136 325
136 352
136 353
136 354
136 384
136 399
136 434
136 435
136 494
136 498
136 548
136 554
136 559
136 580
136 594
136 598
137 47
137 72
137 73
137 74
137 78
137 81
137 82
137 83
137 106
137 162
137 163
137 217
137 231
137 237
137 306
137 323
137 324
137 384
137 398
137 435
137 436
137 494
137 498
137 535
137 549
137 555
137 559
137 580
137 594
137 598
138 0
138 1
138 2
138 3
138 4
138 5
138 47
138 76
138 77
138 78
138 83
138 85
138 86
138 87
138 106
138 161
138 162
138 218
138 231
138 237
138 270
138 273
138 274
138 275
138 276
138 277
138 278
138 279
138 280
138 281
138 282
138 283
138 306
138 322
138 323
138 385
138 398
138 436
138 437
138 494
138 498
138 534
138 536
138 549
138 550
138 555
138 556
138 559
138 580
138 594
138 598
139 6
139 7
139 8
139 9
139 10
139 11
139 12
139 13
139 14
139 15
139 16
139 17
139 18
139 19
139 20
139 21
139 22
139 23
139 24
139 25
139 26
139 27
139 28
139 29
139 30
139 31
139 32
139 33
139 34
139 35
139 36
139 47
139 81
139 82
139 83
139 87
139 89
139 90
139 91
139 106
139 161
139 218
139 219
139 220
139 231
139 237
139 268
139 269
139 271
139 272
139 284
139 286
139 306
139 321
139 322
139 385
139 398
139 438
139 494
139 498
139 533
139 537
139 548
139 551
139 557
139 558
139 559
139 580
139 594
139 598
140 0
140 1
140 2
140 3
140 4
140 37
140 38
140 39
140 40
140 41
140 42
140 43
140 44
140 45
140 46
140 47
140 48
140 50
140 51
140 52
140 53
140 54
140 55
140 56
140 57
140 58
140 59
140 60
140 61
140 62
140 63
140 64
140 65
140 66
140 85
140 86
140 87
140 91
140 93
140 94
140 95
140 106
140 160
140 221
140 222
140 223
140 231
140 237
140 268
140 272
140 273
140 284
140 286
140 306
140 320
140 321
140 385
140 398
140 438
140 494
140 498
140 533
140 537
140 538
140 547
140 549
140 552
140 580
140 595
140 596
140 597
140 598
140 601
141 6
141 7
141 8
141 9
141 10
141 11
141 12
141 13
141 14
141 15
141 16
141 17
141 18
141 19
141 20
141 21
141 22
141 23
141 24
141 25
141 26
141 27
141 28
141 29
141 30
141 31
141 32
141 33
141 34
141 66
141 74
141 75
141 76
141 77
141 78
141 79
141 80
141 81
141 82
141 83
141 88
141 89
141 90
141 91
141 92
141 95
141 97
141 98
141 106
141 161
141 224
141 225
141 231
141 237
141 268
141 269
141 270
141 271
141 272
141 283
141 284
141 306
141 319
141 320
141 386
141 398
141 438
141 494
141 498
141 533
141 539
141 546
141 550
141 580
141 600
141 602
142 1
142 2
142 3
142 4
142 38
142 39
142 40
142 41
142 42
142 43
142 44
142 45
142 46
142 47
142 48
142 49
142 50
142 51
142 52
142 53
142 54
142 55
142 56
142 57
142 58
142 59
142 60
142 61
142 62
142 63
142 64
142 65
142 66
142 73
142 93
142 94
142 95
142 98
142 103
142 104
142 105
142 106
142 109
142 110
142 111
142 112
142 113
142 114
142 115
142 116
142 117
142 118
142 119
142 120
142 121
142 122
142 123
142 161
142 225
142 231
142 237
142 283
142 306
142 318
142 319
142 386
142 397
142 438
142 494
142 498
142 533
142 540
142 541
142 542
142 546
142 552
142 580
142 600
142 602
143 5
143 29
143 30
143 31
143 32
143 33
143 48
143 74
143 75
143 76
143 77
143 78
143 79
143 80
143 81
143 82
143 83
143 84
143 85
143 86
143 87
143 88
143 89
143 90
143 91
143 96
143 97
143 98
143 102
143 107
143 123
143 162
143 225
143 231
143 236
143 283
143 306
143 315
143 316
143 317
143 386
143 394
143 395
143 396
143 438
143 494
143 498
143 532
143 533
143 543
143 544
143 545
143 546
143 580
143 595
143 598
143 602
144 0
144 1
144 2
144 3
144 4
144 5
144 28
144 43
144 49
144 50
144 51
144 58
144 59
144 60
144 61
144 62
144 63
144 64
144 65
144 66
144 67
144 68
144 69
144 70
144 71
144 72
144 73
144 103
144 104
144 105
144 106
144 107
144 109
144 110
144 111
144 112
144 113
144 114
144 115
144 116
144 117
144 118
144 119
144 120
144 121
144 122
144 123
144 162
144 163
144 225
144 229
144 230
144 236
144 283
144 306
144 313
144 314
144 386
144 392
144 393
144 439
144 494
144 498
144 531
144 581
144 594
144 598
144 602
145 29
145 30
145 31
145 32
145 33
145 34
145 35
145 36
145 37
145 38
145 39
145 40
145 41
145 42
145 43
145 52
145 53
145 54
145 55
145 77
145 80
145 81
145 82
145 83
145 84
145 85
145 86
145 87
145 88
145 89
145 90
145 91
145 92
145 93
145 94
145 95
145 96
145 97
145 98
145 99
145 100
145 101
145 102
145 107
145 130
145 163
145 164
145 226
145 229
145 235
145 283
145 306
145 311
145 312
145 386
145 390
145 391
145 439
145 440
145 441
145 494
145 498
145 530
145 581
145 594
145 598
145 602
146 19
146 20
146 56
146 57
146 58
146 59
146 60
146 61
146 62
146 63
146 64
146 65
146 66
146 67
146 68
146 69
146 70
146 71
146 72
146 73
146 74
146 75
146 76
146 77
146 107
146 122
146 123
146 124
146 125
146 126
146 127
146 128
146 129
146 131
146 164
146 226
146 229
146 230
146 235
146 283
146 286
146 287
146 288
146 289
146 290
146 291
146 292
146 293
146 294
146 295
146 296
146 297
146 298
146 299
146 300
146 301
146 302
146 303
146 304
146 305
146 306
146 310
146 311
146 386
146 390
146 442
146 443
146 494
146 498
146 529
146 530
146 581
146 594
146 598
146 602
147 17
147 18
147 21
147 22
147 50
147 53
147 54
147 55
147 56
147 79
147 80
147 81
147 82
147 83
147 84
147 85
147 86
147 87
147 88
147 89
147 90
147 91
147 92
147 93
147 94
147 95
147 96
147 97
147 98
147 99
147 100
147 101
147 102
147 103
147 104
147 105
147 106
147 109
147 110
147 111
147 112
147 113
147 131
147 163
147 164
147 226
147 235
147 281
147 283
147 286
147 310
147 385
147 389
147 443
147 444
147 494
147 498
147 529
147 581
147 594
147 598
147 602
148 0
148 1
148 2
148 3
148 4
148 5
148 6
148 7
148 8
148 9
148 10
148 11
148 12
148 13
148 14
148 15
148 16
148 17
148 23
148 24
148 46
148 47
148 48
148 49
148 106
148 123
148 124
148 125
148 126
148 127
148 128
148 161
148 162
148 226
148 231
148 235
148 280
148 281
148 283
148 309
148 385
148 389
148 444
148 445
148 494
148 498
148 528
148 581
148 594
148 598
148 602
149 24
149 36
149 37
149 38
149 39
149 40
149 41
149 42
149 43
149 44
149 45
149 81
149 106
149 155
149 156
149 157
149 158
149 159
149 160
149 226
149 231
149 235
149 279
149 280
149 283
149 309
149 384
149 385
149 389
149 445
149 494
149 498
149 528
149 581
149 594
149 598
149 602
150 15
150 24
150 35
150 49
150 81
150 106
150 153
150 154
150 226
150 230
150 236
150 237
150 238
150 239
150 240
150 241
150 242
150 243
150 244
150 245
150 246
150 247
150 248
150 249
150 250
150 251
150 252
150 253
150 254
150 255
150 256
150 257
150 258
150 259
150 260
150 261
150 262
150 263
150 264
150 265
150 266
150 267
150 268
150 269
150 270
150 271
150 272
150 273
150 283
150 309
150 384
150 386
150 387
150 388
150 445
150 494
150 498
150 528
150 582
150 583
150 584
150 585
150 586
150 587
150 588
150 589
150 590
150 591
150 592
150 593
150 594
150 598
150 602
151 15
151 24
151 35
151 45
151 46
151 47
151 49
151 81
151 106
151 151
151 152
151 226
151 230
151 236
151 274
151 283
151 288
151 289
151 290
151 291
151 292
151 293
151 294
151 295
151 296
151 297
151 298
151 299
151 300
151 301
151 302
151 303
151 304
151 305
151 306
151 307
151 310
151 446
151 494
151 498
151 528
151 598
151 602
152 0
152 1
152 2
152 3
152 4
152 5
152 6
152 7
152 8
152 9
152 10
152 11
152 12
152 13
152 14
152 15
152 24
152 48
152 49
152 81
152 106
152 150
152 151
152 226
152 230
152 235
152 275
152 278
152 279
152 280
152 283
152 287
152 308
152 310
152 311
152 312
152 313
152 314
152 315
152 446
152 494
152 498
152 528
152 582
152 583
152 584
152 585
152 586
152 587
152 588
152 589
152 590
152 591
152 592
152 593
152 598
152 602
153 16
153 24
153 48
153 81
153 106
153 150
153 226
153 230
153 235
153 275
153 277
153 280
153 283
153 287
153 309
153 310
153 316
153 446
153 494
153 498
153 528
153 581
153 582
153 593
153 598
153 602
154 16
154 23
154 24
154 48
154 81
154 106
154 149
154 226
154 230
154 235
154 277
154 281
154 283
154 287
154 316
154 446
154 494
154 498
154 528
154 529
154 581
154 593
154 598
154 602
155 17
155 18
155 19
155 20
155 21
155 22
155 23
155 48
155 81
155 106
155 149
155 226
155 230
155 235
155 274
155 276
155 281
155 282
155 283
155 287
155 316
155 445
155 446
155 494
155 498
155 529
155 530
155 580
155 594
155 595
155 596
155 597
155 598
155 602
156 48
156 81
156 106
156 149
156 225
156 226
156 227
156 228
156 229
156 230
156 235
156 274
156 276
156 285
156 286
156 287
156 316
156 445
156 494
156 498
156 530
156 580
156 600
156 602
157 48
157 81
157 106
157 150
157 224
157 225
157 230
157 236
157 237
157 238
157 239
157 240
157 241
157 242
157 243
157 244
157 245
157 246
157 247
157 248
157 249
157 250
157 251
157 252
157 253
157 254
157 255
157 256
157 257
157 258
157 259
157 260
157 261
157 262
157 263
157 264
157 265
157 266
157 267
157 268
157 269
157 270
157 271
157 272
157 273
157 276
157 283
157 316
157 445
157 494
157 498
157 530
157 579
157 600
157 602
158 48
158 81
158 106
158 150
158 223
158 224
158 230
158 236
158 277
158 278
158 279
158 280
158 281
158 282
158 283
158 286
158 287
158 288
158 289
158 290
158 291
158 292
158 293
158 294
158 295
158 296
158 297
158 298
158 299
158 300
158 301
158 302
158 303
158 304
158 305
158 306
158 307
158 308
158 309
158 310
158 445
158 446
158 494
158 498
158 529
158 530
158 579
158 594
158 598
158 602
159 48
159 81
159 106
159 150
159 222
159 223
159 230
159 236
159 284
159 285
159 286
159 311
159 312
159 313
159 314
159 446
159 494
159 498
159 527
159 528
159 579
159 593
159 598
159 601
159 602
160 48
160 81
160 106
160 150
160 221
160 225
160 226
160 227
160 228
160 230
160 236
160 255
160 256
160 257
160 258
160 259
160 260
160 261
160 262
160 263
160 264
160 265
160 266
160 267
160 268
160 269
160 270
160 315
160 316
160 317
160 318
160 319
160 320
160 321
160 322
160 323
160 324
160 325
160 326
160 447
160 494
160 498
160 526
160 527
160 580
160 593
160 598
161 48
161 84
161 85
161 86
161 87
161 88
161 89
161 106
161 150
161 221
161 230
161 236
161 253
161 254
161 271
161 272
161 273
161 274
161 275
161 276
161 277
161 278
161 279
161 280
161 281
161 282
161 283
161 284
161 285
161 286
161 287
161 288
161 289
161 290
161 291
161 292
161 294
161 295
161 296
161 297
161 298
161 326
161 327
161 328
161 329
161 330
161 331
161 332
161 333
161 334
161 335
161 336
161 447
161 494
161 498
161 525
161 526
161 580
161 593
161 598
162 48
162 82
162 83
162 90
162 91
162 106
162 150
162 220
162 229
162 230
162 235
162 252
162 253
162 292
162 337
162 338
162 447
162 494
162 498
162 525
162 580
162 593
162 598
163 48
163 81
163 83
163 91
163 106
163 150
163 220
163 228
163 229
163 235
163 251
163 252
163 283
163 290
163 291
163 292
163 339
163 340
163 448
163 494
163 498
163 524
163 580
163 593
163 598
164 48
164 81
164 83
164 91
164 106
164 150
164 220
164 226
164 227
164 235
164 250
164 251
164 283
164 289
164 290
164 341
164 342
164 448
164 494
164 498
164 524
164 580
164 593
164 598
165 36
165 37
165 38
165 39
165 40
165 41
165 42
165 43
165 44
165 45
165 46
165 47
165 48
165 81
165 84
165 91
165 106
165 150
165 221
165 222
165 223
165 224
165 225
165 230
165 235
165 249
165 250
165 283
165 288
165 289
165 342
165 343
165 448
165 494
165 498
165 525
165 581
165 582
165 583
165 584
165 593
165 598
166 34
166 35
166 81
166 84
166 85
166 90
166 91
166 106
166 149
166 150
166 230
166 236
166 237
166 238
166 239
166 240
166 241
166 242
166 243
166 244
166 245
166 246
166 247
166 248
166 282
166 283
166 284
166 285
166 286
166 287
166 344
166 345
166 448
166 494
166 498
166 525
166 585
166 586
166 587
166 588
166 589
166 590
166 591
166 592
166 593
166 598
167 34
167 48
167 81
167 85
167 86
167 87
167 88
167 89
167 92
167 93
167 106
167 148
167 149
167 230
167 274
167 275
167 276
167 277
167 278
167 279
167 280
167 281
167 346
167 347
167 448
167 494
167 498
167 525
167 598
168 34
168 35
168 36
168 37
168 38
168 39
168 40
168 41
168 42
168 43
168 44
168 45
168 46
168 47
168 81
168 93
168 106
168 148
168 230
168 235
168 272
168 273
168 347
168 448
168 494
168 498
168 526
168 598
169 48
169 81
169 94
169 106
169 147
169 230
169 235
169 271
169 272
169 347
169 448
169 494
169 498
169 526
169 598
170 48
170 81
170 94
170 106
170 146
170 147
170 230
170 235
170 269
170 270
170 271
170 347
170 437
170 438
170 439
170 447
170 494
170 498
170 526
170 598
171 49
171 50
171 51
171 52
171 53
171 54
171 55
171 56
171 57
171 58
171 59
171 60
171 61
171 62
171 63
171 64
171 65
171 66
171 67
171 68
171 69
171 70
171 71
171 72
171 73
171 74
171 75
171 76
171 77
171 78
171 79
171 80
171 81
171 94
171 106
171 145
171 146
171 230
171 235
171 267
171 268
171 348
171 349
171 350
171 351
171 435
171 436
171 440
171 441
171 447
171 494
171 498
171 527
171 598
172 88
172 89
172 90
172 91
172 92
172 93
172 94
172 106
172 144
172 145
172 230
172 235
172 267
172 352
172 353
172 434
172 442
172 447
172 494
172 498
172 527
172 598
173 87
173 96
173 97
173 98
173 99
173 100
173 101
173 102
173 103
173 104
173 106
173 143
173 144
173 200
173 201
173 202
173 203
173 204
173 205
173 206
173 207
173 208
173 230
173 235
173 266
173 353
173 354
173 433
173 442
173 447
173 494
173 498
173 527
173 598
174 86
174 106
174 107
174 108
174 109
174 110
174 111
174 112
174 113
174 114
174 115
174 116
174 117
174 118
174 119
174 120
174 121
174 122
174 123
174 143
174 199
174 209
174 210
174 230
174 235
174 266
174 355
174 434
174 442
174 447
174 494
174 498
174 527
174 598
175 86
175 124
175 142
175 199
175 211
175 230
175 235
175 267
175 355
175 434
175 435
175 441
175 447
175 494
175 498
175 528
175 564
175 565
175 566
175 599
176 86
176 105
176 124
176 141
176 142
176 199
176 200
176 211
176 230
176 235
176 267
176 268
176 350
176 356
176 435
176 436
176 438
176 447
176 494
176 498
176 528
176 529
176 563
176 564
176 567
176 568
176 599
177 86
177 105
177 124
177 141
177 201
177 202
177 211
177 230
177 235
177 268
177 349
177 351
177 356
177 438
177 440
177 446
177 463
177 464
177 465
177 466
177 467
177 486
177 487
177 488
177 489
177 490
177 494
177 498
177 529
177 530
177 563
177 568
177 569
177 599
178 86
178 105
178 124
178 141
178 203
178 204
178 210
178 230
178 235
178 268
178 348
178 351
178 356
178 437
178 445
178 462
178 468
178 485
178 491
178 494
178 498
178 530
178 531
178 562
178 569
178 570
178 600
179 86
179 105
179 124
179 126
179 127
179 128
179 129
179 130
179 131
179 132
179 133
179 134
179 135
179 136
179 137
179 140
179 141
179 205
179 210
179 230
179 235
179 268
179 348
179 351
179 356
179 437
179 445
179 461
179 468
179 475
179 476
179 477
179 478
179 484
179 491
179 494
179 498
179 531
179 532
179 533
179 534
179 562
179 570
179 571
179 600
180 30
180 31
180 80
180 81
180 82
180 83
180 105
180 124
180 139
180 140
180 206
180 207
180 208
180 230
180 235
180 268
180 348
180 352
180 356
180 437
180 445
180 461
180 468
180 474
180 479
180 484
180 491
180 494
180 498
180 535
180 536
180 562
180 571
180 572
180 600
181 29
181 79
181 84
181 85
181 88
181 105
181 124
181 139
181 201
181 202
181 203
181 204
181 209
181 230
181 235
181 268
181 348
181 352
181 356
181 437
181 446
181 461
181 468
181 473
181 480
181 484
181 491
181 494
181 498
181 537
181 538
181 562
181 572
181 573
181 600
182 28
182 29
182 31
182 78
182 84
182 88
182 105
182 124
182 139
182 199
182 200
182 206
182 207
182 230
182 235
182 243
182 244
182 245
182 246
182 247
182 248
182 249
182 250
182 251
182 252
182 253
182 254
182 255
182 256
182 257
182 258
182 259
182 260
182 261
182 262
182 263
182 264
182 265
182 268
182 348
182 352
182 356
182 377
182 378
182 379
182 380
182 388
182 389
182 390
182 391
182 392
182 393
182 394
182 437
182 446
182 461
182 468
182 473
182 480
182 484
182 490
182 494
182 498
182 538
182 562
182 573
182 574
182 600
183 27
183 31
183 79
183 80
183 81
183 82
183 83
183 84
183 88
183 105
183 124
183 125
183 126
183 127
183 128
183 129
183 130
183 139
183 198
183 199
183 208
183 209
183 230
183 235
183 241
183 242
183 266
183 268
183 348
183 351
183 356
183 375
183 376
183 381
183 382
183 387
183 395
183 396
183 437
183 446
183 462
183 463
183 464
183 465
183 466
183 467
183 468
183 473
183 480
183 485
183 486
183 487
183 488
183 489
183 490
183 494
183 498
183 538
183 562
183 574
183 575
183 600
184 26
184 31
184 36
184 37
184 85
184 88
184 104
184 131
184 132
184 133
184 134
184 135
184 136
184 137
184 139
184 198
184 209
184 230
184 235
184 241
184 266
184 268
184 349
184 350
184 351
184 357
184 375
184 382
184 386
184 396
184 397
184 437
184 446
184 474
184 480
184 492
184 493
184 495
184 499
184 500
184 501
184 502
184 503
184 504
184 539
184 540
184 562
184 576
184 577
185 26
185 31
185 36
185 86
185 107
185 108
185 109
185 110
185 111
185 112
185 113
185 114
185 115
185 116
185 117
185 118
185 119
185 120
185 123
185 131
185 140
185 198
185 209
185 230
185 235
185 240
185 266
185 268
185 349
185 351
185 356
185 358
185 369
185 370
185 374
185 382
185 386
185 398
185 399
185 437
185 446
185 474
185 475
185 478
185 479
185 495
185 499
185 505
185 541
185 542
185 543
185 544
185 562
185 577
185 578
185 600
185 601
186 26
186 31
186 35
186 72
186 73
186 74
186 75
186 86
186 105
186 106
186 132
186 133
186 134
186 135
186 136
186 137
186 138
186 140
186 198
186 209
186 230
186 235
186 240
186 266
186 268
186 348
186 352
186 356
186 358
186 359
186 366
186 367
186 368
186 371
186 372
186 374
186 382
186 385
186 399
186 400
186 437
186 445
186 446
186 475
186 477
186 490
186 495
186 498
186 505
186 545
186 546
186 561
186 578
186 579
186 599
187 26
187 31
187 35
187 60
187 61
187 71
187 76
187 87
187 88
187 89
187 90
187 91
187 92
187 93
187 96
187 97
187 98
187 99
187 100
187 101
187 102
187 103
187 104
187 105
187 109
187 110
187 111
187 112
187 113
187 114
187 115
187 116
187 117
187 118
187 119
187 121
187 131
187 139
187 142
187 198
187 209
187 230
187 235
187 240
187 268
187 348
187 352
187 353
187 354
187 355
187 359
187 360
187 361
187 362
187 363
187 364
187 365
187 372
187 374
187 382
187 385
187 401
187 402
187 432
187 433
187 441
187 442
187 443
187 444
187 475
187 477
187 489
187 495
187 498
187 505
187 546
187 561
187 579
187 598
187 599
187 601
188 26
188 31
188 35
188 38
188 59
188 71
188 76
188 95
188 107
188 108
188 120
188 131
188 139
188 142
188 197
188 208
188 230
188 235
188 240
188 268
188 348
188 372
188 374
188 382
188 385
188 403
188 404
188 409
188 410
188 430
188 431
188 434
188 435
188 436
188 437
188 440
188 475
188 489
188 495
188 499
188 505
188 547
188 560
188 579
188 598
188 601
189 26
189 31
189 35
189 38
189 59
189 71
189 76
189 94
189 106
189 107
189 121
189 122
189 123
189 124
189 126
189 127
189 128
189 129
189 130
189 131
189 139
189 142
189 177
189 196
189 208
189 228
189 229
189 230
189 236
189 237
189 238
189 239
189 240
189 268
189 348
189 374
189 382
189 385
189 404
189 405
189 406
189 407
189 408
189 411
189 429
189 430
189 461
189 462
189 463
189 464
189 465
189 475
189 489
189 495
189 499
189 505
189 547
189 548
189 560
189 579
189 581
189 582
189 597
189 601
190 26
190 31
190 35
190 38
190 59
190 71
190 76
190 94
190 105
190 106
190 125
190 126
190 139
190 142
190 177
190 185
190 186
190 187
190 188
190 189
190 190
190 196
190 208
190 227
190 240
190 268
190 348
190 375
190 382
190 385
190 411
190 428
190 429
190 437
190 460
190 466
190 475
190 489
190 495
190 499
190 505
190 548
190 559
190 583
190 584
190 597
190 601
191 26
191 31
191 35
191 38
191 59
191 71
191 76
191 91
191 94
191 104
191 105
191 126
191 127
191 128
191 129
191 130
191 131
191 132
191 133
191 134
191 135
191 139
191 142
191 177
191 183
191 184
191 190
191 196
191 207
191 226
191 230
191 235
191 240
191 268
191 348
191 375
191 382
191 385
191 412
191 420
191 426
191 427
191 437
191 459
191 466
191 475
191 489
191 495
191 499
191 505
191 549
191 559
191 584
191 585
191 596
191 601
192 26
192 31
192 35
192 38
192 59
192 71
192 76
192 90
192 94
192 102
192 103
192 136
192 139
192 142
192 178
192 183
192 190
192 196
192 207
192 226
192 230
192 235
192 240
192 268
192 348
192 375
192 382
192 385
192 412
192 418
192 419
192 421
192 422
192 423
192 424
192 425
192 426
192 437
192 439
192 459
192 466
192 475
192 489
192 495
192 499
192 505
192 549
192 559
192 586
192 587
192 596
192 601
193 26
193 31
193 35
193 38
193 59
193 71
193 76
193 90
193 93
193 100
193 101
193 136
193 140
193 178
193 183
193 190
193 197
193 198
193 199
193 200
193 201
193 202
193 207
193 227
193 228
193 229
193 230
193 235
193 240
193 267
193 348
193 375
193 376
193 382
193 385
193 412
193 417
193 418
193 436
193 439
193 459
193 466
193 475
193 478
193 479
193 480
193 481
193 482
193 483
193 484
193 485
193 486
193 487
193 488
193 495
193 499
193 505
193 550
193 559
193 587
193 596
193 601
194 26
194 31
194 35
194 38
194 59
194 71
194 76
194 90
194 93
194 99
194 136
194 140
194 178
194 183
194 184
194 185
194 186
194 187
194 188
194 189
194 190
194 203
194 204
194 205
194 206
194 225
194 231
194 235
194 240
194 267
194 348
194 376
194 382
194 385
194 402
194 403
194 404
194 405
194 406
194 407
194 408
194 409
194 410
194 411
194 412
194 416
194 417
194 419
194 420
194 421
194 425
194 426
194 427
194 428
194 429
194 430
194 431
194 432
194 433
194 434
194 435
194 436
194 440
194 441
194 442
194 443
194 444
194 445
194 446
194 447
194 448
194 449
194 450
194 451
194 452
194 453
194 454
194 455
194 456
194 457
194 458
194 468
194 469
194 470
194 471
194 472
194 473
194 474
194 489
194 493
194 494
194 495
194 499
194 507
194 508
194 509
194 510
194 511
194 512
194 550
194 551
194 559
194 587
194 596
194 602
195 26
195 31
195 36
195 38
195 59
195 70
195 71
195 77
195 90
195 93
195 98
195 136
195 140
195 224
195 231
195 235
195 240
195 267
195 348
195 376
195 382
195 386
195 387
195 388
195 389
195 390
195 391
195 392
195 393
195 394
195 395
195 396
195 397
195 398
195 399
195 400
195 401
195 411
195 416
195 459
195 467
195 489
195 492
195 499
195 506
195 513
195 514
195 515
195 551
195 552
195 559
195 588
195 596
195 602
196 26
196 31
196 36
196 59
196 69
196 77
196 90
196 93
196 98
196 136
196 140
196 221
196 222
196 231
196 235
196 240
196 267
196 348
196 377
196 382
196 411
196 416
196 436
196 439
196 459
196 466
196 475
196 489
196 493
196 494
196 499
196 505
196 516
196 517
196 518
196 519
196 520
196 521
196 522
196 529
196 530
196 531
196 552
196 558
196 588
196 596
196 602
197 26
197 31
197 36
197 59
197 68
197 77
197 90
197 93
197 98
197 109
197 110
197 111
197 112
197 136
197 140
197 217
197 218
197 219
197 220
197 223
197 231
197 235
197 240
197 267
197 348
197 377
197 381
197 411
197 416
197 436
197 439
197 459
197 466
197 475
197 489
197 494
197 499
197 505
197 523
197 524
197 529
197 531
197 540
197 541
197 553
197 558
197 588
197 596
197 602
198 26
198 31
198 36
198 59
198 62
198 68
198 77
198 90
198 93
198 96
198 98
198 99
198 100
198 101
198 107
198 108
198 113
198 114
198 136
198 140
198 216
198 224
198 231
198 235
198 241
198 267
198 348
198 377
198 381
198 410
198 416
198 436
198 439
198 459
198 466
198 475
198 489
198 494
198 499
198 505
198 524
198 525
198 528
198 532
198 540
198 542
198 543
198 554
198 558
198 588
198 596
198 602
199 26
199 31
199 37
199 59
199 62
199 68
199 77
199 90
199 94
199 102
199 107
199 114
199 125
199 136
199 140
199 215
199 224
199 231
199 235
199 241
199 267
199 348
199 378
199 381
199 410
199 416
199 436
199 439
199 459
199 466
199 475
199 490
199 491
199 492
199 493
199 494
199 500
199 505
199 526
199 527
199 532
199 533
199 534
199 535
199 536
199 537
199 540
199 543
199 544
199 545
199 555
199 558
199 588
199 596
199 602
200 27
200 31
200 37
200 39
200 59
200 62
200 68
200 77
200 90
200 94
200 102
200 106
200 114
200 121
200 122
200 126
200 136
200 140
200 215
200 224
200 231
200 235
200 241
200 267
200 348
200 378
200 381
200 410
200 416
200 436
200 439
200 459
200 466
200 475
200 501
200 502
200 503
200 504
200 505
200 527
200 537
200 540
200 546
200 547
200 555
200 559
200 566
200 588
200 596
200 602
201 27
201 28
201 31
201 37
201 39
201 60
201 62
201 68
201 77
201 90
201 94
201 102
201 106
201 114
201 116
201 117
201 120
201 126
201 130
201 131
201 132
201 133
201 134
201 136
201 215
201 224
201 231
201 235
201 241
201 267
201 348
201 378
201 380
201 381
201 410
201 416
201 436
201 439
201 459
201 466
201 475
201 494
201 499
201 521
201 522
201 523
201 524
201 525
201 526
201 533
201 534
201 535
201 538
201 539
201 540
201 548
201 555
201 559
201 565
201 567
201 588
201 596
201 602
202 28
202 29
202 30
202 31
202 60
202 61
202 62
202 69
202 70
202 71
202 77
202 90
202 94
202 103
202 105
202 114
202 116
202 118
202 122
202 215
202 225
202 228
202 229
202 230
202 231
202 235
202 241
202 267
202 348
202 379
202 380
202 436
202 439
202 459
202 466
202 475
202 494
202 499
202 520
202 521
202 527
202 528
202 533
202 535
202 536
202 542
202 543
202 544
202 545
202 548
202 555
202 559
202 564
202 567
202 588
202 596
202 602
203 72
203 73
203 77
203 90
203 94
203 103
203 106
203 114
203 116
203 120
203 121
203 122
203 215
203 224
203 227
203 235
203 241
203 267
203 348
203 379
203 436
203 439
203 459
203 466
203 475
203 494
203 499
203 520
203 528
203 529
203 532
203 536
203 537
203 541
203 546
203 548
203 551
203 552
203 553
203 554
203 556
203 559
203 562
203 563
203 564
203 567
203 576
203 577
203 578
203 579
203 580
203 581
203 582
203 583
203 584
203 585
203 586
203 588
203 596
203 602
204 73
204 74
204 77
204 215
204 224
204 227
204 231
204 235
204 243
204 244
204 245
204 246
204 247
204 248
204 249
204 250
204 267
204 348
204 378
204 418
204 419
204 433
204 439
204 459
204 466
204 475
204 494
204 499
204 519
204 527
204 530
204 531
204 532
204 538
204 539
204 540
204 546
204 548
204 556
204 557
204 559
204 567
204 576
204 588
204 596
204 601
205 75
205 76
205 77
205 215
205 223
205 227
205 231
205 237
205 238
205 239
205 240
205 241
205 242
205 251
205 252
205 267
205 348
205 378
205 417
205 420
205 421
205 422
205 431
205 432
205 434
205 435
205 439
205 447
205 448
205 449
205 460
205 461
205 462
205 463
205 464
205 467
205 475
205 494
205 499
205 518
205 521
205 526
205 527
205 544
205 545
205 547
205 548
205 558
205 567
205 568
205 569
205 576
205 589
205 590
205 591
205 592
205 593
205 594
205 595
205 596
205 601
206 215
206 223
206 228
206 231
206 236
206 253
206 254
206 255
206 256
206 257
206 258
206 259
206 260
206 261
206 262
206 263
206 264
206 265
206 267
206 348
206 378
206 416
206 423
206 426
206 428
206 430
206 436
206 438
206 439
206 440
206 441
206 442
206 443
206 444
206 445
206 446
206 447
206 449
206 450
206 451
206 452
206 453
206 454
206 455
206 456
206 457
206 458
206 464
206 467
206 475
206 494
206 499
206 518
206 521
206 526
206 528
206 529
206 539
206 543
206 549
206 550
206 565
206 566
206 570
206 571
206 576
206 601
207 215
207 223
207 228
207 229
207 235
207 267
207 348
207 378
207 416
207 423
207 430
207 436
207 446
207 460
207 461
207 462
207 463
207 464
207 467
207 468
207 469
207 470
207 471
207 472
207 473
207 474
207 475
207 476
207 477
207 478
207 479
207 480
207 486
207 487
207 488
207 494
207 499
207 509
207 510
207 511
207 512
207 513
207 514
207 515
207 516
207 517
207 522
207 525
207 529
207 539
207 542
207 550
207 564
207 565
207 571
207 572
207 576
207 596
207 601
208 215
208 223
208 230
208 235
208 267
208 348
208 378
208 416
208 420
208 421
208 431
208 435
208 438
208 439
208 440
208 441
208 442
208 443
208 444
208 445
208 446
208 449
208 481
208 485
208 488
208 494
208 499
208 531
208 539
208 550
208 556
208 564
208 572
208 576
208 588
208 589
208 596
208 600
209 215
209 223
209 231
209 232
209 233
209 234
209 235
209 267
209 348
209 378
209 531
209 539
209 550
209 557
209 563
209 573
209 576
209 588
209 597
209 600
210 215
210 223
210 267
210 348
210 378
210 539
210 573
210 587
210 597
210 600
211 215
211 224
211 530
211 531
211 600
212 216
212 224
212 532
212 539
212 540
212 598
212 599
212 600
213 216
213 224
213 533
213 539
214 216
214 224
214 533
214 538
214 600
215 216
215 224
215 239
215 240
215 241
215 242
215 243
215 244
215 245
215 246
215 247
215 248
215 249
215 250
215 251
215 252
215 253
215 254
215 255
215 256
215 257
215 258
215 259
215 260
215 261
215 262
215 263
215 264
215 265
215 266
215 267
215 600
216 210
216 211
216 212
216 213
216 214
216 215
216 216
216 217
216 218
216 219
216 220
216 221
216 222
216 223
216 224
216 225
216 226
216 227
216 228
216 229
216 230
216 231
216 232
216 233
216 234
216 235
216 236
216 237
216 238
216 600
217 191
217 192
217 193
217 194
217 195
217 196
217 197
217 198
217 199
217 200
217 201
217 202
217 203
217 204
217 205
217 206
217 207
217 208
217 209
217 272
217 600
218 190
218 272
218 600
219 189
219 272
219 600
220 189
220 600
221 599
222 599
223 599
224 599
225 599
226 598
227 598
228 598
229 597
230 597
231 597
232 597
233 597
234 597
235 597
236 597
237 597
238 597
239 597
240 597
241 598
242 598
243 598
244 598
245 598
246 598
247 599
248 599
249 599
250 599
251 599
252 599
253 599
254 600
255 600
293 639
