0 235
0 243
0 272
0 278
0 603
1 236
1 243
1 272
1 278
1 601
1 602
2 236
2 238
2 244
2 272
2 278
2 600
2 601
2 638
2 639
3 236
3 239
3 244
3 272
3 278
3 599
3 600
3 637
3 638
4 236
4 239
4 245
4 272
4 278
4 598
4 599
4 635
4 636
5 236
5 237
5 239
5 245
5 246
5 272
5 278
5 597
5 598
5 634
5 635
6 239
6 246
6 272
6 278
6 595
6 596
6 632
6 633
7 240
7 247
7 272
7 278
7 594
7 595
7 631
7 632
8 240
8 241
8 247
8 272
8 278
8 592
8 593
8 629
8 630
9 241
9 248
9 272
9 278
9 281
9 282
9 591
9 592
9 628
9 629
10 241
10 248
10 265
10 266
10 267
10 268
10 272
10 279
10 280
10 283
10 284
10 294
10 295
10 296
10 297
10 590
10 591
10 627
10 628
11 241
11 249
11 264
11 265
11 269
11 270
11 272
11 279
11 284
11 285
11 293
11 298
11 299
11 309
11 310
11 311
11 312
11 588
11 589
11 625
11 626
12 241
12 249
12 263
12 271
12 278
12 285
12 286
12 292
12 299
12 300
12 308
12 313
12 314
12 587
12 588
12 624
12 625
13 241
13 250
13 262
13 272
13 278
13 286
13 287
13 291
13 292
13 300
13 307
13 314
13 315
13 316
13 317
13 318
13 319
13 320
13 321
13 322
13 323
13 324
13 325
13 585
13 586
13 622
13 623
14 241
14 250
14 262
14 272
14 278
14 287
14 291
14 300
14 307
14 326
14 584
14 585
14 621
14 622
15 241
15 251
15 261
15 272
15 278
15 288
15 290
15 300
15 304
15 305
15 306
15 327
15 583
15 584
15 619
15 620
16 241
16 251
16 261
16 272
16 278
16 288
16 289
16 290
16 300
16 303
16 327
16 328
16 582
16 583
16 618
16 619
17 241
17 261
17 272
17 278
17 301
17 302
17 328
17 581
17 582
17 617
17 618
18 240
18 241
18 246
18 247
18 248
18 249
18 250
18 261
18 272
18 278
18 328
18 579
18 580
18 615
18 616
19 239
19 240
19 244
19 245
19 251
19 252
19 261
19 271
19 278
19 328
19 578
19 579
19 613
19 614
20 237
20 238
20 241
20 242
20 243
20 253
20 254
20 261
20 271
20 278
20 329
20 577
20 578
20 612
20 613
21 236
21 240
21 255
21 261
21 271
21 278
21 329
21 330
21 331
21 332
21 333
21 334
21 335
21 575
21 576
21 611
21 612
22 236
22 238
22 255
22 261
22 271
22 278
22 336
22 337
22 574
22 575
22 609
22 610
23 255
23 261
23 271
23 278
23 338
23 339
23 573
23 574
23 608
23 609
24 255
24 256
24 260
24 261
24 271
24 278
24 339
24 571
24 572
24 606
24 607
25 255
25 260
25 271
25 278
25 340
25 570
25 571
25 605
25 606
26 255
26 259
26 271
26 278
26 340
26 569
26 570
26 603
26 604
27 255
27 259
27 271
27 278
27 340
27 568
27 569
27 602
27 603
28 255
28 258
28 271
28 278
28 340
28 567
28 568
28 601
28 602
29 255
29 258
29 271
29 278
29 341
29 565
29 566
29 599
29 600
30 255
30 258
30 271
30 278
30 341
30 342
30 343
30 344
30 345
30 346
30 347
30 348
30 349
30 350
30 351
30 352
30 353
30 564
30 565
30 598
30 599
31 255
31 258
31 271
31 277
31 354
31 355
31 563
31 564
31 597
31 598
32 254
32 258
32 271
32 277
32 355
32 561
32 562
32 595
32 596
33 253
33 257
33 271
33 277
33 356
33 560
33 561
33 594
33 595
34 252
34 257
34 271
34 277
34 356
34 559
34 560
34 592
34 593
35 251
35 252
35 257
35 271
35 277
35 357
35 558
35 559
35 591
35 592
36 250
36 251
36 256
36 271
36 277
36 357
36 556
36 557
36 589
36 590
37 250
37 256
37 271
37 277
37 358
37 555
37 556
37 588
37 589
38 249
38 255
38 271
38 277
38 358
38 554
38 555
38 586
38 587
39 249
39 254
39 255
39 271
39 277
39 359
39 553
39 554
39 585
39 586
40 248
40 253
40 254
40 271
40 277
40 359
40 552
40 553
40 584
40 585
41 249
41 252
41 253
41 271
41 277
41 360
41 550
41 551
41 582
41 583
42 249
42 250
42 251
42 252
42 271
42 277
42 360
42 548
42 549
42 581
42 582
43 271
43 277
43 361
43 547
43 548
43 579
43 580
44 271
44 277
44 361
44 362
44 546
44 547
44 578
44 579
45 271
45 277
45 362
45 363
45 545
45 546
45 576
45 577
46 271
46 277
46 363
46 543
46 544
46 575
46 576
47 271
47 277
47 364
47 542
47 543
47 574
47 575
48 271
48 277
48 364
48 365
48 540
48 541
48 572
48 573
49 271
49 277
49 365
49 539
49 540
49 571
49 572
50 271
50 277
50 366
50 537
50 538
50 569
50 570
51 271
51 277
51 366
51 536
51 537
51 568
51 569
52 271
52 277
52 367
52 535
52 536
52 566
52 567
53 271
53 277
53 367
53 368
53 533
53 534
53 565
53 566
54 271
54 277
54 368
54 369
54 532
54 533
54 563
54 564
55 271
55 277
55 369
55 370
55 530
55 531
55 562
55 563
56 271
56 277
56 370
56 371
56 529
56 530
56 561
56 562
57 271
57 277
57 371
57 528
57 529
57 559
57 560
58 270
58 277
58 372
58 526
58 527
58 558
58 559
59 270
59 277
59 372
59 373
59 525
59 526
59 557
59 558
60 270
60 277
60 373
60 523
60 524
60 555
60 556
61 270
61 277
61 374
61 522
61 523
61 554
61 555
62 270
62 277
62 374
62 521
62 522
62 552
62 553
63 270
63 277
63 375
63 519
63 520
63 551
63 552
64 270
64 277
64 375
64 518
64 519
64 549
64 550
65 270
65 277
65 375
65 517
65 518
65 548
65 549
66 270
66 277
66 375
66 515
66 516
66 546
66 547
67 270
67 277
67 375
67 514
67 515
67 544
67 545
68 270
68 277
68 375
68 513
68 514
68 543
68 544
69 270
69 277
69 375
69 511
69 512
69 542
69 543
70 270
70 277
70 374
70 375
70 510
70 511
70 540
70 541
71 270
71 277
71 374
71 509
71 510
71 539
71 540
72 270
72 277
72 373
72 507
72 508
72 537
72 538
73 270
73 277
73 373
73 506
73 507
73 535
73 536
74 270
74 277
74 374
74 504
74 505
74 534
74 535
75 270
75 277
75 374
75 503
75 504
75 532
75 533
76 270
76 277
76 375
76 502
76 503
76 531
76 532
77 270
77 277
77 375
77 376
77 500
77 501
77 529
77 530
78 270
78 277
78 376
78 377
78 499
78 500
78 528
78 529
79 270
79 277
79 377
79 497
79 498
79 526
79 527
80 270
80 277
80 377
80 497
80 525
80 526
81 270
81 277
81 378
81 496
81 523
81 524
82 270
82 277
82 378
82 496
82 522
82 523
83 211
83 212
83 213
83 270
83 277
83 379
83 496
83 520
83 521
84 211
84 214
84 215
84 270
84 277
84 379
84 496
84 519
84 520
85 212
85 215
85 216
85 270
85 277
85 380
85 496
85 517
85 518
86 212
86 213
86 216
86 217
86 270
86 277
86 380
86 496
86 516
86 517
87 213
87 217
87 218
87 270
87 277
87 381
87 496
87 514
87 515
88 214
88 218
88 219
88 270
88 277
88 381
88 496
88 513
88 514
89 214
89 220
89 270
89 277
89 381
89 496
89 511
89 512
90 214
90 221
90 270
90 277
90 381
90 496
90 510
90 511
91 214
91 221
91 270
91 277
91 381
91 495
91 508
91 509
92 213
92 222
92 270
92 277
92 381
92 495
92 507
92 508
93 213
93 223
93 224
93 270
93 277
93 380
93 381
93 495
93 505
93 506
94 213
94 225
94 226
94 227
94 270
94 277
94 380
94 495
94 504
94 505
95 198
95 199
95 213
95 228
95 229
95 270
95 277
95 379
95 495
95 502
95 503
96 197
96 200
96 201
96 202
96 203
96 204
96 205
96 206
96 207
96 208
96 209
96 210
96 211
96 212
96 230
96 231
96 270
96 277
96 379
96 495
96 500
96 501
97 196
97 231
97 232
97 270
97 277
97 379
97 495
97 498
97 499
98 196
98 232
98 233
98 270
98 277
98 380
98 497
98 498
99 196
99 234
99 270
99 277
99 380
99 495
99 496
100 196
100 235
100 270
100 277
100 380
100 494
100 495
101 196
101 235
101 270
101 277
101 380
101 492
101 493
102 196
102 236
102 269
102 277
102 380
102 490
102 491
103 195
103 236
103 269
103 277
103 380
103 488
103 489
104 194
104 195
104 237
104 269
104 277
104 380
104 487
104 488
105 194
105 237
105 269
105 277
105 381
105 485
105 486
106 193
106 237
106 269
106 277
106 381
106 484
106 485
107 192
107 193
107 238
107 269
107 276
107 382
107 482
107 483
108 191
108 192
108 238
108 269
108 276
108 382
108 383
108 480
108 481
109 190
109 191
109 239
109 269
109 276
109 383
109 384
109 479
109 480
110 13
110 14
110 15
110 190
110 239
110 269
110 276
110 384
110 385
110 477
110 478
111 12
111 15
111 189
111 235
111 236
111 237
111 238
111 239
111 269
111 276
111 385
111 386
111 476
111 477
112 12
112 15
112 189
112 233
112 234
112 269
112 276
112 386
112 387
112 474
112 475
113 12
113 15
113 188
113 232
113 233
113 269
113 276
113 387
113 388
113 472
113 473
113 474
114 11
114 15
114 188
114 232
114 269
114 276
114 388
114 470
114 471
115 11
115 15
115 188
115 231
115 269
115 276
115 388
115 469
115 470
116 11
116 16
116 17
116 188
116 231
116 269
116 276
116 388
116 467
116 468
117 11
117 18
117 19
117 188
117 231
117 269
117 276
117 388
117 466
117 467
118 11
118 19
118 20
118 188
118 231
118 269
118 276
118 388
118 464
118 465
119 11
119 21
119 22
119 23
119 24
119 25
119 26
119 27
119 28
119 29
119 30
119 31
119 32
119 33
119 188
119 231
119 269
119 276
119 387
119 462
119 463
119 464
120 11
120 34
120 188
120 231
120 269
120 276
120 387
120 441
120 442
120 443
120 444
120 445
120 446
120 447
120 448
120 449
120 450
120 451
120 452
120 453
120 460
120 461
121 11
121 35
121 188
121 231
121 269
121 276
121 387
121 413
121 414
121 415
121 416
121 417
121 418
121 419
121 420
121 421
121 422
121 423
121 424
121 425
121 426
121 427
121 428
121 429
121 430
121 431
121 432
121 433
121 434
121 435
121 436
121 437
121 438
121 439
121 440
121 454
121 459
121 460
122 11
122 35
122 188
122 231
122 269
122 276
122 385
122 386
122 387
122 388
122 389
122 390
122 391
122 392
122 393
122 394
122 395
122 396
122 397
122 398
122 399
122 400
122 401
122 402
122 403
122 404
122 405
122 406
122 407
122 408
122 409
122 410
122 411
122 412
122 454
122 457
122 458
123 11
123 35
123 188
123 232
123 269
123 276
123 356
123 357
123 358
123 359
123 360
123 361
123 362
123 363
123 364
123 365
123 366
123 367
123 368
123 369
123 370
123 371
123 372
123 373
123 374
123 375
123 376
123 377
123 378
123 379
123 380
123 381
123 382
123 383
123 384
123 455
123 456
123 457
124 11
124 35
124 188
124 232
124 233
124 269
124 276
124 352
124 353
124 354
124 355
124 455
125 11
125 36
125 187
125 233
125 269
125 276
125 351
125 455
125 626
125 627
125 628
125 629
125 630
125 631
125 632
125 633
125 634
125 635
125 636
125 637
125 638
125 639
126 10
126 36
126 187
126 233
126 269
126 276
126 350
126 455
126 622
126 623
126 624
126 625
127 10
127 36
127 187
127 233
127 269
127 276
127 350
127 455
127 618
127 619
127 620
127 621
128 10
128 36
128 187
128 233
128 269
128 276
128 350
128 456
128 614
128 615
128 616
128 617
129 10
129 37
129 186
129 233
129 269
129 276
129 349
129 456
129 610
129 611
129 612
129 613
130 9
130 37
130 186
130 233
130 270
130 276
130 349
130 456
130 606
130 607
130 608
130 609
131 9
131 38
131 186
131 233
131 270
131 276
131 349
131 457
131 601
131 602
131 603
131 604
131 605
132 9
132 38
132 39
132 186
132 234
132 270
132 276
132 349
132 457
132 597
132 598
132 599
132 600
133 9
133 39
133 185
133 234
133 270
133 276
133 349
133 457
133 592
133 593
133 594
133 595
133 596
134 9
134 39
134 185
134 235
134 270
134 276
134 349
134 457
134 588
134 589
134 590
134 591
135 9
135 39
135 184
135 235
135 270
135 276
135 349
135 457
135 584
135 585
135 586
135 587
136 9
136 39
136 184
136 236
136 269
136 276
136 349
136 457
136 580
136 581
136 582
136 583
136 585
137 9
137 40
137 184
137 236
137 269
137 276
137 349
137 457
137 577
137 578
137 579
137 587
138 9
138 40
138 183
138 237
138 269
138 276
138 349
138 457
138 574
138 575
138 576
138 587
139 9
139 41
139 182
139 183
139 237
139 269
139 276
139 349
139 457
139 567
139 568
139 569
139 570
139 571
139 572
139 573
139 575
139 588
140 9
140 41
140 182
140 237
140 269
140 276
140 349
140 457
140 561
140 562
140 563
140 564
140 565
140 566
140 576
140 577
140 578
140 579
140 580
140 581
141 9
141 42
141 181
141 237
141 269
141 276
141 349
141 457
141 558
141 559
141 560
141 582
141 586
141 587
142 9
142 42
142 43
142 180
142 237
142 269
142 276
142 349
142 457
142 554
142 555
142 556
142 557
142 583
142 585
143 9
143 43
143 44
143 45
143 46
143 47
143 48
143 179
143 238
143 269
143 276
143 349
143 458
143 550
143 551
143 552
143 553
143 583
143 585
144 9
144 49
144 50
144 178
144 238
144 269
144 276
144 348
144 458
144 546
144 547
144 548
144 549
144 583
144 585
145 9
145 51
145 78
145 79
145 80
145 177
145 239
145 269
145 276
145 348
145 458
145 542
145 543
145 544
145 545
146 9
146 51
146 78
146 80
146 81
146 175
146 176
146 179
146 180
146 181
146 182
146 183
146 184
146 185
146 186
146 187
146 188
146 189
146 190
146 191
146 192
146 193
146 194
146 195
146 196
146 197
146 239
146 269
146 276
146 348
146 458
146 539
146 540
146 541
147 9
147 51
147 78
147 81
147 82
147 174
147 175
147 198
147 199
147 200
147 201
147 239
147 269
147 276
147 348
147 459
147 535
147 536
147 537
147 539
148 9
148 51
148 78
148 82
148 83
148 170
148 171
148 172
148 173
148 202
148 239
148 269
148 276
148 348
148 459
148 531
148 532
148 533
148 534
149 9
149 51
149 78
149 84
149 85
149 86
149 142
149 143
149 144
149 145
149 146
149 168
149 169
149 202
149 239
149 269
149 276
149 347
149 459
149 526
149 527
149 528
149 529
149 530
149 539
150 8
150 52
150 78
150 87
150 141
150 147
150 148
150 168
150 202
150 239
150 269
150 276
150 347
150 460
150 523
150 524
150 525
150 539
151 8
151 52
151 53
151 78
151 88
151 140
151 148
151 149
151 167
151 202
151 239
151 269
151 276
151 347
151 460
151 539
152 8
152 54
152 78
152 88
152 140
152 149
152 150
152 167
152 202
152 239
152 269
152 276
152 346
152 461
152 518
152 519
152 520
152 521
152 522
152 523
152 524
152 538
152 539
153 8
153 55
153 78
153 88
153 140
153 150
153 151
153 167
153 202
153 239
153 269
153 276
153 346
153 461
153 512
153 513
153 516
153 517
153 525
153 526
153 535
153 536
153 537
154 8
154 55
154 78
154 89
154 140
154 151
154 152
154 167
154 202
154 239
154 269
154 276
154 346
154 461
154 507
154 508
154 509
154 510
154 511
154 515
154 516
154 526
154 527
154 528
154 529
154 533
154 534
155 8
155 45
155 46
155 47
155 48
155 49
155 50
155 51
155 52
155 53
155 54
155 55
155 78
155 89
155 140
155 153
155 154
155 167
155 202
155 239
155 269
155 276
155 346
155 462
155 506
155 515
155 530
155 531
155 532
155 533
156 8
156 44
156 77
156 89
156 139
156 140
156 154
156 155
156 166
156 167
156 202
156 239
156 269
156 276
156 346
156 462
156 507
156 508
156 509
156 510
156 511
156 514
156 515
157 8
157 43
157 77
157 90
157 128
157 129
157 130
157 131
157 132
157 133
157 134
157 135
157 136
157 137
157 138
157 156
157 157
157 165
157 166
157 202
157 239
157 269
157 276
157 346
157 463
157 511
157 514
158 8
158 42
158 43
158 77
158 90
158 125
158 126
158 127
158 158
158 159
158 160
158 161
158 162
158 163
158 164
158 165
158 168
158 202
158 239
158 269
158 276
158 346
158 463
158 511
158 513
159 8
159 42
159 77
159 91
159 123
159 124
159 168
159 202
159 239
159 268
159 276
159 345
159 463
159 510
159 514
160 7
160 41
160 77
160 91
160 92
160 123
160 168
160 202
160 239
160 268
160 276
160 345
160 463
160 510
160 514
160 515
161 7
161 41
161 77
161 92
161 93
161 122
161 168
161 202
161 240
161 268
161 276
161 345
161 464
161 509
161 515
162 7
162 41
162 77
162 94
162 95
162 96
162 122
162 168
162 202
162 240
162 268
162 276
162 344
162 464
162 509
162 515
163 7
163 40
163 77
163 97
163 121
163 168
163 202
163 241
163 268
163 275
163 344
163 464
163 514
163 515
164 7
164 40
164 77
164 97
164 121
164 168
164 202
164 241
164 242
164 243
164 268
164 275
164 344
164 464
164 508
164 509
164 510
164 511
164 512
164 513
164 529
164 530
165 7
165 40
165 77
165 97
165 114
165 115
165 116
165 117
165 118
165 119
165 120
165 121
165 168
165 202
165 244
165 245
165 268
165 275
165 344
165 464
165 508
165 528
166 7
166 41
166 77
166 97
166 112
166 113
166 168
166 202
166 245
166 246
166 268
166 275
166 344
166 464
166 507
166 528
167 7
167 41
167 77
167 99
167 100
167 101
167 102
167 103
167 104
167 105
167 106
167 107
167 108
167 109
167 110
167 111
167 168
167 202
167 246
167 247
167 268
167 275
167 344
167 465
167 505
167 506
167 507
167 528
168 7
168 41
168 77
168 98
168 168
168 202
168 247
168 248
168 249
168 250
168 268
168 275
168 344
168 465
168 502
168 503
168 504
168 528
169 7
169 42
169 77
169 97
169 169
169 202
169 251
169 252
169 253
169 268
169 275
169 344
169 465
169 500
169 501
169 528
170 7
170 42
170 77
170 97
170 169
170 202
170 254
170 255
170 256
170 268
170 275
170 344
170 465
170 500
170 528
171 7
171 43
171 77
171 97
171 169
171 202
171 257
171 258
171 268
171 275
171 344
171 465
171 499
171 528
172 7
172 43
172 44
172 77
172 97
172 169
172 202
172 259
172 260
172 261
172 262
172 263
172 264
172 265
172 266
172 267
172 275
172 344
172 465
172 498
172 499
173 7
173 45
173 46
173 65
173 66
173 67
173 68
173 77
173 96
173 113
173 114
173 115
173 116
173 117
173 118
173 119
173 120
173 121
173 122
173 123
173 124
173 125
173 126
173 169
173 202
173 268
173 275
173 344
173 465
173 500
173 501
173 502
173 503
173 504
173 505
173 506
173 507
173 508
173 509
173 510
173 511
173 512
173 513
173 514
173 515
173 516
173 517
173 518
173 519
173 520
173 521
173 522
173 523
173 524
173 525
173 526
173 527
173 528
174 7
174 47
174 48
174 49
174 50
174 51
174 61
174 62
174 63
174 64
174 69
174 70
174 71
174 77
174 96
174 112
174 127
174 128
174 129
174 169
174 202
174 268
174 277
174 278
174 279
174 344
174 466
174 528
175 7
175 52
175 53
175 54
175 55
175 56
175 57
175 58
175 59
175 60
175 72
175 73
175 74
175 75
175 76
175 96
175 111
175 130
175 169
175 202
175 268
175 276
175 280
175 281
175 282
175 283
175 343
175 466
175 529
176 7
176 41
176 42
176 77
176 96
176 111
176 130
176 169
176 202
176 268
176 275
176 284
176 285
176 343
176 466
176 498
176 513
176 514
176 515
176 516
176 517
176 518
176 519
176 520
176 521
176 524
176 525
176 526
176 528
177 7
177 39
177 40
177 43
177 44
177 77
177 96
177 111
177 130
177 170
177 171
177 172
177 173
177 174
177 175
177 176
177 177
177 178
177 179
177 180
177 183
177 184
177 188
177 191
177 192
177 193
177 194
177 195
177 196
177 197
177 198
177 199
177 200
177 203
177 268
177 275
177 285
177 286
177 287
177 342
177 466
177 497
177 522
177 523
177 527
178 7
178 39
178 44
178 77
178 96
178 111
178 130
178 182
178 185
178 186
178 187
178 189
178 201
178 202
178 203
178 204
178 268
178 275
178 288
178 289
178 342
178 466
178 497
178 527
179 7
179 38
179 44
179 77
179 96
179 111
179 129
179 130
179 131
179 181
179 185
179 187
179 189
179 201
179 204
179 268
179 275
179 289
179 290
179 291
179 342
179 467
179 497
179 525
179 528
180 8
180 38
180 44
180 77
180 96
180 111
180 127
180 128
180 132
180 133
180 181
180 185
180 187
180 189
180 200
180 204
180 236
180 237
180 238
180 239
180 240
180 241
180 242
180 243
180 244
180 245
180 246
180 247
180 248
180 268
180 275
180 292
180 293
180 294
180 295
180 341
180 344
180 467
180 497
180 526
180 528
180 530
181 8
181 37
181 44
181 77
181 96
181 111
181 127
181 133
181 181
181 185
181 187
181 189
181 200
181 205
181 234
181 235
181 249
181 250
181 251
181 252
181 253
181 254
181 268
181 275
181 296
181 297
181 298
181 299
181 300
181 301
181 341
181 344
181 467
181 472
181 473
181 497
181 528
182 8
182 37
182 45
182 77
182 96
182 111
182 126
182 133
182 162
182 181
182 185
182 187
182 189
182 200
182 205
182 232
182 233
182 255
182 256
182 257
182 258
182 259
182 260
182 261
182 267
182 275
182 340
182 344
182 467
182 470
182 471
182 474
182 475
182 497
182 527
183 8
183 37
183 45
183 46
183 77
183 96
183 111
183 126
183 133
183 161
183 163
183 164
183 181
183 185
183 187
183 189
183 199
183 205
183 230
183 231
183 262
183 263
183 264
183 265
183 266
183 267
183 275
183 301
183 340
183 344
183 469
183 470
183 476
183 477
183 496
183 527
184 8
184 37
184 47
184 77
184 96
184 111
184 126
184 133
184 160
184 164
184 181
184 185
184 187
184 189
184 199
184 205
184 225
184 226
184 227
184 228
184 229
184 275
184 300
184 339
184 344
184 469
184 477
184 496
184 527
185 8
185 36
185 37
185 47
185 77
185 96
185 111
185 127
185 134
185 160
185 164
185 181
185 185
185 187
185 189
185 199
185 205
185 214
185 215
185 216
185 217
185 218
185 219
185 220
185 221
185 222
185 223
185 224
185 267
185 276
185 277
185 278
185 279
185 300
185 339
185 344
185 468
185 477
185 496
185 527
186 9
186 36
186 48
186 77
186 96
186 111
186 135
186 136
186 160
186 164
186 181
186 185
186 187
186 189
186 199
186 205
186 212
186 213
186 267
186 280
186 281
186 282
186 283
186 284
186 300
186 339
186 344
186 468
186 477
186 496
186 527
187 9
187 35
187 48
187 77
187 96
187 110
187 125
187 126
187 136
187 137
187 160
187 164
187 181
187 185
187 187
187 189
187 199
187 204
187 209
187 210
187 211
187 227
187 228
187 229
187 267
187 275
187 285
187 286
187 287
187 288
187 289
187 299
187 338
187 343
187 468
187 476
187 496
187 527
188 9
188 35
188 48
188 77
188 96
188 110
188 123
188 124
188 138
188 160
188 164
188 181
188 185
188 187
188 189
188 199
188 204
188 207
188 208
188 226
188 229
188 267
188 275
188 290
188 291
188 292
188 293
188 294
188 299
188 338
188 343
188 468
188 476
188 496
188 527
189 9
189 35
189 48
189 77
189 96
189 110
189 122
189 123
189 139
189 160
189 163
189 181
189 185
189 187
189 189
189 198
189 203
189 204
189 205
189 206
189 225
189 229
189 239
189 240
189 241
189 242
189 245
189 246
189 247
189 267
189 275
189 295
189 296
189 297
189 298
189 337
189 343
189 468
189 476
189 496
189 527
190 9
190 35
190 48
190 77
190 96
190 110
190 121
190 122
190 139
190 140
190 160
190 163
190 181
190 185
190 187
190 189
190 199
190 200
190 201
190 202
190 225
190 229
190 239
190 242
190 243
190 245
190 247
190 267
190 275
190 284
190 285
190 287
190 298
190 337
190 343
190 468
190 476
190 496
190 527
191 10
191 35
191 48
191 77
191 96
191 110
191 120
191 121
191 140
191 160
191 163
191 181
191 185
191 186
191 187
191 190
191 191
191 192
191 193
191 194
191 195
191 196
191 197
191 198
191 199
191 225
191 230
191 238
191 243
191 248
191 267
191 275
191 283
191 284
191 288
191 291
191 292
191 296
191 297
191 298
191 299
191 300
191 301
191 302
191 303
191 304
191 305
191 336
191 343
191 468
191 476
191 496
191 527
192 10
192 35
192 48
192 77
192 96
192 110
192 120
192 141
192 160
192 163
192 179
192 180
192 181
192 224
192 230
192 238
192 248
192 249
192 267
192 275
192 283
192 288
192 291
192 306
192 336
192 342
192 468
192 476
192 496
192 527
193 10
193 36
193 47
193 77
193 96
193 110
193 119
193 141
193 160
193 163
193 185
193 187
193 189
193 224
193 230
193 237
193 244
193 249
193 267
193 275
193 282
193 289
193 306
193 336
193 342
193 468
193 476
193 496
193 527
194 10
194 36
194 46
194 77
194 96
194 110
194 119
194 137
194 138
194 139
194 140
194 141
194 160
194 181
194 185
194 187
194 189
194 223
194 230
194 237
194 244
194 249
194 267
194 275
194 282
194 289
194 291
194 306
194 336
194 342
194 468
194 476
194 496
194 527
195 10
195 37
195 46
195 77
195 96
195 110
195 119
195 136
195 179
195 182
195 185
195 187
195 189
195 223
195 230
195 237
195 244
195 249
195 267
195 275
195 282
195 289
195 291
195 306
195 335
195 342
195 468
195 476
195 489
195 497
195 498
195 499
195 500
195 501
195 502
195 503
195 504
195 505
195 506
195 527
196 11
196 37
196 46
196 77
196 96
196 110
196 119
196 135
196 178
196 182
196 185
196 187
196 189
196 196
196 197
196 223
196 230
196 235
196 236
196 237
196 243
196 245
196 249
196 267
196 275
196 282
196 289
196 291
196 306
196 335
196 342
196 469
196 471
196 472
196 473
196 474
196 476
196 488
196 490
196 491
196 492
196 493
196 494
196 495
196 507
196 508
196 509
196 510
196 511
196 512
196 513
196 514
196 515
196 516
196 517
196 518
196 519
196 520
196 521
196 522
196 523
196 524
196 525
196 526
196 527
196 528
196 529
196 530
196 531
196 532
196 533
196 534
196 535
196 536
196 537
196 538
196 539
196 540
196 541
196 542
196 543
196 544
196 545
196 546
196 547
196 548
196 549
196 550
196 551
196 552
196 553
196 554
196 555
196 556
196 557
196 558
196 559
196 560
196 561
196 562
196 563
196 564
196 565
196 566
196 567
196 568
196 569
196 570
196 571
196 572
196 573
196 574
196 575
196 576
196 577
196 578
196 579
196 580
196 581
196 582
196 583
196 584
196 585
196 586
196 587
196 588
196 589
196 590
196 591
196 592
196 593
196 594
196 595
196 596
196 597
196 598
196 599
196 600
196 601
196 602
196 603
196 604
196 605
196 606
196 607
196 608
196 609
196 610
196 611
196 612
196 613
196 614
196 615
196 616
196 617
196 618
196 619
197 11
197 12
197 14
197 15
197 16
197 17
197 37
197 46
197 58
197 59
197 60
197 61
197 62
197 63
197 64
197 77
197 96
197 110
197 120
197 135
197 178
197 182
197 185
197 187
197 189
197 195
197 223
197 230
197 243
197 244
197 245
197 248
197 277
197 278
197 279
197 280
197 281
197 289
197 290
197 291
197 306
197 307
197 308
197 309
197 310
197 311
197 312
197 335
197 342
197 469
197 470
197 475
197 476
197 487
197 620
197 621
197 622
197 623
197 624
197 625
197 626
197 627
197 628
197 629
197 630
197 631
197 632
197 633
197 634
197 635
197 636
197 637
197 638
197 639
198 12
198 13
198 18
198 19
198 37
198 46
198 57
198 65
198 66
198 67
198 68
198 69
198 70
198 71
198 72
198 73
198 74
198 75
198 76
198 77
198 96
198 110
198 120
198 121
198 136
198 177
198 182
198 185
198 187
198 189
198 195
198 223
198 237
198 248
198 249
198 250
198 265
198 266
198 267
198 276
198 306
198 313
198 314
198 315
198 316
198 317
198 335
198 342
198 487
199 13
199 19
199 36
199 46
199 56
199 77
199 96
199 110
199 121
199 136
199 176
199 178
199 182
199 183
199 184
199 185
199 186
199 187
199 188
199 189
199 190
199 191
199 192
199 223
199 237
199 242
199 243
199 244
199 249
199 275
199 290
199 306
199 335
199 342
199 470
199 487
200 13
200 19
200 36
200 46
200 56
200 77
200 97
200 98
200 110
200 122
200 136
200 168
200 169
200 170
200 171
200 172
200 176
200 178
200 182
200 193
200 194
200 203
200 204
200 223
200 230
200 237
200 242
200 244
200 248
200 267
200 276
200 277
200 278
200 279
200 280
200 290
200 305
200 335
200 342
200 470
200 475
200 486
201 13
201 20
201 36
201 46
201 55
201 77
201 97
201 99
201 100
201 101
201 102
201 103
201 104
201 105
201 106
201 107
201 108
201 109
201 110
201 122
201 123
201 136
201 167
201 171
201 176
201 178
201 181
201 193
201 202
201 223
201 230
201 237
201 242
201 243
201 244
201 248
201 267
201 290
201 305
201 335
201 341
201 470
201 475
201 486
202 13
202 20
202 36
202 46
202 55
202 77
202 96
202 110
202 123
202 136
202 167
202 171
202 175
202 178
202 181
202 186
202 187
202 193
202 200
202 202
202 223
202 230
202 237
202 247
202 266
202 267
202 275
202 280
202 290
202 305
202 335
202 341
202 470
202 486
203 13
203 21
203 35
203 45
203 55
203 77
203 96
203 110
203 123
203 136
203 167
203 170
203 171
203 173
203 175
203 178
203 181
203 185
203 186
203 192
203 199
203 201
203 238
203 275
203 280
203 290
203 305
203 335
203 341
203 471
203 472
204 13
204 21
204 35
204 45
204 55
204 77
204 96
204 110
204 123
204 136
204 167
204 173
204 178
204 181
204 185
204 187
204 192
204 199
204 201
204 267
204 275
204 280
204 290
204 305
204 335
204 341
204 471
205 13
205 21
205 35
205 44
205 55
205 77
205 96
205 110
205 123
205 166
205 169
205 173
205 178
205 181
205 184
205 187
205 192
205 199
205 201
205 203
205 267
205 275
205 280
205 290
205 295
205 296
205 305
205 335
205 341
205 470
206 14
206 21
206 35
206 44
206 55
206 65
206 66
206 67
206 68
206 77
206 96
206 110
206 123
206 137
206 166
206 169
206 173
206 175
206 178
206 180
206 184
206 187
206 192
206 199
206 267
206 275
206 280
206 290
206 294
206 297
206 298
206 305
206 334
206 341
206 470
207 14
207 21
207 36
207 44
207 56
207 58
207 59
207 64
207 69
207 70
207 71
207 72
207 73
207 74
207 75
207 76
207 77
207 96
207 110
207 123
207 136
207 166
207 169
207 173
207 175
207 178
207 180
207 183
207 187
207 192
207 267
207 275
207 280
207 283
207 289
207 293
207 299
207 305
207 334
207 341
207 470
208 14
208 21
208 36
208 44
208 56
208 57
208 58
208 63
208 77
208 96
208 123
208 136
208 267
208 275
208 280
208 284
208 285
208 289
208 293
208 299
208 305
208 334
208 341
208 470
209 14
209 21
209 37
209 44
209 59
209 63
209 77
209 96
209 97
209 98
209 99
209 100
209 101
209 102
209 103
209 104
209 105
209 106
209 107
209 108
209 109
209 123
209 136
209 267
209 272
209 273
209 274
209 275
209 276
209 280
209 286
209 287
209 289
209 290
209 291
209 292
209 293
209 299
209 305
209 334
209 341
209 470
210 15
210 21
210 77
210 110
210 123
210 136
210 267
210 271
210 276
210 277
210 280
210 287
210 299
210 305
210 334
210 341
210 470
211 15
211 21
211 77
211 95
211 109
211 123
211 136
211 256
211 257
211 258
211 259
211 267
211 270
211 277
211 289
211 290
211 291
211 299
211 305
211 334
211 341
211 470
212 15
212 21
212 75
212 76
212 77
212 95
212 109
212 123
212 136
212 255
212 260
212 261
212 262
212 267
212 270
212 278
212 279
212 287
212 288
212 298
212 304
212 334
212 341
212 470
213 15
213 21
213 95
213 109
213 123
213 136
213 254
213 263
213 267
213 270
213 277
213 287
213 291
213 301
213 302
213 303
213 304
213 308
213 309
213 310
213 311
213 312
213 334
213 340
213 470
214 15
214 21
214 77
214 95
214 123
214 136
214 185
214 254
214 263
214 267
214 268
214 269
214 278
214 279
214 286
214 290
214 297
214 299
214 300
214 307
214 311
214 334
214 340
214 470
215 16
215 23
215 77
215 95
215 123
215 135
215 184
215 186
215 254
215 264
215 265
215 266
215 277
215 286
215 291
215 297
215 305
215 306
215 311
215 313
215 334
215 340
215 470
216 16
216 22
216 77
216 95
216 123
216 135
216 183
216 186
216 254
216 277
216 286
216 292
216 297
216 305
216 309
216 310
216 311
216 313
216 334
216 340
216 470
217 17
217 22
217 77
217 95
217 123
217 135
217 183
217 186
217 254
217 265
217 266
217 268
217 277
217 286
217 292
217 297
217 305
217 313
217 334
217 340
217 470
218 17
218 22
218 77
218 95
218 122
218 123
218 134
218 183
218 186
218 254
218 264
218 268
218 277
218 286
218 292
218 296
218 304
218 307
218 310
218 313
218 334
218 340
218 470
219 17
219 22
219 77
219 95
219 124
219 125
219 134
219 182
219 186
219 254
219 263
219 268
219 277
219 287
219 293
219 296
219 304
219 307
219 310
219 314
219 334
219 340
219 470
220 17
220 22
220 77
220 95
220 182
220 186
220 254
220 263
220 268
220 277
220 287
220 293
220 294
220 296
220 304
220 308
220 311
220 314
220 334
220 340
220 470
221 17
221 22
221 77
221 95
221 182
221 187
221 253
221 263
221 268
221 278
221 279
221 287
221 294
221 295
221 296
221 304
221 308
221 311
221 314
221 334
221 340
221 470
222 17
222 77
222 95
222 182
222 187
222 253
222 263
222 268
222 287
222 304
222 308
222 311
222 315
222 334
222 340
222 470
222 613
222 614
222 615
222 616
222 617
222 618
223 17
223 77
223 95
223 182
223 187
223 253
223 263
223 268
223 287
223 303
223 308
223 311
223 315
223 334
223 340
223 470
223 619
223 620
223 621
223 622
223 623
223 624
223 625
224 17
224 77
224 95
224 182
224 187
224 253
224 263
224 267
224 268
224 278
224 279
224 287
224 303
224 308
224 311
224 315
224 334
224 340
224 470
224 626
224 627
224 628
224 629
224 630
224 631
224 632
225 17
225 77
225 95
225 167
225 168
225 169
225 170
225 171
225 172
225 181
225 187
225 253
225 264
225 265
225 266
225 277
225 287
225 303
225 308
225 312
225 315
225 334
225 340
225 470
225 633
225 634
225 635
225 636
225 637
225 638
225 639
226 17
226 77
226 95
226 165
226 166
226 173
226 174
226 175
226 176
226 177
226 178
226 181
226 187
226 253
226 277
226 279
226 303
226 309
226 312
226 334
226 340
226 470
227 17
227 77
227 95
227 164
227 165
227 179
227 187
227 253
227 266
227 267
227 268
227 277
227 279
227 302
227 309
227 312
227 335
227 340
227 470
228 17
228 77
228 95
228 163
228 164
228 179
228 181
228 188
228 253
228 264
228 265
228 277
228 302
228 309
228 335
228 340
228 470
229 17
229 77
229 95
229 163
229 179
229 181
229 188
229 253
229 264
229 268
229 302
229 309
229 335
229 340
229 470
230 17
230 77
230 95
230 162
230 179
230 181
230 188
230 253
230 263
230 268
230 302
230 336
230 340
230 470
231 17
231 77
231 95
231 162
231 179
231 253
231 263
231 336
231 340
231 470
232 77
232 95
232 162
232 179
232 253
232 336
232 340
232 470
233 16
233 77
233 95
233 160
233 161
233 162
233 179
233 253
233 337
233 340
233 470
234 16
234 77
234 95
234 156
234 157
234 158
234 159
234 179
234 253
234 337
234 338
234 339
234 470
235 16
235 77
235 95
235 98
235 99
235 100
235 152
235 153
235 154
235 155
235 340
235 470
236 16
236 77
236 95
236 96
236 97
236 101
236 102
236 103
236 104
236 148
236 149
236 150
236 151
236 179
236 340
236 470
237 16
237 77
237 92
237 93
237 94
237 105
237 106
237 107
237 108
237 109
237 110
237 144
237 145
237 146
237 147
237 161
237 179
237 340
237 470
238 17
238 76
238 89
238 90
238 91
238 111
238 139
238 140
238 141
238 142
238 143
238 158
238 159
238 160
238 162
238 180
238 340
238 470
239 17
239 76
239 88
239 111
239 131
239 132
239 133
239 134
239 135
239 136
239 137
239 138
239 153
239 154
239 155
239 156
239 157
239 162
239 180
239 341
239 470
240 17
240 76
240 87
240 111
240 126
240 127
240 128
240 129
240 130
240 149
240 150
240 151
240 152
240 162
240 179
240 341
240 470
241 17
241 76
241 87
241 111
241 120
241 121
241 122
241 123
241 124
241 125
241 145
241 146
241 147
241 148
241 162
241 179
241 341
241 470
242 17
242 76
242 87
242 111
242 114
242 115
242 116
242 117
242 118
242 119
242 141
242 142
242 143
242 144
242 161
242 179
242 341
242 470
243 17
243 76
243 87
243 111
243 113
243 137
243 138
243 139
243 140
243 161
243 179
243 341
243 470
244 17
244 76
244 87
244 132
244 133
244 134
244 135
244 136
244 161
244 179
244 341
244 470
245 17
245 76
245 87
245 124
245 125
245 126
245 127
245 128
245 129
245 130
245 131
245 161
245 179
245 341
245 470
246 17
246 76
246 87
246 118
246 119
246 120
246 121
246 122
246 123
246 161
246 179
246 341
246 469
247 18
247 76
247 86
247 113
247 114
247 115
247 116
247 117
247 161
247 179
247 341
247 469
248 18
248 76
248 81
248 82
248 83
248 84
248 85
248 111
248 112
248 161
248 179
248 341
248 469
249 18
249 76
249 77
249 78
249 79
249 80
249 111
249 161
249 179
249 341
249 469
250 18
250 71
250 72
250 73
250 74
250 75
250 110
250 161
250 179
250 341
250 469
251 18
251 64
251 65
251 66
251 67
251 68
251 69
251 70
251 110
251 161
251 341
251 469
252 18
252 59
252 60
252 61
252 62
252 63
252 84
252 85
252 110
252 161
252 341
252 469
253 18
253 55
253 56
253 57
253 58
253 79
253 80
253 81
253 82
253 83
253 86
253 110
253 161
253 341
253 469
254 18
254 50
254 51
254 52
254 53
254 54
254 74
254 75
254 76
254 77
254 78
254 86
254 110
254 341
254 469
255 19
255 45
255 46
255 47
255 48
255 49
255 70
255 71
255 72
255 73
255 86
255 110
255 469
256 19
256 40
256 41
256 42
256 43
256 44
256 65
256 66
256 67
256 68
256 69
256 86
256 110
257 19
257 33
257 34
257 35
257 36
257 37
257 38
257 39
257 58
257 59
257 60
257 61
257 62
257 63
257 64
257 86
257 110
258 19
258 28
258 29
258 30
258 31
258 32
258 53
258 54
258 55
258 56
258 57
258 87
258 110
259 19
259 24
259 25
259 26
259 27
259 48
259 49
259 50
259 51
259 52
259 87
259 110
260 19
260 20
260 21
260 22
260 23
260 43
260 44
260 45
260 46
260 47
260 87
260 110
261 14
261 15
261 16
261 17
261 18
261 39
261 40
261 41
261 42
261 87
262 9
262 10
262 11
262 12
262 13
262 34
262 35
262 36
262 37
262 38
262 87
263 2
263 3
263 4
263 5
263 6
263 7
263 8
263 27
263 28
263 29
263 30
263 31
263 32
263 33
263 87
264 0
264 1
264 22
264 23
264 24
264 25
264 26
264 87
265 17
265 18
265 19
265 20
265 21
266 12
266 13
266 14
266 15
266 16
267 7
267 8
267 9
267 10
267 11
268 3
268 4
268 5
268 6
269 0
269 1
269 2
