0 16
0 245
0 550
0 564
1 16
1 245
1 550
1 564
2 16
2 245
2 550
2 564
3 16
3 245
3 550
3 564
4 16
4 245
4 550
4 564
5 16
5 245
5 549
5 564
6 16
6 245
6 549
6 564
7 16
7 245
7 549
7 564
8 16
8 245
8 549
8 564
9 16
9 245
9 549
9 564
10 16
10 245
10 549
10 564
11 16
11 245
11 549
11 564
12 16
12 245
12 549
12 564
13 16
13 245
13 549
13 564
14 16
14 245
14 549
14 564
15 16
15 245
15 549
15 564
16 16
16 245
16 549
16 564
17 16
17 245
17 549
17 564
18 16
18 245
18 549
18 564
19 16
19 245
19 549
19 564
20 16
20 245
20 549
20 564
21 16
21 245
21 549
21 564
22 16
22 245
22 549
22 564
23 16
23 245
23 549
23 564
24 16
24 245
24 549
24 564
24 639
25 16
25 245
25 548
25 564
25 637
25 638
26 16
26 245
26 548
26 564
26 636
26 637
27 16
27 245
27 548
27 564
27 634
27 635
28 16
28 245
28 548
28 564
28 633
28 634
29 16
29 245
29 548
29 564
29 631
29 632
30 16
30 245
30 548
30 564
30 629
30 630
31 16
31 245
31 548
31 564
31 627
31 628
32 16
32 245
32 548
32 564
32 626
32 627
33 16
33 245
33 548
33 564
33 624
33 625
34 16
34 245
34 548
34 564
34 623
34 624
35 16
35 245
35 548
35 563
35 621
35 622
36 16
36 245
36 548
36 563
36 619
36 620
37 16
37 245
37 548
37 563
37 618
37 619
38 16
38 245
38 548
38 563
38 616
38 617
39 0
39 1
39 2
39 3
39 4
39 5
39 16
39 244
39 548
39 564
39 614
39 615
40 6
40 7
40 16
40 244
40 547
40 548
40 564
40 565
40 613
40 614
41 8
41 9
41 10
41 11
41 12
41 13
41 14
41 244
41 547
41 565
41 566
41 611
41 612
42 15
42 244
42 546
42 566
42 609
42 610
43 244
43 546
43 566
43 608
43 609
44 244
44 547
44 565
44 566
44 606
44 607
45 244
45 548
45 564
45 604
45 605
46 244
46 548
46 563
46 603
46 604
47 244
47 548
47 563
47 601
47 602
48 244
48 548
48 563
48 599
48 600
49 244
49 548
49 563
49 598
49 599
50 244
50 548
50 563
50 596
50 597
51 244
51 548
51 563
51 595
51 596
52 244
52 548
52 563
52 593
52 594
53 244
53 548
53 563
53 592
53 593
54 244
54 548
54 563
54 590
54 591
55 244
55 548
55 563
55 588
55 589
56 244
56 332
56 548
56 563
56 587
56 588
57 244
57 330
57 331
57 333
57 334
57 335
57 336
57 337
57 338
57 339
57 340
57 341
57 342
57 343
57 344
57 345
57 346
57 347
57 348
57 548
57 563
57 585
57 586
58 244
58 328
58 329
58 349
58 350
58 351
58 352
58 353
58 354
58 355
58 356
58 357
58 358
58 359
58 360
58 361
58 362
58 363
58 548
58 563
58 583
58 584
59 244
59 326
59 327
59 364
59 365
59 366
59 367
59 368
59 369
59 370
59 371
59 372
59 373
59 374
59 375
59 376
59 377
59 378
59 379
59 380
59 381
59 382
59 383
59 384
59 548
59 563
59 582
59 583
60 244
60 324
60 325
60 385
60 386
60 387
60 388
60 389
60 390
60 391
60 392
60 393
60 394
60 395
60 396
60 397
60 398
60 399
60 400
60 548
60 562
60 580
60 581
61 244
61 324
61 401
61 402
61 403
61 404
61 405
61 406
61 407
61 408
61 409
61 410
61 411
61 412
61 413
61 414
61 415
61 416
61 548
61 562
61 578
61 579
62 244
62 323
62 417
62 418
62 419
62 548
62 562
62 577
62 578
63 244
63 323
63 420
63 548
63 562
63 575
63 576
64 171
64 172
64 244
64 321
64 322
64 420
64 547
64 562
64 574
64 575
65 170
65 173
65 174
65 175
65 176
65 177
65 178
65 179
65 180
65 181
65 182
65 183
65 184
65 185
65 186
65 201
65 202
65 244
65 319
65 320
65 420
65 547
65 562
65 574
66 169
66 173
66 186
66 195
66 196
66 197
66 199
66 200
66 203
66 204
66 244
66 319
66 420
66 547
66 562
66 574
67 169
67 173
67 186
67 194
67 199
67 205
67 244
67 318
67 420
67 547
67 562
67 574
68 169
68 173
68 186
68 194
68 199
68 205
68 244
68 318
68 420
68 547
68 562
68 575
69 170
69 173
69 175
69 176
69 177
69 178
69 179
69 180
69 181
69 182
69 183
69 184
69 185
69 186
69 194
69 198
69 205
69 244
69 318
69 420
69 547
69 562
69 575
70 170
70 173
70 195
70 196
70 197
70 198
70 199
70 200
70 201
70 202
70 203
70 204
70 205
70 244
70 318
70 420
70 543
70 544
70 545
70 546
70 547
70 562
70 575
71 169
71 172
71 244
71 318
71 420
71 539
71 540
71 541
71 542
71 547
71 563
71 564
71 565
71 566
71 567
71 568
71 575
72 169
72 172
72 244
72 318
72 420
72 536
72 537
72 538
72 547
72 563
72 569
72 570
72 571
72 572
72 573
72 574
72 575
73 169
73 172
73 244
73 318
73 420
73 524
73 525
73 526
73 527
73 528
73 529
73 530
73 531
73 532
73 533
73 534
73 535
73 547
73 562
74 169
74 172
74 244
74 318
74 419
74 521
74 522
74 523
74 547
74 562
75 169
75 172
75 244
75 318
75 419
75 519
75 520
75 547
75 562
76 169
76 172
76 244
76 318
76 419
76 518
76 547
76 562
77 169
77 172
77 244
77 318
77 419
77 517
77 547
77 562
78 169
78 172
78 244
78 318
78 419
78 517
78 547
78 562
79 169
79 172
79 244
79 318
79 419
79 517
79 547
79 562
80 169
80 172
80 244
80 318
80 419
80 516
80 547
80 562
81 169
81 172
81 244
81 318
81 419
81 516
81 547
81 562
82 169
82 172
82 244
82 318
82 419
82 516
82 547
82 562
83 169
83 172
83 244
83 318
83 419
83 516
83 547
83 562
84 169
84 172
84 243
84 318
84 419
84 516
84 547
84 562
85 169
85 172
85 243
85 318
85 419
85 516
85 547
85 562
86 168
86 172
86 243
86 318
86 419
86 516
86 547
86 562
87 168
87 172
87 243
87 318
87 419
87 516
87 547
87 562
88 168
88 172
88 243
88 318
88 419
88 516
88 547
88 562
88 573
88 574
88 575
88 576
88 580
88 581
88 582
88 583
88 584
88 585
88 586
88 587
88 588
88 589
88 590
88 591
88 592
88 593
88 594
88 595
88 596
88 597
88 598
88 599
88 602
89 168
89 172
89 243
89 318
89 419
89 516
89 547
89 561
89 571
89 572
89 577
89 578
89 601
89 603
90 168
90 172
90 243
90 318
90 419
90 516
90 547
90 561
90 571
90 578
90 580
90 581
90 582
90 583
90 584
90 585
90 586
90 587
90 588
90 589
90 601
90 603
91 168
91 172
91 243
91 318
91 419
91 516
91 547
91 561
91 570
91 576
91 577
91 578
91 589
91 601
91 602
91 603
92 168
92 172
92 243
92 318
92 419
92 516
92 547
92 561
92 571
92 572
92 573
92 574
92 575
92 590
92 591
92 592
92 593
92 594
92 595
92 596
92 597
92 598
92 599
92 600
92 603
93 168
93 172
93 243
93 318
93 419
93 516
93 547
93 561
93 600
93 603
94 168
94 172
94 243
94 318
94 419
94 516
94 547
94 561
94 600
94 603
95 168
95 172
95 243
95 318
95 419
95 516
95 547
95 561
95 600
95 603
96 168
96 171
96 243
96 318
96 419
96 516
96 547
96 561
96 600
96 603
97 168
97 171
97 243
97 318
97 419
97 516
97 547
97 561
97 600
97 603
98 168
98 171
98 243
98 318
98 419
98 513
98 514
98 515
98 516
98 547
98 561
98 600
98 603
99 168
99 171
99 243
99 318
99 419
99 512
99 547
99 561
99 600
99 603
100 168
100 171
100 243
100 318
100 419
100 511
100 547
100 561
100 600
100 603
101 168
101 171
101 243
101 318
101 419
101 511
101 547
101 561
101 600
101 603
102 168
102 171
102 243
102 318
102 419
102 502
102 503
102 504
102 505
102 511
102 546
102 561
102 600
102 603
103 168
103 171
103 243
103 318
103 419
103 501
103 506
103 511
103 546
103 561
103 600
103 603
104 168
104 171
104 243
104 318
104 419
104 500
104 506
104 511
104 546
104 561
104 600
104 603
105 168
105 171
105 243
105 318
105 419
105 500
105 506
105 511
105 546
105 561
105 600
105 603
106 168
106 171
106 243
106 317
106 419
106 500
106 506
106 511
106 546
106 561
106 600
106 603
107 168
107 171
107 243
107 317
107 419
107 500
107 506
107 511
107 546
107 561
107 600
107 603
108 168
108 171
108 243
108 317
108 419
108 500
108 505
108 511
108 546
108 561
108 600
108 603
109 168
109 171
109 243
109 317
109 418
109 500
109 505
109 511
109 546
109 561
109 600
109 603
110 167
110 171
110 243
110 317
110 418
110 501
110 503
110 505
110 511
110 546
110 561
110 600
110 603
111 167
111 171
111 201
111 202
111 243
111 317
111 418
111 502
111 504
111 511
111 546
111 561
111 600
111 603
112 167
112 171
112 194
112 195
112 196
112 199
112 200
112 203
112 204
112 232
112 244
112 245
112 246
112 247
112 248
112 251
112 317
112 418
112 502
112 504
112 510
112 546
112 561
112 600
112 603
113 167
113 171
113 187
113 188
113 189
113 190
113 191
113 192
113 193
113 194
113 197
113 198
113 199
113 204
113 205
113 206
113 234
113 235
113 236
113 237
113 238
113 239
113 240
113 241
113 242
113 250
113 252
113 253
113 317
113 418
113 502
113 504
113 510
113 546
113 561
113 600
113 603
114 167
114 171
114 185
114 186
114 207
114 208
114 232
114 250
114 317
114 418
114 502
114 504
114 508
114 509
114 510
114 546
114 561
114 600
115 167
115 171
115 183
115 184
115 209
115 210
115 235
115 236
115 237
115 238
115 239
115 240
115 241
115 244
115 317
115 418
115 502
115 504
115 505
115 506
115 507
115 546
115 561
115 600
116 167
116 171
116 181
116 182
116 211
116 212
116 213
116 214
116 215
116 216
116 231
116 233
116 243
116 317
116 418
116 501
116 502
116 504
116 546
116 561
116 600
117 167
117 171
117 179
117 180
117 216
117 217
117 231
117 233
117 243
117 317
117 418
117 499
117 500
117 502
117 503
117 504
117 546
117 561
117 600
118 167
118 171
118 177
118 178
118 217
118 218
118 231
118 233
118 243
118 317
118 418
118 498
118 546
118 561
118 600
119 167
119 171
119 175
119 176
119 177
119 218
119 219
119 231
119 233
119 243
119 317
119 418
119 497
119 546
119 561
119 600
120 167
120 171
120 173
120 174
120 219
120 220
120 231
120 233
120 243
120 317
120 418
120 497
120 546
120 561
120 600
120 602
121 167
121 173
121 220
121 231
121 233
121 243
121 317
121 418
121 494
121 495
121 496
121 497
121 506
121 507
121 508
121 509
121 510
121 511
121 546
121 561
121 599
121 602
122 167
122 170
122 172
122 220
122 231
122 233
122 243
122 317
122 418
122 492
122 493
122 497
122 499
122 500
122 501
122 502
122 503
122 504
122 505
122 513
122 514
122 546
122 561
122 599
122 602
123 167
123 170
123 172
123 220
123 231
123 233
123 243
123 317
123 418
123 492
123 497
123 514
123 546
123 561
123 599
123 602
124 167
124 170
124 171
124 172
124 220
124 231
124 233
124 243
124 317
124 418
124 492
124 493
124 494
124 495
124 497
124 499
124 500
124 501
124 502
124 503
124 504
124 513
124 546
124 561
124 599
124 602
125 167
125 221
125 231
125 233
125 243
125 317
125 418
125 497
125 512
125 546
125 561
125 599
125 602
126 167
126 170
126 222
126 223
126 231
126 233
126 243
126 317
126 418
126 497
126 512
126 546
126 561
126 599
126 602
127 167
127 170
127 223
127 224
127 231
127 233
127 243
127 317
127 418
127 497
127 512
127 546
127 561
127 599
127 602
128 167
128 170
128 224
128 231
128 233
128 243
128 317
128 418
128 497
128 512
128 546
128 561
128 599
128 602
129 167
129 170
129 225
129 231
129 233
129 242
129 317
129 359
129 360
129 361
129 362
129 363
129 364
129 373
129 374
129 375
129 376
129 377
129 378
129 379
129 380
129 381
129 382
129 418
129 497
129 512
129 546
129 561
129 599
129 602
130 167
130 170
130 226
130 227
130 231
130 233
130 242
130 317
130 357
130 358
130 365
130 366
130 367
130 368
130 369
130 370
130 371
130 372
130 383
130 384
130 418
130 497
130 512
130 546
130 561
130 599
130 602
131 166
131 169
131 170
131 172
131 173
131 174
131 175
131 176
131 177
131 178
131 179
131 180
131 181
131 182
131 183
131 184
131 185
131 186
131 187
131 188
131 189
131 190
131 191
131 192
131 193
131 194
131 195
131 196
131 227
131 228
131 231
131 233
131 242
131 317
131 355
131 356
131 384
131 385
131 418
131 496
131 512
131 546
131 561
131 599
131 602
132 166
132 175
132 197
132 198
132 199
132 200
132 201
132 202
132 203
132 204
132 205
132 206
132 207
132 208
132 209
132 210
132 211
132 212
132 213
132 214
132 215
132 216
132 217
132 218
132 228
132 229
132 231
132 233
132 242
132 317
132 354
132 386
132 418
132 496
132 512
132 546
132 561
132 599
132 602
133 166
133 176
133 177
133 178
133 179
133 180
133 181
133 182
133 183
133 219
133 220
133 221
133 229
133 230
133 231
133 242
133 317
133 353
133 387
133 418
133 496
133 512
133 545
133 562
133 599
133 602
134 166
134 175
134 195
134 197
134 198
134 199
134 200
134 201
134 202
134 203
134 219
134 221
134 232
134 234
134 235
134 236
134 237
134 238
134 239
134 240
134 243
134 244
134 245
134 317
134 352
134 353
134 388
134 389
134 418
134 496
134 512
134 545
134 563
134 599
134 602
135 166
135 176
135 177
135 178
135 179
135 180
135 181
135 182
135 203
135 219
135 221
135 241
135 242
135 243
135 246
135 261
135 262
135 275
135 317
135 349
135 350
135 351
135 352
135 389
135 390
135 418
135 496
135 512
135 544
135 563
135 599
135 602
136 166
136 175
136 195
136 196
136 197
136 221
136 231
136 233
136 247
136 261
136 263
136 264
136 265
136 266
136 267
136 268
136 269
136 270
136 271
136 272
136 274
136 276
136 277
136 317
136 348
136 349
136 353
136 354
136 355
136 356
136 357
136 358
136 369
136 390
136 391
136 392
136 393
136 394
136 395
136 396
136 418
136 496
136 512
136 544
136 564
136 599
136 602
137 166
137 176
137 177
137 178
137 179
137 205
137 206
137 207
137 208
137 209
137 210
137 211
137 212
137 213
137 214
137 215
137 216
137 217
137 219
137 220
137 231
137 233
137 248
137 249
137 261
137 263
137 274
137 317
137 346
137 347
137 349
137 350
137 351
137 359
137 360
137 361
137 362
137 363
137 364
137 365
137 366
137 367
137 368
137 370
137 371
137 372
137 373
137 374
137 375
137 376
137 377
137 378
137 379
137 380
137 381
137 382
137 383
137 384
137 385
137 386
137 387
137 397
137 398
137 401
137 402
137 403
137 404
137 405
137 406
137 407
137 408
137 409
137 410
137 411
137 412
137 413
137 414
137 415
137 416
137 417
137 419
137 429
137 496
137 512
137 545
137 564
137 599
137 602
138 167
138 168
138 169
138 172
138 173
138 174
138 175
138 194
138 195
138 196
138 197
138 203
138 204
138 219
138 231
138 233
138 249
138 255
138 261
138 263
138 269
138 270
138 271
138 272
138 317
138 346
138 359
138 387
138 399
138 400
138 420
138 421
138 422
138 423
138 424
138 425
138 426
138 427
138 428
138 430
138 431
138 441
138 496
138 512
138 524
138 525
138 526
138 527
138 545
138 564
138 599
138 602
139 167
139 170
139 194
139 203
139 218
139 231
139 233
139 250
139 251
139 252
139 253
139 254
139 256
139 261
139 262
139 263
139 317
139 344
139 346
139 360
139 361
139 362
139 363
139 364
139 365
139 366
139 381
139 382
139 383
139 384
139 385
139 386
139 387
139 400
139 419
139 496
139 512
139 522
139 523
139 528
139 529
139 530
139 545
139 564
139 599
139 602
140 166
140 170
140 194
140 203
140 218
140 231
140 257
140 258
140 259
140 260
140 261
140 263
140 264
140 265
140 266
140 267
140 317
140 346
140 348
140 349
140 350
140 351
140 360
140 366
140 381
140 399
140 418
140 422
140 423
140 424
140 425
140 427
140 428
140 429
140 430
140 431
140 432
140 433
140 434
140 435
140 436
140 437
140 438
140 439
140 440
140 496
140 503
140 504
140 505
140 509
140 510
140 511
140 512
140 514
140 519
140 520
140 521
140 522
140 531
140 532
140 545
140 564
140 599
140 602
141 166
141 170
141 194
141 197
141 198
141 203
141 218
141 230
141 268
141 269
141 270
141 271
141 272
141 317
141 346
141 352
141 353
141 354
141 355
141 356
141 357
141 358
141 359
141 366
141 387
141 400
141 401
141 402
141 403
141 404
141 405
141 406
141 407
141 408
141 409
141 410
141 411
141 412
141 413
141 414
141 415
141 416
141 417
141 419
141 420
141 421
141 427
141 440
141 495
141 496
141 497
141 502
141 506
141 507
141 508
141 514
141 518
141 533
141 534
141 535
141 545
141 562
141 563
141 599
141 602
142 166
142 170
142 194
142 203
142 218
142 230
142 273
142 317
142 346
142 359
142 360
142 361
142 362
142 363
142 364
142 365
142 366
142 367
142 368
142 369
142 370
142 371
142 372
142 387
142 400
142 426
142 440
142 493
142 494
142 498
142 499
142 500
142 501
142 514
142 515
142 516
142 517
142 536
142 537
142 545
142 562
142 599
142 602
143 166
143 170
143 194
143 196
143 197
143 198
143 199
143 200
143 201
143 202
143 203
143 204
143 218
143 273
143 317
143 346
143 359
143 373
143 374
143 375
143 376
143 377
143 378
143 379
143 380
143 381
143 400
143 419
143 421
143 422
143 423
143 424
143 425
143 426
143 427
143 428
143 429
143 430
143 431
143 432
143 433
143 434
143 435
143 436
143 437
143 438
143 439
143 440
143 441
143 450
143 451
143 463
143 464
143 491
143 492
143 537
143 545
143 562
143 599
143 602
144 166
144 170
144 194
144 218
144 223
144 224
144 225
144 226
144 227
144 228
144 229
144 230
144 231
144 232
144 233
144 234
144 235
144 236
144 237
144 238
144 239
144 240
144 241
144 242
144 243
144 244
144 245
144 246
144 247
144 248
144 249
144 250
144 251
144 252
144 253
144 254
144 255
144 256
144 257
144 258
144 259
144 273
144 317
144 346
144 359
144 390
144 391
144 392
144 394
144 397
144 398
144 399
144 418
144 426
144 440
144 449
144 452
144 454
144 455
144 456
144 457
144 458
144 459
144 460
144 461
144 463
144 491
144 537
144 544
144 563
144 564
144 565
144 566
144 599
144 602
145 160
145 161
145 166
145 170
145 194
145 196
145 197
145 198
145 199
145 200
145 201
145 202
145 203
145 204
145 205
145 206
145 207
145 208
145 209
145 210
145 211
145 212
145 213
145 214
145 215
145 216
145 217
145 222
145 260
145 261
145 262
145 263
145 264
145 265
145 266
145 267
145 272
145 317
145 346
145 359
145 389
145 395
145 396
145 418
145 426
145 440
145 449
145 452
145 463
145 490
145 538
145 543
145 561
145 566
145 567
145 568
145 599
145 602
146 160
146 162
146 163
146 164
146 165
146 166
146 170
146 194
146 196
146 205
146 211
146 223
146 224
146 225
146 226
146 227
146 228
146 229
146 230
146 231
146 232
146 233
146 234
146 235
146 236
146 237
146 238
146 239
146 240
146 241
146 242
146 243
146 244
146 245
146 246
146 247
146 248
146 249
146 250
146 251
146 252
146 253
146 267
146 273
146 317
146 346
146 348
146 349
146 352
146 353
146 354
146 355
146 356
146 357
146 358
146 359
146 389
146 395
146 418
146 426
146 440
146 454
146 455
146 456
146 457
146 458
146 459
146 460
146 461
146 462
146 488
146 489
146 538
146 542
146 543
146 561
146 569
146 570
146 599
146 602
147 119
147 120
147 121
147 160
147 169
147 194
147 196
147 202
147 206
147 207
147 208
147 209
147 210
147 211
147 261
147 262
147 263
147 264
147 265
147 266
147 267
147 273
147 317
147 351
147 389
147 391
147 395
147 418
147 427
147 435
147 436
147 437
147 438
147 439
147 440
147 462
147 472
147 473
147 474
147 475
147 476
147 477
147 478
147 479
147 480
147 481
147 482
147 483
147 484
147 485
147 487
147 488
147 538
147 541
147 542
147 545
147 561
147 570
147 571
147 599
147 602
148 117
148 118
148 122
148 160
148 166
148 169
148 194
148 196
148 198
148 199
148 200
148 201
148 202
148 274
148 317
148 350
148 388
148 391
148 395
148 418
148 427
148 428
148 429
148 430
148 431
148 432
148 433
148 434
148 462
148 471
148 487
148 538
148 540
148 541
148 545
148 560
148 572
148 599
148 602
149 115
149 116
149 117
149 123
149 160
149 166
149 169
149 194
149 196
149 231
149 232
149 233
149 234
149 235
149 236
149 237
149 238
149 239
149 240
149 241
149 242
149 243
149 244
149 245
149 246
149 247
149 248
149 249
149 250
149 251
149 252
149 253
149 254
149 255
149 256
149 274
149 275
149 287
149 288
149 289
149 290
149 317
149 349
149 350
149 388
149 391
149 395
149 418
149 462
149 470
149 486
149 538
149 540
149 545
149 560
149 572
149 599
149 602
150 113
150 114
150 123
150 160
150 166
150 169
150 194
150 196
150 230
150 257
150 258
150 259
150 260
150 261
150 262
150 263
150 264
150 265
150 266
150 267
150 268
150 269
150 270
150 271
150 272
150 273
150 277
150 278
150 279
150 280
150 281
150 282
150 283
150 284
150 285
150 292
150 293
150 316
150 348
150 349
150 388
150 391
150 395
150 418
150 462
150 469
150 470
150 485
150 486
150 538
150 540
150 545
150 560
150 573
150 599
150 602
151 113
151 124
151 147
151 160
151 166
151 169
151 194
151 196
151 229
151 294
151 295
151 296
151 297
151 298
151 299
151 300
151 301
151 302
151 303
151 304
151 305
151 306
151 307
151 308
151 309
151 310
151 311
151 312
151 313
151 314
151 315
151 316
151 318
151 319
151 320
151 321
151 322
151 323
151 324
151 325
151 326
151 327
151 348
151 388
151 391
151 395
151 418
151 457
151 462
151 469
151 483
151 484
151 538
151 539
151 540
151 545
151 560
151 573
151 599
151 602
152 113
152 124
152 141
152 142
152 143
152 144
152 145
152 146
152 148
152 149
152 160
152 166
152 169
152 194
152 196
152 230
152 231
152 232
152 233
152 234
152 235
152 236
152 237
152 238
152 239
152 240
152 241
152 242
152 243
152 244
152 245
152 246
152 247
152 248
152 249
152 250
152 251
152 252
152 253
152 254
152 255
152 256
152 328
152 329
152 347
152 389
152 391
152 394
152 418
152 453
152 454
152 455
152 456
152 458
152 462
152 468
152 483
152 545
152 560
152 574
152 599
152 602
153 24
153 25
153 26
153 27
153 28
153 29
153 30
153 53
153 54
153 114
153 125
153 139
153 140
153 149
153 160
153 166
153 169
153 194
153 196
153 257
153 258
153 272
153 273
153 274
153 275
153 276
153 277
153 278
153 279
153 280
153 281
153 282
153 283
153 284
153 285
153 286
153 287
153 288
153 289
153 290
153 291
153 292
153 293
153 329
153 330
153 347
153 389
153 394
153 418
153 451
153 452
153 458
153 462
153 468
153 482
153 545
153 560
153 574
153 575
153 599
153 602
154 2
154 3
154 4
154 5
154 6
154 7
154 22
154 23
154 31
154 32
154 52
154 100
154 101
154 102
154 103
154 108
154 109
154 110
154 111
154 125
154 139
154 150
154 160
154 166
154 169
154 194
154 196
154 230
154 259
154 260
154 261
154 262
154 263
154 264
154 265
154 266
154 267
154 271
154 294
154 295
154 298
154 301
154 302
154 303
154 304
154 305
154 306
154 307
154 308
154 309
154 310
154 311
154 312
154 313
154 314
154 315
154 318
154 319
154 320
154 321
154 322
154 330
154 347
154 390
154 391
154 394
154 397
154 398
154 418
154 429
154 430
154 440
154 441
154 450
154 459
154 460
154 461
154 464
154 467
154 482
154 545
154 560
154 576
154 577
154 599
154 602
155 0
155 1
155 8
155 9
155 20
155 21
155 22
155 32
155 33
155 34
155 35
155 36
155 37
155 51
155 52
155 55
155 56
155 57
155 58
155 59
155 60
155 61
155 62
155 63
155 64
155 65
155 66
155 100
155 103
155 107
155 112
155 126
155 138
155 150
155 160
155 166
155 169
155 194
155 196
155 230
155 239
155 254
155 268
155 269
155 295
155 297
155 300
155 316
155 323
155 324
155 325
155 326
155 327
155 328
155 329
155 330
155 346
155 394
155 395
155 396
155 399
155 400
155 401
155 402
155 403
155 416
155 417
155 418
155 419
155 420
155 421
155 422
155 423
155 424
155 425
155 426
155 427
155 428
155 429
155 430
155 431
155 439
155 441
155 442
155 443
155 444
155 445
155 449
155 464
155 481
155 545
155 560
155 578
155 579
155 599
155 602
156 9
156 10
156 19
156 38
156 50
156 51
156 99
156 103
156 107
156 113
156 126
156 127
156 130
156 131
156 132
156 138
156 151
156 160
156 166
156 169
156 194
156 196
156 230
156 239
156 249
156 254
156 270
156 295
156 296
156 299
156 316
156 346
156 391
156 394
156 404
156 415
156 431
156 432
156 433
156 434
156 435
156 436
156 437
156 438
156 439
156 446
156 448
156 449
156 461
156 462
156 465
156 467
156 468
156 469
156 470
156 471
156 480
156 544
156 560
156 579
156 580
156 599
156 602
157 10
157 18
157 39
157 40
157 41
157 42
157 43
157 44
157 45
157 46
157 47
157 48
157 49
157 66
157 99
157 104
157 107
157 128
157 129
157 130
157 132
157 137
157 151
157 160
157 165
157 169
157 194
157 196
157 230
157 232
157 239
157 249
157 254
157 270
157 295
157 299
157 316
157 346
157 391
157 394
157 404
157 414
157 447
157 448
157 458
157 465
157 472
157 473
157 474
157 475
157 476
157 477
157 478
157 479
157 480
157 482
157 544
157 560
157 580
157 599
157 602
158 10
158 18
158 65
158 99
158 104
158 105
158 106
158 107
158 132
158 136
158 137
158 151
158 160
158 165
158 169
158 193
158 196
158 229
158 232
158 240
158 241
158 242
158 243
158 244
158 245
158 246
158 247
158 248
158 249
158 250
158 254
158 270
158 294
158 300
158 301
158 316
158 346
158 391
158 394
158 404
158 414
158 447
158 457
158 462
158 482
158 544
158 560
158 580
158 599
159 10
159 17
159 65
159 98
159 99
159 132
159 134
159 135
159 151
159 160
159 165
159 169
159 193
159 196
159 229
159 232
159 250
159 251
159 252
159 253
159 270
159 294
159 302
159 316
159 346
159 391
159 394
159 404
159 414
159 446
159 457
159 462
159 482
159 544
159 560
159 580
159 599
160 11
160 16
160 17
160 65
160 73
160 74
160 75
160 76
160 77
160 78
160 97
160 98
160 132
160 134
160 151
160 160
160 165
160 169
160 193
160 196
160 229
160 232
160 270
160 294
160 302
160 316
160 346
160 391
160 394
160 404
160 414
160 446
160 457
160 462
160 482
160 544
160 560
160 581
160 599
161 12
161 13
161 14
161 15
161 16
161 65
161 71
161 72
161 78
161 96
161 132
161 134
161 151
161 160
161 165
161 169
161 193
161 196
161 229
161 232
161 270
161 294
161 302
161 316
161 346
161 391
161 395
161 396
161 397
161 398
161 399
161 400
161 401
161 402
161 403
161 404
161 406
161 407
161 408
161 409
161 410
161 411
161 412
161 414
161 416
161 417
161 418
161 419
161 420
161 421
161 422
161 423
161 424
161 425
161 426
161 427
161 428
161 429
161 430
161 431
161 432
161 433
161 434
161 435
161 436
161 437
161 438
161 439
161 440
161 441
161 442
161 443
161 444
161 445
161 446
161 447
161 448
161 449
161 450
161 451
161 452
161 453
161 454
161 455
161 456
161 457
161 458
161 459
161 460
161 461
161 462
161 465
161 466
161 467
161 468
161 469
161 470
161 471
161 472
161 473
161 474
161 475
161 476
161 477
161 478
161 479
161 480
161 481
161 482
161 483
161 544
161 560
161 581
161 599
162 66
162 69
162 70
162 79
162 95
162 150
162 160
162 165
162 169
162 193
162 196
162 229
162 232
162 270
162 294
162 302
162 316
162 346
162 391
162 395
162 465
162 484
162 485
162 486
162 544
162 560
162 580
162 581
162 599
163 66
163 67
163 68
163 69
163 80
163 81
163 95
163 149
163 160
163 165
163 166
163 193
163 196
163 229
163 232
163 270
163 295
163 302
163 316
163 346
163 391
163 395
163 396
163 397
163 398
163 399
163 400
163 401
163 415
163 416
163 417
163 418
163 419
163 420
163 421
163 422
163 423
163 424
163 425
163 426
163 427
163 428
163 429
163 430
163 431
163 432
163 433
163 434
163 435
163 436
163 439
163 440
163 441
163 442
163 443
163 444
163 458
163 459
163 460
163 461
163 462
163 487
163 489
163 544
163 560
163 579
163 580
163 599
164 81
164 82
164 95
164 99
164 100
164 101
164 102
164 149
164 160
164 164
164 167
164 193
164 196
164 229
164 232
164 270
164 296
164 297
164 298
164 299
164 300
164 301
164 302
164 303
164 304
164 305
164 316
164 346
164 391
164 395
164 402
164 414
164 423
164 437
164 438
164 445
164 446
164 465
164 466
164 467
164 468
164 469
164 470
164 471
164 472
164 473
164 476
164 477
164 478
164 479
164 480
164 481
164 482
164 488
164 490
164 491
164 492
164 544
164 560
164 579
164 599
165 82
165 83
165 94
165 95
165 98
165 103
165 104
165 123
165 124
165 125
165 126
165 127
165 128
165 149
165 159
165 163
165 167
165 193
165 196
165 229
165 232
165 270
165 294
165 316
165 345
165 391
165 394
165 402
165 413
165 437
165 462
165 465
165 474
165 475
165 483
165 484
165 485
165 486
165 487
165 493
165 494
165 544
165 560
165 579
165 599
165 601
166 83
166 93
166 94
166 97
166 104
166 122
166 129
166 149
166 159
166 163
166 167
166 193
166 196
166 229
166 232
166 260
166 261
166 262
166 263
166 264
166 265
166 266
166 267
166 268
166 269
166 270
166 294
166 304
166 305
166 316
166 345
166 390
166 394
166 402
166 413
166 423
166 437
166 446
166 462
166 474
166 490
166 491
166 544
166 560
166 579
166 598
166 601
167 84
167 85
167 86
167 87
167 88
167 89
167 90
167 91
167 92
167 93
167 96
167 104
167 111
167 112
167 113
167 114
167 115
167 121
167 129
167 148
167 159
167 163
167 167
167 193
167 196
167 229
167 232
167 259
167 270
167 294
167 304
167 305
167 316
167 344
167 345
167 390
167 394
167 402
167 413
167 423
167 437
167 446
167 462
167 474
167 492
167 494
167 495
167 496
167 544
167 560
167 579
167 598
167 601
168 96
168 104
168 110
168 116
168 121
168 129
168 148
168 159
168 163
168 167
168 179
168 180
168 181
168 182
168 183
168 184
168 185
168 186
168 187
168 188
168 189
168 190
168 191
168 192
168 193
168 196
168 197
168 198
168 199
168 200
168 217
168 218
168 219
168 220
168 221
168 222
168 223
168 224
168 225
168 226
168 227
168 228
168 229
168 230
168 231
168 232
168 233
168 234
168 235
168 236
168 237
168 238
168 239
168 240
168 241
168 242
168 243
168 244
168 260
168 261
168 262
168 263
168 264
168 265
168 266
168 267
168 268
168 269
168 270
168 294
168 305
168 308
168 313
168 314
168 315
168 343
168 344
168 390
168 395
168 396
168 397
168 398
168 399
168 400
168 401
168 402
168 411
168 412
168 423
168 437
168 446
168 462
168 474
168 494
168 496
168 544
168 560
168 580
168 598
168 601
169 96
169 104
169 109
169 117
169 121
169 129
169 148
169 159
169 163
169 167
169 177
169 178
169 201
169 202
169 203
169 204
169 205
169 206
169 207
169 208
169 209
169 210
169 215
169 216
169 245
169 246
169 247
169 270
169 294
169 305
169 307
169 309
169 311
169 342
169 343
169 390
169 395
169 410
169 411
169 414
169 415
169 416
169 417
169 418
169 419
169 420
169 421
169 422
169 423
169 438
169 439
169 440
169 441
169 442
169 443
169 444
169 445
169 446
169 462
169 474
169 493
169 496
169 544
169 560
169 580
169 598
169 601
170 96
170 104
170 109
170 117
170 121
170 129
170 149
170 159
170 163
170 167
170 176
170 177
170 211
170 212
170 213
170 214
170 248
170 249
170 250
170 271
170 272
170 273
170 274
170 275
170 294
170 302
170 303
170 304
170 309
170 313
170 314
170 315
170 316
170 342
170 390
170 394
170 408
170 409
170 462
170 466
170 467
170 468
170 469
170 470
170 471
170 472
170 473
170 474
170 493
170 496
170 544
170 560
170 580
170 598
170 601
171 97
171 104
171 109
171 117
171 121
171 129
171 149
171 153
171 154
171 155
171 156
171 159
171 163
171 167
171 168
171 175
171 176
171 213
171 251
171 252
171 254
171 255
171 256
171 257
171 258
171 259
171 260
171 261
171 262
171 263
171 264
171 265
171 266
171 276
171 277
171 278
171 279
171 280
171 281
171 282
171 283
171 284
171 285
171 286
171 287
171 288
171 289
171 290
171 291
171 292
171 293
171 294
171 301
171 306
171 310
171 311
171 341
171 390
171 394
171 407
171 408
171 449
171 450
171 462
171 465
171 493
171 496
171 544
171 560
171 580
171 598
171 601
172 97
172 98
172 99
172 100
172 101
172 102
172 103
172 104
172 109
172 116
172 122
172 123
172 124
172 125
172 126
172 127
172 128
172 129
172 150
172 151
172 152
172 157
172 158
172 159
172 164
172 165
172 166
172 175
172 213
172 252
172 253
172 267
172 268
172 301
172 312
172 341
172 390
172 394
172 406
172 407
172 447
172 450
172 460
172 462
172 464
172 493
172 496
172 544
172 560
172 580
172 598
172 601
173 109
173 111
173 112
173 113
173 114
173 116
173 168
173 174
173 213
173 253
173 269
173 270
173 301
173 312
173 341
173 390
173 394
173 406
173 446
173 451
173 452
173 453
173 454
173 455
173 456
173 457
173 458
173 459
173 462
173 464
173 493
173 496
173 544
173 560
173 580
173 598
173 601
174 109
174 116
174 163
174 168
174 174
174 213
174 253
174 254
174 271
174 272
174 302
174 312
174 340
174 341
174 390
174 394
174 405
174 447
174 450
174 460
174 462
174 464
174 493
174 496
174 544
174 560
174 569
174 570
174 581
174 598
174 601
175 108
175 116
175 163
175 168
175 174
175 213
175 254
175 272
175 302
175 312
175 339
175 390
175 394
175 405
175 447
175 448
175 449
175 450
175 451
175 452
175 453
175 454
175 455
175 456
175 457
175 458
175 459
175 460
175 462
175 464
175 493
175 496
175 544
175 560
175 581
175 598
175 601
176 109
176 110
176 111
176 113
176 115
176 116
176 163
176 168
176 174
176 213
176 255
176 273
176 274
176 302
176 312
176 338
176 390
176 394
176 405
176 461
176 493
176 496
176 544
176 560
176 568
176 570
176 571
176 581
176 598
176 602
176 603
176 604
177 112
177 114
177 163
177 168
177 174
177 213
177 255
177 256
177 275
177 292
177 293
177 294
177 297
177 302
177 312
177 338
177 390
177 394
177 405
177 461
177 493
177 496
177 502
177 544
177 560
177 569
177 571
177 581
177 598
177 602
177 605
178 112
178 114
178 163
178 168
178 174
178 213
178 257
178 272
178 275
178 291
178 295
178 296
178 298
178 302
178 312
178 338
178 390
178 394
178 404
178 461
178 493
178 496
178 500
178 501
178 503
178 504
178 505
178 506
178 507
178 508
178 509
178 510
178 511
178 512
178 513
178 514
178 515
178 516
178 517
178 518
178 519
178 544
178 560
178 569
178 571
178 580
178 598
178 601
178 605
179 112
179 114
179 164
179 165
179 168
179 174
179 214
179 257
179 272
179 275
179 291
179 298
179 303
179 312
179 328
179 329
179 330
179 331
179 332
179 333
179 334
179 338
179 390
179 394
179 404
179 461
179 493
179 496
179 500
179 520
179 521
179 522
179 523
179 544
179 560
179 569
179 571
179 580
179 591
179 592
179 593
179 594
179 598
179 601
179 605
180 112
180 114
180 164
180 168
180 174
180 214
180 256
180 272
180 275
180 295
180 296
180 297
180 298
180 303
180 312
180 327
180 335
180 336
180 337
180 338
180 390
180 394
180 404
180 411
180 412
180 413
180 461
180 493
180 496
180 499
180 524
180 525
180 526
180 527
180 528
180 529
180 544
180 559
180 572
180 573
180 580
180 590
180 595
180 598
180 601
180 605
180 611
180 612
180 613
180 614
180 615
181 0
181 1
181 2
181 3
181 4
181 5
181 6
181 7
181 8
181 9
181 10
181 11
181 12
181 13
181 14
181 15
181 16
181 17
181 18
181 19
181 20
181 21
181 22
181 23
181 24
181 25
181 26
181 27
181 28
181 112
181 114
181 164
181 168
181 173
181 214
181 256
181 257
181 272
181 275
181 303
181 312
181 326
181 335
181 338
181 390
181 394
181 404
181 409
181 410
181 414
181 415
181 416
181 461
181 468
181 469
181 470
181 471
181 472
181 473
181 474
181 493
181 496
181 499
181 529
181 530
181 544
181 559
181 564
181 565
181 566
181 567
181 568
181 569
181 571
181 574
181 575
181 576
181 577
181 578
181 579
181 580
181 589
181 595
181 598
181 601
181 605
181 610
181 616
182 29
182 30
182 31
182 32
182 33
182 34
182 35
182 36
182 37
182 38
182 39
182 40
182 41
182 42
182 43
182 44
182 45
182 46
182 47
182 48
182 49
182 50
182 51
182 52
182 53
182 54
182 55
182 56
182 57
182 58
182 59
182 60
182 61
182 62
182 63
182 64
182 65
182 66
182 67
182 68
182 112
182 114
182 163
182 164
182 168
182 173
182 214
182 257
182 274
182 275
182 286
182 287
182 288
182 289
182 290
182 291
182 292
182 293
182 294
182 295
182 303
182 312
182 326
182 336
182 337
182 338
182 383
182 384
182 385
182 386
182 387
182 388
182 389
182 394
182 403
182 409
182 417
182 461
182 467
182 475
182 476
182 477
182 478
182 479
182 480
182 481
182 482
182 493
182 496
182 499
182 530
182 531
182 544
182 559
182 562
182 563
182 589
182 595
182 597
182 599
182 601
182 605
182 607
182 608
182 609
182 616
183 69
183 70
183 71
183 72
183 73
183 74
183 75
183 76
183 77
183 78
183 79
183 80
183 81
183 82
183 83
183 84
183 85
183 86
183 87
183 88
183 89
183 90
183 91
183 92
183 93
183 94
183 95
183 96
183 97
183 98
183 99
183 100
183 101
183 102
183 103
183 104
183 105
183 106
183 107
183 108
183 112
183 114
183 120
183 121
183 122
183 123
183 124
183 125
183 126
183 127
183 128
183 129
183 163
183 168
183 173
183 214
183 257
183 272
183 273
183 275
183 285
183 298
183 304
183 305
183 306
183 307
183 308
183 309
183 310
183 311
183 312
183 313
183 316
183 317
183 318
183 319
183 320
183 321
183 322
183 323
183 324
183 325
183 336
183 339
183 382
183 390
183 394
183 403
183 408
183 417
183 461
183 466
183 483
183 484
183 485
183 486
183 487
183 493
183 496
183 499
183 532
183 533
183 544
183 561
183 562
183 568
183 589
183 595
183 599
183 601
183 605
183 610
183 616
184 109
184 110
184 111
184 113
184 115
184 116
184 117
184 118
184 119
184 130
184 131
184 162
184 168
184 173
184 214
184 257
184 272
184 275
184 284
184 298
184 314
184 315
184 326
184 335
184 340
184 341
184 382
184 390
184 394
184 403
184 408
184 417
184 461
184 466
184 488
184 493
184 496
184 499
184 534
184 535
184 544
184 560
184 568
184 589
184 595
184 597
184 599
184 602
184 603
184 604
184 605
184 606
184 607
184 608
184 609
184 616
185 112
185 114
185 131
185 132
185 134
185 135
185 136
185 137
185 138
185 139
185 140
185 141
185 142
185 143
185 144
185 145
185 146
185 147
185 148
185 149
185 150
185 151
185 152
185 153
185 154
185 162
185 168
185 173
185 214
185 256
185 257
185 272
185 275
185 284
185 298
185 303
185 304
185 314
185 327
185 328
185 329
185 332
185 333
185 334
185 335
185 336
185 337
185 342
185 375
185 376
185 377
185 378
185 379
185 395
185 396
185 397
185 398
185 399
185 400
185 401
185 402
185 403
185 407
185 418
185 419
185 420
185 421
185 422
185 462
185 465
185 489
185 490
185 493
185 496
185 499
185 536
185 544
185 559
185 568
185 590
185 591
185 592
185 593
185 594
185 595
185 598
185 602
185 610
185 611
185 612
185 613
185 614
185 615
185 616
186 112
186 114
186 121
186 133
186 155
186 156
186 157
186 158
186 159
186 160
186 161
186 162
186 168
186 173
186 214
186 256
186 272
186 275
186 284
186 298
186 302
186 305
186 330
186 343
186 372
186 373
186 374
186 380
186 390
186 406
186 423
186 464
186 491
186 492
186 496
186 499
186 536
186 544
186 559
186 568
186 598
186 601
186 629
186 630
186 631
186 632
186 633
186 634
186 635
186 636
186 637
186 638
186 639
187 112
187 114
187 117
187 120
187 132
187 163
187 168
187 171
187 172
187 214
187 255
187 272
187 275
187 284
187 298
187 303
187 304
187 315
187 316
187 317
187 318
187 319
187 320
187 321
187 322
187 323
187 324
187 325
187 326
187 327
187 328
187 329
187 337
187 338
187 339
187 340
187 341
187 343
187 371
187 380
187 390
187 394
187 423
187 462
187 463
187 465
187 466
187 467
187 468
187 469
187 470
187 492
187 494
187 496
187 499
187 536
187 542
187 543
187 559
187 568
187 598
187 601
187 627
187 628
188 112
188 114
188 117
188 120
188 132
188 138
188 141
188 144
188 163
188 168
188 171
188 214
188 255
188 272
188 274
188 275
188 284
188 298
188 301
188 303
188 307
188 308
188 309
188 310
188 311
188 312
188 313
188 314
188 343
188 344
188 345
188 346
188 347
188 348
188 370
188 380
188 390
188 394
188 405
188 424
188 461
188 462
188 471
188 492
188 494
188 496
188 499
188 536
188 541
188 544
188 545
188 559
188 568
188 598
188 601
188 626
189 112
189 114
189 116
189 119
189 132
189 137
189 138
189 140
189 145
189 163
189 168
189 170
189 214
189 255
189 272
189 283
189 298
189 304
189 305
189 306
189 349
189 350
189 351
189 352
189 353
189 371
189 380
189 388
189 389
189 390
189 394
189 404
189 424
189 439
189 460
189 461
189 471
189 492
189 494
189 496
189 499
189 536
189 540
189 545
189 559
189 568
189 598
189 601
189 626
190 112
190 114
190 116
190 119
190 140
190 145
190 163
190 168
190 170
190 214
190 255
190 272
190 283
190 300
190 301
190 302
190 303
190 354
190 355
190 376
190 377
190 378
190 379
190 380
190 387
190 390
190 394
190 403
190 404
190 424
190 438
190 440
190 460
190 471
190 492
190 494
190 496
190 499
190 536
190 540
190 545
190 559
190 568
190 598
190 601
190 626
191 112
191 114
191 116
191 119
191 133
191 134
191 135
191 136
191 137
191 138
191 139
191 140
191 145
191 146
191 147
191 148
191 149
191 150
191 151
191 152
191 153
191 154
191 155
191 156
191 157
191 158
191 159
191 160
191 161
191 162
191 169
191 170
191 214
191 255
191 272
191 278
191 279
191 280
191 297
191 298
191 299
191 355
191 356
191 372
191 386
191 390
191 394
191 402
191 403
191 424
191 438
191 440
191 459
191 472
191 492
191 494
191 496
191 499
191 536
191 540
191 545
191 559
191 568
191 598
191 601
191 626
192 112
192 114
192 116
192 119
192 131
192 132
192 165
192 166
192 167
192 168
192 169
192 214
192 255
192 272
192 277
192 281
192 282
192 295
192 296
192 356
192 357
192 371
192 373
192 374
192 375
192 386
192 390
192 394
192 398
192 399
192 400
192 401
192 424
192 438
192 440
192 459
192 472
192 492
192 494
192 496
192 499
192 537
192 541
192 545
192 559
192 568
192 598
192 601
192 626
193 39
193 40
193 112
193 114
193 116
193 118
193 119
193 131
193 214
193 255
193 272
193 276
193 282
193 283
193 293
193 294
193 357
193 358
193 370
193 375
193 386
193 390
193 393
193 396
193 397
193 424
193 438
193 440
193 459
193 473
193 492
193 494
193 496
193 500
193 537
193 541
193 545
193 559
193 568
193 599
193 600
193 601
193 626
194 38
194 41
194 42
194 69
194 70
194 71
194 112
194 113
194 114
194 116
194 130
194 214
194 255
194 272
194 276
194 283
194 291
194 292
194 358
194 359
194 370
194 375
194 386
194 390
194 393
194 396
194 425
194 426
194 427
194 428
194 429
194 433
194 434
194 435
194 436
194 437
194 438
194 459
194 473
194 492
194 494
194 496
194 500
194 537
194 542
194 544
194 545
194 559
194 566
194 567
194 569
194 570
194 572
194 573
194 574
194 575
194 576
194 577
194 578
194 579
194 580
194 581
194 582
194 583
194 627
194 628
194 629
194 630
194 631
194 632
194 633
194 634
194 635
194 636
194 637
194 638
194 639
195 37
195 42
195 43
195 44
195 67
195 68
195 72
195 109
195 110
195 111
195 130
195 215
195 255
195 272
195 276
195 283
195 289
195 290
195 359
195 370
195 375
195 387
195 388
195 389
195 390
195 393
195 395
195 424
195 430
195 431
195 432
195 439
195 440
195 458
195 459
195 471
195 473
195 492
195 494
195 496
195 500
195 537
195 543
195 559
195 564
195 565
195 584
196 35
196 36
196 74
196 75
196 100
196 101
196 102
196 104
196 105
196 106
196 107
196 108
196 129
196 130
196 215
196 255
196 272
196 276
196 283
196 287
196 288
196 360
196 370
196 375
196 390
196 393
196 395
196 423
196 440
196 441
196 457
196 458
196 471
196 473
196 492
196 494
196 496
196 500
196 537
196 543
196 559
196 564
196 584
196 617
196 618
196 619
196 620
197 37
197 66
197 67
197 73
197 101
197 129
197 215
197 255
197 272
197 276
197 281
197 282
197 284
197 285
197 286
197 360
197 361
197 370
197 375
197 390
197 393
197 396
197 401
197 402
197 403
197 404
197 405
197 406
197 407
197 408
197 423
197 431
197 441
197 456
197 457
197 469
197 470
197 471
197 474
197 492
197 494
197 496
197 500
197 537
197 543
197 559
197 563
197 584
197 599
197 600
197 601
197 617
197 620
198 37
198 44
198 100
198 101
198 102
198 128
198 215
198 272
198 276
198 278
198 279
198 280
198 361
198 370
198 375
198 390
198 393
198 396
198 397
198 398
198 399
198 400
198 409
198 410
198 411
198 423
198 432
198 441
198 456
198 467
198 468
198 474
198 492
198 494
198 496
198 499
198 536
198 543
198 559
198 563
198 584
198 599
198 601
198 608
198 609
198 610
198 611
198 612
198 613
198 614
198 615
198 620
198 635
198 636
198 637
198 638
198 639
199 98
199 99
199 128
199 274
199 275
199 276
199 362
199 370
199 375
199 391
199 392
199 393
199 412
199 423
199 432
199 441
199 455
199 467
199 475
199 492
199 494
199 496
199 499
199 536
199 543
199 559
199 562
199 584
199 599
199 601
199 607
199 616
199 617
199 620
199 631
199 632
199 633
199 634
200 96
200 97
200 127
200 272
200 273
200 362
200 370
200 375
200 413
200 423
200 432
200 441
200 455
200 467
200 475
200 476
200 492
200 495
200 496
200 499
200 536
200 543
200 559
200 562
200 584
200 599
200 601
200 606
200 617
200 621
200 628
200 629
200 630
201 95
201 96
201 125
201 126
201 270
201 271
201 362
201 370
201 375
201 413
201 423
201 432
201 441
201 454
201 467
201 471
201 472
201 474
201 492
201 499
201 536
201 543
201 559
201 584
201 599
201 601
201 606
201 617
201 621
201 625
201 626
201 627
202 94
202 95
202 125
202 268
202 269
202 363
202 370
202 375
202 453
202 454
202 470
202 474
202 492
202 499
202 536
202 543
202 559
202 583
202 599
202 601
202 606
202 618
202 622
202 623
202 624
203 93
203 94
203 125
203 267
203 268
203 363
203 371
203 372
203 373
203 374
203 375
203 452
203 453
203 469
203 474
203 475
203 492
203 500
203 536
203 543
203 559
203 583
203 599
203 600
203 601
203 606
203 618
203 619
203 621
203 622
203 638
203 639
204 91
204 92
204 125
204 267
204 363
204 452
204 469
204 475
204 477
204 478
204 500
204 536
204 543
204 559
204 583
204 599
204 601
204 606
204 619
204 620
204 637
204 638
205 90
205 91
205 126
205 266
205 363
205 451
205 470
205 475
205 543
205 559
205 583
205 599
205 601
205 606
205 619
205 637
206 89
206 90
206 126
206 127
206 266
206 363
206 451
206 470
206 475
206 476
206 543
206 559
206 583
206 599
206 601
206 605
206 606
206 619
206 636
207 88
207 89
207 127
207 265
207 363
207 451
207 471
207 476
207 543
207 559
207 583
207 599
207 601
207 602
207 603
207 604
207 605
207 619
207 636
208 86
208 87
208 128
208 265
208 363
208 450
208 472
208 473
208 477
208 543
208 559
208 583
208 598
208 599
208 600
208 601
208 605
208 619
208 636
209 85
209 86
209 128
209 129
209 265
209 363
209 450
209 474
209 477
209 543
209 559
209 583
209 593
209 594
209 595
209 596
209 597
209 605
209 619
209 636
210 85
210 130
210 131
210 264
210 363
210 449
210 477
210 543
210 559
210 583
210 590
210 591
210 592
210 605
210 619
210 636
211 84
211 112
211 113
211 114
211 132
211 133
211 138
211 265
211 363
211 449
211 478
211 543
211 559
211 583
211 588
211 589
211 605
211 619
211 636
212 84
212 112
212 114
212 118
212 134
212 135
212 448
212 478
212 543
212 559
212 583
212 588
212 605
212 619
212 636
213 83
213 111
213 114
213 117
213 119
213 136
213 137
213 138
213 448
213 464
213 465
213 466
213 467
213 479
213 542
213 559
213 583
213 587
213 605
213 619
214 83
214 111
214 114
214 117
214 119
214 138
214 139
214 447
214 464
214 468
214 469
214 479
214 542
214 559
214 583
214 587
214 605
214 619
215 83
215 110
215 114
215 117
215 119
215 120
215 139
215 140
215 447
215 463
215 469
215 470
215 471
215 480
215 481
215 482
215 542
215 543
215 559
215 583
215 587
215 605
215 619
216 83
216 84
216 85
216 110
216 114
216 117
216 121
216 122
216 140
216 141
216 447
216 464
216 465
216 466
216 472
216 483
216 484
216 485
216 543
216 559
216 583
216 587
216 605
217 86
217 87
217 110
217 115
217 116
217 117
217 122
217 123
217 141
217 142
217 447
217 473
217 486
217 487
217 543
217 559
217 583
217 587
217 605
218 87
218 88
218 89
218 90
218 91
218 111
218 112
218 124
218 125
218 142
218 143
218 447
218 467
218 473
218 474
218 480
218 487
218 543
218 559
218 583
218 586
219 92
219 113
219 114
219 125
219 126
219 143
219 144
219 145
219 447
219 468
219 469
219 475
219 476
219 477
219 484
219 485
219 486
219 487
219 543
219 559
219 583
219 586
220 92
220 115
220 116
220 127
220 128
220 146
220 147
220 446
220 470
220 471
220 478
220 482
220 488
220 489
220 490
220 491
220 492
220 493
220 494
220 543
220 559
220 585
220 586
221 93
221 117
221 118
221 129
221 130
221 131
221 148
221 149
221 447
221 471
221 472
221 479
221 482
221 485
221 486
221 495
221 496
221 543
221 559
221 584
222 93
222 119
222 120
222 132
222 133
222 149
222 150
222 447
222 448
222 473
222 474
222 479
222 497
222 498
222 543
222 560
223 93
223 121
223 122
223 134
223 135
223 139
223 140
223 141
223 142
223 150
223 151
223 448
223 449
223 474
223 480
223 498
223 543
223 560
224 94
224 123
224 124
224 136
224 137
224 138
224 142
224 143
224 144
224 145
224 146
224 147
224 148
224 149
224 151
224 152
224 449
224 474
224 480
224 498
224 543
224 561
225 94
225 125
225 126
225 138
225 152
225 153
225 450
225 474
225 481
225 498
225 543
225 561
225 562
226 95
226 126
226 138
226 153
226 450
226 451
226 474
226 481
226 498
226 543
227 95
227 96
227 126
227 139
227 153
227 452
227 453
227 474
227 482
227 498
227 543
228 96
228 126
228 139
228 153
228 454
228 455
228 473
228 482
228 498
228 543
229 97
229 98
229 126
229 133
229 134
229 135
229 136
229 137
229 138
229 139
229 153
229 456
229 457
229 473
229 482
229 498
230 99
230 100
230 126
230 127
230 128
230 129
230 130
230 131
230 132
230 153
230 457
230 472
230 482
230 498
231 101
231 102
231 140
231 153
231 457
231 473
231 482
231 499
231 500
232 103
232 132
232 133
232 134
232 135
232 141
232 153
232 457
232 473
232 482
233 103
233 126
233 127
233 128
233 141
233 152
233 153
233 448
233 449
233 450
233 451
233 452
233 453
233 457
233 473
233 482
233 499
233 500
234 103
234 106
234 107
234 124
234 125
234 141
234 151
234 152
234 448
234 454
234 455
234 456
234 457
234 463
234 464
234 465
234 473
234 481
234 498
234 499
235 101
235 102
235 103
235 107
235 108
235 124
235 140
235 141
235 148
235 149
235 150
235 153
235 154
235 155
235 156
235 157
235 158
235 159
235 448
235 463
235 465
235 473
235 481
235 497
236 80
236 81
236 82
236 83
236 84
236 85
236 86
236 87
236 88
236 89
236 99
236 100
236 108
236 123
236 139
236 147
236 152
236 160
236 161
236 443
236 444
236 445
236 446
236 447
236 448
236 462
236 465
236 472
236 473
236 481
236 497
237 78
237 79
237 90
237 91
237 92
237 99
237 123
237 137
237 142
237 148
237 149
237 150
237 162
237 163
237 439
237 440
237 441
237 442
237 462
237 465
237 472
237 481
237 497
237 498
238 76
238 77
238 93
238 94
238 95
238 99
238 109
238 110
238 111
238 123
238 136
238 164
238 165
238 437
238 438
238 463
238 465
238 471
238 480
238 499
238 500
239 74
239 75
239 96
239 97
239 98
239 99
239 111
239 123
239 135
239 142
239 165
239 166
239 435
239 436
239 463
239 471
239 480
239 501
239 502
240 73
240 74
240 106
240 107
240 112
240 122
240 134
240 137
240 140
240 167
240 168
240 435
240 464
240 471
240 479
240 480
240 503
240 504
241 72
241 73
241 105
241 112
241 122
241 133
241 136
241 139
241 168
241 169
241 434
241 464
241 466
241 471
241 477
241 478
241 504
241 505
242 70
242 71
242 104
242 108
242 109
242 110
242 111
242 112
242 122
242 132
242 138
242 139
242 169
242 433
242 434
242 464
242 465
242 466
242 471
242 475
242 476
242 505
243 70
243 103
243 108
243 121
243 131
243 135
243 138
243 170
243 433
243 470
243 473
243 474
243 481
243 506
244 69
244 104
244 109
244 121
244 130
244 134
244 137
244 170
244 171
244 432
244 465
244 470
244 471
244 472
244 506
245 69
245 104
245 109
245 121
245 129
245 133
245 136
245 137
245 171
245 172
245 432
245 465
245 478
245 479
245 481
245 506
246 69
246 105
246 109
246 120
246 127
246 131
246 135
246 136
246 172
246 432
246 465
246 470
246 476
246 477
246 506
247 69
247 105
247 109
247 121
247 122
247 123
247 124
247 126
247 130
247 135
247 173
247 432
247 465
247 473
247 474
247 475
247 481
248 68
248 105
248 109
248 125
248 129
248 134
248 173
248 432
248 465
249 67
249 68
249 106
249 109
249 127
249 128
249 134
249 174
249 432
250 67
250 106
250 108
250 126
250 127
250 133
250 174
251 66
251 108
251 125
251 126
251 134
251 174
252 66
252 116
252 117
252 118
252 119
252 120
252 124
252 125
252 134
252 174
253 67
253 114
253 115
253 123
253 124
253 134
253 174
254 67
254 106
254 113
254 114
254 121
254 122
254 134
254 174
255 67
255 106
255 112
255 113
255 121
255 134
255 174
256 67
256 106
256 112
256 120
256 134
256 173
257 66
257 105
257 111
257 120
257 135
257 173
258 66
258 105
258 111
258 120
258 135
258 173
259 135
259 173
