0 2
0 22
0 35
0 49
0 50
0 51
0 52
0 152
0 322
0 512
0 550
1 2
1 22
1 23
1 36
1 37
1 38
1 46
1 47
1 48
1 152
1 322
1 512
1 550
2 2
2 23
2 24
2 39
2 40
2 41
2 42
2 43
2 44
2 45
2 152
2 322
2 512
2 549
2 550
3 2
3 24
3 25
3 152
3 322
3 512
3 549
4 1
4 2
4 26
4 27
4 152
4 322
4 512
4 548
5 0
5 1
5 27
5 28
5 29
5 30
5 31
5 32
5 33
5 34
5 152
5 322
5 512
5 548
6 26
6 152
6 322
6 512
6 548
7 34
7 152
7 322
7 511
7 549
8 34
8 152
8 322
8 511
8 550
9 33
9 152
9 322
9 511
9 550
10 32
10 33
10 152
10 322
10 511
10 550
11 31
11 32
11 152
11 322
11 511
11 548
11 549
12 29
12 30
12 152
12 322
12 511
12 548
13 1
13 2
13 3
13 4
13 5
13 6
13 7
13 8
13 9
13 10
13 11
13 27
13 28
13 152
13 322
13 511
13 547
14 1
14 12
14 23
14 24
14 25
14 26
14 152
14 322
14 511
14 547
15 0
15 12
15 21
15 22
15 152
15 322
15 511
15 547
16 0
16 12
16 19
16 20
16 152
16 322
16 511
16 546
17 1
17 12
17 18
17 19
17 152
17 322
17 511
17 546
18 1
18 12
18 17
18 18
18 152
18 322
18 511
18 547
19 2
19 9
19 13
19 14
19 15
19 16
19 152
19 322
19 511
19 520
19 521
19 522
19 547
19 548
20 2
20 3
20 7
20 8
20 10
20 11
20 152
20 322
20 511
20 519
20 523
20 548
21 3
21 4
21 5
21 6
21 7
21 11
21 152
21 322
21 511
21 518
21 523
21 548
22 11
22 152
22 322
22 511
22 518
22 523
22 549
23 11
23 152
23 322
23 511
23 518
23 523
23 549
23 550
24 11
24 12
24 152
24 322
24 511
24 518
24 523
24 550
25 13
25 14
25 15
25 152
25 322
25 511
25 518
25 523
25 550
26 152
26 322
26 511
26 518
26 523
26 549
26 550
27 11
27 12
27 13
27 14
27 15
27 152
27 322
27 511
27 518
27 523
27 540
27 541
27 542
27 548
28 11
28 152
28 322
28 511
28 518
28 523
28 539
28 543
28 544
28 547
29 11
29 152
29 322
29 511
29 517
29 523
29 538
29 544
29 545
29 546
29 547
30 11
30 152
30 322
30 511
30 517
30 523
30 538
31 11
31 152
31 322
31 511
31 517
31 523
31 538
32 10
32 11
32 152
32 322
32 511
32 517
32 523
32 538
33 7
33 8
33 9
33 152
33 322
33 511
33 517
33 522
33 537
34 0
34 1
34 2
34 7
34 152
34 322
34 511
34 517
34 522
34 537
35 3
35 7
35 152
35 322
35 511
35 517
35 522
35 538
36 3
36 8
36 152
36 322
36 511
36 517
36 522
36 538
37 4
37 8
37 152
37 322
37 511
37 517
37 522
37 538
38 4
38 9
38 152
38 322
38 511
38 517
38 522
38 538
39 5
39 9
39 152
39 322
39 511
39 517
39 522
39 538
40 5
40 6
40 9
40 152
40 322
40 511
40 517
40 522
40 538
41 6
41 7
41 10
41 152
41 322
41 511
41 517
41 522
41 538
42 7
42 8
42 152
42 322
42 511
42 517
42 522
42 537
42 538
43 152
43 321
43 511
43 517
43 522
43 535
43 536
44 152
44 321
44 510
44 517
44 522
44 535
45 15
45 16
45 17
45 18
45 19
45 20
45 21
45 22
45 23
45 24
45 25
45 26
45 27
45 28
45 29
45 30
45 31
45 32
45 33
45 152
45 321
45 510
45 517
45 522
45 534
46 14
46 34
46 152
46 321
46 510
46 517
46 522
46 534
47 14
47 35
47 39
47 40
47 41
47 152
47 321
47 510
47 517
47 522
47 535
48 14
48 35
48 38
48 39
48 42
48 43
48 44
48 74
48 75
48 76
48 77
48 152
48 321
48 510
48 517
48 522
48 535
49 0
49 1
49 2
49 15
49 34
49 37
49 38
49 45
49 46
49 72
49 73
49 78
49 79
49 80
49 81
49 152
49 321
49 510
49 517
49 522
49 535
50 3
50 4
50 15
50 16
50 17
50 18
50 19
50 20
50 21
50 22
50 23
50 24
50 25
50 33
50 34
50 37
50 46
50 71
50 72
50 82
50 83
50 152
50 321
50 510
50 517
50 522
50 534
51 5
51 6
51 26
51 27
51 32
51 36
51 45
51 48
51 49
51 50
51 51
51 52
51 53
51 70
51 71
51 83
51 152
51 321
51 510
51 517
51 522
51 533
51 534
52 7
52 8
52 14
52 15
52 16
52 17
52 18
52 19
52 20
52 28
52 29
52 30
52 31
52 35
52 45
52 47
52 54
52 55
52 67
52 68
52 69
52 83
52 152
52 321
52 510
52 516
52 517
52 522
52 532
52 533
53 9
53 10
53 11
53 12
53 13
53 22
53 23
53 31
53 35
53 55
53 56
53 64
53 65
53 66
53 83
53 152
53 321
53 510
53 515
53 522
53 529
53 530
53 531
54 12
54 24
54 25
54 26
54 27
54 31
54 35
54 57
54 58
54 63
54 80
54 81
54 82
54 152
54 321
54 510
54 514
54 518
54 522
54 528
55 15
55 16
55 31
55 32
55 35
55 59
55 60
55 61
55 62
55 80
55 152
55 321
55 510
55 514
55 518
55 522
55 527
56 17
56 18
56 32
56 33
56 34
56 80
56 81
56 152
56 321
56 510
56 514
56 518
56 522
56 527
57 19
57 20
57 21
57 81
57 82
57 152
57 321
57 510
57 513
57 518
57 522
57 527
58 22
58 23
58 82
58 152
58 321
58 510
58 513
58 518
58 522
58 527
59 24
59 25
59 26
59 82
59 152
59 321
59 510
59 513
59 518
59 522
59 527
60 27
60 28
60 81
60 152
60 321
60 510
60 513
60 518
60 522
60 527
61 29
61 30
61 80
61 81
61 152
61 321
61 510
61 513
61 518
61 522
61 527
62 31
62 32
62 33
62 80
62 152
62 321
62 510
62 514
62 518
62 523
62 526
63 34
63 35
63 80
63 152
63 321
63 510
63 514
63 515
63 523
63 524
63 525
63 526
64 36
64 37
64 80
64 81
64 152
64 321
64 510
64 516
64 517
65 38
65 39
65 40
65 81
65 82
65 152
65 321
65 510
65 517
65 523
66 41
66 42
66 82
66 152
66 321
66 510
66 517
66 523
67 43
67 44
67 82
67 152
67 321
67 505
67 506
67 507
67 508
67 517
67 523
68 45
68 46
68 47
68 82
68 152
68 321
68 504
68 508
68 517
68 523
69 48
69 49
69 82
69 152
69 321
69 503
69 508
69 517
69 523
70 50
70 51
70 82
70 152
70 321
70 503
70 508
70 517
70 523
71 52
71 53
71 54
71 82
71 152
71 321
71 502
71 508
71 517
71 523
72 55
72 56
72 81
72 152
72 321
72 502
72 509
72 510
72 511
72 512
72 513
72 514
72 515
72 516
72 517
72 523
73 57
73 58
73 59
73 81
73 152
73 321
73 502
73 503
73 523
74 60
74 61
74 81
74 152
74 321
74 503
74 504
74 505
74 506
74 507
74 508
74 509
74 523
74 639
75 62
75 63
75 81
75 152
75 321
75 510
75 511
75 516
75 637
75 638
76 64
76 65
76 66
76 80
76 152
76 321
76 510
76 516
76 522
76 524
76 630
76 631
76 632
76 633
76 634
76 635
76 636
77 67
77 68
77 69
77 79
77 80
77 152
77 321
77 510
77 516
77 522
77 524
77 616
77 617
77 618
77 619
77 620
77 621
77 622
77 623
77 624
77 625
77 626
77 627
77 628
77 629
78 70
78 71
78 79
78 152
78 321
78 510
78 516
78 521
78 524
78 605
78 606
78 607
78 608
78 609
78 610
78 611
78 612
78 613
78 614
78 615
79 72
79 73
79 78
79 152
79 181
79 182
79 321
79 510
79 516
79 521
79 523
79 594
79 595
79 596
79 597
79 598
79 599
79 600
79 601
79 602
79 603
79 604
80 74
80 75
80 76
80 77
80 78
80 152
80 180
80 206
80 207
80 208
80 321
80 510
80 516
80 521
80 524
80 585
80 586
80 587
80 588
80 589
80 590
80 591
80 592
80 593
81 76
81 152
81 158
81 159
81 160
81 180
81 206
81 208
81 209
81 210
81 321
81 510
81 516
81 521
81 525
81 526
81 582
81 583
81 584
82 79
82 80
82 152
82 156
82 157
82 161
82 162
82 180
82 205
82 211
82 212
82 213
82 214
82 321
82 510
82 511
82 513
82 516
82 521
82 527
82 528
82 529
82 530
82 579
82 580
82 581
83 81
83 82
83 83
83 152
83 155
83 162
83 163
83 180
83 205
83 321
83 393
83 394
83 395
83 396
83 397
83 398
83 510
83 514
83 515
83 516
83 521
83 576
83 577
83 578
84 84
84 85
84 152
84 155
84 163
84 180
84 206
84 207
84 208
84 209
84 210
84 211
84 213
84 214
84 321
84 392
84 399
84 400
84 401
84 402
84 403
84 404
84 405
84 406
84 407
84 408
84 409
84 410
84 411
84 412
84 510
84 521
84 528
84 529
84 530
84 574
84 575
85 86
85 87
85 152
85 155
85 164
85 165
85 166
85 167
85 168
85 180
85 321
85 391
85 413
85 414
85 415
85 416
85 417
85 418
85 419
85 420
85 510
85 516
85 521
85 527
85 572
85 573
86 88
86 89
86 152
86 155
86 169
86 170
86 180
86 321
86 391
86 421
86 510
86 516
86 521
86 526
86 570
86 571
87 90
87 91
87 92
87 154
87 155
87 170
87 171
87 180
87 321
87 391
87 421
87 472
87 473
87 474
87 475
87 476
87 477
87 478
87 479
87 480
87 481
87 510
87 516
87 521
87 526
87 568
87 569
88 93
88 94
88 153
88 154
88 172
88 180
88 321
88 391
88 421
88 471
88 482
88 483
88 484
88 485
88 509
88 510
88 516
88 522
88 524
88 525
88 566
88 567
89 95
89 96
89 97
89 115
89 116
89 117
89 118
89 119
89 120
89 121
89 122
89 123
89 124
89 125
89 126
89 127
89 128
89 129
89 132
89 133
89 134
89 135
89 136
89 153
89 155
89 156
89 157
89 158
89 173
89 180
89 186
89 187
89 321
89 391
89 422
89 423
89 424
89 425
89 426
89 427
89 428
89 429
89 430
89 431
89 432
89 433
89 434
89 435
89 436
89 437
89 438
89 439
89 440
89 441
89 442
89 443
89 444
89 470
89 486
89 507
89 508
89 516
89 523
89 563
89 564
89 565
90 98
90 99
90 114
90 130
90 137
90 138
90 139
90 140
90 141
90 142
90 143
90 144
90 145
90 146
90 147
90 148
90 149
90 150
90 151
90 153
90 159
90 160
90 161
90 162
90 163
90 164
90 165
90 166
90 167
90 168
90 169
90 170
90 171
90 172
90 173
90 175
90 176
90 177
90 178
90 179
90 180
90 181
90 182
90 183
90 185
90 188
90 189
90 190
90 191
90 192
90 193
90 194
90 195
90 196
90 197
90 202
90 203
90 204
90 205
90 206
90 321
90 391
90 421
90 445
90 446
90 447
90 448
90 449
90 450
90 451
90 452
90 453
90 454
90 455
90 456
90 457
90 458
90 459
90 460
90 461
90 462
90 463
90 464
90 465
90 466
90 467
90 468
90 469
90 470
90 486
90 506
90 507
90 516
90 522
90 561
90 562
91 100
91 101
91 113
91 130
91 184
91 198
91 199
91 200
91 201
91 207
91 321
91 391
91 421
91 470
91 486
91 505
91 506
91 516
91 522
91 559
91 560
92 102
92 103
92 104
92 113
92 130
92 132
92 133
92 134
92 135
92 136
92 137
92 154
92 155
92 156
92 157
92 158
92 159
92 174
92 175
92 176
92 207
92 321
92 391
92 420
92 470
92 486
92 503
92 504
92 516
92 522
92 557
92 558
93 105
93 106
93 113
93 130
93 152
93 153
93 177
93 178
93 184
93 207
93 321
93 391
93 420
93 470
93 486
93 501
93 502
93 516
93 522
93 555
93 556
94 107
94 108
94 113
94 129
94 144
94 145
94 146
94 147
94 148
94 149
94 150
94 151
94 178
94 179
94 180
94 181
94 182
94 183
94 207
94 321
94 391
94 392
94 393
94 394
94 395
94 396
94 397
94 398
94 399
94 400
94 401
94 402
94 403
94 404
94 405
94 406
94 407
94 408
94 409
94 410
94 411
94 412
94 413
94 414
94 421
94 422
94 423
94 424
94 425
94 426
94 427
94 428
94 429
94 430
94 431
94 432
94 433
94 434
94 435
94 436
94 437
94 470
94 486
94 500
94 501
94 516
94 522
94 553
94 554
95 109
95 110
95 111
95 113
95 129
95 142
95 143
95 179
95 207
95 321
95 391
95 415
95 416
95 418
95 419
95 420
95 421
95 438
95 439
95 440
95 441
95 442
95 443
95 444
95 445
95 446
95 447
95 448
95 449
95 450
95 451
95 452
95 453
95 454
95 455
95 456
95 457
95 458
95 459
95 460
95 461
95 462
95 463
95 464
95 465
95 466
95 470
95 486
95 500
95 516
95 522
95 550
95 551
95 552
96 113
96 114
96 130
96 131
96 132
96 133
96 134
96 135
96 136
96 137
96 138
96 139
96 140
96 142
96 151
96 152
96 153
96 154
96 155
96 156
96 157
96 158
96 159
96 160
96 161
96 162
96 163
96 164
96 165
96 166
96 167
96 168
96 169
96 170
96 171
96 172
96 173
96 182
96 183
96 184
96 185
96 186
96 187
96 188
96 189
96 190
96 191
96 321
96 390
96 416
96 467
96 468
96 469
96 470
96 486
96 500
96 501
96 516
96 522
96 548
96 549
97 114
97 115
97 116
97 130
97 174
97 175
97 176
97 177
97 178
97 179
97 180
97 181
97 192
97 193
97 194
97 195
97 196
97 197
97 198
97 199
97 200
97 201
97 202
97 203
97 204
97 205
97 206
97 207
97 208
97 209
97 321
97 388
97 389
97 417
97 470
97 471
97 472
97 473
97 486
97 501
97 516
97 522
97 546
97 547
98 117
98 118
98 129
98 130
98 210
98 321
98 386
98 387
98 417
98 474
98 475
98 476
98 486
98 502
98 516
98 522
98 544
98 545
99 119
99 120
99 124
99 125
99 126
99 127
99 128
99 129
99 141
99 162
99 163
99 164
99 165
99 166
99 167
99 168
99 169
99 170
99 171
99 172
99 173
99 174
99 181
99 182
99 183
99 184
99 187
99 188
99 189
99 190
99 191
99 192
99 210
99 321
99 386
99 418
99 477
99 478
99 486
99 502
99 503
99 516
99 522
99 542
99 543
100 121
100 123
100 141
100 185
100 186
100 201
100 202
100 203
100 204
100 205
100 206
100 207
100 208
100 209
100 210
100 321
100 385
100 418
100 478
100 479
100 486
100 503
100 516
100 522
100 540
100 541
101 142
101 186
101 321
101 385
101 419
101 479
101 480
101 485
101 486
101 503
101 516
101 522
101 537
101 538
101 539
102 126
102 127
102 142
102 186
102 321
102 384
102 385
102 419
102 481
102 484
102 486
102 503
102 516
102 522
102 535
102 536
103 128
103 129
103 130
103 140
103 141
103 187
103 321
103 384
103 419
103 482
103 486
103 504
103 516
103 522
103 533
103 534
104 131
104 132
104 139
104 187
104 321
104 383
104 420
104 481
104 486
104 504
104 516
104 522
104 531
104 532
105 133
105 134
105 138
105 187
105 321
105 382
105 383
105 420
105 481
105 486
105 504
105 516
105 522
105 529
105 530
106 135
106 136
106 137
106 138
106 187
106 321
106 381
106 382
106 420
106 481
106 486
106 504
106 516
106 522
106 527
106 528
107 138
107 140
107 141
107 188
107 320
107 380
107 381
107 421
107 481
107 487
107 502
107 503
107 504
107 516
107 524
107 525
107 526
108 142
108 143
108 188
108 189
108 320
108 379
108 380
108 421
108 481
108 487
108 500
108 501
108 516
108 523
109 144
109 145
109 189
109 320
109 379
109 422
109 481
109 487
109 500
109 516
109 522
110 146
110 147
110 148
110 190
110 320
110 379
110 422
110 481
110 487
110 499
110 510
110 511
110 512
110 513
110 514
110 515
110 516
110 517
110 518
110 519
110 520
110 521
111 149
111 150
111 190
111 320
111 379
111 422
111 481
111 487
111 497
111 499
111 502
111 503
111 504
111 505
111 506
111 507
111 508
111 509
112 151
112 152
112 153
112 191
112 320
112 364
112 379
112 423
112 481
112 487
112 494
112 495
112 496
112 499
112 500
112 501
113 154
113 155
113 191
113 192
113 320
113 363
113 365
113 366
113 372
113 373
113 374
113 375
113 376
113 377
113 378
113 379
113 423
113 481
113 487
113 490
113 491
113 492
113 493
114 155
114 192
114 193
114 320
114 352
114 362
114 366
114 367
114 368
114 369
114 370
114 371
114 424
114 481
114 487
115 155
115 193
115 320
115 350
115 351
115 353
115 354
115 361
115 362
115 424
115 481
115 487
116 155
116 194
116 320
116 349
116 350
116 355
116 356
116 357
116 358
116 359
116 360
116 425
116 481
116 486
117 155
117 194
117 195
117 320
117 348
117 349
117 425
117 426
117 481
117 487
118 155
118 195
118 320
118 346
118 347
118 426
118 427
118 428
118 429
118 481
118 487
119 155
119 196
119 320
119 338
119 339
119 340
119 341
119 342
119 343
119 344
119 345
119 346
119 430
119 431
119 482
119 487
120 155
120 196
120 320
120 334
120 335
120 336
120 337
120 431
120 482
120 487
121 155
121 196
121 320
121 332
121 333
121 431
121 482
121 487
122 155
122 197
122 320
122 331
122 332
122 431
122 482
122 487
123 155
123 197
123 320
123 329
123 330
123 431
123 482
123 487
124 155
124 197
124 320
124 328
124 329
124 432
124 482
124 487
125 155
125 197
125 320
125 327
125 328
125 432
125 433
125 482
125 485
125 486
125 487
126 155
126 197
126 320
126 326
126 327
126 433
126 439
126 440
126 441
126 442
126 443
126 484
127 154
127 197
127 320
127 325
127 326
127 433
127 437
127 438
127 444
127 445
127 480
127 481
128 154
128 198
128 320
128 325
128 433
128 437
128 446
128 478
128 479
129 154
129 198
129 319
129 324
129 433
129 436
129 447
129 476
129 477
130 154
130 198
130 319
130 323
130 324
130 433
130 436
130 447
130 448
130 474
130 475
131 154
131 198
131 322
131 323
131 434
131 435
131 436
131 448
131 449
131 472
131 473
132 154
132 198
132 317
132 318
132 319
132 320
132 321
132 449
132 470
132 471
133 154
133 198
133 312
133 313
133 314
133 315
133 316
133 449
133 468
133 469
134 154
134 199
134 310
134 311
134 449
134 466
134 467
135 154
135 199
135 309
135 450
135 464
135 465
136 154
136 199
136 308
136 450
136 462
136 463
137 155
137 199
137 308
137 450
137 459
137 460
137 461
138 155
138 156
138 200
138 307
138 450
138 457
138 458
139 157
139 158
139 200
139 306
139 307
139 450
139 455
139 456
140 159
140 160
140 199
140 200
140 216
140 217
140 218
140 219
140 220
140 224
140 225
140 304
140 305
140 449
140 453
140 454
141 161
141 162
141 196
141 197
141 198
141 215
141 221
141 222
141 223
141 226
141 227
141 261
141 304
141 450
141 452
142 162
142 163
142 188
142 195
142 214
142 227
142 260
142 262
142 263
142 264
142 265
142 266
142 267
142 268
142 269
142 270
142 271
142 272
142 303
142 449
143 163
143 164
143 187
143 189
143 190
143 191
143 192
143 193
143 194
143 195
143 199
143 200
143 201
143 202
143 203
143 204
143 205
143 206
143 207
143 208
143 209
143 210
143 214
143 227
143 259
143 273
143 274
143 275
143 276
143 277
143 278
143 279
143 280
143 281
143 282
143 283
143 284
143 285
143 286
143 287
143 288
143 289
143 290
143 291
143 292
143 293
143 294
143 295
143 296
143 297
143 298
143 299
143 300
143 302
143 303
143 446
143 447
143 448
144 165
144 166
144 187
144 211
144 212
144 213
144 214
144 215
144 216
144 217
144 218
144 219
144 220
144 221
144 222
144 223
144 224
144 225
144 226
144 227
144 259
144 301
144 302
144 444
144 445
145 166
145 190
145 191
145 192
145 193
145 194
145 195
145 196
145 228
145 229
145 230
145 231
145 232
145 233
145 234
145 235
145 236
145 237
145 238
145 239
145 240
145 241
145 242
145 243
145 244
145 259
145 301
145 442
145 443
146 167
146 197
146 198
146 245
146 246
146 247
146 248
146 249
146 250
146 251
146 252
146 253
146 254
146 255
146 256
146 257
146 258
146 259
146 300
146 440
146 441
147 167
147 180
147 181
147 182
147 198
147 300
147 438
147 439
148 167
148 180
148 182
148 199
148 200
148 297
148 299
148 438
149 167
149 179
149 182
149 201
149 202
149 298
149 299
149 437
150 168
150 179
150 182
150 202
150 209
150 210
150 211
150 298
150 437
151 168
151 179
151 182
151 203
151 208
151 212
151 213
151 214
151 215
151 216
151 231
151 232
151 233
151 234
151 235
151 236
151 237
151 298
151 437
152 168
152 179
152 182
152 203
152 207
152 217
152 230
152 238
152 252
152 253
152 254
152 255
152 256
152 257
152 258
152 298
152 437
153 168
153 179
153 182
153 203
153 207
153 217
153 229
153 238
153 251
153 259
153 298
153 435
153 436
154 169
154 170
154 171
154 172
154 173
154 179
154 182
154 203
154 207
154 217
154 229
154 238
154 250
154 259
154 297
154 298
154 435
155 174
155 175
155 179
155 182
155 204
155 205
155 217
155 229
155 239
155 250
155 259
155 297
155 434
156 176
156 177
156 182
156 206
156 217
156 229
156 239
156 250
156 259
156 296
156 434
157 177
157 182
157 206
157 217
157 229
157 239
157 250
157 259
157 295
157 296
157 433
157 434
158 178
158 206
158 218
158 219
158 220
158 221
158 222
158 223
158 224
158 225
158 226
158 227
158 228
158 229
158 240
158 241
158 242
158 243
158 250
158 259
158 274
158 275
158 294
158 295
158 432
158 433
159 172
159 173
159 174
159 178
159 206
159 208
159 218
159 229
159 240
159 244
159 245
159 246
159 247
159 248
159 249
159 250
159 260
159 261
159 262
159 263
159 264
159 265
159 266
159 267
159 268
159 269
159 270
159 271
159 272
159 276
159 294
159 430
159 431
160 172
160 175
160 178
160 206
160 208
160 218
160 229
160 240
160 250
160 259
160 274
160 293
160 403
160 404
160 405
160 406
160 407
160 408
160 409
160 410
160 430
161 171
161 175
161 179
161 197
161 198
161 199
161 200
161 201
161 202
161 203
161 204
161 205
161 208
161 209
161 210
161 211
161 218
161 229
161 240
161 245
161 246
161 247
161 248
161 249
161 250
161 260
161 261
161 262
161 263
161 264
161 265
161 266
161 274
161 293
161 400
161 401
161 402
161 411
161 412
161 413
161 414
161 415
161 416
161 417
161 418
161 429
162 172
162 175
162 180
162 196
162 206
162 207
162 212
162 213
162 214
162 215
162 216
162 218
162 219
162 220
162 221
162 222
162 223
162 224
162 225
162 226
162 227
162 228
162 229
162 230
162 239
162 250
162 259
162 274
162 292
162 399
162 419
162 420
162 421
162 422
162 423
162 424
162 425
162 426
162 427
162 428
162 429
163 172
163 175
163 181
163 195
163 231
163 232
163 239
163 250
163 259
163 274
163 276
163 291
163 292
163 396
163 397
163 398
164 172
164 175
164 181
164 182
164 186
164 187
164 188
164 189
164 190
164 195
164 196
164 197
164 198
164 199
164 200
164 201
164 202
164 203
164 204
164 205
164 206
164 207
164 208
164 209
164 210
164 211
164 232
164 233
164 239
164 250
164 259
164 273
164 276
164 288
164 289
164 290
164 365
164 366
164 367
164 368
164 369
164 370
164 387
164 388
164 389
164 390
164 391
164 392
164 393
164 394
164 395
164 428
165 172
165 175
165 182
165 183
165 184
165 185
165 191
165 192
165 193
165 194
165 195
165 214
165 215
165 216
165 217
165 218
165 219
165 234
165 235
165 239
165 250
165 259
165 273
165 276
165 286
165 287
165 365
165 371
165 372
165 381
165 382
165 383
165 384
165 385
165 386
165 428
166 172
166 175
166 220
166 221
166 235
166 239
166 250
166 259
166 273
166 276
166 286
166 365
166 366
166 379
166 380
166 428
167 173
167 175
167 222
167 236
167 237
167 238
167 239
167 250
167 253
167 254
167 259
167 273
167 276
167 285
167 376
167 377
167 378
167 427
167 435
168 173
168 183
168 223
168 236
168 250
168 251
168 255
168 256
168 257
168 258
168 259
168 273
168 276
168 285
168 363
168 375
168 377
168 427
168 434
168 436
169 173
169 183
169 223
169 235
169 249
169 273
169 276
169 284
169 364
169 365
169 374
169 376
169 427
169 434
169 436
170 173
170 183
170 224
170 235
170 249
170 273
170 276
170 284
170 366
170 373
170 376
170 427
170 434
171 173
171 183
171 224
171 235
171 249
171 273
171 276
171 283
171 284
171 367
171 368
171 373
171 376
171 427
171 433
172 173
172 183
172 225
172 235
172 249
172 273
172 276
172 282
172 283
172 369
172 372
172 376
172 427
172 433
173 173
173 176
173 180
173 181
173 225
173 226
173 235
173 249
173 273
173 276
173 281
173 282
173 369
173 372
173 376
173 427
173 433
173 435
174 173
174 177
174 178
174 179
174 182
174 183
174 227
174 228
174 235
174 249
174 273
174 276
174 280
174 281
174 370
174 372
174 376
174 426
174 432
174 435
175 173
175 182
175 228
175 235
175 240
175 241
175 249
175 273
175 276
175 280
175 358
175 370
175 372
175 376
175 426
175 432
175 435
176 173
176 178
176 182
176 224
176 225
176 228
176 235
176 239
176 242
176 245
176 246
176 249
176 273
176 276
176 279
176 353
176 357
176 359
176 370
176 373
176 376
176 426
176 432
176 435
177 173
177 178
177 182
177 223
177 228
177 235
177 238
177 242
177 249
177 273
177 276
177 279
177 346
177 347
177 348
177 349
177 353
177 356
177 359
177 370
177 373
177 376
177 426
177 432
177 435
178 173
178 178
178 182
178 224
178 229
178 235
178 238
178 242
178 249
178 273
178 276
178 279
178 346
178 349
178 353
178 356
178 359
178 370
178 373
178 376
178 427
178 432
178 435
179 173
179 178
179 182
179 224
179 226
179 229
179 235
179 238
179 242
179 249
179 273
179 276
179 279
179 346
179 349
179 353
179 356
179 359
179 370
179 373
179 376
179 427
179 428
179 429
179 430
179 431
179 432
179 435
180 173
180 178
180 182
180 224
180 226
180 229
180 235
180 239
180 240
180 241
180 242
180 245
180 246
180 249
180 273
180 276
180 279
180 346
180 349
180 353
180 357
180 359
180 370
180 373
180 376
180 435
181 173
181 178
181 182
181 224
181 226
181 229
181 235
181 249
181 273
181 276
181 279
181 346
181 349
181 354
181 357
181 358
181 359
181 370
181 373
181 376
181 435
182 173
182 178
182 182
182 224
182 226
182 227
182 228
182 235
182 249
182 273
182 276
182 279
182 340
182 341
182 342
182 343
182 346
182 350
182 354
182 370
182 373
182 376
182 435
183 173
183 178
183 182
183 224
183 235
183 249
183 273
183 276
183 280
183 327
183 328
183 329
183 333
183 334
183 339
183 340
183 343
183 346
183 349
183 350
183 354
183 370
183 373
183 376
183 435
184 173
184 178
184 182
184 224
184 235
184 249
184 273
184 276
184 280
184 281
184 319
184 325
184 326
184 329
184 335
184 338
184 339
184 344
184 345
184 346
184 347
184 348
184 350
184 354
184 370
184 373
184 376
184 435
185 173
185 178
185 182
185 224
185 236
185 237
185 249
185 273
185 276
185 281
185 319
185 323
185 324
185 325
185 329
185 335
185 338
185 350
185 354
185 369
185 373
185 376
185 435
186 173
186 178
186 182
186 224
186 236
186 247
186 248
186 249
186 252
186 253
186 266
186 270
186 271
186 272
186 273
186 277
186 279
186 280
186 281
186 284
186 319
186 322
186 326
186 327
186 328
186 329
186 335
186 337
186 350
186 354
186 369
186 373
186 376
186 436
187 173
187 178
187 182
187 224
187 235
187 249
187 252
187 268
187 269
187 273
187 278
187 281
187 285
187 286
187 319
187 323
187 335
187 337
187 350
187 354
187 369
187 373
187 376
187 436
188 172
188 178
188 182
188 224
188 235
188 249
188 268
188 274
188 278
188 281
188 284
188 287
188 319
188 323
188 324
188 325
188 326
188 327
188 328
188 329
188 335
188 337
188 350
188 354
188 376
188 436
189 172
189 178
189 182
189 224
189 236
189 237
189 238
189 239
189 240
189 241
189 242
189 243
189 244
189 245
189 246
189 247
189 248
189 249
189 252
189 253
189 254
189 255
189 256
189 257
189 258
189 259
189 260
189 261
189 262
189 263
189 264
189 265
189 266
189 267
189 274
189 277
189 281
189 284
189 288
189 319
189 322
189 323
189 329
189 335
189 338
189 350
189 354
189 377
189 436
190 172
190 178
190 182
190 224
190 236
190 249
190 252
190 267
190 274
190 283
190 289
190 319
190 322
190 328
190 329
190 335
190 338
190 350
190 377
190 436
191 172
191 178
191 182
191 224
191 235
191 240
191 241
191 242
191 243
191 244
191 245
191 246
191 247
191 248
191 249
191 252
191 253
191 254
191 255
191 256
191 257
191 258
191 259
191 260
191 261
191 262
191 263
191 264
191 265
191 266
191 267
191 268
191 269
191 270
191 271
191 272
191 278
191 279
191 280
191 281
191 282
191 283
191 289
191 322
191 323
191 324
191 325
191 326
191 327
191 328
191 339
191 340
191 341
191 342
191 343
191 344
191 345
191 349
191 377
191 435
191 436
192 172
192 178
192 182
192 225
192 236
192 237
192 238
192 239
192 273
192 274
192 277
192 290
192 346
192 347
192 348
192 349
192 377
192 426
192 427
192 428
192 429
192 430
192 431
192 432
192 433
192 434
193 172
193 178
193 182
193 225
193 249
193 291
193 377
193 423
193 424
193 425
193 436
194 172
194 179
194 182
194 225
194 235
194 250
194 251
194 377
194 421
194 422
194 436
195 172
195 180
195 181
195 182
195 225
195 235
195 377
195 419
195 420
195 436
196 172
196 180
196 225
196 235
196 377
196 418
196 419
196 436
197 173
197 174
197 175
197 176
197 177
197 178
197 179
197 225
197 235
197 377
197 416
197 417
197 436
198 173
198 225
198 235
198 377
198 416
198 436
199 172
199 225
199 235
199 377
199 415
199 436
200 172
200 225
200 235
200 377
200 415
200 436
201 173
201 377
201 409
201 410
201 411
201 414
201 436
202 173
202 377
202 407
202 408
202 412
202 413
202 414
202 436
203 173
203 377
203 407
203 436
204 174
204 377
204 407
204 436
205 174
205 377
205 408
205 436
206 174
206 377
206 408
206 435
207 174
207 377
207 408
207 435
208 174
208 377
208 408
208 435
209 174
209 377
209 407
209 435
210 174
210 377
210 407
210 435
211 376
211 377
211 406
211 435
212 407
212 435
213 407
213 435
214 407
214 435
215 407
215 435
216 406
216 435
217 406
217 435
218 435
219 435
220 435
221 435
222 435
223 435
224 435
225 435
226 435
293 638
293 639
