0 190
0 198
1 190
1 198
2 190
2 198
3 190
3 198
4 190
4 198
5 190
5 198
6 190
6 198
7 190
7 198
8 190
8 198
9 190
9 198
10 190
10 198
11 190
11 198
12 190
12 198
13 190
13 198
14 190
14 198
15 190
15 198
16 190
16 198
17 190
17 198
18 190
18 198
19 190
19 198
20 190
20 198
21 190
21 198
22 190
22 198
23 190
23 198
24 190
24 198
25 190
25 198
26 190
26 198
27 190
27 198
28 190
28 198
29 190
29 198
30 190
30 198
31 190
31 198
32 190
32 198
33 189
33 198
34 189
34 198
35 189
35 198
36 189
36 198
37 189
37 198
38 189
38 198
39 189
39 198
40 189
40 198
41 189
41 198
42 189
42 198
43 189
43 198
44 189
44 198
45 189
45 198
46 189
46 198
46 451
46 452
46 453
46 454
46 455
46 456
47 189
47 198
47 450
47 457
47 458
47 459
47 460
47 463
47 516
47 517
47 518
48 189
48 198
48 449
48 461
48 462
48 464
48 465
48 466
48 467
48 468
48 469
48 470
48 471
48 472
48 505
48 506
48 507
48 508
48 511
48 512
48 513
48 514
48 515
48 519
48 520
48 521
49 189
49 198
49 450
49 461
49 473
49 474
49 475
49 476
49 477
49 478
49 479
49 480
49 493
49 494
49 495
49 496
49 497
49 498
49 499
49 500
49 501
49 502
49 503
49 504
49 509
49 510
50 189
50 198
50 450
50 451
50 452
50 453
50 454
50 455
50 456
50 457
50 458
50 461
50 481
50 482
50 483
50 484
50 485
50 486
50 487
50 488
50 489
50 490
50 491
50 492
50 509
50 521
51 189
51 198
51 459
51 460
51 461
51 462
51 463
51 464
51 510
51 511
51 512
51 513
51 514
51 515
51 516
51 517
51 518
51 519
51 520
52 189
52 198
52 465
52 466
52 467
52 468
52 469
52 470
52 471
52 472
52 473
52 474
52 475
52 476
52 499
52 500
52 501
52 502
52 503
52 504
52 505
52 506
52 507
52 508
52 509
53 189
53 198
53 477
53 478
53 479
53 480
53 481
53 488
53 489
53 490
53 491
53 492
53 493
53 494
53 495
53 496
53 497
53 498
54 189
54 198
54 482
54 487
55 189
55 198
55 482
55 486
56 189
56 198
56 482
56 486
57 189
57 198
57 482
57 486
58 189
58 198
58 291
58 292
58 293
58 482
58 486
59 189
59 198
59 290
59 294
59 482
59 486
59 653
59 654
59 655
60 189
60 198
60 290
60 294
60 482
60 486
60 652
60 656
61 189
61 198
61 290
61 294
61 482
61 486
61 652
61 656
62 189
62 198
62 290
62 294
62 482
62 486
62 652
62 656
63 189
63 198
63 290
63 294
63 482
63 486
63 652
63 656
64 189
64 198
64 290
64 294
64 482
64 486
64 652
64 656
65 189
65 198
65 289
65 294
65 482
65 486
65 653
65 656
66 189
66 198
66 289
66 293
66 482
66 486
66 653
66 657
67 189
67 198
67 289
67 293
67 482
67 486
67 653
67 657
68 189
68 198
68 289
68 293
68 482
68 486
68 653
68 657
69 189
69 198
69 289
69 293
69 482
69 486
69 653
69 657
70 189
70 198
70 289
70 293
70 482
70 486
70 653
70 657
71 189
71 198
71 289
71 293
71 482
71 486
71 653
71 657
72 189
72 198
72 289
72 293
72 482
72 486
72 653
72 657
73 189
73 198
73 289
73 293
73 482
73 486
73 653
73 657
74 189
74 198
74 289
74 293
74 482
74 486
74 653
74 657
75 189
75 198
75 288
75 293
75 482
75 486
75 653
75 657
76 189
76 198
76 288
76 292
76 482
76 486
76 653
76 657
77 189
77 198
77 288
77 292
77 482
77 486
77 653
77 657
78 189
78 198
78 288
78 292
78 482
78 486
78 653
78 657
79 189
79 198
79 288
79 292
79 482
79 486
79 654
79 657
80 189
80 198
80 288
80 292
80 482
80 486
80 654
80 658
81 189
81 198
81 288
81 292
81 482
81 486
81 654
81 658
82 189
82 198
82 288
82 292
82 482
82 485
82 654
82 658
83 189
83 198
83 288
83 292
83 482
83 485
83 654
83 658
84 189
84 198
84 288
84 292
84 482
84 485
84 654
84 658
85 189
85 198
85 287
85 292
85 482
85 485
85 654
85 658
86 189
86 198
86 287
86 291
86 482
86 485
86 654
86 658
87 189
87 198
87 287
87 291
87 482
87 485
87 654
87 658
88 189
88 198
88 287
88 291
88 482
88 485
88 654
88 658
89 189
89 198
89 287
89 291
89 481
89 485
89 654
89 658
90 189
90 198
90 287
90 291
90 481
90 485
90 654
90 658
91 189
91 198
91 287
91 291
91 481
91 485
91 654
91 658
92 189
92 198
92 287
92 291
92 481
92 485
92 654
92 658
93 189
93 198
93 287
93 291
93 481
93 485
93 654
93 658
94 189
94 198
94 287
94 291
94 481
94 485
94 655
94 659
95 189
95 198
95 287
95 291
95 481
95 485
95 655
95 659
96 188
96 198
96 286
96 291
96 481
96 485
96 655
96 659
97 188
97 198
97 286
97 290
97 481
97 485
97 580
97 581
97 655
97 659
98 188
98 198
98 286
98 290
98 481
98 485
98 579
98 582
98 583
98 584
98 585
98 655
98 659
99 188
99 198
99 286
99 290
99 481
99 485
99 578
99 586
99 593
99 594
99 595
99 655
99 659
100 188
100 198
100 286
100 290
100 481
100 485
100 578
100 586
100 592
100 593
100 595
100 596
100 611
100 612
100 613
100 655
100 659
101 188
101 198
101 286
101 290
101 481
101 485
101 578
101 586
101 591
101 592
101 596
101 597
101 609
101 610
101 613
101 655
101 659
102 188
102 198
102 286
102 290
102 481
102 485
102 578
102 586
102 591
102 598
102 599
102 607
102 608
102 609
102 614
102 655
102 659
103 188
103 198
103 286
103 290
103 481
103 485
103 578
103 587
103 588
103 589
103 590
103 599
103 600
103 605
103 606
103 614
103 655
103 659
104 188
104 198
104 286
104 290
104 337
104 338
104 339
104 340
104 348
104 349
104 350
104 351
104 352
104 353
104 354
104 355
104 481
104 485
104 578
104 591
104 592
104 594
104 600
104 601
104 604
104 605
104 613
104 614
104 655
104 659
105 188
105 198
105 286
105 290
105 320
105 321
105 322
105 323
105 335
105 336
105 340
105 341
105 347
105 356
105 481
105 485
105 578
105 592
105 593
105 595
105 601
105 602
105 603
105 655
105 659
106 188
106 198
106 286
106 290
106 320
106 324
106 325
106 333
106 334
106 341
106 342
106 346
106 356
106 481
106 485
106 578
106 587
106 596
106 610
106 611
106 612
106 613
106 614
106 615
106 616
106 617
106 618
106 619
106 620
106 621
106 622
106 655
106 659
107 188
107 198
107 285
107 289
107 320
107 326
107 327
107 331
107 332
107 342
107 346
107 356
107 481
107 485
107 578
107 589
107 590
107 591
107 608
107 609
107 623
107 624
107 625
107 626
107 627
107 628
107 629
107 630
107 631
107 632
107 633
107 656
107 660
108 152
108 154
108 155
108 188
108 198
108 285
108 289
108 327
108 328
108 329
108 330
108 331
108 334
108 335
108 336
108 337
108 338
108 339
108 340
108 341
108 342
108 343
108 344
108 345
108 346
108 347
108 348
108 356
108 481
108 485
108 578
108 588
108 592
108 593
108 594
108 595
108 608
108 634
108 635
108 636
108 637
108 638
108 639
108 640
108 641
108 642
108 643
108 644
108 656
108 660
109 156
109 157
109 188
109 198
109 285
109 289
109 299
109 300
109 301
109 302
109 303
109 304
109 305
109 306
109 307
109 308
109 309
109 310
109 311
109 312
109 313
109 314
109 315
109 316
109 317
109 318
109 319
109 320
109 321
109 323
109 324
109 325
109 326
109 349
109 356
109 481
109 485
109 578
109 587
109 593
109 601
109 609
109 610
109 611
109 612
109 613
109 645
109 646
109 647
109 648
109 649
109 650
109 651
109 652
109 653
109 656
109 660
110 152
110 158
110 159
110 188
110 198
110 285
110 289
110 297
110 298
110 349
110 356
110 481
110 485
110 579
110 580
110 581
110 582
110 583
110 584
110 585
110 586
110 587
110 592
110 593
110 599
110 600
110 602
110 603
110 611
110 614
110 615
110 616
110 617
110 618
110 619
110 620
110 621
110 622
110 623
110 624
110 654
110 656
110 660
111 152
111 160
111 188
111 198
111 285
111 289
111 295
111 296
111 334
111 335
111 336
111 337
111 338
111 339
111 340
111 341
111 342
111 343
111 344
111 345
111 346
111 349
111 356
111 481
111 485
111 590
111 591
111 597
111 598
111 603
111 604
111 625
111 626
111 627
111 628
111 629
111 630
111 631
111 632
111 633
111 634
111 635
111 657
111 658
111 660
112 152
112 160
112 188
112 198
112 285
112 289
112 294
112 295
112 303
112 304
112 305
112 306
112 307
112 308
112 309
112 310
112 311
112 312
112 313
112 314
112 315
112 316
112 317
112 318
112 319
112 320
112 321
112 322
112 323
112 324
112 325
112 326
112 327
112 328
112 332
112 333
112 338
112 347
112 348
112 356
112 481
112 485
112 590
112 595
112 596
112 604
112 605
112 606
112 614
112 636
112 637
112 638
112 639
112 640
112 641
112 642
112 643
112 644
112 645
112 646
112 661
113 153
113 161
113 188
113 198
113 285
113 289
113 293
113 294
113 301
113 302
113 323
113 330
113 347
113 356
113 416
113 417
113 418
113 481
113 485
113 591
113 592
113 593
113 594
113 607
113 608
113 613
113 614
113 647
113 648
113 649
113 650
113 651
113 652
113 653
113 654
113 661
113 662
114 153
114 161
114 188
114 198
114 285
114 289
114 292
114 293
114 299
114 300
114 329
114 331
114 340
114 341
114 347
114 356
114 415
114 419
114 481
114 485
114 608
114 609
114 612
114 613
114 655
114 656
114 662
114 663
115 154
115 161
115 188
115 198
115 285
115 289
115 290
115 297
115 298
115 319
115 327
115 328
115 332
115 333
115 341
115 348
115 349
115 350
115 351
115 352
115 353
115 354
115 355
115 356
115 414
115 419
115 481
115 485
115 609
115 610
115 611
115 656
115 659
115 663
115 664
116 154
116 155
116 161
116 188
116 198
116 285
116 289
116 295
116 296
116 319
116 325
116 326
116 334
116 335
116 336
116 341
116 414
116 419
116 481
116 485
116 656
116 659
116 660
116 665
116 666
117 155
117 162
117 188
117 198
117 284
117 288
117 289
117 293
117 294
117 320
117 323
117 324
117 337
117 338
117 341
117 414
117 419
117 481
117 485
117 656
117 660
117 666
117 667
118 155
118 162
118 188
118 198
118 284
118 288
118 293
118 320
118 321
118 322
118 339
118 414
118 419
118 481
118 485
118 656
118 660
118 667
119 155
119 163
119 188
119 198
119 284
119 287
119 292
119 414
119 419
119 481
119 485
119 656
119 660
119 668
120 155
120 163
120 164
120 188
120 198
120 284
120 287
120 292
120 414
120 419
120 481
120 485
120 656
120 660
120 663
120 668
120 964
120 965
120 966
121 155
121 164
121 165
121 188
121 198
121 284
121 291
121 414
121 419
121 481
121 485
121 657
121 661
121 668
121 963
121 967
122 155
122 166
122 167
122 188
122 198
122 284
122 291
122 413
122 418
122 481
122 485
122 657
122 661
122 664
122 669
122 962
122 967
123 155
123 167
123 168
123 188
123 198
123 284
123 290
123 413
123 418
123 481
123 485
123 657
123 661
123 664
123 665
123 669
123 962
123 967
124 150
124 155
124 169
124 188
124 198
124 284
124 290
124 413
124 418
124 481
124 485
124 657
124 661
124 665
124 669
124 962
124 967
125 147
125 148
125 149
125 151
125 152
125 155
125 169
125 188
125 198
125 284
125 290
125 413
125 418
125 481
125 485
125 657
125 661
125 665
125 669
125 962
125 967
126 147
126 153
126 169
126 188
126 198
126 284
126 289
126 413
126 418
126 481
126 485
126 657
126 661
126 665
126 669
126 962
126 967
127 147
127 168
127 188
127 198
127 283
127 286
127 289
127 413
127 418
127 481
127 485
127 657
127 661
127 665
127 669
127 962
127 967
128 147
128 167
128 188
128 198
128 283
128 289
128 413
128 418
128 481
128 485
128 657
128 661
128 665
128 669
128 962
128 967
129 148
129 167
129 188
129 198
129 283
129 289
129 413
129 418
129 481
129 485
129 657
129 661
129 665
129 669
129 962
129 967
130 135
130 136
130 137
130 138
130 139
130 148
130 167
130 188
130 198
130 283
130 289
130 413
130 418
130 481
130 485
130 657
130 661
130 665
130 669
130 962
130 967
131 133
131 134
131 140
131 141
131 142
131 143
131 149
131 167
131 188
131 198
131 283
131 289
131 413
131 418
131 481
131 485
131 657
131 661
131 665
131 669
131 962
131 967
132 131
132 132
132 144
132 145
132 146
132 150
132 166
132 188
132 198
132 283
132 289
132 413
132 418
132 481
132 485
132 657
132 661
132 665
132 669
132 962
132 967
133 131
133 147
133 167
133 168
133 169
133 170
133 171
133 172
133 173
133 174
133 188
133 198
133 283
133 289
133 413
133 418
133 481
133 485
133 657
133 661
133 665
133 669
133 962
133 967
134 131
134 175
134 188
134 198
134 283
134 289
134 413
134 418
134 481
134 485
134 657
134 661
134 665
134 669
134 962
134 967
135 131
135 132
135 175
135 188
135 198
135 283
135 289
135 412
135 418
135 481
135 485
135 526
135 527
135 528
135 657
135 662
135 665
135 669
135 962
135 967
136 133
136 134
136 135
136 175
136 188
136 198
136 283
136 289
136 412
136 417
136 481
136 485
136 526
136 528
136 657
136 662
136 665
136 669
136 962
136 967
137 136
137 137
137 174
137 188
137 198
137 283
137 289
137 412
137 417
137 481
137 485
137 526
137 657
137 662
137 665
137 669
137 962
137 967
138 138
138 139
138 174
138 188
138 198
138 283
138 289
138 412
138 417
138 481
138 484
138 526
138 657
138 662
138 665
138 669
138 962
138 967
139 139
139 140
139 173
139 188
139 198
139 282
139 285
139 289
139 412
139 417
139 481
139 484
139 526
139 657
139 662
139 665
139 669
139 962
139 967
139 1074
139 1075
139 1076
139 1077
139 1078
139 1079
139 1080
139 1081
140 4
140 5
140 141
140 142
140 173
140 188
140 198
140 253
140 254
140 255
140 256
140 282
140 285
140 289
140 412
140 417
140 481
140 484
140 526
140 657
140 662
140 665
140 669
140 962
140 967
140 1070
140 1071
140 1072
140 1073
140 1082
140 1083
141 3
141 6
141 7
141 8
141 9
141 143
141 144
141 172
141 188
141 198
141 252
141 257
141 258
141 282
141 285
141 289
141 412
141 417
141 481
141 484
141 526
141 657
141 662
141 665
141 669
141 962
141 967
141 1068
141 1069
141 1084
141 1085
141 1086
141 1087
141 1088
142 2
142 10
142 144
142 145
142 146
142 172
142 188
142 198
142 251
142 258
142 282
142 285
142 289
142 412
142 417
142 481
142 484
142 526
142 657
142 662
142 665
142 669
142 962
142 967
142 1067
142 1089
143 2
143 10
143 172
143 188
143 198
143 251
143 259
143 282
143 285
143 289
143 412
143 417
143 481
143 484
143 526
143 657
143 662
143 665
143 669
143 962
143 967
143 1066
143 1090
143 1091
143 1092
143 1093
143 1094
143 1095
144 2
144 10
144 142
144 143
144 144
144 145
144 146
144 172
144 188
144 198
144 250
144 259
144 282
144 285
144 289
144 412
144 417
144 481
144 484
144 526
144 657
144 662
144 665
144 669
144 962
144 967
144 1066
144 1096
144 1097
145 2
145 11
145 142
145 172
145 188
145 198
145 250
145 260
145 282
145 285
145 289
145 412
145 417
145 481
145 484
145 526
145 657
145 662
145 665
145 669
145 784
145 962
145 967
145 1063
145 1064
145 1065
145 1066
145 1098
145 1099
145 1274
145 1275
145 1276
145 1277
145 1278
145 1279
146 0
146 1
146 2
146 11
146 62
146 142
146 143
146 173
146 188
146 198
146 251
146 261
146 262
146 263
146 264
146 282
146 285
146 289
146 412
146 417
146 428
146 429
146 481
146 484
146 526
146 576
146 577
146 578
146 657
146 662
146 665
146 669
146 782
146 783
146 785
146 791
146 792
146 962
146 967
146 1061
146 1062
146 1099
146 1273
147 11
147 15
147 16
147 17
147 18
147 19
147 20
147 21
147 22
147 23
147 24
147 25
147 53
147 54
147 55
147 60
147 61
147 63
147 64
147 65
147 66
147 67
147 140
147 144
147 145
147 173
147 188
147 198
147 251
147 265
147 266
147 267
147 282
147 285
147 289
147 411
147 417
147 427
147 430
147 481
147 484
147 526
147 575
147 578
147 621
147 622
147 657
147 662
147 665
147 669
147 781
147 782
147 786
147 790
147 791
147 793
147 962
147 967
147 1059
147 1060
147 1099
147 1272
148 12
148 13
148 14
148 26
148 27
148 28
148 29
148 30
148 31
148 32
148 33
148 34
148 35
148 36
148 37
148 38
148 39
148 40
148 53
148 56
148 57
148 60
148 68
148 69
148 70
148 71
148 139
148 141
148 142
148 173
148 188
148 198
148 251
148 268
148 282
148 285
148 289
148 411
148 416
148 426
148 430
148 481
148 484
148 526
148 574
148 579
148 580
148 581
148 582
148 583
148 584
148 585
148 586
148 620
148 623
148 658
148 662
148 665
148 669
148 780
148 781
148 786
148 787
148 788
148 789
148 790
148 793
148 812
148 813
148 814
148 815
148 962
148 967
148 1049
148 1050
148 1051
148 1052
148 1053
148 1054
148 1055
148 1056
148 1057
148 1058
148 1099
148 1272
149 41
149 42
149 43
149 44
149 45
149 46
149 47
149 48
149 49
149 50
149 51
149 52
149 53
149 58
149 72
149 73
149 74
149 75
149 76
149 77
149 78
149 79
149 80
149 81
149 82
149 83
149 84
149 85
149 138
149 172
149 173
149 188
149 198
149 251
149 268
149 281
149 285
149 289
149 411
149 416
149 426
149 430
149 481
149 484
149 526
149 574
149 587
149 588
149 589
149 590
149 591
149 592
149 593
149 594
149 619
149 623
149 658
149 663
149 669
149 779
149 794
149 806
149 807
149 808
149 809
149 810
149 811
149 816
149 817
149 962
149 967
149 1047
149 1048
149 1100
149 1272
150 86
150 87
150 88
150 89
150 139
150 171
150 172
150 188
150 198
150 248
150 249
150 250
150 268
150 281
150 285
150 289
150 411
150 416
150 426
150 430
150 481
150 484
150 526
150 574
150 595
150 619
150 623
150 658
150 663
150 669
150 778
150 794
150 805
150 818
150 962
150 967
150 1047
150 1101
150 1102
150 1272
151 90
151 91
151 92
151 123
151 124
151 125
151 126
151 127
151 139
151 171
151 188
151 198
151 247
151 268
151 281
151 285
151 289
151 398
151 399
151 400
151 401
151 402
151 403
151 404
151 405
151 406
151 407
151 411
151 416
151 426
151 430
151 481
151 484
151 526
151 574
151 596
151 619
151 623
151 658
151 663
151 669
151 778
151 795
151 804
151 819
151 962
151 967
151 1046
151 1102
151 1182
151 1183
151 1184
151 1185
151 1272
152 93
152 94
152 117
152 118
152 119
152 120
152 121
152 122
152 128
152 129
152 130
152 131
152 132
152 140
152 170
152 188
152 198
152 246
152 268
152 281
152 285
152 289
152 353
152 354
152 355
152 397
152 408
152 411
152 416
152 426
152 430
152 481
152 484
152 526
152 575
152 576
152 596
152 619
152 624
152 625
152 626
152 658
152 663
152 669
152 778
152 795
152 804
152 819
152 820
152 962
152 967
152 1047
152 1048
152 1049
152 1103
152 1181
152 1186
152 1272
153 95
153 96
153 115
153 116
153 133
153 134
153 135
153 136
153 137
153 138
153 141
153 142
153 171
153 172
153 173
153 174
153 175
153 176
153 177
153 178
153 188
153 198
153 246
153 267
153 281
153 285
153 289
153 325
153 326
153 353
153 356
153 357
153 396
153 408
153 411
153 416
153 426
153 430
153 481
153 484
153 526
153 577
153 578
153 589
153 590
153 591
153 592
153 593
153 594
153 595
153 596
153 619
153 627
153 658
153 663
153 669
153 778
153 795
153 803
153 820
153 821
153 824
153 825
153 962
153 967
153 1049
153 1103
153 1180
153 1186
153 1272
154 96
154 97
154 113
154 114
154 139
154 179
154 180
154 188
154 198
154 246
154 266
154 267
154 281
154 285
154 289
154 323
154 324
154 327
154 352
154 358
154 359
154 396
154 408
154 411
154 416
154 426
154 430
154 481
154 484
154 526
154 578
154 579
154 580
154 581
154 582
154 583
154 584
154 585
154 586
154 587
154 588
154 619
154 627
154 658
154 663
154 669
154 745
154 778
154 795
154 803
154 821
154 823
154 824
154 826
154 827
154 828
154 829
154 830
154 962
154 967
154 1044
154 1045
154 1046
154 1047
154 1048
154 1049
154 1104
154 1180
154 1186
154 1272
155 97
155 98
155 112
155 113
155 141
155 142
155 180
155 188
155 198
155 246
155 266
155 281
155 285
155 289
155 323
155 328
155 352
155 359
155 396
155 408
155 411
155 416
155 426
155 430
155 481
155 484
155 526
155 619
155 627
155 658
155 663
155 669
155 744
155 746
155 777
155 795
155 803
155 821
155 823
155 830
155 831
155 962
155 967
155 1039
155 1042
155 1043
155 1104
155 1105
155 1180
155 1186
155 1272
156 99
156 100
156 110
156 111
156 181
156 188
156 198
156 246
156 265
156 281
156 285
156 289
156 322
156 328
156 351
156 359
156 396
156 408
156 411
156 416
156 426
156 430
156 481
156 484
156 526
156 619
156 626
156 627
156 658
156 663
156 669
156 743
156 746
156 757
156 758
156 759
156 760
156 777
156 796
156 797
156 802
156 831
156 832
156 962
156 967
156 1038
156 1040
156 1041
156 1042
156 1106
156 1180
156 1186
156 1272
157 100
157 108
157 109
157 181
157 182
157 183
157 184
157 185
157 188
157 198
157 246
157 265
157 281
157 285
157 289
157 293
157 321
157 328
157 351
157 359
157 396
157 408
157 411
157 416
157 426
157 430
157 461
157 462
157 463
157 464
157 481
157 484
157 526
157 619
157 626
157 658
157 663
157 669
157 713
157 743
157 746
157 754
157 755
157 756
157 761
157 762
157 776
157 798
157 799
157 800
157 801
157 802
157 832
157 833
157 834
157 962
157 967
157 1038
157 1107
157 1180
157 1186
157 1272
158 100
158 107
158 108
158 187
158 198
158 216
158 217
158 218
158 225
158 226
158 227
158 228
158 229
158 230
158 231
158 232
158 233
158 234
158 235
158 236
158 246
158 264
158 281
158 285
158 290
158 292
158 294
158 295
158 320
158 329
158 350
158 359
158 397
158 408
158 411
158 416
158 426
158 430
158 450
158 451
158 452
158 453
158 454
158 455
158 459
158 460
158 465
158 466
158 480
158 485
158 526
158 619
158 625
158 658
158 663
158 669
158 708
158 709
158 710
158 711
158 712
158 714
158 715
158 743
158 746
158 752
158 753
158 763
158 764
158 765
158 766
158 767
158 768
158 769
158 770
158 771
158 772
158 773
158 774
158 775
158 776
158 799
158 801
158 835
158 836
158 853
158 854
158 855
158 856
158 962
158 967
158 1038
158 1107
158 1181
158 1186
158 1272
159 101
159 107
159 187
159 199
159 200
159 201
159 202
159 214
159 215
159 219
159 220
159 221
159 222
159 223
159 224
159 237
159 238
159 239
159 240
159 241
159 242
159 247
159 263
159 280
159 284
159 285
159 290
159 296
159 297
159 320
159 329
159 350
159 360
159 385
159 386
159 387
159 388
159 389
159 390
159 391
159 397
159 408
159 410
159 416
159 426
159 430
159 437
159 438
159 439
159 440
159 449
159 456
159 457
159 459
159 466
159 467
159 480
159 485
159 526
159 619
159 625
159 658
159 663
159 669
159 706
159 707
159 715
159 721
159 722
159 723
159 724
159 725
159 726
159 727
159 728
159 729
159 730
159 731
159 732
159 733
159 734
159 735
159 736
159 737
159 738
159 739
159 740
159 741
159 742
159 743
159 747
159 749
159 750
159 751
159 799
159 801
159 837
159 852
159 853
159 857
159 858
159 962
159 967
159 1039
159 1108
159 1181
159 1186
159 1272
160 102
160 106
160 187
160 199
160 203
160 204
160 205
160 206
160 214
160 243
160 244
160 245
160 263
160 280
160 284
160 289
160 298
160 299
160 319
160 329
160 350
160 361
160 362
160 376
160 377
160 378
160 379
160 380
160 381
160 382
160 383
160 384
160 392
160 393
160 394
160 395
160 397
160 408
160 410
160 416
160 420
160 421
160 422
160 423
160 424
160 425
160 426
160 431
160 435
160 436
160 441
160 442
160 443
160 444
160 445
160 448
160 457
160 467
160 480
160 485
160 526
160 619
160 625
160 658
160 664
160 667
160 668
160 670
160 704
160 705
160 716
160 720
160 743
160 747
160 837
160 851
160 852
160 859
160 860
160 962
160 967
160 1039
160 1108
160 1181
160 1186
160 1272
161 103
161 104
161 105
161 106
161 187
161 198
161 207
161 208
161 209
161 210
161 213
161 264
161 265
161 266
161 267
161 268
161 269
161 270
161 271
161 280
161 284
161 289
161 300
161 301
161 319
161 330
161 345
161 346
161 349
161 363
161 364
161 375
161 397
161 408
161 410
161 415
161 419
161 426
161 431
161 433
161 434
161 446
161 449
161 467
161 476
161 477
161 478
161 479
161 480
161 485
161 487
161 526
161 619
161 625
161 658
161 664
161 671
161 686
161 687
161 699
161 700
161 701
161 702
161 703
161 704
161 716
161 719
161 738
161 739
161 740
161 741
161 742
161 743
161 747
161 838
161 850
161 851
161 861
161 862
161 962
161 967
161 1039
161 1106
161 1107
161 1108
161 1181
161 1186
161 1272
162 103
162 105
162 187
162 198
162 211
162 212
162 213
162 272
162 273
162 280
162 284
162 289
162 302
162 303
162 304
162 305
162 306
162 316
162 317
162 318
162 319
162 330
162 331
162 343
162 344
162 347
162 348
162 349
162 365
162 366
162 367
162 368
162 374
162 408
162 410
162 415
162 426
162 430
162 447
162 468
162 474
162 475
162 480
162 484
162 487
162 488
162 513
162 514
162 519
162 526
162 619
162 625
162 658
162 663
162 672
162 673
162 684
162 685
162 688
162 689
162 698
162 717
162 719
162 725
162 726
162 727
162 728
162 729
162 730
162 731
162 732
162 743
162 747
162 838
162 839
162 840
162 841
162 842
162 843
162 844
162 849
162 850
162 862
162 863
162 962
162 967
162 1038
162 1039
162 1106
162 1181
162 1186
162 1272
163 103
163 105
163 187
163 198
163 273
163 274
163 275
163 276
163 277
163 278
163 279
163 280
163 284
163 289
163 307
163 308
163 309
163 314
163 315
163 332
163 333
163 334
163 335
163 336
163 337
163 338
163 339
163 340
163 341
163 342
163 369
163 370
163 371
163 372
163 373
163 374
163 397
163 410
163 411
163 412
163 413
163 414
163 416
163 426
163 430
163 447
163 468
163 469
163 470
163 471
163 472
163 473
163 474
163 480
163 484
163 489
163 490
163 495
163 499
163 500
163 501
163 512
163 515
163 518
163 520
163 521
163 526
163 528
163 617
163 619
163 626
163 658
163 663
163 672
163 674
163 675
163 676
163 677
163 683
163 684
163 690
163 691
163 692
163 693
163 694
163 695
163 696
163 720
163 721
163 722
163 723
163 724
163 743
163 747
163 844
163 845
163 846
163 847
163 848
163 863
163 864
163 913
163 914
163 915
163 916
163 917
163 918
163 919
163 920
163 962
163 967
163 1037
163 1106
163 1181
163 1186
163 1272
163 1279
164 187
164 198
164 280
164 284
164 289
164 310
164 311
164 312
164 313
164 397
164 402
164 403
164 404
164 405
164 406
164 407
164 408
164 409
164 410
164 416
164 426
164 430
164 448
164 480
164 484
164 490
164 491
164 494
164 496
164 497
164 498
164 499
164 501
164 511
164 516
164 522
164 523
164 525
164 528
164 537
164 538
164 539
164 540
164 541
164 554
164 555
164 556
164 557
164 558
164 559
164 616
164 617
164 619
164 626
164 658
164 663
164 671
164 678
164 679
164 680
164 681
164 682
164 683
164 696
164 743
164 747
164 865
164 866
164 882
164 883
164 911
164 912
164 921
164 962
164 967
164 1036
164 1107
164 1181
164 1186
164 1272
164 1278
165 187
165 198
165 280
165 284
165 289
165 397
165 399
165 401
165 416
165 426
165 430
165 480
165 484
165 491
165 502
165 511
165 516
165 523
165 525
165 528
165 534
165 535
165 536
165 542
165 543
165 544
165 545
165 546
165 547
165 548
165 549
165 550
165 551
165 552
165 553
165 560
165 561
165 562
165 616
165 619
165 627
165 628
165 658
165 663
165 671
165 743
165 748
165 749
165 866
165 880
165 881
165 884
165 885
165 888
165 889
165 890
165 891
165 892
165 893
165 894
165 895
165 896
165 897
165 898
165 899
165 900
165 901
165 902
165 903
165 904
165 905
165 906
165 907
165 908
165 909
165 910
165 911
165 922
165 956
165 957
165 958
165 959
165 960
165 961
165 962
165 967
165 1036
165 1108
165 1109
165 1181
165 1187
165 1272
165 1278
166 187
166 198
166 280
166 284
166 289
166 396
166 400
166 409
166 410
166 411
166 416
166 426
166 430
166 480
166 484
166 492
166 493
166 502
166 503
166 504
166 505
166 506
166 507
166 510
166 525
166 528
166 533
166 563
166 564
166 565
166 566
166 598
166 599
166 615
166 619
166 627
166 629
166 658
166 663
166 671
166 743
166 750
166 751
166 752
166 867
166 879
166 880
166 885
166 886
166 887
166 922
166 955
166 968
166 969
166 970
166 971
166 1035
166 1036
166 1109
166 1110
166 1111
166 1112
166 1181
166 1187
166 1272
166 1278
167 187
167 198
167 280
167 284
167 289
167 395
167 396
167 398
167 400
167 408
167 409
167 412
167 413
167 416
167 426
167 430
167 480
167 484
167 507
167 508
167 509
167 510
167 525
167 528
167 532
167 563
167 567
167 568
167 569
167 587
167 588
167 594
167 595
167 596
167 597
167 600
167 614
167 615
167 619
167 626
167 630
167 634
167 635
167 636
167 637
167 638
167 639
167 640
167 641
167 642
167 643
167 644
167 645
167 646
167 647
167 648
167 649
167 650
167 651
167 652
167 653
167 654
167 655
167 656
167 658
167 663
167 671
167 743
167 753
167 867
167 868
167 877
167 878
167 923
167 924
167 925
167 926
167 927
167 928
167 929
167 930
167 931
167 932
167 933
167 934
167 935
167 936
167 937
167 938
167 939
167 940
167 941
167 942
167 943
167 944
167 945
167 946
167 947
167 948
167 949
167 950
167 951
167 952
167 953
167 954
167 962
167 972
167 1032
167 1033
167 1034
167 1113
167 1114
167 1181
167 1187
167 1272
167 1278
168 187
168 198
168 280
168 284
168 289
168 393
168 394
168 400
168 408
168 413
168 414
168 416
168 426
168 430
168 480
168 484
168 525
168 529
168 530
168 531
168 532
168 563
168 570
168 571
168 572
168 573
168 586
168 587
168 589
168 593
168 600
168 612
168 613
168 619
168 626
168 630
168 631
168 632
168 633
168 658
168 663
168 671
168 743
168 753
168 869
168 870
168 875
168 876
168 877
168 880
168 962
168 967
168 973
168 1030
168 1031
168 1036
168 1038
168 1115
168 1116
168 1181
168 1187
168 1272
168 1278
169 187
169 198
169 279
169 284
169 289
169 393
169 400
169 407
169 414
169 416
169 426
169 430
169 480
169 484
169 525
169 529
169 563
169 574
169 575
169 576
169 585
169 586
169 589
169 590
169 591
169 592
169 601
169 611
169 612
169 619
169 626
169 658
169 663
169 671
169 743
169 753
169 870
169 871
169 872
169 873
169 874
169 875
169 881
169 905
169 906
169 907
169 908
169 909
169 910
169 911
169 912
169 913
169 914
169 915
169 916
169 917
169 918
169 919
169 920
169 921
169 922
169 923
169 924
169 925
169 926
169 927
169 962
169 967
169 973
169 974
169 975
169 976
169 977
169 978
169 979
169 980
169 981
169 982
169 983
169 984
169 985
169 986
169 987
169 988
169 989
169 990
169 991
169 992
169 993
169 994
169 995
169 996
169 997
169 998
169 1028
169 1029
169 1036
169 1038
169 1116
169 1181
169 1187
169 1272
169 1278
170 187
170 198
170 279
170 283
170 289
170 393
170 400
170 407
170 414
170 416
170 426
170 430
170 480
170 484
170 525
170 528
170 563
170 577
170 584
170 590
170 592
170 601
170 611
170 619
170 626
170 658
170 663
170 671
170 743
170 753
170 875
170 876
170 877
170 881
170 904
170 927
170 962
170 967
170 999
170 1028
170 1037
170 1039
170 1116
170 1181
170 1187
170 1272
170 1278
171 187
171 198
171 279
171 283
171 289
171 393
171 401
171 406
171 413
171 416
171 425
171 430
171 480
171 484
171 525
171 528
171 564
171 578
171 579
171 580
171 581
171 582
171 583
171 590
171 592
171 602
171 603
171 604
171 605
171 606
171 607
171 608
171 609
171 619
171 626
171 658
171 663
171 671
171 743
171 753
171 882
171 903
171 928
171 962
171 967
171 1000
171 1001
171 1002
171 1003
171 1004
171 1005
171 1006
171 1007
171 1008
171 1009
171 1010
171 1011
171 1012
171 1013
171 1014
171 1015
171 1016
171 1017
171 1018
171 1019
171 1020
171 1021
171 1022
171 1023
171 1024
171 1025
171 1037
171 1039
171 1117
171 1136
171 1182
171 1187
171 1272
171 1278
172 187
172 198
172 279
172 283
172 289
172 394
172 401
172 405
172 406
172 413
172 416
172 425
172 430
172 480
172 484
172 525
172 529
172 530
172 531
172 532
172 533
172 564
172 609
172 619
172 625
172 626
172 658
172 663
172 665
172 666
172 667
172 670
172 671
172 743
172 753
172 882
172 901
172 902
172 929
172 930
172 962
172 967
172 1026
172 1037
172 1117
172 1134
172 1135
172 1137
172 1182
172 1187
172 1272
172 1278
173 187
173 198
173 279
173 283
173 289
173 394
173 395
173 402
173 404
173 413
173 416
173 425
173 430
173 480
173 484
173 525
173 529
173 534
173 564
173 590
173 591
173 592
173 593
173 594
173 595
173 596
173 609
173 619
173 623
173 624
173 658
173 662
173 665
173 669
173 672
173 673
173 674
173 675
173 743
173 753
173 882
173 900
173 901
173 930
173 931
173 962
173 967
173 1025
173 1026
173 1039
173 1117
173 1134
173 1138
173 1182
173 1187
173 1272
173 1278
174 187
174 198
174 279
174 283
174 289
174 334
174 335
174 336
174 337
174 338
174 339
174 340
174 341
174 342
174 343
174 344
174 345
174 346
174 347
174 348
174 349
174 350
174 351
174 352
174 353
174 354
174 355
174 356
174 357
174 358
174 359
174 395
174 402
174 412
174 416
174 425
174 430
174 478
174 479
174 480
174 523
174 525
174 528
174 534
174 546
174 547
174 548
174 564
174 589
174 597
174 598
174 599
174 600
174 601
174 602
174 603
174 604
174 608
174 619
174 623
174 658
174 660
174 661
174 663
174 665
174 668
174 743
174 754
174 755
174 756
174 757
174 882
174 900
174 931
174 932
174 933
174 934
174 944
174 945
174 946
174 947
174 948
174 962
174 967
174 1022
174 1023
174 1038
174 1115
174 1116
174 1117
174 1118
174 1133
174 1138
174 1182
174 1187
174 1212
174 1213
174 1214
174 1215
174 1216
174 1233
174 1234
174 1235
174 1236
174 1237
174 1238
174 1272
174 1278
175 187
175 198
175 279
175 283
175 289
175 333
175 360
175 396
175 412
175 416
175 425
175 430
175 480
175 485
175 523
175 525
175 528
175 536
175 537
175 538
175 539
175 542
175 543
175 544
175 545
175 549
175 550
175 564
175 588
175 605
175 609
175 619
175 622
175 658
175 660
175 664
175 668
175 675
175 743
175 754
175 757
175 882
175 899
175 935
175 936
175 937
175 938
175 939
175 940
175 941
175 942
175 943
175 949
175 950
175 960
175 961
175 962
175 963
175 967
175 992
175 993
175 994
175 995
175 996
175 997
175 998
175 999
175 1000
175 1001
175 1021
175 1022
175 1038
175 1040
175 1114
175 1119
175 1120
175 1121
175 1122
175 1123
175 1124
175 1125
175 1126
175 1127
175 1128
175 1129
175 1130
175 1131
175 1132
175 1140
175 1141
175 1142
175 1143
175 1144
175 1145
175 1146
175 1147
175 1148
175 1149
175 1150
175 1179
175 1182
175 1187
175 1208
175 1209
175 1210
175 1211
175 1217
175 1218
175 1231
175 1232
175 1239
175 1240
175 1272
175 1278
176 187
176 198
176 279
176 283
176 289
176 332
176 360
176 396
176 397
176 411
176 416
176 425
176 430
176 480
176 484
176 521
176 522
176 525
176 528
176 535
176 540
176 541
176 550
176 564
176 588
176 605
176 609
176 619
176 622
176 658
176 660
176 665
176 668
176 674
176 743
176 745
176 746
176 747
176 748
176 754
176 755
176 756
176 757
176 882
176 899
176 950
176 951
176 957
176 958
176 959
176 964
176 965
176 966
176 967
176 984
176 985
176 986
176 987
176 988
176 989
176 990
176 991
176 1002
176 1003
176 1019
176 1020
176 1115
176 1116
176 1117
176 1132
176 1151
176 1152
176 1153
176 1154
176 1155
176 1156
176 1157
176 1158
176 1159
176 1160
176 1161
176 1176
176 1177
176 1178
176 1180
176 1182
176 1188
176 1189
176 1190
176 1191
176 1192
176 1193
176 1194
176 1195
176 1196
176 1197
176 1198
176 1199
176 1200
176 1201
176 1202
176 1203
176 1204
176 1205
176 1206
176 1207
176 1219
176 1220
176 1230
176 1241
176 1242
176 1272
176 1278
177 187
177 198
177 279
177 283
177 289
177 332
177 360
177 397
177 411
177 416
177 425
177 430
177 480
177 484
177 523
177 528
177 534
177 540
177 550
177 564
177 588
177 605
177 610
177 619
177 622
177 658
177 661
177 665
177 668
177 673
177 743
177 745
177 748
177 749
177 753
177 754
177 756
177 757
177 883
177 898
177 951
177 952
177 953
177 954
177 955
177 956
177 967
177 968
177 981
177 982
177 983
177 1004
177 1005
177 1006
177 1007
177 1008
177 1009
177 1010
177 1011
177 1012
177 1013
177 1014
177 1015
177 1016
177 1017
177 1018
177 1019
177 1120
177 1121
177 1132
177 1140
177 1141
177 1142
177 1162
177 1163
177 1164
177 1165
177 1166
177 1167
177 1168
177 1169
177 1170
177 1171
177 1172
177 1173
177 1174
177 1175
177 1183
177 1206
177 1221
177 1222
177 1223
177 1224
177 1225
177 1226
177 1227
177 1228
177 1242
177 1243
177 1272
177 1278
178 187
178 198
178 279
178 283
178 289
178 332
178 360
178 398
178 410
178 416
178 425
178 430
178 480
178 485
178 523
178 528
178 534
178 540
178 550
178 564
178 588
178 605
178 610
178 619
178 622
178 658
178 661
178 666
178 668
178 672
178 743
178 744
178 745
178 749
178 753
178 757
178 883
178 898
178 968
178 979
178 980
178 1123
178 1124
178 1125
178 1126
178 1127
178 1128
178 1129
178 1130
178 1131
178 1142
178 1143
178 1144
178 1145
178 1151
178 1152
178 1184
178 1185
178 1186
178 1188
178 1198
178 1199
178 1202
178 1203
178 1204
178 1206
178 1244
178 1245
178 1246
178 1247
178 1248
178 1249
178 1250
178 1251
178 1252
178 1253
178 1254
178 1255
178 1256
178 1257
178 1258
178 1259
178 1260
178 1261
178 1262
178 1263
178 1264
178 1265
178 1272
178 1278
179 187
179 198
179 279
179 283
179 289
179 332
179 360
179 398
179 399
179 410
179 416
179 425
179 430
179 480
179 485
179 523
179 528
179 534
179 541
179 551
179 564
179 580
179 581
179 582
179 583
179 588
179 605
179 611
179 619
179 622
179 658
179 662
179 666
179 672
179 743
179 746
179 750
179 752
179 756
179 757
179 883
179 898
179 969
179 977
179 978
179 1163
179 1193
179 1194
179 1195
179 1196
179 1197
179 1198
179 1204
179 1225
179 1226
179 1227
179 1228
179 1266
179 1267
179 1268
179 1269
179 1270
179 1271
179 1273
179 1274
179 1275
179 1276
179 1277
179 1278
180 187
180 198
180 279
180 283
180 289
180 332
180 360
180 399
180 409
180 416
180 425
180 430
180 480
180 485
180 524
180 528
180 535
180 551
180 565
180 575
180 576
180 577
180 578
180 579
180 584
180 585
180 588
180 605
180 611
180 619
180 622
180 658
180 662
180 663
180 671
180 742
180 746
180 750
180 751
180 752
180 755
180 756
180 883
180 898
180 970
180 971
180 976
180 1246
180 1247
180 1248
180 1249
180 1259
180 1260
180 1261
181 187
181 198
181 278
181 282
181 285
181 289
181 332
181 360
181 409
181 416
181 425
181 430
181 480
181 485
181 524
181 525
181 528
181 535
181 541
181 542
181 543
181 544
181 545
181 546
181 547
181 548
181 549
181 550
181 551
181 565
181 572
181 573
181 574
181 586
181 588
181 605
181 612
181 619
181 622
181 658
181 663
181 671
181 742
181 747
181 755
181 883
181 898
181 972
181 973
181 975
181 1269
181 1270
181 1271
182 187
182 198
182 278
182 282
182 285
182 289
182 332
182 360
182 397
182 398
182 399
182 409
182 417
182 418
182 419
182 420
182 421
182 422
182 423
182 424
182 425
182 480
182 485
182 525
182 528
182 535
182 540
182 541
182 551
182 565
182 570
182 571
182 578
182 586
182 588
182 605
182 612
182 619
182 622
182 658
182 664
182 670
182 742
182 747
182 754
182 883
182 898
182 973
183 159
183 160
183 161
183 162
183 163
183 164
183 165
183 166
183 167
183 168
183 169
183 170
183 171
183 172
183 173
183 174
183 175
183 176
183 177
183 178
183 179
183 180
183 181
183 182
183 183
183 184
183 185
183 186
183 187
183 276
183 277
183 278
183 282
183 285
183 290
183 331
183 360
183 409
183 417
183 425
183 480
183 485
183 525
183 528
183 535
183 539
183 540
183 551
183 565
183 568
183 569
183 578
183 587
183 588
183 606
183 613
183 614
183 619
183 623
183 658
183 664
183 670
183 742
183 748
183 753
183 754
183 883
183 898
184 142
184 143
184 144
184 145
184 146
184 147
184 148
184 149
184 150
184 151
184 158
184 187
184 278
184 281
184 282
184 290
184 331
184 360
184 398
184 399
184 410
184 416
184 425
184 430
184 480
184 485
184 525
184 528
184 535
184 537
184 538
184 552
184 565
184 568
184 578
184 607
184 608
184 609
184 610
184 611
184 612
184 613
184 615
184 616
184 617
184 618
184 619
184 623
184 658
184 664
184 670
184 742
184 748
184 753
184 882
185 152
185 157
185 187
185 198
185 256
185 259
185 278
185 289
185 331
185 359
185 397
185 398
185 410
185 416
185 425
185 430
185 480
185 485
185 525
185 528
185 535
185 537
185 552
185 553
185 554
185 555
185 556
185 557
185 558
185 559
185 560
185 561
185 562
185 563
185 564
185 565
185 566
185 567
185 578
185 619
185 658
185 663
185 671
185 711
185 712
185 742
185 747
185 748
185 753
185 755
186 152
186 154
186 155
186 156
186 158
186 160
186 187
186 198
186 256
186 259
186 276
186 277
186 289
186 331
186 359
186 396
186 397
186 411
186 416
186 425
186 430
186 480
186 485
186 535
186 537
186 569
186 570
186 579
186 580
186 581
186 587
186 607
186 619
186 623
186 624
186 625
186 626
186 627
186 658
186 663
186 671
186 672
186 709
186 710
186 713
186 742
186 747
186 754
187 143
187 144
187 187
187 198
187 256
187 259
187 275
187 289
187 331
187 359
187 396
187 411
187 416
187 425
187 430
187 434
187 435
187 436
187 437
187 438
187 439
187 440
187 441
187 442
187 443
187 444
187 445
187 446
187 447
187 448
187 449
187 450
187 451
187 452
187 453
187 454
187 455
187 456
187 457
187 458
187 459
187 460
187 461
187 462
187 463
187 464
187 465
187 466
187 467
187 468
187 469
187 470
187 471
187 472
187 473
187 480
187 485
187 552
187 570
187 582
187 583
187 584
187 585
187 586
187 607
187 619
187 623
187 628
187 629
187 630
187 631
187 632
187 659
187 662
187 666
187 667
187 672
187 709
187 714
187 742
187 746
187 750
187 751
187 754
187 755
188 142
188 143
188 187
188 198
188 255
188 259
188 274
188 289
188 331
188 348
188 349
188 350
188 351
188 352
188 353
188 354
188 355
188 356
188 357
188 358
188 359
188 395
188 402
188 403
188 412
188 416
188 425
188 430
188 433
188 473
188 474
188 475
188 476
188 477
188 478
188 479
188 481
188 482
188 483
188 484
188 485
188 487
188 488
188 551
188 571
188 607
188 619
188 623
188 633
188 634
188 635
188 636
188 659
188 661
188 662
188 666
188 668
188 673
188 709
188 714
188 715
188 742
188 745
188 746
188 750
188 752
188 755
189 140
189 141
189 187
189 198
189 255
189 259
189 274
189 289
189 332
189 333
189 334
189 335
189 336
189 337
189 338
189 339
189 340
189 341
189 342
189 343
189 344
189 345
189 346
189 347
189 394
189 395
189 401
189 402
189 404
189 412
189 413
189 416
189 425
189 430
189 434
189 435
189 436
189 437
189 438
189 439
189 440
189 441
189 442
189 443
189 444
189 445
189 446
189 447
189 448
189 449
189 450
189 451
189 452
189 453
189 454
189 455
189 456
189 457
189 458
189 459
189 460
189 461
189 462
189 463
189 464
189 465
189 466
189 467
189 468
189 469
189 470
189 471
189 472
189 473
189 489
189 490
189 551
189 571
189 572
189 587
189 607
189 619
189 623
189 637
189 638
189 639
189 640
189 641
189 659
189 661
189 665
189 668
189 674
189 675
189 706
189 707
189 715
189 716
189 742
189 745
189 749
189 752
189 753
189 756
190 139
190 140
190 187
190 198
190 251
190 252
190 253
190 254
190 255
190 256
190 257
190 258
190 259
190 260
190 261
190 262
190 263
190 264
190 274
190 289
190 393
190 394
190 401
190 405
190 406
190 413
190 416
190 425
190 430
190 490
190 491
190 550
190 573
190 574
190 587
190 607
190 619
190 623
190 642
190 643
190 644
190 645
190 646
190 659
190 661
190 664
190 668
190 675
190 687
190 688
190 689
190 700
190 701
190 702
190 703
190 704
190 705
190 716
190 742
190 745
190 746
190 748
190 749
190 753
190 756
191 138
191 139
191 187
191 199
191 219
191 220
191 221
191 222
191 223
191 224
191 225
191 226
191 227
191 228
191 229
191 230
191 231
191 232
191 233
191 234
191 235
191 236
191 237
191 238
191 239
191 240
191 241
191 242
191 243
191 244
191 245
191 246
191 247
191 248
191 249
191 250
191 265
191 274
191 289
191 392
191 393
191 401
191 406
191 414
191 416
191 425
191 429
191 430
191 432
191 433
191 434
191 435
191 491
191 492
191 550
191 575
191 587
191 608
191 619
191 623
191 647
191 648
191 649
191 650
191 663
191 668
191 676
191 685
191 686
191 690
191 691
191 692
191 693
191 694
191 695
191 696
191 697
191 698
191 699
191 716
191 742
191 746
191 747
191 748
191 753
191 756
192 136
192 137
192 187
192 199
192 201
192 202
192 203
192 204
192 205
192 206
192 207
192 208
192 209
192 210
192 211
192 212
192 213
192 214
192 215
192 216
192 217
192 218
192 265
192 274
192 289
192 392
192 401
192 407
192 414
192 416
192 426
192 427
192 428
192 492
192 493
192 546
192 549
192 575
192 586
192 587
192 608
192 619
192 623
192 651
192 652
192 653
192 654
192 663
192 668
192 676
192 684
192 685
192 716
192 742
192 754
193 135
193 136
193 187
193 199
193 201
193 265
193 274
193 289
193 392
193 393
193 398
193 400
193 407
193 408
193 416
193 423
193 424
193 493
193 494
193 547
193 575
193 585
193 608
193 619
193 623
193 655
193 656
193 657
193 658
193 659
193 662
193 668
193 671
193 674
193 675
193 676
193 683
193 684
193 716
193 742
193 752
194 109
194 110
194 111
194 112
194 113
194 114
194 115
194 116
194 117
194 118
194 119
194 120
194 121
194 122
194 123
194 124
194 125
194 126
194 127
194 128
194 129
194 130
194 131
194 132
194 133
194 134
194 187
194 198
194 265
194 274
194 289
194 394
194 395
194 397
194 398
194 400
194 408
194 409
194 417
194 421
194 422
194 494
194 548
194 574
194 584
194 608
194 620
194 621
194 622
194 623
194 659
194 661
194 662
194 664
194 668
194 673
194 683
194 716
195 67
195 68
195 69
195 70
195 71
195 72
195 73
195 74
195 75
195 76
195 77
195 78
195 79
195 80
195 81
195 82
195 83
195 84
195 85
195 86
195 87
195 88
195 89
195 90
195 91
195 92
195 93
195 94
195 95
195 96
195 97
195 98
195 99
195 100
195 101
195 102
195 103
195 104
195 105
195 106
195 107
195 108
195 132
195 187
195 198
195 204
195 265
195 274
195 289
195 395
195 396
195 397
195 400
195 409
195 414
195 416
195 420
195 421
195 495
195 548
195 574
195 584
195 608
195 659
195 664
195 669
195 670
195 682
195 716
196 26
196 27
196 28
196 29
196 30
196 31
196 32
196 33
196 34
196 35
196 36
196 37
196 38
196 39
196 40
196 41
196 42
196 43
196 44
196 45
196 46
196 47
196 48
196 49
196 50
196 51
196 52
196 53
196 54
196 55
196 56
196 57
196 58
196 59
196 60
196 61
196 62
196 63
196 64
196 65
196 66
196 187
196 198
196 205
196 265
196 274
196 289
196 400
196 410
196 413
196 414
196 416
196 420
196 495
196 496
196 548
196 574
196 584
196 608
196 659
196 664
196 669
196 671
196 672
196 673
196 674
196 675
196 676
196 677
196 682
196 716
197 4
197 5
197 6
197 7
197 8
197 9
197 10
197 11
197 12
197 13
197 14
197 15
197 16
197 17
197 18
197 19
197 20
197 21
197 22
197 23
197 24
197 25
197 127
197 128
197 187
197 198
197 205
197 206
197 265
197 274
197 289
197 400
197 410
197 411
197 412
197 416
197 419
197 496
197 497
197 548
197 574
197 659
197 664
197 668
197 678
197 679
197 680
197 681
197 682
197 716
197 1278
197 1279
198 0
198 1
198 2
198 3
198 125
198 126
198 187
198 198
198 206
198 265
198 274
198 289
198 400
198 416
198 419
198 497
198 498
198 548
198 574
198 659
198 664
198 668
198 682
198 716
199 122
199 123
199 124
199 187
199 198
199 207
199 264
199 400
199 416
199 498
199 548
199 574
199 659
199 664
199 668
199 682
200 120
200 121
200 187
200 198
200 207
200 264
200 400
200 416
200 499
200 548
200 574
200 659
200 664
200 668
200 682
201 117
201 118
201 119
201 187
201 198
201 207
201 264
201 400
201 416
201 499
201 500
201 503
201 504
201 505
201 506
201 507
201 508
201 509
201 659
201 664
201 668
201 682
202 115
202 116
202 187
202 198
202 207
202 400
202 416
202 500
202 501
202 502
202 510
202 511
202 659
202 664
202 668
202 682
203 113
203 114
203 187
203 198
203 208
203 416
203 511
203 682
204 111
204 112
204 187
204 198
204 208
204 415
204 512
204 683
205 109
205 110
205 187
205 198
205 415
205 512
205 683
206 108
206 109
206 187
206 198
206 414
206 512
206 683
207 108
207 187
207 198
207 414
207 511
207 683
208 105
208 106
208 107
208 187
208 198
208 209
208 413
208 510
208 511
208 683
209 187
209 198
209 209
209 413
209 508
209 509
209 510
209 683
210 108
210 187
210 198
210 208
210 209
210 412
210 507
211 108
211 187
211 198
211 208
211 410
211 411
211 412
211 508
211 509
211 510
212 106
212 107
212 108
212 187
212 198
212 208
212 510
213 105
213 187
213 198
213 208
213 411
213 510
214 104
214 187
214 198
214 208
214 411
214 511
215 104
215 187
215 198
215 411
215 511
216 105
216 187
216 198
216 411
216 512
217 105
217 106
217 187
217 198
217 410
217 512
218 106
218 107
218 187
218 198
218 410
218 512
219 107
219 187
219 198
219 410
219 512
220 184
220 185
220 187
220 198
220 409
220 513
221 186
221 198
221 409
221 513
222 186
222 198
222 409
222 513
223 186
223 198
223 408
223 513
224 186
224 408
224 513
225 186
225 408
225 513
226 186
226 198
226 408
226 513
227 186
227 198
227 407
227 513
228 186
228 198
228 407
228 513
229 186
229 198
229 407
229 513
230 186
230 198
230 407
230 513
231 186
231 198
231 407
231 513
232 186
232 198
232 407
232 513
233 186
233 198
233 407
233 513
234 186
234 198
234 407
235 186
235 198
235 407
236 186
236 198
236 407
237 186
237 198
237 407
238 186
238 198
238 407
239 186
239 198
239 407
240 186
240 198
240 407
241 407
242 407
