0 119
0 125
0 327
0 375
0 426
0 568
0 587
0 659
0 683
0 705
0 1149
0 1239
0 1247
1 119
1 125
1 327
1 426
1 568
1 588
1 589
1 590
1 591
1 592
1 593
1 594
1 595
1 596
1 597
1 655
1 656
1 657
1 658
1 659
1 683
1 705
1 1150
1 1151
1 1152
1 1153
1 1154
1 1155
1 1156
1 1157
1 1158
1 1159
1 1160
1 1161
1 1162
1 1163
1 1164
1 1165
1 1166
1 1167
1 1168
1 1169
1 1170
1 1171
1 1172
1 1173
1 1174
1 1175
1 1176
1 1177
1 1178
1 1179
1 1180
1 1181
1 1182
1 1183
1 1184
1 1185
1 1186
1 1187
1 1188
1 1189
1 1190
1 1191
1 1192
1 1193
1 1194
1 1195
1 1196
1 1197
1 1198
1 1199
1 1200
1 1201
1 1202
1 1203
1 1204
1 1205
1 1206
1 1207
1 1208
1 1209
1 1210
1 1211
1 1212
1 1213
1 1214
1 1215
1 1216
1 1217
1 1218
1 1219
1 1220
1 1221
1 1222
1 1223
1 1224
1 1225
1 1226
1 1227
1 1228
1 1229
1 1230
1 1231
1 1232
1 1233
1 1234
1 1235
1 1236
1 1237
1 1238
1 1239
1 1248
1 1249
1 1250
1 1251
1 1252
1 1253
1 1254
1 1255
1 1256
1 1257
1 1258
1 1259
1 1260
1 1261
1 1262
1 1263
1 1264
1 1265
1 1266
1 1267
1 1268
1 1269
1 1270
1 1271
1 1272
1 1273
1 1274
1 1275
1 1276
1 1277
1 1278
1 1279
2 119
2 125
2 327
2 375
2 376
2 377
2 425
2 426
2 566
2 567
2 588
2 598
2 599
2 600
2 601
2 602
2 603
2 604
2 605
2 606
2 607
2 608
2 609
2 610
2 611
2 612
2 613
2 614
2 615
2 616
2 617
2 618
2 619
2 620
2 621
2 622
2 645
2 646
2 647
2 648
2 649
2 650
2 651
2 652
2 653
2 654
2 682
2 683
2 705
2 1239
2 1248
3 119
3 125
3 327
3 375
3 377
3 378
3 424
3 425
3 566
3 588
3 623
3 624
3 625
3 626
3 627
3 628
3 629
3 630
3 631
3 632
3 633
3 634
3 635
3 636
3 637
3 638
3 639
3 640
3 641
3 642
3 643
3 644
3 672
3 673
3 674
3 675
3 676
3 677
3 678
3 679
3 680
3 681
3 683
3 684
3 685
3 686
3 687
3 704
3 1239
3 1247
4 119
4 125
4 327
4 375
4 378
4 379
4 423
4 424
4 566
4 588
4 663
4 664
4 665
4 666
4 667
4 668
4 669
4 670
4 671
4 688
4 689
4 690
4 691
4 692
4 703
4 704
4 1239
4 1247
5 119
5 125
5 327
5 375
5 379
5 380
5 422
5 423
5 566
5 589
5 590
5 591
5 592
5 593
5 594
5 595
5 596
5 597
5 598
5 599
5 600
5 601
5 654
5 655
5 656
5 657
5 658
5 659
5 660
5 661
5 662
5 693
5 694
5 695
5 696
5 697
5 698
5 699
5 700
5 701
5 702
5 1239
5 1247
6 119
6 125
6 327
6 375
6 380
6 421
6 422
6 567
6 588
6 589
6 602
6 603
6 604
6 605
6 606
6 607
6 608
6 609
6 610
6 611
6 612
6 613
6 614
6 615
6 616
6 617
6 618
6 619
6 620
6 648
6 649
6 650
6 651
6 652
6 653
6 1239
6 1247
7 119
7 125
7 327
7 375
7 381
7 420
7 421
7 567
7 568
7 584
7 585
7 586
7 587
7 621
7 622
7 623
7 646
7 647
7 1239
7 1247
8 119
8 125
8 327
8 375
8 381
8 419
8 420
8 568
8 569
8 580
8 581
8 582
8 583
8 624
8 625
8 626
8 627
8 643
8 644
8 645
8 1239
8 1247
9 119
9 125
9 327
9 375
9 381
9 384
9 418
9 419
9 569
9 570
9 571
9 572
9 573
9 574
9 575
9 576
9 577
9 578
9 579
9 628
9 629
9 630
9 640
9 641
9 642
9 1239
9 1247
10 119
10 125
10 327
10 375
10 381
10 384
10 385
10 417
10 418
10 631
10 632
10 638
10 639
10 1239
10 1247
11 119
11 125
11 327
11 375
11 381
11 385
11 386
11 416
11 417
11 632
11 638
11 1239
11 1247
12 119
12 125
12 327
12 375
12 381
12 386
12 387
12 415
12 416
12 632
12 637
12 1239
12 1247
13 119
13 125
13 327
13 375
13 381
13 387
13 388
13 414
13 415
13 632
13 637
13 1239
13 1247
14 119
14 125
14 327
14 375
14 381
14 388
14 389
14 414
14 632
14 637
14 1239
14 1247
15 119
15 125
15 327
15 375
15 381
15 389
15 390
15 411
15 413
15 632
15 637
15 1239
15 1247
16 118
16 125
16 327
16 375
16 381
16 390
16 391
16 410
16 411
16 413
16 632
16 637
16 1239
16 1247
17 118
17 125
17 327
17 375
17 381
17 391
17 392
17 409
17 410
17 413
17 632
17 637
17 1239
17 1247
18 118
18 125
18 327
18 375
18 381
18 392
18 393
18 408
18 409
18 413
18 632
18 637
18 1027
18 1028
18 1029
18 1030
18 1239
18 1247
19 118
19 125
19 327
19 375
19 381
19 393
19 394
19 407
19 408
19 413
19 632
19 637
19 1026
19 1027
19 1030
19 1239
19 1247
20 118
20 125
20 327
20 375
20 382
20 394
20 395
20 406
20 407
20 413
20 632
20 637
20 1025
20 1026
20 1030
20 1239
20 1247
21 118
21 125
21 327
21 375
21 382
21 395
21 405
21 406
21 413
21 632
21 637
21 1024
21 1025
21 1030
21 1239
21 1247
22 118
22 125
22 327
22 375
22 382
22 384
22 385
22 395
22 396
22 403
22 404
22 413
22 632
22 637
22 1022
22 1023
22 1030
22 1239
22 1247
23 118
23 125
23 326
23 375
23 381
23 386
23 387
23 395
23 398
23 402
23 403
23 413
23 632
23 637
23 1021
23 1022
23 1030
23 1239
23 1247
24 118
24 125
24 326
24 375
24 381
24 388
24 389
24 395
24 398
24 399
24 401
24 402
24 413
24 632
24 637
24 1020
24 1021
24 1030
24 1239
24 1247
25 118
25 125
25 325
25 375
25 380
25 390
25 391
25 395
25 399
25 400
25 401
25 413
25 632
25 637
25 1019
25 1020
25 1030
25 1239
25 1247
26 118
26 125
26 325
26 375
26 380
26 392
26 393
26 395
26 413
26 632
26 637
26 1018
26 1019
26 1030
26 1239
26 1247
27 118
27 125
27 325
27 375
27 380
27 395
27 396
27 413
27 632
27 637
27 1017
27 1018
27 1030
27 1239
27 1247
28 118
28 125
28 326
28 375
28 380
28 396
28 397
28 413
28 632
28 637
28 1016
28 1017
28 1030
28 1239
28 1247
29 118
29 125
29 326
29 375
29 380
29 398
29 399
29 413
29 632
29 637
29 1014
29 1015
29 1030
29 1239
29 1247
30 118
30 125
30 327
30 375
30 380
30 400
30 401
30 413
30 632
30 637
30 1013
30 1014
30 1030
30 1239
30 1247
31 118
31 125
31 327
31 375
31 380
31 401
31 413
31 632
31 637
31 1012
31 1013
31 1030
31 1239
31 1247
32 118
32 125
32 327
32 375
32 380
32 401
32 413
32 632
32 637
32 1011
32 1012
32 1030
32 1069
32 1070
32 1071
32 1072
32 1073
32 1074
32 1075
32 1076
32 1077
32 1078
32 1239
32 1247
33 118
33 125
33 327
33 375
33 379
33 401
33 413
33 632
33 637
33 1010
33 1030
33 1065
33 1066
33 1067
33 1068
33 1079
33 1080
33 1081
33 1239
33 1247
34 118
34 125
34 327
34 375
34 379
34 402
34 413
34 632
34 637
34 1009
34 1030
34 1063
34 1064
34 1082
34 1239
34 1247
35 118
35 125
35 327
35 375
35 379
35 402
35 403
35 413
35 632
35 637
35 1009
35 1030
35 1062
35 1063
35 1083
35 1239
35 1247
36 118
36 125
36 327
36 375
36 379
36 403
36 413
36 631
36 637
36 1009
36 1030
36 1061
36 1062
36 1083
36 1239
36 1247
37 118
37 125
37 327
37 375
37 378
37 403
37 413
37 631
37 637
37 1009
37 1030
37 1061
37 1083
37 1239
37 1247
38 118
38 125
38 319
38 320
38 321
38 322
38 323
38 324
38 325
38 326
38 327
38 375
38 378
38 403
38 413
38 631
38 637
38 1009
38 1030
38 1060
38 1083
38 1239
38 1247
39 118
39 125
39 318
39 375
39 377
39 378
39 380
39 403
39 413
39 631
39 637
39 1009
39 1030
39 1059
39 1060
39 1084
39 1239
39 1247
40 118
40 125
40 317
40 375
40 377
40 381
40 382
40 403
40 413
40 631
40 637
40 1009
40 1030
40 1058
40 1059
40 1084
40 1085
40 1239
40 1247
41 118
41 125
41 317
41 375
41 376
41 377
41 383
41 384
41 385
41 403
41 413
41 631
41 637
41 1009
41 1030
41 1054
41 1055
41 1056
41 1057
41 1085
41 1239
41 1247
42 118
42 125
42 317
42 376
42 386
42 403
42 413
42 631
42 637
42 1009
42 1029
42 1053
42 1085
42 1239
42 1247
43 118
43 125
43 317
43 375
43 387
43 403
43 413
43 631
43 637
43 1009
43 1029
43 1052
43 1086
43 1239
43 1247
44 118
44 125
44 310
44 311
44 312
44 313
44 314
44 315
44 316
44 317
44 375
44 388
44 389
44 403
44 413
44 631
44 637
44 1009
44 1029
44 1050
44 1051
44 1086
44 1239
44 1247
45 117
45 125
45 307
45 308
45 309
45 375
45 390
45 391
45 403
45 413
45 631
45 637
45 1009
45 1029
45 1049
45 1050
45 1086
45 1239
45 1247
46 117
46 125
46 302
46 303
46 304
46 305
46 306
46 376
46 377
46 392
46 393
46 394
46 403
46 413
46 631
46 637
46 1009
46 1029
46 1049
46 1086
46 1239
46 1247
47 117
47 125
47 300
47 301
47 378
47 379
47 380
47 395
47 403
47 413
47 631
47 637
47 1009
47 1029
47 1048
47 1086
47 1239
47 1247
48 117
48 125
48 299
48 381
48 382
48 383
48 384
48 385
48 386
48 387
48 388
48 396
48 398
48 403
48 413
48 631
48 637
48 1009
48 1029
48 1048
48 1086
48 1239
48 1247
49 117
49 125
49 298
49 389
49 390
49 391
49 392
49 393
49 394
49 395
49 399
49 400
49 401
49 402
49 403
49 413
49 631
49 637
49 1009
49 1029
49 1047
49 1086
49 1239
49 1247
50 117
50 124
50 298
50 413
50 631
50 637
50 1009
50 1029
50 1047
50 1086
50 1239
50 1247
51 117
51 124
51 297
51 398
51 413
51 631
51 637
51 1009
51 1029
51 1047
51 1087
51 1239
51 1247
52 117
52 124
52 297
52 399
52 413
52 631
52 637
52 1009
52 1029
52 1041
52 1042
52 1043
52 1044
52 1045
52 1046
52 1047
52 1087
52 1088
52 1239
52 1247
53 117
53 124
53 298
53 400
53 413
53 631
53 637
53 1009
53 1029
53 1039
53 1040
53 1088
53 1089
53 1239
53 1247
54 117
54 124
54 298
54 400
54 413
54 631
54 637
54 865
54 866
54 867
54 868
54 869
54 870
54 871
54 872
54 1009
54 1029
54 1039
54 1089
54 1090
54 1239
54 1247
55 117
55 124
55 298
55 400
55 413
55 631
55 637
55 863
55 864
55 873
55 874
55 1009
55 1029
55 1039
55 1090
55 1091
55 1239
55 1247
56 117
56 124
56 299
56 400
56 413
56 631
56 637
56 863
56 874
56 1009
56 1029
56 1039
56 1040
56 1091
56 1092
56 1239
56 1247
57 117
57 124
57 299
57 401
57 413
57 631
57 637
57 862
57 875
57 1009
57 1029
57 1040
57 1041
57 1092
57 1093
57 1239
57 1246
58 117
58 124
58 300
58 401
58 413
58 631
58 637
58 862
58 876
58 877
58 1009
58 1029
58 1042
58 1043
58 1094
58 1095
58 1096
58 1097
58 1098
58 1099
58 1100
58 1101
58 1102
58 1103
58 1104
58 1238
58 1245
59 117
59 124
59 301
59 302
59 303
59 304
59 401
59 413
59 631
59 637
59 862
59 877
59 878
59 995
59 1009
59 1029
59 1043
59 1105
59 1106
59 1238
59 1245
60 113
60 114
60 115
60 117
60 125
60 305
60 306
60 307
60 401
60 413
60 631
60 637
60 862
60 878
60 993
60 994
60 996
60 997
60 1009
60 1029
60 1042
60 1043
60 1106
60 1238
60 1245
61 110
61 111
61 112
61 117
61 125
61 143
61 144
61 145
61 146
61 147
61 308
61 309
61 310
61 311
61 401
61 413
61 631
61 637
61 863
61 879
61 992
61 998
61 999
61 1009
61 1029
61 1040
61 1041
61 1107
61 1238
61 1245
62 108
62 109
62 117
62 125
62 141
62 142
62 148
62 149
62 312
62 313
62 314
62 315
62 400
62 413
62 631
62 637
62 863
62 879
62 991
62 999
62 1000
62 1009
62 1029
62 1039
62 1040
62 1107
62 1108
62 1238
62 1245
63 108
63 117
63 125
63 140
63 141
63 149
63 150
63 316
63 317
63 399
63 400
63 413
63 631
63 636
63 864
63 880
63 992
63 1001
63 1002
63 1009
63 1029
63 1039
63 1108
63 1238
63 1245
64 107
64 117
64 124
64 127
64 139
64 140
64 150
64 398
64 399
64 413
64 631
64 636
64 864
64 880
64 881
64 992
64 993
64 1002
64 1003
64 1009
64 1029
64 1038
64 1109
64 1238
64 1245
65 0
65 1
65 107
65 117
65 124
65 127
65 128
65 138
65 139
65 151
65 277
65 278
65 279
65 280
65 281
65 282
65 283
65 284
65 285
65 286
65 287
65 288
65 289
65 290
65 291
65 292
65 293
65 294
65 295
65 296
65 297
65 298
65 299
65 300
65 301
65 302
65 303
65 304
65 305
65 306
65 307
65 308
65 309
65 310
65 311
65 312
65 313
65 314
65 315
65 316
65 397
65 398
65 413
65 631
65 636
65 865
65 881
65 984
65 985
65 986
65 987
65 988
65 989
65 990
65 993
65 994
65 1003
65 1004
65 1009
65 1030
65 1031
65 1032
65 1033
65 1034
65 1035
65 1036
65 1037
65 1038
65 1109
65 1238
65 1245
66 2
66 3
66 4
66 106
66 117
66 124
66 128
66 138
66 151
66 152
66 276
66 317
66 393
66 394
66 395
66 413
66 631
66 636
66 865
66 882
66 982
66 983
66 995
66 996
66 1004
66 1005
66 1009
66 1030
66 1109
66 1238
66 1245
67 5
67 6
67 106
67 117
67 124
67 129
67 137
67 152
67 153
67 275
67 317
67 390
67 391
67 392
67 395
67 413
67 631
67 636
67 865
67 882
67 981
67 997
67 998
67 1005
67 1006
67 1009
67 1029
67 1110
67 1238
67 1245
68 7
68 8
68 105
68 117
68 124
68 129
68 137
68 153
68 275
68 317
68 386
68 387
68 388
68 389
68 395
68 413
68 631
68 636
68 860
68 861
68 862
68 863
68 864
68 865
68 883
68 980
68 999
68 1000
68 1006
68 1007
68 1009
68 1029
68 1110
68 1238
68 1245
69 9
69 10
69 105
69 117
69 124
69 130
69 131
69 132
69 133
69 134
69 135
69 136
69 137
69 153
69 156
69 275
69 317
69 384
69 385
69 395
69 413
69 631
69 636
69 859
69 860
69 883
69 884
69 980
69 1001
69 1002
69 1005
69 1006
69 1009
69 1029
69 1111
69 1112
69 1238
69 1245
70 11
70 12
70 26
70 27
70 104
70 117
70 124
70 153
70 155
70 157
70 158
70 159
70 160
70 275
70 317
70 384
70 395
70 413
70 631
70 636
70 851
70 852
70 853
70 854
70 855
70 856
70 857
70 858
70 884
70 979
70 1002
70 1003
70 1004
70 1005
70 1009
70 1029
70 1113
70 1114
70 1238
70 1245
71 12
71 13
71 25
71 26
71 104
71 117
71 124
71 152
71 161
71 162
71 275
71 317
71 383
71 395
71 413
71 631
71 636
71 849
71 850
71 885
71 980
71 1010
71 1029
71 1114
71 1115
71 1116
71 1238
71 1245
72 14
72 15
72 25
72 27
72 103
72 117
72 124
72 152
72 163
72 275
72 314
72 315
72 316
72 317
72 383
72 395
72 413
72 631
72 636
72 847
72 848
72 849
72 885
72 980
72 981
72 1005
72 1010
72 1029
72 1117
72 1118
72 1238
72 1245
73 15
73 16
73 24
73 27
73 34
73 103
73 116
73 124
73 152
73 154
73 163
73 275
73 306
73 307
73 308
73 309
73 310
73 311
73 312
73 313
73 383
73 395
73 413
73 631
73 636
73 842
73 843
73 844
73 845
73 846
73 886
73 981
73 982
73 1005
73 1010
73 1029
73 1119
73 1120
73 1238
73 1245
74 16
74 17
74 23
74 24
74 28
74 33
74 35
74 36
74 37
74 102
74 116
74 124
74 151
74 154
74 163
74 275
74 302
74 303
74 304
74 305
74 383
74 395
74 413
74 474
74 475
74 631
74 636
74 839
74 840
74 841
74 886
74 887
74 982
74 983
74 1005
74 1010
74 1029
74 1120
74 1238
74 1245
75 18
75 19
75 20
75 21
75 22
75 23
75 28
75 32
75 38
75 39
75 102
75 116
75 124
75 152
75 153
75 154
75 163
75 275
75 301
75 383
75 395
75 413
75 471
75 472
75 473
75 476
75 477
75 631
75 636
75 837
75 838
75 887
75 888
75 889
75 890
75 891
75 892
75 893
75 894
75 895
75 896
75 897
75 898
75 899
75 983
75 1005
75 1010
75 1029
75 1121
75 1238
75 1245
76 28
76 32
76 40
76 41
76 42
76 43
76 44
76 45
76 46
76 47
76 48
76 54
76 55
76 56
76 102
76 116
76 124
76 163
76 275
76 300
76 384
76 385
76 386
76 387
76 388
76 389
76 390
76 391
76 392
76 393
76 394
76 395
76 413
76 469
76 470
76 478
76 479
76 631
76 636
76 835
76 836
76 900
76 984
76 1005
76 1009
76 1029
76 1121
76 1122
76 1238
76 1245
77 28
77 32
77 49
77 50
77 51
77 52
77 53
77 56
77 57
77 101
77 116
77 124
77 163
77 275
77 300
77 397
77 413
77 469
77 479
77 631
77 636
77 835
77 900
77 984
77 1005
77 1009
77 1029
77 1122
77 1123
77 1238
77 1245
77 1264
77 1265
77 1266
77 1267
77 1268
77 1269
77 1270
77 1271
77 1272
77 1273
77 1274
77 1275
77 1276
77 1277
77 1278
77 1279
78 28
78 32
78 57
78 58
78 101
78 116
78 124
78 163
78 275
78 299
78 398
78 413
78 468
78 479
78 631
78 636
78 834
78 900
78 985
78 1005
78 1008
78 1029
78 1123
78 1238
78 1246
78 1247
78 1248
78 1249
78 1250
78 1251
78 1252
78 1253
78 1254
78 1255
78 1256
78 1257
78 1258
78 1259
78 1260
78 1261
78 1262
78 1263
79 28
79 32
79 58
79 59
79 60
79 102
79 103
79 116
79 124
79 163
79 275
79 299
79 399
79 413
79 468
79 479
79 631
79 636
79 834
79 901
79 985
79 1005
79 1008
79 1029
79 1124
79 1238
79 1246
80 28
80 32
80 38
80 39
80 40
80 61
80 62
80 63
80 64
80 72
80 73
80 74
80 75
80 103
80 104
80 116
80 124
80 163
80 164
80 165
80 166
80 275
80 299
80 399
80 413
80 468
80 479
80 631
80 636
80 834
80 901
80 973
80 974
80 985
80 1005
80 1008
80 1029
80 1124
80 1125
80 1238
80 1245
81 29
81 31
81 37
81 38
81 41
81 42
81 65
81 66
81 67
81 68
81 69
81 70
81 71
81 75
81 76
81 88
81 89
81 92
81 93
81 94
81 104
81 105
81 116
81 124
81 167
81 168
81 169
81 170
81 171
81 275
81 299
81 400
81 413
81 468
81 479
81 631
81 636
81 828
81 829
81 830
81 831
81 832
81 833
81 834
81 901
81 972
81 975
81 976
81 985
81 1005
81 1008
81 1013
81 1014
81 1015
81 1016
81 1017
81 1018
81 1029
81 1125
81 1126
81 1238
81 1245
82 29
82 37
82 42
82 43
82 76
82 77
82 85
82 86
82 87
82 90
82 91
82 95
82 96
82 105
82 106
82 116
82 124
82 172
82 173
82 275
82 299
82 400
82 413
82 468
82 479
82 631
82 636
82 826
82 827
82 901
82 971
82 977
82 985
82 1005
82 1008
82 1012
82 1019
82 1029
82 1126
82 1238
82 1245
83 29
83 37
83 38
83 44
83 45
83 77
83 78
83 84
83 90
83 95
83 106
83 107
83 116
83 124
83 174
83 175
83 176
83 275
83 299
83 400
83 413
83 468
83 479
83 631
83 636
83 825
83 826
83 901
83 958
83 971
83 978
83 984
83 1005
83 1008
83 1011
83 1019
83 1029
83 1127
83 1238
83 1245
84 30
84 31
84 39
84 40
84 46
84 47
84 79
84 80
84 83
84 90
84 95
84 107
84 108
84 116
84 124
84 177
84 178
84 275
84 300
84 400
84 413
84 468
84 479
84 631
84 636
84 824
84 825
84 901
84 956
84 957
84 959
84 960
84 961
84 970
84 978
84 979
84 980
84 981
84 982
84 983
84 1005
84 1008
84 1011
84 1019
84 1029
84 1127
84 1128
84 1238
84 1245
85 40
85 47
85 81
85 90
85 95
85 108
85 116
85 124
85 179
85 275
85 300
85 400
85 413
85 468
85 479
85 631
85 636
85 824
85 901
85 956
85 962
85 970
85 1005
85 1008
85 1011
85 1019
85 1029
85 1129
85 1238
85 1245
86 41
86 48
86 82
86 83
86 90
86 95
86 98
86 109
86 116
86 124
86 180
86 275
86 300
86 400
86 415
86 416
86 417
86 418
86 419
86 420
86 421
86 422
86 423
86 424
86 425
86 426
86 427
86 428
86 429
86 430
86 431
86 432
86 433
86 434
86 435
86 436
86 437
86 438
86 439
86 440
86 441
86 442
86 443
86 444
86 445
86 446
86 447
86 448
86 449
86 450
86 451
86 452
86 453
86 454
86 455
86 456
86 457
86 458
86 459
86 460
86 461
86 462
86 463
86 464
86 465
86 466
86 467
86 468
86 479
86 575
86 576
86 577
86 578
86 579
86 580
86 581
86 582
86 583
86 584
86 585
86 586
86 587
86 588
86 589
86 590
86 591
86 594
86 595
86 631
86 636
86 652
86 653
86 654
86 655
86 656
86 657
86 823
86 902
86 955
86 963
86 964
86 965
86 966
86 967
86 968
86 969
86 1005
86 1008
86 1011
86 1019
86 1029
86 1130
86 1238
86 1245
87 42
87 43
87 49
87 50
87 90
87 95
87 98
87 116
87 124
87 181
87 182
87 188
87 189
87 190
87 243
87 244
87 245
87 246
87 247
87 248
87 249
87 250
87 251
87 252
87 253
87 254
87 255
87 275
87 301
87 400
87 414
87 479
87 574
87 592
87 593
87 596
87 597
87 598
87 599
87 600
87 601
87 602
87 603
87 604
87 605
87 606
87 629
87 630
87 631
87 637
87 638
87 639
87 640
87 643
87 644
87 645
87 646
87 647
87 648
87 649
87 650
87 651
87 658
87 823
87 902
87 955
87 1005
87 1008
87 1011
87 1019
87 1029
87 1131
87 1132
87 1238
87 1245
88 44
88 45
88 50
88 51
88 90
88 95
88 98
88 107
88 108
88 116
88 124
88 183
88 188
88 190
88 191
88 241
88 242
88 256
88 257
88 275
88 301
88 302
88 400
88 413
88 479
88 573
88 607
88 608
88 609
88 610
88 611
88 612
88 613
88 614
88 615
88 616
88 617
88 618
88 619
88 620
88 621
88 622
88 623
88 624
88 625
88 626
88 627
88 628
88 641
88 642
88 658
88 823
88 902
88 955
88 1005
88 1008
88 1011
88 1019
88 1028
88 1132
88 1133
88 1238
88 1245
89 45
89 46
89 52
89 53
89 90
89 95
89 98
89 106
89 107
89 116
89 124
89 184
89 188
89 191
89 192
89 210
89 240
89 241
89 257
89 275
89 302
89 303
89 304
89 305
89 306
89 400
89 413
89 479
89 574
89 575
89 576
89 577
89 578
89 579
89 592
89 593
89 594
89 595
89 652
89 653
89 654
89 655
89 656
89 657
89 658
89 817
89 818
89 819
89 820
89 821
89 822
89 902
89 955
89 1005
89 1008
89 1011
89 1019
89 1028
89 1134
89 1135
89 1238
89 1245
89 1264
89 1265
89 1266
89 1267
89 1268
89 1269
89 1270
89 1271
89 1272
89 1273
89 1274
89 1275
89 1276
89 1277
89 1278
89 1279
90 47
90 48
90 54
90 55
90 90
90 95
90 98
90 105
90 106
90 116
90 124
90 184
90 185
90 188
90 192
90 193
90 209
90 211
90 212
90 213
90 214
90 215
90 239
90 240
90 258
90 275
90 307
90 308
90 309
90 310
90 400
90 413
90 444
90 445
90 446
90 447
90 448
90 449
90 450
90 451
90 452
90 453
90 454
90 455
90 456
90 457
90 458
90 459
90 460
90 461
90 462
90 463
90 464
90 465
90 466
90 467
90 479
90 580
90 581
90 582
90 583
90 584
90 585
90 586
90 587
90 588
90 589
90 590
90 591
90 592
90 596
90 597
90 598
90 599
90 600
90 601
90 602
90 603
90 604
90 605
90 606
90 607
90 628
90 629
90 637
90 641
90 642
90 643
90 644
90 645
90 646
90 647
90 648
90 649
90 650
90 651
90 816
90 902
90 954
90 1005
90 1008
90 1011
90 1019
90 1028
90 1135
90 1238
90 1246
90 1247
90 1248
90 1249
90 1250
90 1251
90 1252
90 1253
90 1254
90 1255
90 1258
90 1259
90 1260
90 1261
90 1262
90 1263
91 48
91 49
91 55
91 56
91 90
91 95
91 99
91 103
91 104
91 116
91 124
91 185
91 186
91 188
91 193
91 194
91 208
91 216
91 217
91 218
91 238
91 239
91 258
91 259
91 275
91 311
91 312
91 314
91 315
91 399
91 414
91 415
91 416
91 417
91 418
91 419
91 420
91 421
91 422
91 423
91 424
91 425
91 426
91 427
91 428
91 429
91 430
91 431
91 432
91 433
91 434
91 435
91 436
91 437
91 438
91 439
91 440
91 441
91 442
91 443
91 468
91 479
91 609
91 610
91 611
91 612
91 613
91 619
91 620
91 621
91 630
91 636
91 815
91 902
91 954
91 1005
91 1008
91 1011
91 1019
91 1028
91 1134
91 1135
91 1238
91 1246
91 1256
91 1257
92 50
92 51
92 57
92 58
92 90
92 95
92 99
92 100
92 101
92 102
92 103
92 116
92 124
92 186
92 194
92 195
92 208
92 219
92 236
92 237
92 259
92 260
92 275
92 311
92 316
92 398
92 399
92 468
92 478
92 614
92 618
92 630
92 636
92 815
92 903
92 954
92 1005
92 1008
92 1011
92 1019
92 1028
92 1132
92 1133
92 1238
92 1245
92 1255
92 1256
93 51
93 52
93 58
93 59
93 90
93 95
93 116
93 124
93 195
93 208
93 219
93 234
93 235
93 260
93 275
93 316
93 397
93 413
93 468
93 478
93 614
93 617
93 630
93 636
93 816
93 903
93 953
93 1004
93 1008
93 1011
93 1019
93 1028
93 1130
93 1131
93 1238
93 1245
93 1253
93 1254
94 53
94 54
94 60
94 61
94 90
94 95
94 116
94 124
94 196
94 208
94 219
94 230
94 231
94 232
94 233
94 234
94 261
94 275
94 316
94 392
94 393
94 394
94 395
94 413
94 468
94 478
94 614
94 617
94 630
94 636
94 816
94 817
94 904
94 905
94 953
94 1004
94 1008
94 1011
94 1019
94 1028
94 1128
94 1129
94 1238
94 1245
94 1252
94 1253
95 55
95 56
95 62
95 63
95 90
95 95
95 116
95 124
95 196
95 197
95 207
95 219
95 225
95 226
95 227
95 228
95 229
95 261
95 262
95 275
95 316
95 389
95 390
95 391
95 395
95 413
95 468
95 478
95 614
95 617
95 630
95 636
95 707
95 708
95 709
95 710
95 711
95 712
95 713
95 714
95 715
95 716
95 717
95 718
95 719
95 720
95 721
95 722
95 723
95 724
95 725
95 726
95 727
95 728
95 729
95 818
95 906
95 907
95 908
95 909
95 910
95 911
95 912
95 913
95 914
95 915
95 953
95 1004
95 1008
95 1011
95 1019
95 1028
95 1121
95 1122
95 1123
95 1124
95 1125
95 1126
95 1127
95 1238
95 1245
95 1250
95 1251
96 56
96 57
96 63
96 64
96 90
96 95
96 116
96 124
96 197
96 198
96 207
96 219
96 224
96 262
96 263
96 275
96 316
96 354
96 386
96 387
96 388
96 395
96 413
96 468
96 478
96 614
96 617
96 630
96 636
96 704
96 705
96 706
96 730
96 731
96 732
96 818
96 916
96 917
96 953
96 1004
96 1008
96 1011
96 1019
96 1028
96 1119
96 1120
96 1238
96 1245
96 1249
96 1250
97 58
97 59
97 65
97 66
97 90
97 95
97 116
97 124
97 198
97 199
97 206
97 220
97 223
97 263
97 275
97 353
97 355
97 356
97 357
97 358
97 359
97 360
97 361
97 362
97 363
97 364
97 365
97 384
97 385
97 395
97 413
97 468
97 478
97 614
97 617
97 630
97 636
97 702
97 703
97 733
97 734
97 817
97 818
97 918
97 919
97 920
97 921
97 922
97 923
97 924
97 925
97 926
97 927
97 928
97 929
97 930
97 931
97 953
97 1004
97 1008
97 1011
97 1019
97 1028
97 1119
97 1238
97 1246
97 1247
97 1248
98 59
98 60
98 66
98 67
98 68
98 90
98 95
98 116
98 124
98 199
98 200
98 206
98 220
98 223
98 264
98 275
98 317
98 318
98 319
98 320
98 321
98 322
98 323
98 352
98 366
98 384
98 395
98 413
98 468
98 478
98 614
98 617
98 630
98 636
98 700
98 701
98 735
98 736
98 787
98 788
98 789
98 790
98 791
98 792
98 805
98 806
98 815
98 816
98 932
98 933
98 934
98 935
98 936
98 937
98 953
98 1004
98 1008
98 1011
98 1019
98 1028
98 1119
98 1238
99 61
99 62
99 69
99 70
99 90
99 95
99 116
99 124
99 200
99 201
99 205
99 220
99 223
99 264
99 265
99 275
99 317
99 324
99 325
99 352
99 366
99 383
99 395
99 413
99 468
99 478
99 614
99 617
99 630
99 636
99 698
99 699
99 737
99 738
99 785
99 786
99 793
99 794
99 795
99 796
99 797
99 798
99 799
99 800
99 801
99 802
99 803
99 804
99 807
99 808
99 814
99 815
99 938
99 939
99 953
99 1004
99 1008
99 1011
99 1019
99 1028
99 1119
99 1120
99 1238
99 1245
100 63
100 64
100 71
100 72
100 90
100 95
100 116
100 124
100 201
100 205
100 220
100 224
100 265
100 275
100 326
100 352
100 366
100 383
100 395
100 413
100 468
100 478
100 614
100 617
100 630
100 636
100 697
100 698
100 739
100 740
100 741
100 783
100 784
100 809
100 810
100 813
100 940
100 941
100 942
100 943
100 952
100 1004
100 1008
100 1011
100 1019
100 1028
100 1120
100 1121
100 1238
100 1245
101 64
101 65
101 72
101 73
101 90
101 95
101 116
101 124
101 201
101 204
101 220
101 224
101 265
101 274
101 327
101 352
101 366
101 383
101 395
101 413
101 468
101 478
101 614
101 617
101 630
101 636
101 695
101 696
101 742
101 743
101 782
101 783
101 810
101 944
101 945
101 952
101 1004
101 1008
101 1011
101 1019
101 1028
101 1121
101 1122
101 1238
101 1245
102 38
102 39
102 40
102 41
102 42
102 43
102 44
102 45
102 46
102 47
102 48
102 49
102 50
102 51
102 52
102 53
102 66
102 67
102 68
102 74
102 75
102 90
102 95
102 116
102 124
102 202
102 203
102 204
102 221
102 222
102 223
102 224
102 265
102 274
102 327
102 352
102 366
102 383
102 395
102 413
102 468
102 478
102 614
102 617
102 630
102 636
102 694
102 695
102 743
102 744
102 780
102 781
102 811
102 812
102 946
102 947
102 948
102 949
102 952
102 1004
102 1008
102 1011
102 1019
102 1028
102 1122
102 1123
102 1238
102 1245
102 1278
102 1279
103 37
103 54
103 55
103 56
103 57
103 58
103 59
103 60
103 61
103 62
103 63
103 64
103 75
103 76
103 90
103 95
103 116
103 124
103 265
103 274
103 327
103 352
103 366
103 376
103 377
103 378
103 379
103 380
103 381
103 382
103 383
103 395
103 413
103 469
103 478
103 614
103 617
103 630
103 636
103 693
103 694
103 744
103 745
103 780
103 950
103 951
103 952
103 1004
103 1008
103 1011
103 1019
103 1028
103 1123
103 1237
103 1238
103 1245
103 1275
103 1276
103 1277
104 36
104 67
104 68
104 77
104 78
104 89
104 95
104 116
104 124
104 264
104 274
104 328
104 330
104 331
104 332
104 333
104 334
104 335
104 336
104 337
104 338
104 339
104 340
104 341
104 342
104 343
104 344
104 345
104 346
104 347
104 348
104 349
104 350
104 351
104 352
104 366
104 375
104 395
104 413
104 469
104 470
104 471
104 472
104 473
104 474
104 475
104 476
104 477
104 614
104 617
104 630
104 636
104 691
104 692
104 746
104 747
104 779
104 1004
104 1008
104 1011
104 1019
104 1028
104 1124
104 1235
104 1236
104 1245
104 1271
104 1272
104 1273
104 1274
105 36
105 79
105 80
105 89
105 95
105 116
105 124
105 265
105 274
105 328
105 352
105 366
105 375
105 395
105 413
105 614
105 617
105 630
105 636
105 689
105 690
105 747
105 748
105 772
105 773
105 774
105 775
105 776
105 777
105 778
105 779
105 1004
105 1008
105 1011
105 1019
105 1028
105 1234
105 1235
105 1238
105 1245
105 1268
105 1269
105 1270
106 37
106 38
106 39
106 40
106 41
106 42
106 43
106 44
106 45
106 46
106 47
106 48
106 49
106 50
106 51
106 52
106 53
106 54
106 55
106 56
106 57
106 58
106 59
106 60
106 61
106 62
106 63
106 64
106 65
106 66
106 67
106 68
106 69
106 70
106 71
106 72
106 73
106 74
106 80
106 81
106 89
106 95
106 116
106 124
106 265
106 266
106 274
106 328
106 352
106 366
106 375
106 395
106 413
106 614
106 617
106 630
106 636
106 687
106 688
106 748
106 770
106 771
106 1004
106 1008
106 1011
106 1019
106 1028
106 1124
106 1125
106 1126
106 1127
106 1171
106 1172
106 1173
106 1174
106 1175
106 1176
106 1177
106 1178
106 1179
106 1232
106 1233
106 1238
106 1245
106 1265
106 1266
106 1267
107 75
107 76
107 82
107 83
107 89
107 95
107 116
107 124
107 266
107 274
107 328
107 352
107 367
107 368
107 369
107 370
107 371
107 372
107 373
107 374
107 375
107 395
107 413
107 614
107 617
107 630
107 636
107 687
107 749
107 768
107 769
107 1004
107 1008
107 1011
107 1019
107 1028
107 1123
107 1124
107 1128
107 1129
107 1130
107 1131
107 1132
107 1133
107 1134
107 1135
107 1136
107 1137
107 1138
107 1139
107 1140
107 1141
107 1142
107 1143
107 1144
107 1145
107 1146
107 1147
107 1148
107 1169
107 1170
107 1180
107 1230
107 1231
107 1238
107 1245
107 1263
107 1264
108 76
108 77
108 83
108 84
108 89
108 95
108 116
108 124
108 267
108 272
108 274
108 328
108 352
108 367
108 395
108 413
108 614
108 617
108 630
108 636
108 686
108 749
108 768
108 1004
108 1008
108 1011
108 1019
108 1028
108 1122
108 1123
108 1149
108 1150
108 1151
108 1152
108 1153
108 1154
108 1155
108 1156
108 1157
108 1158
108 1159
108 1160
108 1161
108 1162
108 1163
108 1164
108 1165
108 1166
108 1167
108 1168
108 1169
108 1181
108 1182
108 1183
108 1184
108 1185
108 1186
108 1187
108 1188
108 1189
108 1190
108 1191
108 1192
108 1193
108 1194
108 1195
108 1196
108 1197
108 1198
108 1199
108 1200
108 1201
108 1202
108 1229
108 1230
108 1238
108 1245
108 1261
108 1262
109 78
109 79
109 85
109 86
109 95
109 116
109 124
109 267
109 268
109 269
109 270
109 271
109 274
109 328
109 352
109 366
109 395
109 413
109 614
109 617
109 630
109 636
109 686
109 749
109 767
109 1004
109 1008
109 1011
109 1019
109 1028
109 1122
109 1203
109 1204
109 1205
109 1206
109 1207
109 1208
109 1209
109 1210
109 1211
109 1212
109 1213
109 1214
109 1215
109 1216
109 1217
109 1218
109 1219
109 1220
109 1221
109 1222
109 1223
109 1224
109 1225
109 1226
109 1227
109 1228
109 1238
109 1245
109 1260
109 1261
110 79
110 80
110 87
110 88
110 95
110 116
110 124
110 274
110 328
110 352
110 366
110 395
110 413
110 614
110 617
110 630
110 636
110 685
110 749
110 766
110 767
110 1004
110 1008
110 1011
110 1019
110 1027
110 1028
110 1121
110 1230
110 1231
110 1238
110 1245
110 1259
110 1260
111 81
111 82
111 88
111 89
111 95
111 116
111 124
111 274
111 328
111 352
111 366
111 395
111 413
111 614
111 617
111 630
111 636
111 685
111 750
111 761
111 762
111 763
111 764
111 765
111 1004
111 1008
111 1010
111 1019
111 1025
111 1026
111 1121
111 1148
111 1149
111 1158
111 1159
111 1160
111 1161
111 1162
111 1163
111 1164
111 1165
111 1166
111 1224
111 1225
111 1226
111 1227
111 1232
111 1233
111 1234
111 1235
111 1236
111 1237
111 1245
111 1257
111 1258
112 82
112 83
112 89
112 95
112 116
112 124
112 274
112 328
112 352
112 366
112 395
112 413
112 614
112 617
112 630
112 636
112 684
112 750
112 759
112 760
112 1004
112 1008
112 1010
112 1019
112 1024
112 1025
112 1120
112 1138
112 1139
112 1140
112 1141
112 1142
112 1143
112 1144
112 1145
112 1146
112 1147
112 1167
112 1168
112 1222
112 1223
112 1238
112 1247
112 1248
112 1249
112 1250
112 1251
112 1252
112 1253
112 1254
112 1255
112 1256
112 1257
113 84
113 85
113 89
113 95
113 116
113 124
113 274
113 328
113 352
113 366
113 395
113 413
113 614
113 617
113 630
113 636
113 684
113 751
113 758
113 759
113 1004
113 1008
113 1010
113 1019
113 1022
113 1023
113 1120
113 1136
113 1137
113 1169
113 1170
113 1220
113 1221
113 1238
113 1246
114 86
114 87
114 89
114 94
114 116
114 124
114 274
114 328
114 352
114 366
114 395
114 413
114 582
114 583
114 584
114 585
114 586
114 614
114 617
114 630
114 637
114 683
114 751
114 752
114 753
114 754
114 755
114 756
114 757
114 1004
114 1008
114 1010
114 1020
114 1021
114 1022
114 1120
114 1121
114 1122
114 1132
114 1133
114 1134
114 1135
114 1171
114 1172
114 1219
114 1220
114 1238
114 1245
115 87
115 88
115 89
115 95
115 96
115 97
115 98
115 99
115 100
115 101
115 102
115 103
115 104
115 105
115 106
115 116
115 124
115 274
115 328
115 352
115 366
115 395
115 413
115 581
115 587
115 588
115 589
115 590
115 591
115 592
115 595
115 596
115 597
115 598
115 599
115 614
115 617
115 620
115 621
115 622
115 623
115 624
115 625
115 628
115 629
115 638
115 682
115 683
115 1004
115 1008
115 1010
115 1123
115 1124
115 1125
115 1126
115 1127
115 1128
115 1129
115 1130
115 1131
115 1173
115 1174
115 1217
115 1218
115 1238
115 1245
116 62
116 63
116 64
116 65
116 107
116 108
116 109
116 110
116 111
116 112
116 113
116 114
116 115
116 117
116 118
116 124
116 274
116 328
116 351
116 366
116 395
116 413
116 580
116 593
116 594
116 600
116 601
116 602
116 603
116 604
116 605
116 606
116 607
116 608
116 609
116 610
116 611
116 612
116 613
116 614
116 617
116 619
116 626
116 627
116 638
116 639
116 681
116 682
116 1004
116 1008
116 1010
116 1019
116 1081
116 1082
116 1083
116 1175
116 1176
116 1215
116 1216
116 1238
116 1245
117 61
117 66
117 89
117 119
117 124
117 274
117 328
117 351
117 366
117 393
117 395
117 413
117 486
117 487
117 488
117 489
117 490
117 491
117 492
117 493
117 494
117 581
117 582
117 583
117 584
117 585
117 626
117 639
117 680
117 681
117 1004
117 1008
117 1010
117 1019
117 1080
117 1084
117 1177
117 1178
117 1213
117 1214
117 1238
117 1245
118 60
118 66
118 89
118 119
118 124
118 274
118 328
118 346
118 347
118 348
118 351
118 366
118 393
118 395
118 413
118 468
118 469
118 470
118 471
118 472
118 473
118 474
118 475
118 476
118 477
118 478
118 479
118 480
118 481
118 482
118 483
118 484
118 485
118 495
118 496
118 586
118 587
118 588
118 589
118 590
118 591
118 592
118 593
118 594
118 595
118 596
118 597
118 598
118 599
118 600
118 624
118 625
118 626
118 640
118 679
118 680
118 1004
118 1008
118 1010
118 1019
118 1079
118 1085
118 1086
118 1087
118 1088
118 1089
118 1090
118 1091
118 1179
118 1180
118 1211
118 1212
118 1238
118 1245
119 60
119 66
119 89
119 119
119 124
119 274
119 328
119 335
119 336
119 337
119 338
119 339
119 340
119 341
119 342
119 343
119 344
119 345
119 349
119 351
119 367
119 392
119 395
119 413
119 466
119 467
119 485
119 496
119 603
119 604
119 612
119 613
119 619
119 620
119 621
119 622
119 623
119 626
119 641
119 642
119 678
119 1004
119 1008
119 1010
119 1019
119 1079
119 1085
119 1092
119 1093
119 1180
119 1209
119 1210
119 1238
119 1245
120 60
120 66
120 89
120 119
120 124
120 274
120 329
120 330
120 331
120 332
120 333
120 334
120 352
120 367
120 391
120 392
120 395
120 413
120 466
120 485
120 492
120 493
120 494
120 495
120 496
120 605
120 606
120 611
120 614
120 618
120 625
120 626
120 642
120 643
120 677
120 1004
120 1008
120 1010
120 1019
120 1079
120 1093
120 1181
120 1207
120 1208
120 1238
120 1245
121 60
121 66
121 89
121 119
121 124
121 274
121 329
121 352
121 367
121 369
121 370
121 371
121 372
121 390
121 391
121 395
121 413
121 436
121 437
121 438
121 465
121 470
121 471
121 472
121 473
121 474
121 475
121 476
121 477
121 478
121 479
121 485
121 486
121 487
121 488
121 489
121 490
121 491
121 607
121 610
121 614
121 617
121 624
121 625
121 643
121 644
121 677
121 1004
121 1008
121 1009
121 1010
121 1019
121 1079
121 1093
121 1181
121 1206
121 1207
121 1238
121 1245
122 60
122 66
122 89
122 119
122 124
122 265
122 274
122 328
122 351
122 366
122 373
122 374
122 375
122 390
122 395
122 413
122 435
122 439
122 440
122 441
122 442
122 443
122 444
122 465
122 469
122 607
122 610
122 614
122 617
122 623
122 624
122 644
122 645
122 676
122 1004
122 1019
122 1079
122 1094
122 1182
122 1204
122 1205
122 1238
122 1245
123 60
123 66
123 89
123 95
123 96
123 97
123 98
123 99
123 100
123 101
123 102
123 103
123 104
123 105
123 106
123 107
123 108
123 109
123 110
123 111
123 112
123 113
123 114
123 115
123 118
123 119
123 124
123 264
123 266
123 274
123 328
123 351
123 366
123 376
123 377
123 378
123 389
123 395
123 414
123 434
123 445
123 446
123 447
123 465
123 468
123 607
123 610
123 614
123 617
123 623
123 645
123 676
123 1004
123 1008
123 1010
123 1019
123 1079
123 1095
123 1096
123 1097
123 1182
123 1183
123 1203
123 1204
123 1238
123 1245
124 60
124 66
124 89
124 95
124 117
124 124
124 263
124 266
124 274
124 328
124 351
124 366
124 379
124 380
124 381
124 388
124 389
124 395
124 414
124 434
124 448
124 449
124 465
124 468
124 607
124 610
124 614
124 617
124 623
124 624
124 644
124 645
124 675
124 676
124 1004
124 1008
124 1010
124 1019
124 1079
124 1098
124 1183
124 1202
124 1203
124 1238
124 1245
125 60
125 66
125 89
125 94
125 116
125 124
125 263
125 266
125 274
125 328
125 351
125 366
125 382
125 383
125 384
125 388
125 395
125 414
125 433
125 450
125 451
125 465
125 468
125 607
125 610
125 614
125 617
125 624
125 625
125 643
125 644
125 675
125 1004
125 1008
125 1010
125 1019
125 1079
125 1098
125 1184
125 1185
125 1186
125 1187
125 1198
125 1199
125 1200
125 1201
125 1238
125 1245
126 60
126 66
126 89
126 94
126 116
126 124
126 263
126 266
126 274
126 328
126 351
126 366
126 385
126 386
126 387
126 395
126 414
126 433
126 451
126 452
126 465
126 468
126 607
126 610
126 614
126 617
126 625
126 626
126 642
126 643
126 674
126 1004
126 1008
126 1010
126 1019
126 1079
126 1097
126 1098
126 1188
126 1189
126 1190
126 1191
126 1192
126 1193
126 1194
126 1195
126 1196
126 1197
126 1238
126 1245
127 60
127 66
127 89
127 94
127 116
127 124
127 263
127 266
127 274
127 328
127 351
127 366
127 395
127 414
127 433
127 453
127 454
127 465
127 468
127 607
127 610
127 614
127 617
127 626
127 627
127 641
127 642
127 674
127 886
127 1004
127 1008
127 1010
127 1019
127 1079
127 1095
127 1096
127 1238
127 1245
128 60
128 66
128 89
128 94
128 116
128 124
128 263
128 266
128 274
128 328
128 351
128 366
128 395
128 414
128 432
128 455
128 465
128 468
128 607
128 610
128 614
128 617
128 627
128 640
128 673
128 885
128 887
128 1004
128 1008
128 1010
128 1019
128 1079
128 1094
128 1238
128 1245
129 60
129 66
129 89
129 94
129 116
129 124
129 263
129 266
129 274
129 328
129 351
129 366
129 395
129 414
129 432
129 456
129 465
129 468
129 607
129 610
129 614
129 617
129 627
129 636
129 639
129 672
129 884
129 887
129 1004
129 1008
129 1010
129 1019
129 1079
129 1093
129 1238
129 1245
130 60
130 66
130 89
130 94
130 116
130 124
130 263
130 266
130 274
130 328
130 351
130 366
130 395
130 414
130 419
130 420
130 426
130 427
130 428
130 432
130 456
130 457
130 465
130 468
130 586
130 587
130 607
130 610
130 614
130 617
130 628
130 630
130 636
130 638
130 639
130 672
130 884
130 887
130 1004
130 1008
130 1019
130 1079
130 1094
130 1095
130 1096
130 1238
130 1245
131 60
131 66
131 89
131 94
131 116
131 124
131 263
131 266
131 274
131 328
131 351
131 366
131 395
131 414
131 416
131 417
131 418
131 421
131 424
131 425
131 428
131 431
131 458
131 459
131 465
131 468
131 518
131 519
131 585
131 588
131 589
131 590
131 591
131 594
131 595
131 596
131 607
131 610
131 614
131 617
131 628
131 629
131 637
131 638
131 672
131 884
131 887
131 1004
131 1007
131 1019
131 1079
131 1097
131 1238
131 1245
132 60
132 66
132 89
132 94
132 116
132 124
132 263
132 266
132 274
132 311
132 316
132 328
132 351
132 366
132 395
132 414
132 421
132 423
132 429
132 431
132 459
132 460
132 465
132 468
132 500
132 501
132 502
132 503
132 504
132 505
132 506
132 507
132 508
132 509
132 510
132 511
132 514
132 515
132 516
132 517
132 520
132 521
132 584
132 592
132 597
132 598
132 599
132 600
132 601
132 602
132 603
132 604
132 605
132 606
132 607
132 611
132 612
132 613
132 614
132 617
132 629
132 630
132 637
132 672
132 884
132 887
132 984
132 985
132 1003
132 1007
132 1019
132 1079
132 1097
132 1238
132 1245
133 60
133 66
133 89
133 94
133 116
133 124
133 206
133 207
133 208
133 263
133 266
133 275
133 276
133 277
133 278
133 279
133 280
133 281
133 282
133 283
133 284
133 285
133 286
133 287
133 288
133 289
133 290
133 291
133 292
133 293
133 294
133 295
133 296
133 297
133 298
133 299
133 300
133 311
133 316
133 328
133 351
133 366
133 395
133 413
133 429
133 461
133 462
133 465
133 468
133 499
133 512
133 513
133 521
133 585
133 586
133 587
133 588
133 592
133 617
133 630
133 636
133 672
133 884
133 887
133 983
133 986
133 1003
133 1007
133 1019
133 1079
133 1097
133 1238
133 1245
134 28
134 29
134 30
134 60
134 66
134 89
134 94
134 116
134 124
134 205
134 209
134 263
134 266
134 301
134 302
134 303
134 304
134 305
134 306
134 307
134 308
134 309
134 310
134 311
134 317
134 318
134 319
134 320
134 321
134 322
134 323
134 324
134 325
134 326
134 327
134 328
134 351
134 366
134 395
134 413
134 463
134 465
134 468
134 498
134 518
134 519
134 520
134 521
134 594
134 595
134 596
134 597
134 617
134 630
134 636
134 672
134 884
134 887
134 982
134 986
134 1003
134 1007
134 1019
134 1079
134 1097
134 1238
134 1245
135 27
135 31
135 53
135 54
135 55
135 56
135 57
135 58
135 59
135 60
135 66
135 89
135 94
135 116
135 124
135 200
135 201
135 202
135 209
135 263
135 266
135 351
135 366
135 395
135 413
135 465
135 468
135 498
135 503
135 504
135 505
135 506
135 507
135 508
135 512
135 513
135 514
135 515
135 516
135 517
135 598
135 599
135 605
135 606
135 611
135 614
135 617
135 636
135 672
135 884
135 887
135 982
135 986
135 1003
135 1007
135 1019
135 1079
135 1096
135 1097
135 1238
135 1245
136 26
136 31
136 51
136 52
136 62
136 67
136 68
136 69
136 70
136 71
136 72
136 73
136 74
136 89
136 94
136 116
136 124
136 199
136 203
136 205
136 210
136 211
136 212
136 213
136 214
136 215
136 216
136 263
136 266
136 311
136 316
136 336
136 337
136 338
136 339
136 351
136 366
136 395
136 413
136 465
136 468
136 498
136 502
136 600
136 604
136 607
136 610
136 614
136 617
136 628
136 629
136 630
136 636
136 672
136 884
136 887
136 982
136 986
136 1003
136 1007
136 1019
136 1079
136 1094
136 1095
136 1238
136 1245
137 26
137 31
137 50
137 51
137 62
137 67
137 75
137 76
137 89
137 94
137 116
137 124
137 198
137 203
137 205
137 210
137 217
137 218
137 219
137 220
137 221
137 222
137 223
137 224
137 225
137 263
137 266
137 311
137 316
137 335
137 340
137 351
137 366
137 395
137 413
137 465
137 468
137 498
137 501
137 600
137 603
137 607
137 610
137 614
137 617
137 627
137 630
137 636
137 672
137 884
137 887
137 982
137 986
137 1003
137 1007
137 1019
137 1079
137 1094
137 1238
137 1245
138 26
138 31
138 49
138 50
138 62
138 66
138 77
138 78
138 89
138 94
138 116
138 124
138 198
138 203
138 205
138 209
138 226
138 263
138 266
138 311
138 316
138 334
138 340
138 351
138 366
138 395
138 413
138 465
138 468
138 498
138 501
138 600
138 603
138 607
138 610
138 614
138 617
138 626
138 630
138 636
138 672
138 884
138 887
138 982
138 986
138 1003
138 1007
138 1019
138 1055
138 1059
138 1079
138 1093
138 1238
138 1245
139 26
139 31
139 48
139 62
139 66
139 79
139 80
139 89
139 94
139 116
139 124
139 198
139 203
139 205
139 209
139 226
139 263
139 266
139 311
139 316
139 334
139 340
139 351
139 366
139 395
139 413
139 465
139 468
139 496
139 497
139 498
139 501
139 582
139 583
139 584
139 585
139 588
139 589
139 590
139 591
139 592
139 593
139 594
139 595
139 596
139 597
139 598
139 599
139 600
139 603
139 606
139 610
139 614
139 617
139 626
139 630
139 636
139 673
139 884
139 887
139 982
139 986
139 1003
139 1007
139 1019
139 1054
139 1056
139 1057
139 1058
139 1060
139 1061
139 1079
139 1093
139 1238
139 1245
140 26
140 31
140 47
140 62
140 66
140 81
140 82
140 89
140 94
140 116
140 124
140 198
140 203
140 205
140 209
140 227
140 263
140 266
140 311
140 316
140 334
140 342
140 343
140 344
140 345
140 346
140 347
140 348
140 366
140 395
140 413
140 465
140 469
140 477
140 478
140 479
140 480
140 481
140 494
140 495
140 498
140 502
140 503
140 515
140 516
140 517
140 518
140 519
140 581
140 586
140 587
140 605
140 607
140 610
140 614
140 617
140 625
140 630
140 636
140 674
140 884
140 887
140 982
140 986
140 1003
140 1007
140 1019
140 1053
140 1062
140 1063
140 1079
140 1093
140 1238
140 1245
141 26
141 30
141 32
141 33
141 34
141 35
141 36
141 37
141 47
141 62
141 66
141 82
141 83
141 89
141 94
141 116
141 124
141 161
141 162
141 198
141 203
141 205
141 209
141 227
141 263
141 266
141 311
141 316
141 334
141 341
141 349
141 366
141 395
141 413
141 465
141 469
141 471
141 472
141 473
141 474
141 475
141 476
141 482
141 483
141 484
141 485
141 486
141 487
141 488
141 489
141 490
141 491
141 492
141 493
141 494
141 498
141 502
141 504
141 505
141 506
141 507
141 508
141 509
141 510
141 511
141 512
141 513
141 514
141 520
141 521
141 522
141 523
141 581
141 586
141 607
141 610
141 614
141 617
141 625
141 630
141 636
141 674
141 884
141 887
141 982
141 987
141 988
141 989
141 990
141 991
141 992
141 993
141 1003
141 1007
141 1019
141 1053
141 1063
141 1064
141 1079
141 1094
141 1238
141 1245
142 26
142 29
142 38
142 47
142 62
142 66
142 83
142 89
142 94
142 116
142 124
142 160
142 163
142 198
142 203
142 205
142 209
142 221
142 222
142 223
142 224
142 225
142 226
142 227
142 263
142 266
142 311
142 316
142 334
142 340
142 349
142 366
142 395
142 413
142 465
142 469
142 498
142 501
142 524
142 525
142 526
142 583
142 584
142 585
142 586
142 587
142 588
142 589
142 605
142 606
142 607
142 610
142 614
142 617
142 625
142 630
142 636
142 674
142 884
142 887
142 982
142 985
142 994
142 1003
142 1007
142 1019
142 1053
142 1064
142 1079
142 1094
142 1238
142 1245
143 26
143 39
143 48
143 62
143 66
143 83
143 89
143 94
143 116
143 124
143 159
143 163
143 198
143 203
143 205
143 209
143 220
143 263
143 266
143 311
143 316
143 334
143 340
143 349
143 366
143 395
143 413
143 465
143 468
143 498
143 501
143 527
143 528
143 590
143 591
143 592
143 598
143 599
143 604
143 610
143 614
143 617
143 625
143 630
143 636
143 674
143 883
143 887
143 982
143 994
143 1003
143 1007
143 1019
143 1053
143 1064
143 1079
143 1094
143 1238
143 1245
144 26
144 40
144 41
144 42
144 48
144 49
144 62
144 66
144 83
144 88
144 94
144 116
144 124
144 159
144 163
144 198
144 203
144 205
144 209
144 219
144 263
144 266
144 311
144 316
144 334
144 340
144 348
144 349
144 366
144 395
144 413
144 465
144 468
144 498
144 501
144 528
144 529
144 593
144 597
144 603
144 607
144 610
144 614
144 617
144 625
144 630
144 636
144 674
144 884
144 885
144 886
144 888
144 982
144 995
144 996
144 997
144 998
144 1003
144 1007
144 1019
144 1053
144 1064
144 1079
144 1094
144 1238
144 1245
145 26
145 43
145 50
145 62
145 66
145 83
145 88
145 94
145 116
145 124
145 159
145 163
145 198
145 203
145 205
145 210
145 211
145 212
145 213
145 214
145 215
145 216
145 217
145 218
145 219
145 263
145 266
145 311
145 316
145 334
145 340
145 347
145 351
145 366
145 395
145 413
145 465
145 468
145 498
145 501
145 529
145 530
145 580
145 581
145 582
145 588
145 589
145 590
145 593
145 596
145 603
145 607
145 610
145 613
145 617
145 625
145 630
145 636
145 645
145 646
145 647
145 648
145 674
145 880
145 881
145 882
145 883
145 889
145 977
145 978
145 979
145 980
145 981
145 999
145 1003
145 1007
145 1019
145 1053
145 1063
145 1079
145 1093
145 1238
145 1245
146 26
146 44
146 50
146 62
146 66
146 81
146 82
146 88
146 94
146 116
146 124
146 159
146 163
146 198
146 203
146 205
146 210
146 263
146 266
146 300
146 301
146 302
146 303
146 304
146 305
146 306
146 311
146 316
146 334
146 340
146 346
146 351
146 366
146 395
146 413
146 465
146 468
146 498
146 501
146 530
146 531
146 578
146 579
146 583
146 585
146 586
146 587
146 597
146 598
146 599
146 600
146 603
146 607
146 610
146 613
146 617
146 625
146 630
146 636
146 644
146 645
146 649
146 650
146 675
146 879
146 889
146 975
146 976
146 1000
146 1003
146 1007
146 1019
146 1053
146 1063
146 1079
146 1093
146 1238
146 1245
147 26
147 44
147 49
147 50
147 62
147 66
147 80
147 88
147 94
147 116
147 124
147 159
147 163
147 192
147 193
147 194
147 195
147 196
147 197
147 198
147 200
147 201
147 202
147 203
147 204
147 205
147 206
147 207
147 209
147 263
147 266
147 297
147 300
147 307
147 308
147 309
147 310
147 311
147 312
147 313
147 314
147 315
147 334
147 340
147 347
147 351
147 366
147 395
147 413
147 465
147 468
147 498
147 501
147 531
147 532
147 578
147 583
147 603
147 607
147 610
147 613
147 617
147 626
147 627
147 628
147 629
147 630
147 636
147 643
147 644
147 650
147 651
147 675
147 879
147 889
147 974
147 1000
147 1003
147 1007
147 1019
147 1053
147 1062
147 1079
147 1093
147 1238
147 1245
148 26
148 43
148 44
148 47
148 48
148 62
148 66
148 80
148 88
148 94
148 116
148 124
148 159
148 164
148 165
148 166
148 167
148 168
148 169
148 170
148 191
148 205
148 210
148 263
148 266
148 297
148 300
148 333
148 334
148 336
148 337
148 340
148 347
148 348
148 366
148 395
148 413
148 465
148 468
148 498
148 501
148 533
148 534
148 578
148 579
148 580
148 581
148 582
148 583
148 585
148 586
148 587
148 588
148 598
148 599
148 600
148 603
148 607
148 610
148 613
148 617
148 624
148 636
148 642
148 643
148 651
148 652
148 675
148 879
148 889
148 973
148 1000
148 1003
148 1007
148 1019
148 1053
148 1062
148 1064
148 1079
148 1093
148 1238
148 1245
149 26
149 42
149 47
149 62
149 66
149 80
149 81
149 88
149 94
149 116
149 123
149 159
149 164
149 171
149 172
149 190
149 197
149 198
149 210
149 263
149 266
149 296
149 301
149 315
149 332
149 338
149 340
149 349
149 366
149 395
149 413
149 465
149 468
149 498
149 501
149 535
149 536
149 589
149 592
149 593
149 597
149 607
149 610
149 613
149 617
149 621
149 622
149 623
149 637
149 638
149 641
149 642
149 652
149 653
149 675
149 880
149 889
149 973
149 997
149 998
149 999
149 1003
149 1007
149 1019
149 1053
149 1065
149 1066
149 1079
149 1093
149 1238
149 1245
150 26
150 41
150 46
150 62
150 66
150 82
150 83
150 88
150 94
150 116
150 123
150 159
150 172
150 190
150 196
150 210
150 263
150 266
150 296
150 301
150 302
150 303
150 304
150 305
150 306
150 307
150 308
150 309
150 310
150 313
150 314
150 331
150 340
150 341
150 349
150 366
150 395
150 413
150 465
150 468
150 498
150 501
150 537
150 538
150 539
150 584
150 585
150 589
150 592
150 594
150 596
150 600
150 607
150 610
150 613
150 617
150 620
150 637
150 639
150 640
150 654
150 655
150 666
150 667
150 668
150 669
150 675
150 881
150 882
150 889
150 973
150 995
150 996
150 1003
150 1007
150 1019
150 1050
150 1051
150 1053
150 1067
150 1079
150 1093
150 1238
150 1245
151 26
151 41
151 47
151 62
151 66
151 83
151 88
151 94
151 116
151 123
151 156
151 157
151 158
151 159
151 161
151 173
151 174
151 190
151 197
151 210
151 263
151 266
151 295
151 311
151 312
151 331
151 341
151 342
151 349
151 366
151 395
151 413
151 465
151 468
151 498
151 501
151 540
151 579
151 581
151 592
151 594
151 596
151 600
151 607
151 610
151 613
151 617
151 636
151 641
151 655
151 664
151 665
151 669
151 670
151 675
151 882
151 883
151 889
151 973
151 995
151 1003
151 1007
151 1019
151 1048
151 1049
151 1053
151 1067
151 1079
151 1093
151 1238
151 1245
152 26
152 42
152 48
152 62
152 66
152 83
152 88
152 94
152 116
152 123
152 155
152 175
152 190
152 197
152 198
152 210
152 263
152 266
152 295
152 316
152 331
152 342
152 347
152 348
152 366
152 395
152 413
152 465
152 468
152 498
152 501
152 540
152 579
152 581
152 592
152 594
152 596
152 600
152 607
152 610
152 613
152 617
152 636
152 641
152 655
152 664
152 671
152 672
152 673
152 674
152 675
152 881
152 890
152 973
152 996
152 997
152 998
152 1003
152 1007
152 1019
152 1047
152 1067
152 1079
152 1093
152 1238
152 1245
153 26
153 42
153 43
153 49
153 51
153 62
153 66
153 83
153 88
153 94
153 116
153 123
153 154
153 175
153 191
153 198
153 199
153 210
153 263
153 266
153 294
153 302
153 311
153 316
153 331
153 342
153 347
153 350
153 366
153 395
153 413
153 465
153 468
153 498
153 501
153 540
153 581
153 584
153 588
153 590
153 592
153 594
153 596
153 600
153 607
153 611
153 613
153 618
153 620
153 621
153 637
153 639
153 640
153 655
153 663
153 880
153 890
153 973
153 999
153 1003
153 1007
153 1019
153 1046
153 1067
153 1079
153 1093
153 1238
153 1245
154 26
154 43
154 48
154 51
154 52
154 62
154 66
154 82
154 88
154 94
154 116
154 123
154 154
154 175
154 186
154 187
154 188
154 191
154 199
154 210
154 263
154 266
154 294
154 303
154 310
154 316
154 331
154 342
154 347
154 350
154 366
154 395
154 413
154 465
154 468
154 498
154 501
154 540
154 578
154 579
154 580
154 581
154 583
154 584
154 588
154 589
154 592
154 594
154 596
154 600
154 607
154 611
154 613
154 618
154 622
154 623
154 637
154 638
154 656
154 663
154 879
154 890
154 973
154 999
154 1003
154 1007
154 1019
154 1045
154 1046
154 1064
154 1065
154 1066
154 1079
154 1093
154 1238
154 1245
155 25
155 28
155 43
155 48
155 52
155 62
155 66
155 81
155 82
155 88
155 94
155 116
155 123
155 155
155 173
155 174
155 184
155 185
155 191
155 198
155 199
155 210
155 262
155 266
155 293
155 304
155 310
155 316
155 331
155 341
155 347
155 348
155 366
155 395
155 413
155 465
155 468
155 498
155 501
155 540
155 578
155 581
155 592
155 594
155 596
155 600
155 608
155 610
155 613
155 617
155 620
155 621
155 637
155 656
155 663
155 879
155 890
155 973
155 998
155 999
155 1003
155 1007
155 1019
155 1044
155 1064
155 1079
155 1093
155 1238
155 1245
156 25
156 28
156 42
156 43
156 48
156 52
156 62
156 68
156 69
156 70
156 71
156 72
156 73
156 77
156 78
156 79
156 80
156 88
156 94
156 116
156 123
156 155
156 173
156 182
156 183
156 191
156 197
156 210
156 262
156 266
156 293
156 305
156 310
156 316
156 331
156 341
156 349
156 366
156 395
156 413
156 465
156 468
156 498
156 501
156 541
156 583
156 584
156 588
156 590
156 592
156 596
156 600
156 608
156 613
156 617
156 620
156 637
156 639
156 657
156 663
156 828
156 829
156 830
156 831
156 880
156 881
156 890
156 973
156 996
156 997
156 1003
156 1007
156 1019
156 1044
156 1064
156 1065
156 1079
156 1082
156 1083
156 1086
156 1087
156 1088
156 1089
156 1090
156 1091
156 1092
156 1093
156 1238
156 1245
157 25
157 28
157 41
157 42
157 48
157 52
157 62
157 67
157 74
157 88
157 94
157 116
157 123
157 155
157 174
157 175
157 181
157 191
157 196
157 210
157 262
157 266
157 292
157 305
157 310
157 316
157 331
157 341
157 342
157 349
157 366
157 395
157 413
157 465
157 468
157 498
157 501
157 541
157 585
157 588
157 590
157 596
157 600
157 608
157 613
157 617
157 636
157 639
157 657
157 658
157 659
157 660
157 661
157 662
157 827
157 832
157 833
157 834
157 835
157 836
157 837
157 882
157 883
157 890
157 973
157 995
157 1003
157 1007
157 1019
157 1045
157 1046
157 1065
157 1066
157 1079
157 1085
157 1238
157 1245
158 41
158 48
158 52
158 55
158 56
158 57
158 58
158 59
158 62
158 66
158 75
158 88
158 94
158 116
158 123
158 156
158 157
158 176
158 180
158 191
158 197
158 210
158 262
158 266
158 292
158 306
158 310
158 316
158 331
158 342
158 349
158 366
158 394
158 413
158 465
158 468
158 498
158 501
158 541
158 585
158 588
158 590
158 596
158 600
158 606
158 608
158 613
158 617
158 620
158 636
158 639
158 826
158 838
158 883
158 890
158 973
158 994
158 1003
158 1007
158 1019
158 1047
158 1067
158 1079
158 1084
158 1238
158 1245
159 40
159 48
159 52
159 60
159 66
159 75
159 88
159 94
159 116
159 123
159 155
159 161
159 176
159 180
159 191
159 197
159 210
159 248
159 249
159 250
159 251
159 252
159 262
159 266
159 291
159 306
159 310
159 316
159 331
159 342
159 347
159 348
159 366
159 394
159 413
159 465
159 468
159 498
159 501
159 542
159 585
159 588
159 590
159 596
159 600
159 605
159 608
159 613
159 617
159 620
159 621
159 638
159 639
159 826
159 838
159 884
159 885
159 886
159 889
159 890
159 973
159 994
159 1003
159 1007
159 1019
159 1047
159 1067
159 1079
159 1084
159 1238
159 1245
160 40
160 48
160 52
160 60
160 66
160 75
160 88
160 94
160 116
160 123
160 156
160 157
160 161
160 175
160 176
160 180
160 192
160 198
160 210
160 247
160 252
160 262
160 266
160 291
160 309
160 310
160 311
160 312
160 316
160 331
160 342
160 347
160 350
160 366
160 394
160 413
160 465
160 468
160 498
160 501
160 542
160 585
160 588
160 590
160 596
160 600
160 602
160 605
160 608
160 613
160 617
160 622
160 637
160 638
160 827
160 838
160 884
160 888
160 974
160 994
160 1003
160 1007
160 1019
160 1046
160 1067
160 1079
160 1084
160 1238
160 1245
161 22
161 23
161 39
161 48
161 52
161 60
161 66
161 75
161 88
161 94
161 116
161 123
161 155
161 161
161 174
161 180
161 192
161 193
161 196
161 197
161 198
161 207
161 209
161 246
161 252
161 262
161 266
161 291
161 307
161 308
161 313
161 316
161 331
161 340
161 341
161 346
161 350
161 366
161 394
161 413
161 465
161 468
161 498
161 501
161 543
161 585
161 588
161 590
161 596
161 599
161 603
161 608
161 613
161 617
161 623
161 630
161 637
161 827
161 838
161 883
161 887
161 974
161 975
161 984
161 987
161 988
161 989
161 990
161 991
161 992
161 993
161 994
161 1003
161 1007
161 1019
161 1045
161 1067
161 1079
161 1084
161 1238
161 1245
162 20
162 21
162 30
162 33
162 34
162 35
162 36
162 37
162 38
162 39
162 48
162 52
162 60
162 66
162 75
162 88
162 94
162 116
162 123
162 155
162 161
162 173
162 180
162 194
162 195
162 206
162 209
162 246
162 252
162 262
162 266
162 292
162 294
162 295
162 296
162 297
162 298
162 299
162 300
162 301
162 302
162 303
162 304
162 305
162 306
162 307
162 313
162 316
162 331
162 340
162 346
162 350
162 366
162 394
162 413
162 465
162 468
162 498
162 501
162 543
162 544
162 585
162 588
162 590
162 596
162 597
162 599
162 603
162 608
162 613
162 617
162 623
162 630
162 636
162 828
162 837
162 883
162 887
162 975
162 976
162 977
162 978
162 986
162 1003
162 1007
162 1019
162 1046
162 1066
162 1067
162 1079
162 1084
162 1238
162 1245
163 19
163 32
163 35
163 40
163 41
163 48
163 52
163 60
163 66
163 75
163 88
163 94
163 116
163 123
163 156
163 161
163 173
163 181
163 198
163 201
163 202
163 209
163 246
163 251
163 252
163 262
163 266
163 293
163 308
163 309
163 312
163 313
163 316
163 332
163 333
163 336
163 337
163 338
163 341
163 342
163 343
163 344
163 345
163 346
163 350
163 366
163 394
163 413
163 465
163 468
163 498
163 544
163 559
163 560
163 561
163 562
163 563
163 564
163 565
163 566
163 567
163 568
163 569
163 570
163 580
163 581
163 582
163 585
163 588
163 590
163 592
163 596
163 599
163 602
163 608
163 613
163 617
163 624
163 625
163 626
163 627
163 628
163 636
163 828
163 837
163 883
163 887
163 985
163 1003
163 1007
163 1019
163 1046
163 1047
163 1064
163 1065
163 1079
163 1084
163 1238
163 1245
164 19
164 31
164 41
164 42
164 48
164 52
164 60
164 67
164 68
164 75
164 88
164 94
164 116
164 123
164 156
164 157
164 158
164 161
164 164
164 165
164 166
164 167
164 168
164 169
164 170
164 171
164 172
164 181
164 193
164 198
164 204
164 205
164 209
164 246
164 251
164 262
164 266
164 294
164 295
164 296
164 297
164 298
164 299
164 300
164 301
164 302
164 303
164 304
164 305
164 306
164 307
164 310
164 311
164 316
164 334
164 350
164 366
164 394
164 413
164 465
164 468
164 498
164 545
164 571
164 572
164 573
164 574
164 575
164 576
164 577
164 578
164 579
164 583
164 585
164 588
164 590
164 596
164 599
164 602
164 608
164 613
164 617
164 629
164 636
164 829
164 836
164 883
164 887
164 981
164 985
164 1003
164 1007
164 1019
164 1047
164 1061
164 1062
164 1063
164 1064
164 1079
164 1084
164 1238
164 1245
165 19
165 31
165 42
165 48
165 52
165 60
165 69
165 70
165 71
165 74
165 88
165 94
165 116
165 123
165 159
165 164
165 184
165 185
165 186
165 187
165 188
165 189
165 190
165 191
165 192
165 198
165 203
165 209
165 246
165 250
165 262
165 266
165 310
165 316
165 334
165 340
165 350
165 366
165 394
165 413
165 465
165 468
165 498
165 545
165 548
165 549
165 550
165 551
165 552
165 553
165 554
165 555
165 556
165 557
165 558
165 559
165 560
165 561
165 562
165 563
165 564
165 565
165 585
165 588
165 589
165 590
165 599
165 602
165 608
165 613
165 617
165 629
165 635
165 829
165 836
165 883
165 887
165 981
165 985
165 1003
165 1007
165 1009
165 1019
165 1048
165 1049
165 1050
165 1051
165 1054
165 1055
165 1058
165 1059
165 1060
165 1078
165 1084
165 1238
165 1245
166 20
166 31
166 42
166 48
166 52
166 60
166 66
166 72
166 73
166 88
166 94
166 116
166 123
166 159
166 163
166 182
166 183
166 192
166 198
166 203
166 209
166 246
166 250
166 262
166 266
166 310
166 316
166 334
166 340
166 350
166 366
166 394
166 413
166 465
166 468
166 498
166 547
166 566
166 567
166 568
166 569
166 570
166 571
166 572
166 573
166 574
166 575
166 576
166 577
166 578
166 579
166 580
166 581
166 582
166 583
166 584
166 585
166 591
166 599
166 602
166 608
166 613
166 617
166 629
166 635
166 716
166 717
166 718
166 830
166 835
166 883
166 887
166 981
166 985
166 1003
166 1007
166 1009
166 1019
166 1052
166 1057
166 1078
166 1084
166 1238
166 1245
167 20
167 31
167 41
167 48
167 51
167 60
167 66
167 72
167 75
167 88
167 94
167 116
167 123
167 159
167 163
167 181
167 192
167 198
167 203
167 209
167 246
167 250
167 262
167 266
167 310
167 316
167 334
167 340
167 350
167 366
167 394
167 413
167 465
167 468
167 498
167 546
167 547
167 589
167 591
167 599
167 602
167 608
167 613
167 617
167 629
167 635
167 714
167 715
167 719
167 720
167 830
167 835
167 883
167 887
167 981
167 985
167 1003
167 1007
167 1009
167 1019
167 1052
167 1056
167 1078
167 1084
167 1238
167 1245
168 21
168 31
168 40
168 41
168 48
168 51
168 60
168 66
168 72
168 75
168 88
168 94
168 116
168 123
168 159
168 163
168 181
168 192
168 198
168 203
168 209
168 246
168 250
168 262
168 266
168 310
168 316
168 334
168 340
168 350
168 366
168 394
168 413
168 465
168 468
168 498
168 545
168 546
168 556
168 585
168 589
168 591
168 599
168 602
168 608
168 613
168 617
168 629
168 635
168 713
168 720
168 830
168 834
168 883
168 887
168 981
168 985
168 1003
168 1007
168 1009
168 1019
168 1052
168 1056
168 1078
168 1084
168 1238
168 1245
169 21
169 40
169 48
169 51
169 60
169 66
169 72
169 75
169 88
169 94
169 116
169 123
169 159
169 163
169 181
169 192
169 198
169 203
169 209
169 246
169 250
169 262
169 266
169 310
169 316
169 334
169 340
169 350
169 366
169 394
169 413
169 465
169 468
169 498
169 545
169 556
169 585
169 589
169 591
169 599
169 602
169 608
169 613
169 617
169 629
169 635
169 712
169 720
169 830
169 831
169 833
169 882
169 887
169 981
169 985
169 1003
169 1007
169 1009
169 1019
169 1052
169 1056
169 1078
169 1084
169 1237
169 1245
170 21
170 39
170 48
170 51
170 60
170 66
170 72
170 75
170 88
170 94
170 116
170 123
170 159
170 163
170 181
170 192
170 198
170 203
170 209
170 246
170 250
170 262
170 266
170 310
170 316
170 334
170 340
170 350
170 366
170 394
170 413
170 465
170 468
170 498
170 545
170 556
170 585
170 589
170 591
170 599
170 602
170 608
170 613
170 617
170 629
170 635
170 712
170 720
170 830
170 833
170 882
170 887
170 981
170 985
170 1002
170 1007
170 1009
170 1019
170 1052
170 1056
170 1078
170 1084
170 1237
170 1244
171 22
171 39
171 48
171 51
171 60
171 66
171 72
171 75
171 88
171 94
171 116
171 123
171 159
171 163
171 182
171 183
171 184
171 185
171 190
171 191
171 192
171 198
171 203
171 209
171 246
171 250
171 262
171 266
171 310
171 316
171 334
171 340
171 350
171 366
171 394
171 413
171 465
171 468
171 498
171 545
171 557
171 559
171 560
171 561
171 562
171 563
171 564
171 565
171 566
171 567
171 568
171 569
171 570
171 571
171 572
171 573
171 574
171 575
171 576
171 577
171 578
171 579
171 580
171 581
171 582
171 583
171 584
171 588
171 591
171 599
171 602
171 608
171 613
171 617
171 629
171 635
171 712
171 720
171 830
171 833
171 882
171 887
171 981
171 985
171 1002
171 1007
171 1009
171 1019
171 1052
171 1056
171 1078
171 1084
171 1237
171 1244
172 22
172 38
172 39
172 48
172 51
172 60
172 66
172 72
172 75
172 88
172 94
172 116
172 123
172 159
172 163
172 186
172 187
172 188
172 189
172 198
172 203
172 209
172 246
172 250
172 310
172 316
172 334
172 340
172 350
172 366
172 394
172 413
172 465
172 468
172 498
172 545
172 547
172 548
172 554
172 555
172 557
172 558
172 585
172 587
172 589
172 591
172 599
172 602
172 608
172 613
172 617
172 629
172 635
172 638
172 639
172 640
172 641
172 712
172 720
172 830
172 833
172 882
172 887
172 981
172 985
172 1002
172 1007
172 1009
172 1019
172 1052
172 1056
172 1078
172 1084
172 1237
172 1244
173 23
173 38
173 48
173 51
173 60
173 66
173 71
173 75
173 88
173 94
173 116
173 123
173 159
173 163
173 186
173 198
173 203
173 209
173 246
173 250
173 310
173 316
173 334
173 340
173 350
173 366
173 394
173 413
173 465
173 468
173 498
173 545
173 547
173 553
173 557
173 566
173 567
173 585
173 589
173 591
173 599
173 602
173 608
173 613
173 617
173 629
173 635
173 637
173 642
173 712
173 720
173 830
173 833
173 882
173 887
173 981
173 985
173 1002
173 1007
173 1009
173 1019
173 1052
173 1056
173 1078
173 1084
173 1237
173 1244
174 23
174 37
174 48
174 51
174 60
174 66
174 71
174 75
174 88
174 93
174 116
174 123
174 159
174 163
174 186
174 198
174 203
174 209
174 246
174 250
174 310
174 316
174 334
174 340
174 350
174 366
174 394
174 413
174 465
174 468
174 498
174 545
174 565
174 568
174 585
174 589
174 591
174 599
174 602
174 608
174 613
174 617
174 629
174 635
174 637
174 642
174 713
174 719
174 720
174 830
174 833
174 882
174 887
174 981
174 985
174 1002
174 1007
174 1009
174 1019
174 1052
174 1056
174 1078
174 1084
174 1237
174 1244
175 24
175 36
175 37
175 48
175 51
175 60
175 66
175 71
175 75
175 88
175 93
175 116
175 123
175 159
175 163
175 186
175 188
175 198
175 203
175 209
175 246
175 250
175 310
175 316
175 334
175 340
175 350
175 366
175 394
175 413
175 465
175 468
175 498
175 545
175 585
175 589
175 591
175 599
175 608
175 613
175 617
175 629
175 635
175 637
175 642
175 714
175 719
175 830
175 833
175 882
175 887
175 981
175 985
175 1002
175 1007
175 1009
175 1019
175 1052
175 1056
175 1078
175 1084
175 1237
175 1244
176 24
176 36
176 48
176 51
176 59
176 65
176 71
176 75
176 88
176 93
176 116
176 123
176 159
176 163
176 185
176 188
176 198
176 203
176 209
176 246
176 250
176 310
176 316
176 334
176 350
176 394
176 413
176 465
176 468
176 498
176 545
176 546
176 585
176 589
176 591
176 595
176 596
176 597
176 599
176 608
176 613
176 617
176 629
176 635
176 638
176 639
176 640
176 642
176 716
176 717
176 830
176 833
176 882
176 887
176 981
176 985
176 1002
176 1007
176 1009
176 1019
176 1052
176 1056
176 1078
176 1084
176 1237
176 1244
177 24
177 35
177 48
177 51
177 59
177 65
177 71
177 75
177 88
177 93
177 116
177 123
177 159
177 163
177 185
177 188
177 198
177 203
177 209
177 228
177 229
177 230
177 231
177 232
177 233
177 234
177 235
177 236
177 237
177 238
177 239
177 240
177 241
177 242
177 243
177 244
177 245
177 246
177 247
177 248
177 249
177 250
177 251
177 310
177 316
177 334
177 339
177 350
177 394
177 413
177 465
177 468
177 498
177 585
177 589
177 591
177 594
177 598
177 599
177 608
177 613
177 617
177 629
177 635
177 641
177 642
177 715
177 830
177 833
177 882
177 887
177 981
177 985
177 1002
177 1007
177 1009
177 1019
177 1052
177 1056
177 1078
177 1084
177 1237
177 1244
178 23
178 35
178 48
178 51
178 59
178 65
178 71
178 75
178 88
178 93
178 116
178 123
178 159
178 163
178 185
178 188
178 198
178 203
178 209
178 227
178 252
178 310
178 316
178 334
178 339
178 350
178 394
178 413
178 465
178 468
178 498
178 547
178 553
178 582
178 583
178 584
178 585
178 588
178 589
178 591
178 593
178 599
178 608
178 613
178 629
178 635
178 637
178 641
178 715
178 830
178 833
178 882
178 887
178 981
178 985
178 1002
178 1007
178 1009
178 1019
178 1052
178 1056
178 1078
178 1084
178 1237
178 1244
179 23
179 35
179 48
179 51
179 59
179 65
179 71
179 75
179 88
179 93
179 116
179 123
179 159
179 163
179 185
179 188
179 198
179 203
179 209
179 226
179 253
179 310
179 316
179 331
179 332
179 333
179 334
179 339
179 350
179 394
179 413
179 465
179 468
179 498
179 546
179 553
179 585
179 589
179 592
179 593
179 599
179 608
179 613
179 618
179 629
179 668
179 715
179 830
179 833
179 882
179 887
179 981
179 985
179 1002
179 1007
179 1009
179 1019
179 1052
179 1056
179 1078
179 1084
179 1237
179 1244
180 22
180 36
180 47
180 51
180 59
180 65
180 71
180 75
180 88
180 93
180 116
180 123
180 159
180 163
180 185
180 188
180 198
180 203
180 209
180 226
180 253
180 271
180 272
180 273
180 274
180 275
180 276
180 277
180 278
180 279
180 280
180 281
180 282
180 310
180 317
180 334
180 339
180 350
180 394
180 413
180 465
180 468
180 498
180 544
180 548
180 553
180 585
180 589
180 592
180 599
180 602
180 603
180 604
180 605
180 606
180 607
180 608
180 613
180 617
180 629
180 667
180 668
180 669
180 715
180 830
180 833
180 882
180 887
180 981
180 985
180 1002
180 1007
180 1009
180 1019
180 1052
180 1056
180 1078
180 1084
180 1237
180 1244
181 22
181 36
181 37
181 47
181 51
181 59
181 65
181 71
181 75
181 88
181 93
181 116
181 123
181 159
181 163
181 185
181 188
181 198
181 203
181 209
181 226
181 253
181 283
181 284
181 285
181 286
181 287
181 288
181 289
181 290
181 291
181 292
181 293
181 294
181 295
181 296
181 297
181 298
181 299
181 300
181 301
181 302
181 303
181 304
181 305
181 306
181 307
181 308
181 309
181 310
181 317
181 334
181 339
181 350
181 394
181 413
181 540
181 541
181 543
181 546
181 548
181 553
181 585
181 589
181 591
181 597
181 600
181 602
181 608
181 611
181 612
181 613
181 617
181 629
181 666
181 668
181 669
181 715
181 752
181 830
181 833
181 882
181 887
181 981
181 985
181 1002
181 1007
181 1009
181 1019
181 1052
181 1056
181 1078
181 1084
181 1237
181 1244
182 21
182 37
182 47
182 51
182 59
182 65
182 71
182 75
182 88
182 93
182 116
182 123
182 159
182 163
182 185
182 188
182 198
182 203
182 212
182 213
182 214
182 215
182 216
182 217
182 218
182 219
182 220
182 221
182 222
182 223
182 224
182 226
182 252
182 310
182 316
182 334
182 339
182 394
182 413
182 465
182 538
182 543
182 546
182 548
182 553
182 585
182 589
182 591
182 594
182 595
182 599
182 608
182 611
182 613
182 617
182 666
182 668
182 669
182 715
182 751
182 753
182 830
182 833
182 882
182 887
182 981
182 985
182 1002
182 1007
182 1009
182 1019
182 1052
182 1056
182 1078
182 1084
182 1237
182 1244
183 21
183 38
183 47
183 51
183 59
183 65
183 71
183 75
183 88
183 93
183 116
183 123
183 159
183 163
183 185
183 188
183 194
183 195
183 196
183 197
183 198
183 210
183 211
183 226
183 252
183 310
183 316
183 334
183 339
183 350
183 393
183 413
183 465
183 468
183 536
183 543
183 547
183 548
183 554
183 555
183 586
183 587
183 588
183 589
183 599
183 608
183 613
183 626
183 627
183 628
183 629
183 666
183 668
183 669
183 715
183 750
183 753
183 829
183 833
183 882
183 887
183 981
183 985
183 1002
183 1007
183 1009
183 1019
183 1052
183 1056
183 1078
183 1084
183 1237
183 1244
184 20
184 38
184 47
184 51
184 59
184 65
184 71
184 75
184 87
184 93
184 116
184 123
184 159
184 163
184 176
184 177
184 178
184 179
184 180
184 181
184 182
184 183
184 184
184 185
184 189
184 190
184 191
184 192
184 193
184 198
184 204
184 205
184 210
184 226
184 252
184 263
184 264
184 265
184 310
184 316
184 334
184 339
184 350
184 392
184 394
184 413
184 465
184 468
184 534
184 544
184 545
184 546
184 547
184 590
184 599
184 608
184 613
184 618
184 629
184 635
184 666
184 668
184 669
184 715
184 750
184 753
184 829
184 833
184 882
184 887
184 981
184 985
184 1002
184 1007
184 1009
184 1019
184 1052
184 1056
184 1078
184 1084
184 1237
184 1244
185 20
185 28
185 29
185 47
185 51
185 59
185 65
185 71
185 75
185 87
185 93
185 116
185 123
185 157
185 158
185 159
185 164
185 165
185 166
185 167
185 168
185 169
185 170
185 171
185 172
185 173
185 174
185 175
185 185
185 189
185 198
185 203
185 209
185 226
185 252
185 310
185 316
185 334
185 339
185 350
185 391
185 394
185 413
185 465
185 468
185 530
185 533
185 594
185 595
185 599
185 608
185 613
185 617
185 635
185 665
185 668
185 715
185 750
185 753
185 829
185 833
185 882
185 889
185 981
185 985
185 999
185 1000
185 1001
185 1002
185 1003
185 1004
185 1005
185 1006
185 1007
185 1008
185 1009
185 1010
185 1019
185 1052
185 1056
185 1078
185 1084
185 1237
185 1244
186 19
186 28
186 30
186 47
186 51
186 59
186 65
186 71
186 75
186 87
186 93
186 116
186 123
186 139
186 140
186 141
186 142
186 143
186 144
186 145
186 146
186 147
186 148
186 149
186 150
186 151
186 152
186 153
186 154
186 155
186 156
186 159
186 164
186 185
186 188
186 198
186 203
186 209
186 226
186 252
186 310
186 316
186 333
186 334
186 335
186 339
186 350
186 366
186 391
186 394
186 413
186 465
186 468
186 531
186 532
186 533
186 600
186 601
186 608
186 613
186 617
186 629
186 635
186 668
186 715
186 750
186 753
186 829
186 833
186 882
186 888
186 890
186 981
186 985
186 998
186 1011
186 1012
186 1013
186 1014
186 1015
186 1016
186 1017
186 1018
186 1019
186 1020
186 1021
186 1022
186 1023
186 1052
186 1056
186 1057
186 1058
186 1059
186 1060
186 1061
186 1062
186 1063
186 1064
186 1065
186 1066
186 1067
186 1068
186 1069
186 1070
186 1071
186 1072
186 1073
186 1074
186 1075
186 1076
186 1077
186 1078
186 1079
186 1080
186 1081
186 1082
186 1083
186 1084
186 1085
186 1086
186 1087
186 1088
186 1089
186 1090
186 1091
186 1092
186 1093
186 1094
186 1095
186 1096
186 1097
186 1098
186 1099
186 1100
186 1101
186 1102
186 1103
186 1104
186 1105
186 1106
186 1107
186 1108
186 1109
186 1110
186 1111
186 1112
186 1113
186 1114
186 1115
186 1116
186 1117
186 1118
186 1119
186 1120
186 1121
186 1122
186 1123
186 1124
186 1125
186 1126
186 1127
186 1128
186 1129
186 1130
186 1131
186 1132
186 1133
186 1134
186 1135
186 1136
186 1137
186 1138
186 1139
186 1140
186 1141
186 1142
186 1143
186 1144
186 1145
186 1146
186 1147
186 1148
186 1149
186 1150
186 1151
186 1152
186 1153
186 1154
186 1155
186 1156
186 1157
186 1158
186 1237
186 1244
187 19
187 30
187 47
187 57
187 58
187 59
187 66
187 67
187 68
187 69
187 70
187 71
187 76
187 84
187 85
187 86
187 87
187 94
187 95
187 96
187 97
187 98
187 99
187 100
187 101
187 102
187 103
187 104
187 105
187 106
187 107
187 108
187 109
187 110
187 111
187 112
187 113
187 114
187 115
187 116
187 124
187 125
187 126
187 127
187 128
187 129
187 130
187 131
187 132
187 133
187 134
187 135
187 136
187 137
187 138
187 159
187 163
187 185
187 188
187 198
187 203
187 209
187 226
187 252
187 310
187 315
187 332
187 339
187 350
187 366
187 367
187 368
187 369
187 370
187 371
187 372
187 391
187 394
187 413
187 465
187 468
187 484
187 485
187 486
187 487
187 488
187 489
187 490
187 491
187 492
187 493
187 494
187 495
187 496
187 497
187 498
187 608
187 613
187 617
187 627
187 628
187 636
187 668
187 715
187 750
187 753
187 829
187 833
187 882
187 887
187 890
187 981
187 985
187 997
187 1024
187 1042
187 1043
187 1044
187 1045
187 1046
187 1047
187 1048
187 1049
187 1050
187 1051
187 1052
187 1053
187 1054
187 1055
187 1056
187 1159
187 1160
187 1161
187 1162
187 1163
187 1164
187 1237
187 1244
188 18
188 46
188 47
188 52
188 59
188 66
188 71
188 76
188 87
188 94
188 116
188 124
188 159
188 163
188 185
188 188
188 198
188 203
188 209
188 226
188 253
188 310
188 315
188 331
188 335
188 339
188 350
188 366
188 373
188 374
188 375
188 376
188 386
188 387
188 388
188 389
188 390
188 391
188 394
188 413
188 455
188 456
188 457
188 458
188 459
188 460
188 461
188 462
188 463
188 464
188 465
188 469
188 470
188 471
188 472
188 473
188 474
188 475
188 476
188 477
188 478
188 479
188 480
188 481
188 482
188 483
188 498
188 608
188 613
188 617
188 626
188 627
188 636
188 637
188 713
188 750
188 753
188 829
188 833
188 882
188 887
188 890
188 963
188 964
188 965
188 966
188 981
188 985
188 997
188 1024
188 1030
188 1031
188 1032
188 1033
188 1034
188 1035
188 1036
188 1037
188 1038
188 1039
188 1040
188 1041
188 1165
188 1166
188 1167
188 1168
188 1169
188 1170
188 1237
188 1244
189 18
189 31
189 32
189 41
189 42
189 47
189 52
189 59
189 65
189 71
189 75
189 87
189 93
189 116
189 123
189 159
189 163
189 171
189 172
189 173
189 174
189 175
189 176
189 177
189 178
189 179
189 180
189 181
189 182
189 183
189 184
189 186
189 187
189 188
189 190
189 191
189 192
189 193
189 194
189 195
189 196
189 197
189 199
189 200
189 201
189 202
189 203
189 205
189 209
189 226
189 253
189 310
189 315
189 331
189 335
189 339
189 350
189 366
189 377
189 378
189 379
189 380
189 381
189 382
189 383
189 384
189 385
189 391
189 394
189 414
189 415
189 416
189 417
189 418
189 449
189 450
189 451
189 452
189 453
189 454
189 465
189 469
189 499
189 500
189 608
189 613
189 617
189 626
189 637
189 714
189 715
189 718
189 750
189 753
189 829
189 833
189 882
189 887
189 890
189 962
189 967
189 981
189 985
189 997
189 1018
189 1019
189 1020
189 1021
189 1022
189 1023
189 1024
189 1025
189 1026
189 1027
189 1028
189 1029
189 1171
189 1172
189 1173
189 1174
189 1175
189 1176
189 1237
189 1244
190 19
190 20
190 30
190 33
190 40
190 41
190 47
190 51
190 59
190 65
190 71
190 75
190 87
190 93
190 116
190 123
190 143
190 144
190 145
190 146
190 147
190 148
190 149
190 150
190 151
190 152
190 153
190 154
190 155
190 156
190 157
190 158
190 160
190 161
190 162
190 163
190 165
190 166
190 167
190 168
190 169
190 170
190 206
190 207
190 208
190 209
190 211
190 212
190 213
190 214
190 215
190 216
190 217
190 218
190 219
190 220
190 226
190 253
190 297
190 310
190 315
190 331
190 335
190 339
190 349
190 366
190 391
190 394
190 414
190 419
190 420
190 447
190 448
190 465
190 468
190 608
190 613
190 617
190 625
190 638
190 750
190 753
190 829
190 833
190 882
190 887
190 890
190 942
190 943
190 944
190 945
190 946
190 947
190 948
190 949
190 961
190 967
190 981
190 985
190 997
190 1011
190 1012
190 1013
190 1014
190 1015
190 1016
190 1017
190 1177
190 1178
190 1179
190 1180
190 1181
190 1237
190 1244
191 21
191 22
191 23
191 30
191 34
191 35
191 38
191 39
191 47
191 51
191 59
191 65
191 116
191 123
191 130
191 131
191 132
191 133
191 134
191 135
191 136
191 137
191 138
191 139
191 140
191 141
191 142
191 221
191 222
191 226
191 253
191 296
191 298
191 299
191 300
191 310
191 315
191 331
191 335
191 339
191 349
191 366
191 391
191 394
191 413
191 421
191 422
191 423
191 424
191 444
191 445
191 446
191 465
191 468
191 609
191 610
191 613
191 617
191 625
191 638
191 750
191 753
191 829
191 833
191 882
191 887
191 890
191 941
191 950
191 961
191 967
191 981
191 985
191 997
191 1009
191 1010
191 1182
191 1183
191 1184
191 1237
191 1244
192 30
192 35
192 36
192 37
192 47
192 51
192 59
192 65
192 117
192 118
192 119
192 120
192 121
192 122
192 123
192 125
192 126
192 127
192 128
192 129
192 223
192 224
192 225
192 226
192 253
192 295
192 301
192 310
192 315
192 332
192 333
192 339
192 349
192 366
192 391
192 394
192 413
192 425
192 426
192 427
192 428
192 442
192 443
192 465
192 468
192 613
192 617
192 624
192 639
192 748
192 749
192 750
192 829
192 833
192 882
192 888
192 889
192 890
192 940
192 950
192 961
192 967
192 981
192 985
192 997
192 1009
192 1185
192 1186
192 1187
192 1237
192 1244
193 30
193 47
193 50
193 59
193 65
193 111
193 112
193 113
193 114
193 115
193 117
193 227
193 253
193 295
193 301
193 310
193 315
193 334
193 335
193 339
193 349
193 366
193 391
193 394
193 413
193 429
193 430
193 431
193 432
193 438
193 439
193 440
193 441
193 466
193 467
193 468
193 613
193 617
193 624
193 639
193 829
193 833
193 882
193 940
193 950
193 961
193 967
193 981
193 985
193 997
193 1009
193 1188
193 1189
193 1190
193 1237
193 1244
194 24
194 30
194 47
194 50
194 59
194 65
194 109
194 110
194 228
194 229
194 253
194 295
194 301
194 310
194 315
194 334
194 339
194 349
194 366
194 391
194 394
194 413
194 433
194 434
194 435
194 436
194 437
194 613
194 617
194 624
194 639
194 716
194 829
194 833
194 882
194 887
194 940
194 950
194 961
194 967
194 981
194 985
194 997
194 1009
194 1191
194 1192
194 1193
194 1237
194 1244
195 24
195 30
195 59
195 65
195 108
195 230
195 231
195 232
195 253
195 295
195 301
195 310
195 315
195 334
195 339
195 349
195 366
195 392
195 393
195 413
195 613
195 617
195 624
195 639
195 829
195 833
195 882
195 887
195 940
195 950
195 961
195 967
195 981
195 985
195 997
195 1008
195 1009
195 1194
195 1195
195 1196
195 1237
195 1244
196 24
196 30
196 59
196 65
196 107
196 233
196 234
196 235
196 253
196 295
196 301
196 310
196 315
196 334
196 339
196 349
196 366
196 394
196 413
196 614
196 615
196 616
196 617
196 624
196 638
196 829
196 833
196 882
196 887
196 940
196 950
196 961
196 967
196 981
196 985
196 994
196 995
196 996
196 997
196 1007
196 1008
196 1197
196 1198
196 1199
196 1237
196 1244
197 24
197 30
197 59
197 65
197 107
197 236
197 237
197 238
197 253
197 295
197 301
197 310
197 315
197 334
197 339
197 349
197 366
197 394
197 413
197 625
197 638
197 828
197 829
197 882
197 887
197 940
197 950
197 961
197 967
197 981
197 985
197 993
197 1006
197 1007
197 1200
197 1201
197 1237
197 1244
198 24
198 59
198 65
198 107
198 239
198 240
198 253
198 295
198 301
198 310
198 315
198 334
198 339
198 349
198 366
198 394
198 413
198 625
198 626
198 638
198 829
198 882
198 887
198 940
198 950
198 962
198 967
198 981
198 985
198 1005
198 1006
198 1202
198 1203
198 1237
198 1244
199 59
199 65
199 107
199 241
199 242
199 243
199 253
199 295
199 301
199 310
199 315
199 334
199 339
199 349
199 366
199 394
199 413
199 626
199 627
199 638
199 829
199 833
199 879
199 880
199 881
199 882
199 887
199 940
199 950
199 962
199 967
199 981
199 985
199 1003
199 1004
199 1204
199 1205
199 1237
199 1244
200 59
200 65
200 106
200 107
200 244
200 245
200 249
200 250
200 251
200 252
200 295
200 301
200 310
200 315
200 334
200 339
200 349
200 366
200 394
200 413
200 628
200 629
200 637
200 829
200 833
200 882
200 887
200 940
200 950
200 962
200 967
200 981
200 985
200 1002
200 1003
200 1206
200 1207
200 1237
200 1244
201 59
201 65
201 105
201 106
201 246
201 247
201 248
201 295
201 301
201 310
201 315
201 334
201 339
201 349
201 366
201 394
201 414
201 629
201 636
201 882
201 887
201 939
201 940
201 951
201 961
201 962
201 967
201 981
201 985
201 1001
201 1002
201 1208
201 1209
201 1237
201 1244
202 59
202 65
202 104
202 295
202 301
202 310
202 315
202 334
202 339
202 349
202 366
202 394
202 415
202 416
202 635
202 882
202 887
202 940
202 941
202 951
202 962
202 968
202 969
202 970
202 971
202 972
202 973
202 974
202 975
202 976
202 977
202 978
202 979
202 980
202 981
202 1000
202 1001
202 1210
202 1211
202 1212
202 1237
202 1244
203 59
203 65
203 251
203 252
203 295
203 301
203 310
203 315
203 334
203 339
203 349
203 366
203 392
203 393
203 417
203 418
203 629
203 635
203 882
203 887
203 941
203 951
203 981
203 1000
203 1213
203 1214
203 1215
203 1237
203 1244
204 59
204 65
204 253
204 254
204 255
204 295
204 310
204 315
204 334
204 339
204 349
204 366
204 390
204 391
204 419
204 420
204 629
204 882
204 887
204 941
204 951
204 981
204 985
204 1216
204 1217
204 1237
204 1244
205 59
205 65
205 256
205 257
205 310
205 315
205 334
205 349
205 366
205 389
205 390
205 394
205 421
205 422
205 882
205 887
205 941
205 951
205 981
205 985
205 1218
205 1219
205 1237
205 1244
206 59
206 65
206 98
206 99
206 258
206 259
206 310
206 315
206 349
206 366
206 388
206 389
206 423
206 424
206 887
206 941
206 951
206 981
206 985
206 996
206 997
206 1220
206 1221
206 1237
206 1244
207 59
207 65
207 96
207 97
207 260
207 261
207 310
207 315
207 349
207 366
207 386
207 387
207 424
207 425
207 941
207 951
207 981
207 985
207 995
207 996
207 1222
207 1223
207 1237
207 1244
208 59
208 65
208 95
208 96
208 262
208 263
208 264
208 310
208 315
208 349
208 366
208 385
208 386
208 425
208 426
208 941
208 951
208 981
208 985
208 993
208 994
208 1224
208 1225
208 1237
208 1244
209 59
209 65
209 94
209 95
209 265
209 266
209 267
209 310
209 315
209 349
209 366
209 384
209 385
209 427
209 428
209 941
209 951
209 981
209 985
209 992
209 993
209 1226
209 1227
209 1228
209 1237
209 1244
210 59
210 65
210 93
210 94
210 268
210 269
210 270
210 310
210 315
210 349
210 366
210 383
210 384
210 428
210 429
210 941
210 951
210 991
210 992
210 1229
210 1230
210 1237
210 1244
211 59
211 65
211 92
211 93
211 271
211 272
211 273
211 274
211 275
211 349
211 366
211 383
211 429
211 430
211 941
211 951
211 990
211 991
211 1231
211 1232
211 1237
211 1244
212 59
212 65
212 90
212 91
212 276
212 277
212 278
212 279
212 349
212 366
212 382
212 430
212 941
212 951
212 989
212 990
212 1233
212 1234
212 1244
213 59
213 65
213 90
213 280
213 349
213 366
213 382
213 430
213 989
213 1235
213 1244
214 59
214 65
214 89
214 281
214 349
214 366
214 381
214 431
214 988
214 1236
214 1237
214 1245
214 1246
214 1247
214 1248
214 1249
214 1250
214 1251
215 88
215 89
215 282
215 283
215 295
215 298
215 349
215 366
215 380
215 381
215 431
215 988
215 1237
215 1238
215 1245
215 1252
215 1253
215 1254
215 1255
215 1256
215 1257
215 1258
215 1259
215 1260
215 1261
215 1262
215 1263
215 1264
215 1265
215 1266
215 1267
215 1268
215 1269
215 1270
215 1271
215 1272
215 1273
215 1274
215 1275
215 1276
215 1277
215 1278
215 1279
216 88
216 284
216 285
216 295
216 298
216 349
216 366
216 380
216 432
216 988
216 1239
216 1240
216 1244
217 87
217 286
217 287
217 296
217 297
217 298
217 349
217 366
217 379
217 432
217 985
217 1241
217 1242
217 1243
217 1244
217 1246
218 87
218 288
218 289
218 349
218 366
218 379
218 433
218 985
218 1247
218 1248
218 1249
218 1250
218 1251
218 1252
218 1253
219 86
219 289
219 290
219 349
219 366
219 378
219 433
219 985
219 1254
219 1255
219 1256
219 1257
219 1258
219 1259
219 1260
220 85
220 86
220 290
220 291
220 349
220 366
220 378
220 434
220 984
220 1261
220 1262
220 1263
220 1264
220 1265
220 1266
220 1267
221 85
221 292
221 293
221 349
221 366
221 378
221 434
221 1268
221 1269
221 1270
221 1271
221 1272
221 1273
221 1274
222 84
222 293
222 294
222 349
222 366
222 378
222 434
222 986
222 1275
222 1276
222 1277
222 1278
222 1279
223 83
223 84
223 294
223 295
223 349
223 367
223 377
223 434
223 985
224 83
224 295
224 296
224 349
224 367
224 368
224 377
224 434
224 985
225 82
225 296
225 297
225 349
225 366
225 369
225 377
225 434
225 985
226 82
226 297
226 298
226 349
226 366
226 369
226 377
226 434
226 985
227 81
227 298
227 299
227 348
227 365
227 369
227 377
227 435
227 985
228 81
228 299
228 348
228 365
228 369
228 377
228 435
228 985
229 80
229 300
229 348
229 365
229 369
229 377
229 435
229 985
230 80
230 300
230 348
230 365
230 369
230 376
230 435
230 985
231 80
231 300
231 348
231 365
231 369
231 376
231 435
231 985
232 80
232 300
232 348
232 365
232 369
232 376
232 435
232 985
233 80
233 300
233 348
233 365
233 369
233 376
233 435
233 984
233 985
234 80
234 300
234 348
234 365
234 369
234 376
234 435
234 984
235 80
235 348
235 365
235 369
235 377
235 434
235 983
236 80
236 348
236 365
236 369
236 377
236 434
236 982
236 983
237 79
237 348
237 365
237 369
237 378
237 434
237 982
238 348
238 365
238 369
238 378
238 433
238 981
239 348
239 365
239 369
239 378
239 433
239 981
240 348
240 365
240 369
240 379
240 433
240 981
241 348
241 365
241 369
241 379
241 433
242 348
242 365
242 369
242 380
242 432
243 348
243 365
243 369
243 380
243 431
243 432
244 348
244 365
244 369
244 381
244 431
245 348
245 367
245 368
245 381
245 382
245 430
246 348
246 366
246 382
246 383
246 429
246 430
247 348
247 365
247 383
247 428
247 429
248 348
248 365
248 384
248 428
249 348
249 365
249 384
249 385
249 427
250 348
250 365
250 385
250 386
250 426
250 427
251 348
251 365
251 386
251 387
251 425
251 426
252 348
252 365
252 387
252 388
252 394
252 423
252 424
253 348
253 365
253 389
253 390
253 394
253 422
253 423
254 348
254 365
254 391
254 392
254 413
254 420
254 421
255 348
255 365
255 392
255 393
255 413
255 418
255 419
256 348
256 365
256 394
256 413
256 417
257 348
257 365
257 394
257 415
257 416
258 348
258 365
258 394
258 414
259 348
259 365
259 394
259 413
260 348
260 365
260 394
260 413
261 348
261 365
261 394
261 413
262 348
262 365
262 394
262 413
263 348
263 365
263 394
263 413
264 347
264 365
264 394
264 413
265 347
265 365
265 394
265 413
266 347
266 365
266 394
266 413
267 347
267 365
267 394
267 413
268 347
268 365
268 394
268 413
269 347
269 365
269 394
269 413
270 347
270 365
270 394
270 413
271 347
271 365
271 394
271 413
272 347
272 365
272 394
272 413
273 347
273 365
273 394
273 413
274 347
274 365
274 394
274 413
275 347
275 365
275 394
275 413
276 347
276 365
276 394
276 413
277 347
277 365
277 394
277 413
278 347
278 365
278 394
278 413
279 347
279 365
279 394
279 413
280 347
280 365
280 394
280 413
281 347
281 365
281 394
281 413
282 347
282 365
282 394
282 413
283 347
283 365
283 394
283 413
284 347
284 365
284 394
284 413
285 347
285 365
285 394
285 413
285 1278
285 1279
286 347
286 365
286 394
286 413
287 347
287 365
287 394
288 347
288 365
289 347
289 365
290 347
290 365
291 347
291 365
292 347
292 365
293 347
293 365
294 347
294 365
295 347
295 365
296 347
296 365
297 347
297 365
298 347
298 365
299 347
299 365
300 347
300 365
301 346
301 365
302 346
302 365
303 346
303 365
304 346
304 365
305 346
305 365
306 346
306 365
307 346
307 365
308 346
308 365
309 346
309 365
310 346
310 365
311 346
311 365
312 346
312 365
313 346
313 365
314 346
314 365
315 346
315 365
316 346
316 365
317 346
317 365
318 346
318 365
319 346
319 365
320 346
320 365
321 346
321 365
322 346
322 365
323 346
324 346
325 346
