0 123
0 126
0 327
0 379
0 427
0 567
0 589
0 597
0 652
0 682
0 709
0 1242
0 1248
1 121
1 122
1 123
1 126
1 327
1 379
1 427
1 567
1 589
1 598
1 599
1 600
1 601
1 602
1 603
1 604
1 605
1 606
1 607
1 608
1 609
1 610
1 611
1 612
1 613
1 646
1 647
1 648
1 649
1 650
1 651
1 652
1 682
1 709
1 1239
1 1240
1 1241
1 1242
1 1248
2 120
2 126
2 327
2 379
2 426
2 427
2 564
2 565
2 566
2 589
2 614
2 615
2 616
2 617
2 618
2 619
2 620
2 621
2 622
2 623
2 624
2 625
2 626
2 627
2 628
2 629
2 630
2 631
2 632
2 633
2 634
2 635
2 636
2 637
2 638
2 639
2 640
2 641
2 642
2 643
2 644
2 645
2 681
2 709
2 1238
2 1248
3 119
3 126
3 327
3 379
3 425
3 426
3 564
3 589
3 673
3 674
3 675
3 676
3 677
3 678
3 680
3 708
3 709
3 1237
3 1248
4 119
4 126
4 327
4 377
4 379
4 424
4 425
4 564
4 589
4 667
4 668
4 669
4 670
4 671
4 672
4 680
4 685
4 706
4 707
4 1237
4 1248
5 119
5 126
5 327
5 377
5 380
5 423
5 424
5 565
5 588
5 660
5 661
5 662
5 663
5 664
5 665
5 666
5 681
5 682
5 683
5 684
5 686
5 687
5 688
5 693
5 705
5 706
5 1237
5 1248
6 119
6 126
6 327
6 377
6 380
6 381
6 422
6 423
6 565
6 566
6 588
6 653
6 654
6 655
6 656
6 657
6 658
6 659
6 689
6 690
6 691
6 692
6 694
6 695
6 704
6 705
6 1237
6 1248
7 119
7 126
7 327
7 377
7 381
7 382
7 421
7 422
7 566
7 587
7 589
7 590
7 591
7 592
7 593
7 594
7 595
7 596
7 597
7 598
7 599
7 600
7 601
7 602
7 603
7 604
7 605
7 606
7 607
7 608
7 609
7 648
7 649
7 650
7 651
7 652
7 695
7 696
7 697
7 698
7 699
7 700
7 701
7 702
7 703
7 704
7 1237
7 1248
8 119
8 126
8 327
8 377
8 382
8 383
8 419
8 420
8 567
8 583
8 584
8 585
8 586
8 610
8 611
8 612
8 613
8 614
8 615
8 616
8 617
8 618
8 619
8 620
8 621
8 622
8 623
8 624
8 625
8 626
8 627
8 628
8 629
8 646
8 647
8 1237
8 1248
9 119
9 126
9 327
9 377
9 383
9 384
9 418
9 419
9 567
9 568
9 569
9 570
9 571
9 572
9 573
9 574
9 575
9 576
9 577
9 578
9 579
9 580
9 581
9 582
9 630
9 631
9 644
9 645
9 1237
9 1248
10 119
10 126
10 327
10 377
10 384
10 385
10 417
10 418
10 631
10 641
10 642
10 643
10 1237
10 1248
11 119
11 126
11 327
11 377
11 385
11 386
11 416
11 417
11 632
11 639
11 640
11 1237
11 1248
12 119
12 126
12 327
12 377
12 386
12 387
12 415
12 416
12 632
12 639
12 1237
12 1248
13 119
13 126
13 327
13 377
13 387
13 388
13 414
13 415
13 632
13 638
13 1237
13 1248
14 119
14 126
14 327
14 377
14 388
14 389
14 413
14 414
14 632
14 638
14 1237
14 1248
15 118
15 126
15 327
15 377
15 389
15 390
15 412
15 413
15 632
15 638
15 1237
15 1248
16 118
16 126
16 327
16 377
16 390
16 391
16 411
16 412
16 632
16 638
16 1237
16 1248
17 118
17 126
17 327
17 377
17 391
17 392
17 410
17 411
17 413
17 632
17 638
17 1237
17 1248
18 118
18 126
18 327
18 377
18 392
18 393
18 409
18 410
18 413
18 632
18 638
18 1028
18 1029
18 1237
18 1248
19 118
19 126
19 327
19 378
19 393
19 394
19 407
19 408
19 413
19 632
19 638
19 1026
19 1027
19 1237
19 1248
20 118
20 126
20 327
20 378
20 379
20 394
20 395
20 406
20 407
20 413
20 632
20 638
20 1025
20 1026
20 1029
20 1237
20 1248
21 118
21 126
21 327
21 377
21 380
21 381
21 382
21 395
21 396
21 405
21 406
21 413
21 632
21 638
21 1023
21 1024
21 1029
21 1237
21 1248
22 118
22 125
22 327
22 376
22 383
22 384
22 396
22 397
22 403
22 404
22 413
22 632
22 638
22 1022
22 1023
22 1029
22 1237
22 1248
23 118
23 125
23 327
23 376
23 385
23 386
23 394
23 397
23 398
23 402
23 403
23 413
23 632
23 638
23 1020
23 1021
23 1029
23 1237
23 1248
24 118
24 125
24 327
24 376
24 387
24 388
24 389
24 394
24 398
24 399
24 400
24 401
24 402
24 413
24 631
24 638
24 1019
24 1020
24 1029
24 1237
24 1248
25 118
25 125
25 327
25 376
25 390
25 391
25 394
25 413
25 631
25 638
25 1017
25 1018
25 1029
25 1237
25 1248
26 118
26 125
26 327
26 376
26 392
26 394
26 413
26 631
26 638
26 1015
26 1016
26 1029
26 1237
26 1248
27 118
27 125
27 327
27 376
27 396
27 413
27 631
27 638
27 1014
27 1015
27 1029
27 1237
27 1248
28 118
28 125
28 327
28 376
28 397
28 398
28 413
28 631
28 638
28 1012
28 1013
28 1029
28 1237
28 1248
29 118
29 125
29 327
29 376
29 399
29 400
29 413
29 631
29 638
29 1010
29 1011
29 1012
29 1029
29 1237
29 1248
30 118
30 125
30 327
30 376
30 401
30 413
30 631
30 638
30 1008
30 1009
30 1029
30 1237
30 1248
31 118
31 125
31 327
31 376
31 401
31 413
31 631
31 638
31 1008
31 1029
31 1237
31 1248
32 118
32 125
32 327
32 376
32 401
32 413
32 631
32 638
32 1007
32 1029
32 1076
32 1077
32 1237
32 1248
33 118
33 125
33 327
33 376
33 401
33 413
33 631
33 638
33 1007
33 1029
33 1074
33 1075
33 1078
33 1079
33 1237
33 1248
34 118
34 125
34 327
34 376
34 401
34 413
34 631
34 638
34 1007
34 1029
34 1065
34 1066
34 1067
34 1068
34 1069
34 1074
34 1080
34 1081
34 1237
34 1248
35 118
35 125
35 327
35 376
35 401
35 413
35 631
35 638
35 1007
35 1029
35 1064
35 1070
35 1073
35 1082
35 1237
35 1248
36 118
36 125
36 319
36 320
36 321
36 327
36 376
36 401
36 413
36 631
36 638
36 1007
36 1029
36 1064
36 1071
36 1072
36 1073
36 1082
36 1237
36 1248
37 117
37 125
37 318
37 322
37 323
37 324
37 325
37 326
37 327
37 376
37 401
37 413
37 631
37 638
37 1007
37 1029
37 1064
37 1082
37 1237
37 1248
38 117
38 125
38 317
38 401
38 413
38 631
38 638
38 1007
38 1029
38 1064
38 1082
38 1237
38 1248
39 117
39 125
39 317
39 377
39 378
39 379
39 380
39 401
39 413
39 631
39 638
39 1007
39 1029
39 1063
39 1081
39 1082
39 1237
39 1248
40 117
40 125
40 317
40 376
40 381
40 382
40 401
40 413
40 631
40 638
40 1007
40 1029
40 1059
40 1060
40 1061
40 1081
40 1237
40 1248
41 117
41 125
41 317
41 376
41 383
41 384
41 385
41 401
41 413
41 631
41 638
41 1007
41 1029
41 1057
41 1058
41 1062
41 1081
41 1082
41 1083
41 1084
41 1085
41 1237
41 1248
42 117
42 125
42 316
42 376
42 386
42 401
42 413
42 631
42 638
42 1007
42 1029
42 1056
42 1086
42 1237
42 1248
43 117
43 125
43 316
43 376
43 387
43 388
43 401
43 413
43 631
43 638
43 1007
43 1029
43 1051
43 1052
43 1053
43 1087
43 1237
43 1248
44 117
44 125
44 315
44 316
44 376
44 389
44 390
44 401
44 413
44 631
44 638
44 1007
44 1029
44 1049
44 1050
44 1054
44 1087
44 1237
44 1248
45 117
45 125
45 309
45 310
45 311
45 312
45 313
45 314
45 376
45 391
45 392
45 393
45 401
45 413
45 631
45 638
45 1007
45 1029
45 1048
45 1086
45 1087
45 1237
45 1248
46 117
46 125
46 304
46 305
46 306
46 307
46 308
46 377
46 378
46 379
46 380
46 394
46 396
46 401
46 413
46 631
46 638
46 1007
46 1029
46 1047
46 1085
46 1086
46 1237
46 1248
47 117
47 125
47 302
47 303
47 381
47 382
47 395
47 397
47 398
47 401
47 413
47 631
47 637
47 1008
47 1029
47 1047
47 1084
47 1237
47 1248
48 117
48 125
48 300
48 301
48 383
48 384
48 385
48 386
48 387
48 388
48 389
48 390
48 391
48 392
48 393
48 394
48 399
48 400
48 401
48 413
48 631
48 637
48 1008
48 1029
48 1048
48 1084
48 1237
48 1248
49 117
49 125
49 299
49 396
49 413
49 631
49 637
49 1008
49 1029
49 1048
49 1084
49 1237
49 1248
50 117
50 125
50 298
50 398
50 413
50 631
50 637
50 1008
50 1029
50 1043
50 1044
50 1045
50 1048
50 1084
50 1237
50 1248
51 117
51 125
51 298
51 399
51 414
51 631
51 637
51 1008
51 1029
51 1041
51 1042
51 1046
51 1047
51 1048
51 1085
51 1086
51 1237
51 1248
52 117
52 125
52 298
52 400
52 414
52 631
52 637
52 1008
52 1029
52 1040
52 1087
52 1237
52 1248
53 117
53 125
53 298
53 400
53 414
53 631
53 637
53 872
53 1008
53 1029
53 1039
53 1088
53 1237
53 1248
54 117
54 125
54 298
54 400
54 414
54 631
54 637
54 871
54 873
54 874
54 1008
54 1029
54 1039
54 1088
54 1089
54 1237
54 1248
55 117
55 125
55 299
55 400
55 414
55 631
55 637
55 870
55 874
55 1008
55 1029
55 1039
55 1090
55 1091
55 1092
55 1093
55 1094
55 1095
55 1237
55 1248
56 117
56 125
56 299
56 300
56 401
56 414
56 631
56 637
56 868
56 869
56 874
56 994
56 995
56 996
56 997
56 1008
56 1029
56 1040
56 1096
56 1237
56 1248
57 117
57 125
57 300
57 301
57 401
57 414
57 631
57 637
57 867
57 875
57 992
57 993
57 998
57 999
57 1008
57 1029
57 1040
57 1041
57 1097
57 1237
57 1248
58 117
58 125
58 301
58 302
58 401
58 414
58 631
58 637
58 866
58 876
58 991
58 992
58 1000
58 1001
58 1008
58 1029
58 1041
58 1097
58 1098
58 1099
58 1100
58 1101
58 1102
58 1103
58 1104
58 1105
58 1106
58 1107
58 1237
58 1248
59 117
59 125
59 302
59 303
59 304
59 305
59 401
59 414
59 631
59 637
59 866
59 876
59 990
59 991
59 1001
59 1002
59 1008
59 1029
59 1041
59 1108
59 1237
59 1248
60 115
60 116
60 125
60 306
60 307
60 308
60 309
60 310
60 401
60 414
60 631
60 637
60 866
60 877
60 990
60 1002
60 1003
60 1008
60 1029
60 1039
60 1040
60 1109
60 1237
60 1248
61 114
61 116
61 126
61 311
61 312
61 313
61 314
61 400
61 414
61 631
61 637
61 865
61 877
61 878
61 989
61 1004
61 1005
61 1008
61 1029
61 1037
61 1038
61 1109
61 1237
61 1248
62 113
62 116
62 126
62 146
62 147
62 315
62 316
62 400
62 414
62 631
62 637
62 865
62 879
62 880
62 989
62 1005
62 1006
62 1008
62 1029
62 1037
62 1109
62 1237
62 1248
63 113
63 116
63 126
63 144
63 145
63 148
63 149
63 317
63 400
63 414
63 631
63 637
63 865
63 880
63 988
63 1006
63 1008
63 1029
63 1036
63 1109
63 1237
63 1248
64 112
64 116
64 126
64 142
64 143
64 149
64 150
64 276
64 277
64 278
64 279
64 280
64 281
64 282
64 283
64 284
64 285
64 286
64 287
64 288
64 289
64 290
64 291
64 292
64 293
64 294
64 295
64 296
64 297
64 298
64 299
64 300
64 317
64 400
64 414
64 631
64 637
64 865
64 880
64 987
64 988
64 1008
64 1029
64 1036
64 1109
64 1237
64 1248
65 110
65 111
65 112
65 116
65 126
65 140
65 141
65 150
65 151
65 275
65 301
65 302
65 303
65 304
65 305
65 306
65 307
65 308
65 309
65 310
65 311
65 312
65 313
65 314
65 315
65 398
65 399
65 414
65 631
65 637
65 865
65 881
65 985
65 986
65 987
65 1008
65 1029
65 1034
65 1035
65 1109
65 1237
65 1248
66 0
66 1
66 2
66 3
66 4
66 5
66 6
66 7
66 8
66 107
66 108
66 109
66 116
66 126
66 138
66 139
66 151
66 152
66 274
66 316
66 393
66 396
66 397
66 414
66 631
66 637
66 865
66 881
66 882
66 984
66 1008
66 1029
66 1032
66 1033
66 1110
66 1111
66 1236
66 1248
67 9
67 10
67 103
67 104
67 105
67 106
67 116
67 126
67 135
67 136
67 137
67 138
67 152
67 274
67 316
67 389
67 390
67 391
67 392
67 394
67 414
67 631
67 637
67 866
67 882
67 983
67 1008
67 1030
67 1032
67 1112
67 1113
67 1236
67 1248
68 11
68 12
68 103
68 116
68 126
68 128
68 129
68 130
68 131
68 132
68 133
68 134
68 153
68 274
68 316
68 387
68 388
68 394
68 414
68 631
68 637
68 866
68 882
68 983
68 1008
68 1030
68 1113
68 1236
68 1248
69 12
69 13
69 103
69 116
69 125
69 153
69 274
69 316
69 385
69 386
69 394
69 414
69 631
69 637
69 863
69 866
69 882
69 982
69 1008
69 1029
69 1113
69 1236
69 1248
70 13
70 21
70 22
70 23
70 24
70 103
70 104
70 116
70 125
70 153
70 156
70 274
70 316
70 384
70 385
70 394
70 414
70 631
70 637
70 861
70 862
70 864
70 865
70 867
70 868
70 882
70 982
70 1008
70 1029
70 1113
70 1236
70 1248
71 14
71 19
71 20
71 25
71 26
71 104
71 116
71 125
71 153
71 155
71 157
71 158
71 274
71 316
71 383
71 384
71 394
71 414
71 631
71 637
71 855
71 856
71 861
71 866
71 881
71 982
71 1008
71 1029
71 1113
71 1236
71 1248
72 14
72 15
72 19
72 26
72 104
72 116
72 125
72 159
72 160
72 161
72 162
72 274
72 314
72 315
72 383
72 394
72 414
72 631
72 637
72 854
72 857
72 858
72 867
72 868
72 881
72 883
72 884
72 982
72 1008
72 1029
72 1113
72 1114
72 1115
72 1116
72 1117
72 1118
72 1119
72 1236
72 1248
73 16
73 17
73 18
73 26
73 102
73 103
73 116
73 125
73 152
73 154
73 163
73 164
73 274
73 308
73 309
73 310
73 311
73 312
73 313
73 383
73 394
73 414
73 630
73 637
73 843
73 844
73 845
73 846
73 849
73 850
73 851
73 852
73 853
73 859
73 884
73 894
73 895
73 896
73 982
73 1008
73 1029
73 1120
73 1121
73 1236
73 1248
74 26
74 101
74 116
74 125
74 151
74 152
74 154
74 164
74 274
74 303
74 304
74 305
74 306
74 307
74 383
74 384
74 394
74 414
74 472
74 473
74 474
74 475
74 476
74 630
74 637
74 841
74 842
74 847
74 848
74 849
74 884
74 888
74 889
74 890
74 893
74 894
74 897
74 898
74 982
74 1008
74 1029
74 1121
74 1236
74 1248
75 26
75 34
75 35
75 36
75 37
75 38
75 39
75 40
75 41
75 42
75 43
75 44
75 100
75 116
75 125
75 149
75 150
75 164
75 274
75 301
75 302
75 385
75 386
75 387
75 388
75 389
75 394
75 414
75 470
75 471
75 477
75 478
75 630
75 637
75 840
75 841
75 884
75 888
75 891
75 892
75 893
75 899
75 900
75 982
75 1008
75 1029
75 1121
75 1236
75 1248
76 29
76 30
76 31
76 32
76 33
76 45
76 46
76 53
76 100
76 116
76 125
76 148
76 152
76 164
76 274
76 300
76 301
76 390
76 391
76 392
76 393
76 394
76 414
76 470
76 479
76 630
76 637
76 839
76 840
76 884
76 887
76 900
76 982
76 1008
76 1029
76 1121
76 1236
76 1248
77 25
77 26
77 28
77 47
77 48
77 49
77 50
77 51
77 52
77 54
77 55
77 56
77 101
77 116
77 125
77 149
77 150
77 163
77 164
77 274
77 299
77 300
77 396
77 397
77 414
77 469
77 479
77 630
77 637
77 838
77 839
77 884
77 887
77 901
77 983
77 1009
77 1029
77 1121
77 1236
77 1248
77 1279
78 24
78 57
78 58
78 59
78 102
78 116
78 125
78 162
78 163
78 274
78 299
78 398
78 414
78 469
78 480
78 630
78 637
78 838
78 884
78 901
78 983
78 1009
78 1029
78 1121
78 1236
78 1249
78 1250
78 1251
78 1252
78 1253
78 1254
78 1255
78 1256
78 1257
78 1258
78 1259
78 1260
78 1261
78 1262
78 1263
78 1264
78 1265
78 1266
78 1267
78 1268
78 1269
78 1270
78 1271
78 1272
78 1273
78 1274
78 1275
78 1276
78 1277
78 1278
78 1279
79 60
79 61
79 70
79 71
79 72
79 103
79 116
79 125
79 162
79 274
79 298
79 398
79 414
79 468
79 480
79 630
79 637
79 837
79 885
79 901
79 983
79 1009
79 1029
79 1121
79 1236
79 1249
79 1279
80 62
80 63
80 68
80 69
80 73
80 74
80 75
80 103
80 116
80 125
80 163
80 274
80 298
80 399
80 414
80 468
80 480
80 630
80 637
80 837
80 901
80 974
80 975
80 976
80 977
80 978
80 983
80 1009
80 1029
80 1122
80 1236
80 1248
81 39
81 40
81 41
81 64
81 65
81 66
81 67
81 76
81 77
81 88
81 89
81 90
81 91
81 92
81 93
81 94
81 95
81 104
81 116
81 125
81 164
81 171
81 172
81 173
81 174
81 175
81 176
81 274
81 299
81 399
81 414
81 468
81 480
81 630
81 637
81 837
81 901
81 973
81 979
81 980
81 983
81 1009
81 1029
81 1123
81 1236
81 1248
82 39
82 42
82 43
82 77
82 87
82 96
82 104
82 105
82 116
82 125
82 165
82 166
82 167
82 168
82 169
82 170
82 176
82 177
82 274
82 299
82 399
82 414
82 468
82 481
82 630
82 637
82 836
82 900
82 972
82 980
82 981
82 982
82 1009
82 1029
82 1123
82 1236
82 1248
83 39
83 43
83 44
83 77
83 86
83 96
83 105
83 106
83 116
83 125
83 178
83 179
83 273
83 299
83 400
83 414
83 468
83 481
83 630
83 637
83 836
83 901
83 972
83 1009
83 1029
83 1124
83 1125
83 1126
83 1127
83 1236
83 1248
84 40
84 45
84 46
84 77
84 86
84 96
84 106
84 107
84 116
84 125
84 179
84 273
84 300
84 400
84 414
84 468
84 481
84 578
84 579
84 580
84 630
84 637
84 830
84 831
84 832
84 833
84 834
84 835
84 836
84 902
84 903
84 972
84 1009
84 1029
84 1128
84 1129
84 1236
84 1248
85 40
85 47
85 77
85 86
85 96
85 107
85 116
85 125
85 179
85 273
85 300
85 400
85 414
85 468
85 481
85 577
85 581
85 589
85 590
85 630
85 637
85 829
85 903
85 971
85 1009
85 1029
85 1128
85 1130
85 1131
85 1236
85 1248
86 41
86 48
86 77
86 86
86 96
86 107
86 116
86 125
86 180
86 242
86 243
86 244
86 245
86 246
86 247
86 248
86 249
86 250
86 251
86 252
86 273
86 301
86 401
86 415
86 416
86 417
86 418
86 419
86 420
86 421
86 422
86 423
86 424
86 425
86 426
86 427
86 428
86 429
86 430
86 431
86 432
86 433
86 434
86 435
86 436
86 437
86 438
86 439
86 440
86 441
86 442
86 443
86 444
86 445
86 446
86 447
86 448
86 449
86 450
86 451
86 452
86 453
86 454
86 455
86 456
86 457
86 458
86 459
86 460
86 461
86 462
86 463
86 464
86 465
86 466
86 467
86 469
86 481
86 575
86 576
86 582
86 583
86 584
86 585
86 586
86 587
86 588
86 591
86 592
86 593
86 594
86 595
86 596
86 630
86 638
86 639
86 640
86 650
86 651
86 652
86 653
86 654
86 828
86 903
86 971
86 1009
86 1029
86 1128
86 1130
86 1132
86 1236
86 1248
87 41
87 42
87 48
87 49
87 77
87 86
87 96
87 99
87 100
87 101
87 102
87 103
87 108
87 116
87 125
87 180
87 181
87 240
87 241
87 253
87 254
87 273
87 301
87 302
87 401
87 469
87 481
87 571
87 572
87 573
87 574
87 591
87 597
87 598
87 599
87 600
87 601
87 602
87 603
87 604
87 605
87 606
87 607
87 608
87 609
87 624
87 625
87 626
87 627
87 628
87 629
87 630
87 641
87 642
87 643
87 644
87 645
87 646
87 647
87 648
87 649
87 655
87 656
87 657
87 658
87 659
87 828
87 903
87 971
87 1009
87 1029
87 1132
87 1236
87 1248
88 42
88 43
88 50
88 51
88 77
88 79
88 80
88 86
88 96
88 104
88 105
88 109
88 116
88 125
88 181
88 182
88 189
88 240
88 255
88 256
88 273
88 302
88 303
88 401
88 469
88 480
88 570
88 573
88 590
88 610
88 611
88 612
88 613
88 614
88 615
88 616
88 617
88 618
88 619
88 620
88 621
88 622
88 623
88 642
88 828
88 903
88 968
88 969
88 970
88 971
88 1009
88 1029
88 1132
88 1236
88 1248
89 43
89 44
89 51
89 52
89 81
89 82
89 86
89 96
89 106
89 110
89 116
89 125
89 182
89 187
89 188
89 190
89 191
89 210
89 211
89 239
89 256
89 273
89 304
89 305
89 306
89 401
89 457
89 458
89 459
89 460
89 461
89 462
89 463
89 464
89 465
89 466
89 467
89 469
89 480
89 571
89 572
89 573
89 574
89 591
89 639
89 640
89 641
89 658
89 659
89 821
89 822
89 827
89 904
89 975
89 976
89 977
89 978
89 979
89 980
89 981
89 982
89 983
89 984
89 985
89 986
89 987
89 988
89 989
89 990
89 991
89 992
89 993
89 994
89 995
89 996
89 997
89 998
89 999
89 1000
89 1001
89 1002
89 1003
89 1004
89 1005
89 1006
89 1007
89 1008
89 1009
89 1010
89 1011
89 1012
89 1013
89 1014
89 1015
89 1016
89 1017
89 1018
89 1019
89 1020
89 1021
89 1022
89 1023
89 1024
89 1025
89 1026
89 1027
89 1028
89 1029
89 1030
89 1031
89 1032
89 1132
89 1236
89 1249
89 1250
89 1251
89 1252
89 1253
89 1254
89 1255
89 1256
89 1257
89 1258
89 1259
89 1263
89 1264
89 1265
89 1266
89 1267
89 1268
89 1269
89 1270
89 1271
89 1274
89 1275
89 1276
89 1277
89 1278
89 1279
90 44
90 45
90 53
90 54
90 83
90 84
90 86
90 96
90 108
90 116
90 125
90 183
90 187
90 191
90 192
90 208
90 209
90 212
90 213
90 214
90 215
90 238
90 239
90 257
90 273
90 307
90 308
90 309
90 310
90 311
90 401
90 428
90 429
90 430
90 431
90 432
90 433
90 434
90 435
90 436
90 437
90 438
90 439
90 440
90 441
90 442
90 443
90 444
90 445
90 446
90 447
90 448
90 449
90 450
90 451
90 452
90 453
90 454
90 455
90 456
90 469
90 480
90 575
90 576
90 577
90 578
90 579
90 580
90 581
90 582
90 583
90 584
90 585
90 591
90 625
90 626
90 627
90 628
90 629
90 638
90 641
90 642
90 643
90 653
90 654
90 655
90 656
90 657
90 658
90 819
90 820
90 823
90 824
90 825
90 826
90 827
90 904
90 905
90 914
90 915
90 916
90 917
90 918
90 919
90 920
90 921
90 922
90 923
90 924
90 925
90 926
90 927
90 928
90 929
90 930
90 931
90 932
90 933
90 934
90 935
90 936
90 937
90 938
90 939
90 940
90 941
90 942
90 943
90 944
90 945
90 946
90 947
90 948
90 949
90 950
90 951
90 952
90 953
90 954
90 955
90 967
90 968
90 969
90 970
90 971
90 972
90 973
90 974
90 1033
90 1132
90 1236
90 1249
90 1261
90 1262
91 46
91 47
91 54
91 55
91 86
91 96
91 110
91 116
91 125
91 183
91 186
91 192
91 208
91 216
91 217
91 218
91 238
91 257
91 258
91 273
91 312
91 313
91 315
91 316
91 400
91 401
91 415
91 416
91 417
91 418
91 419
91 420
91 421
91 422
91 423
91 424
91 425
91 426
91 427
91 468
91 480
91 586
91 587
91 588
91 589
91 590
91 591
91 592
91 593
91 594
91 595
91 596
91 597
91 598
91 599
91 600
91 601
91 602
91 620
91 621
91 622
91 623
91 624
91 630
91 637
91 644
91 645
91 646
91 647
91 648
91 649
91 650
91 651
91 652
91 818
91 905
91 910
91 911
91 912
91 913
91 956
91 957
91 958
91 959
91 960
91 961
91 962
91 963
91 964
91 965
91 966
91 1033
91 1132
91 1236
91 1248
91 1259
91 1260
91 1272
92 48
92 49
92 56
92 57
92 86
92 96
92 116
92 125
92 184
92 185
92 186
92 193
92 207
92 219
92 237
92 258
92 259
92 273
92 312
92 317
92 400
92 414
92 468
92 479
92 603
92 604
92 605
92 606
92 607
92 608
92 609
92 610
92 611
92 612
92 613
92 619
92 630
92 637
92 817
92 906
92 907
92 908
92 909
92 1033
92 1130
92 1131
92 1132
92 1236
92 1248
92 1257
92 1258
92 1271
93 49
93 50
93 58
93 59
93 86
93 96
93 116
93 125
93 193
93 194
93 207
93 219
93 236
93 237
93 259
93 260
93 273
93 317
93 399
93 413
93 467
93 479
93 614
93 618
93 630
93 637
93 817
93 903
93 904
93 905
93 906
93 1033
93 1124
93 1125
93 1126
93 1127
93 1128
93 1129
93 1228
93 1229
93 1230
93 1231
93 1232
93 1233
93 1236
93 1248
93 1256
93 1257
93 1271
94 51
94 52
94 60
94 61
94 86
94 96
94 116
94 125
94 194
94 207
94 219
94 234
94 235
94 260
94 273
94 317
94 396
94 397
94 398
94 399
94 413
94 467
94 479
94 614
94 618
94 630
94 637
94 714
94 715
94 716
94 817
94 900
94 901
94 902
94 1033
94 1121
94 1122
94 1123
94 1124
94 1222
94 1223
94 1224
94 1225
94 1226
94 1227
94 1233
94 1234
94 1236
94 1248
94 1254
94 1255
94 1270
95 52
95 53
95 62
95 63
95 86
95 96
95 116
95 125
95 194
95 207
95 219
95 231
95 232
95 233
95 234
95 260
95 273
95 317
95 389
95 390
95 391
95 392
95 393
95 394
95 413
95 467
95 480
95 614
95 618
95 630
95 637
95 712
95 713
95 717
95 718
95 719
95 720
95 721
95 722
95 723
95 818
95 897
95 898
95 899
95 1033
95 1120
95 1221
95 1236
95 1248
95 1253
95 1254
95 1270
96 54
96 55
96 63
96 64
96 86
96 96
96 116
96 125
96 195
96 196
96 197
96 207
96 219
96 225
96 226
96 227
96 228
96 229
96 230
96 260
96 273
96 317
96 385
96 386
96 387
96 388
96 394
96 413
96 467
96 480
96 614
96 618
96 630
96 637
96 711
96 712
96 723
96 724
96 725
96 726
96 727
96 728
96 729
96 730
96 818
96 819
96 894
96 895
96 896
96 1033
96 1119
96 1220
96 1236
96 1247
96 1251
96 1252
96 1269
97 56
97 57
97 65
97 66
97 67
97 86
97 96
97 116
97 125
97 198
97 199
97 207
97 218
97 224
97 260
97 273
97 317
97 383
97 384
97 394
97 413
97 467
97 480
97 614
97 618
97 630
97 637
97 711
97 731
97 732
97 820
97 891
97 892
97 893
97 1033
97 1119
97 1220
97 1236
97 1247
97 1249
97 1250
97 1269
98 57
98 58
98 68
98 69
98 86
98 96
98 116
98 125
98 199
98 207
98 218
98 223
98 261
98 273
98 317
98 383
98 394
98 413
98 467
98 480
98 614
98 618
98 630
98 637
98 705
98 706
98 707
98 708
98 709
98 710
98 733
98 737
98 798
98 815
98 816
98 817
98 887
98 888
98 889
98 890
98 1033
98 1120
98 1121
98 1122
98 1123
98 1124
98 1220
98 1236
98 1248
98 1249
98 1268
99 59
99 60
99 70
99 71
99 86
99 96
99 116
99 125
99 200
99 207
99 219
99 223
99 261
99 262
99 273
99 317
99 382
99 394
99 413
99 468
99 480
99 614
99 618
99 630
99 637
99 703
99 704
99 734
99 735
99 736
99 738
99 790
99 791
99 796
99 797
99 799
99 800
99 805
99 806
99 807
99 808
99 814
99 884
99 885
99 886
99 1033
99 1124
99 1221
99 1236
99 1248
99 1268
100 61
100 62
100 71
100 72
100 86
100 96
100 116
100 125
100 200
100 201
100 207
100 219
100 222
100 262
100 263
100 273
100 382
100 394
100 413
100 468
100 480
100 614
100 618
100 630
100 637
100 700
100 701
100 702
100 703
100 739
100 788
100 789
100 792
100 793
100 796
100 800
100 801
100 802
100 803
100 804
100 809
100 810
100 813
100 881
100 882
100 883
100 1033
100 1124
100 1221
100 1236
100 1247
100 1267
101 0
101 1
101 2
101 3
101 4
101 5
101 6
101 7
101 8
101 9
101 10
101 11
101 12
101 13
101 14
101 15
101 16
101 63
101 64
101 73
101 74
101 86
101 96
101 116
101 125
101 201
101 202
101 207
101 219
101 222
101 263
101 273
101 320
101 321
101 322
101 323
101 324
101 325
101 382
101 394
101 413
101 469
101 480
101 614
101 618
101 630
101 637
101 698
101 699
101 740
101 741
101 742
101 787
101 793
101 795
101 810
101 813
101 878
101 879
101 880
101 1033
101 1124
101 1221
101 1236
101 1247
101 1267
102 17
102 18
102 19
102 20
102 21
102 22
102 23
102 24
102 25
102 26
102 27
102 28
102 29
102 30
102 31
102 32
102 33
102 34
102 35
102 36
102 37
102 38
102 39
102 40
102 41
102 42
102 43
102 44
102 45
102 46
102 47
102 48
102 49
102 50
102 51
102 64
102 65
102 66
102 75
102 76
102 86
102 96
102 116
102 125
102 203
102 204
102 205
102 206
102 220
102 222
102 264
102 273
102 326
102 327
102 381
102 382
102 394
102 413
102 469
102 479
102 480
102 614
102 618
102 630
102 637
102 698
102 743
102 744
102 786
102 793
102 795
102 811
102 874
102 875
102 876
102 877
102 1033
102 1124
102 1222
102 1236
102 1247
102 1266
103 52
103 53
103 54
103 55
103 56
103 57
103 58
103 59
103 60
103 61
103 62
103 63
103 77
103 78
103 86
103 96
103 116
103 125
103 220
103 264
103 273
103 327
103 378
103 379
103 380
103 394
103 413
103 470
103 477
103 478
103 614
103 618
103 630
103 637
103 697
103 744
103 745
103 785
103 786
103 812
103 815
103 816
103 870
103 871
103 872
103 873
103 1033
103 1124
103 1222
103 1223
103 1236
103 1247
103 1266
104 65
104 66
104 79
104 80
104 86
104 96
104 116
104 125
104 221
104 222
104 265
104 273
104 328
104 330
104 331
104 332
104 333
104 334
104 377
104 394
104 413
104 470
104 471
104 472
104 473
104 474
104 475
104 476
104 477
104 614
104 618
104 630
104 637
104 697
104 745
104 784
104 785
104 867
104 868
104 869
104 1034
104 1124
104 1223
104 1236
104 1247
104 1265
105 0
105 1
105 2
105 3
105 4
105 5
105 6
105 7
105 8
105 9
105 10
105 11
105 12
105 13
105 14
105 15
105 16
105 17
105 80
105 81
105 86
105 96
105 116
105 125
105 265
105 273
105 328
105 335
105 336
105 337
105 338
105 339
105 340
105 341
105 342
105 343
105 344
105 345
105 346
105 347
105 348
105 349
105 350
105 351
105 376
105 394
105 413
105 614
105 618
105 630
105 637
105 697
105 745
105 778
105 779
105 780
105 784
105 815
105 816
105 864
105 865
105 866
105 1034
105 1124
105 1125
105 1223
105 1236
105 1247
105 1263
105 1264
106 18
106 19
106 20
106 21
106 22
106 23
106 24
106 25
106 26
106 27
106 28
106 29
106 30
106 31
106 32
106 33
106 34
106 35
106 36
106 37
106 38
106 39
106 40
106 41
106 42
106 43
106 44
106 45
106 46
106 47
106 48
106 49
106 50
106 51
106 52
106 53
106 54
106 82
106 83
106 86
106 96
106 116
106 125
106 266
106 273
106 328
106 352
106 353
106 364
106 365
106 376
106 394
106 413
106 614
106 618
106 630
106 637
106 692
106 693
106 694
106 695
106 696
106 697
106 745
106 773
106 774
106 775
106 776
106 777
106 778
106 780
106 783
106 861
106 862
106 863
106 1034
106 1126
106 1127
106 1128
106 1129
106 1130
106 1131
106 1132
106 1133
106 1134
106 1135
106 1136
106 1137
106 1138
106 1139
106 1140
106 1141
106 1222
106 1236
106 1247
106 1262
107 55
107 56
107 57
107 58
107 59
107 60
107 61
107 62
107 63
107 64
107 65
107 66
107 67
107 68
107 69
107 70
107 71
107 72
107 73
107 74
107 84
107 85
107 86
107 96
107 116
107 125
107 266
107 273
107 328
107 353
107 367
107 368
107 369
107 370
107 371
107 372
107 373
107 374
107 375
107 376
107 394
107 413
107 614
107 618
107 630
107 637
107 690
107 691
107 745
107 746
107 772
107 781
107 782
107 783
107 858
107 859
107 860
107 1034
107 1141
107 1142
107 1143
107 1144
107 1145
107 1146
107 1147
107 1148
107 1149
107 1150
107 1151
107 1152
107 1153
107 1154
107 1155
107 1156
107 1157
107 1158
107 1159
107 1160
107 1161
107 1162
107 1163
107 1164
107 1165
107 1166
107 1167
107 1168
107 1169
107 1170
107 1171
107 1172
107 1173
107 1174
107 1175
107 1222
107 1236
107 1247
107 1261
108 75
108 76
108 96
108 116
108 125
108 267
108 273
108 328
108 353
108 367
108 394
108 413
108 614
108 618
108 630
108 637
108 689
108 690
108 747
108 771
108 854
108 855
108 856
108 857
108 1034
108 1132
108 1133
108 1134
108 1139
108 1140
108 1141
108 1176
108 1177
108 1178
108 1179
108 1180
108 1181
108 1182
108 1183
108 1184
108 1185
108 1186
108 1187
108 1188
108 1189
108 1190
108 1191
108 1192
108 1193
108 1194
108 1195
108 1196
108 1197
108 1198
108 1199
108 1200
108 1201
108 1202
108 1203
108 1204
108 1205
108 1206
108 1207
108 1208
108 1209
108 1221
108 1236
108 1248
108 1261
109 77
109 78
109 96
109 116
109 125
109 268
109 269
109 270
109 271
109 273
109 328
109 353
109 366
109 394
109 413
109 614
109 618
109 630
109 637
109 686
109 687
109 688
109 689
109 748
109 772
109 773
109 851
109 852
109 853
109 1034
109 1145
109 1146
109 1147
109 1148
109 1149
109 1150
109 1151
109 1210
109 1211
109 1212
109 1213
109 1214
109 1215
109 1216
109 1217
109 1218
109 1221
109 1236
109 1249
109 1250
109 1251
109 1252
109 1253
109 1254
109 1255
109 1256
109 1257
109 1258
109 1259
109 1260
110 79
110 80
110 96
110 116
110 125
110 273
110 328
110 353
110 366
110 394
110 413
110 614
110 618
110 630
110 637
110 685
110 748
110 848
110 849
110 850
110 1034
110 1156
110 1157
110 1158
110 1159
110 1160
110 1161
110 1219
110 1236
110 1247
111 81
111 82
111 96
111 116
111 125
111 273
111 328
111 353
111 366
111 394
111 413
111 614
111 618
111 630
111 637
111 684
111 749
111 770
111 771
111 772
111 773
111 845
111 846
111 847
111 1034
111 1162
111 1163
111 1164
111 1165
111 1166
111 1219
111 1236
111 1247
112 83
112 84
112 96
112 116
112 125
112 273
112 328
112 353
112 366
112 394
112 413
112 614
112 618
112 630
112 637
112 683
112 684
112 749
112 764
112 765
112 768
112 769
112 841
112 842
112 843
112 844
112 1034
112 1167
112 1168
112 1169
112 1170
112 1171
112 1172
112 1218
112 1219
112 1236
112 1247
113 85
113 86
113 96
113 116
113 125
113 273
113 328
113 353
113 366
113 394
113 413
113 614
113 618
113 630
113 637
113 682
113 749
113 763
113 766
113 767
113 768
113 837
113 838
113 839
113 840
113 1034
113 1173
113 1174
113 1175
113 1176
113 1217
113 1218
113 1236
113 1247
114 87
114 95
114 116
114 125
114 273
114 328
114 353
114 366
114 394
114 413
114 581
114 582
114 583
114 584
114 585
114 586
114 587
114 588
114 593
114 614
114 618
114 624
114 625
114 636
114 682
114 749
114 762
114 769
114 834
114 835
114 836
114 1034
114 1177
114 1178
114 1179
114 1217
114 1236
114 1247
115 64
115 65
115 87
115 95
115 116
115 125
115 273
115 328
115 353
115 366
115 394
115 413
115 580
115 589
115 590
115 591
115 592
115 594
115 595
115 596
115 597
115 598
115 599
115 600
115 601
115 602
115 603
115 614
115 619
115 620
115 621
115 622
115 623
115 626
115 627
115 628
115 629
115 636
115 682
115 750
115 762
115 767
115 769
115 831
115 832
115 833
115 1034
115 1180
115 1181
115 1216
115 1236
115 1247
116 60
116 61
116 62
116 63
116 66
116 87
116 116
116 125
116 272
116 328
116 353
116 366
116 394
116 413
116 579
116 591
116 604
116 605
116 606
116 607
116 608
116 609
116 610
116 611
116 612
116 613
116 614
116 627
116 628
116 681
116 682
116 750
116 751
116 760
116 761
116 767
116 768
116 769
116 829
116 830
116 1034
116 1080
116 1081
116 1082
116 1083
116 1181
116 1215
116 1216
116 1236
116 1247
117 59
117 66
117 87
117 116
117 125
117 272
117 328
117 344
117 345
117 346
117 347
117 353
117 367
117 394
117 413
117 477
117 478
117 479
117 480
117 481
117 482
117 485
117 486
117 487
117 488
117 489
117 490
117 491
117 492
117 493
117 494
117 495
117 579
117 591
117 681
117 751
117 752
117 753
117 754
117 755
117 758
117 759
117 828
117 1034
117 1079
117 1084
117 1182
117 1214
117 1215
117 1236
117 1247
118 58
118 66
118 87
118 116
118 125
118 272
118 328
118 332
118 333
118 334
118 337
118 338
118 339
118 340
118 341
118 342
118 343
118 347
118 348
118 353
118 367
118 394
118 413
118 467
118 468
118 469
118 470
118 471
118 472
118 473
118 474
118 475
118 476
118 483
118 484
118 496
118 497
118 580
118 586
118 587
118 588
118 589
118 590
118 591
118 592
118 593
118 594
118 595
118 596
118 597
118 625
118 626
118 627
118 628
118 680
118 755
118 757
118 827
118 1034
118 1078
118 1086
118 1087
118 1088
118 1089
118 1090
118 1091
118 1182
118 1183
118 1212
118 1213
118 1214
118 1236
118 1247
119 58
119 66
119 87
119 116
119 125
119 264
119 265
119 266
119 272
119 328
119 331
119 332
119 334
119 335
119 336
119 348
119 353
119 367
119 392
119 394
119 413
119 466
119 483
119 497
119 581
119 582
119 583
119 584
119 585
119 598
119 599
119 600
119 601
119 602
119 603
119 604
119 605
119 606
119 620
119 621
119 622
119 623
119 624
119 680
119 755
119 757
119 827
119 1034
119 1078
119 1085
119 1092
119 1183
119 1184
119 1210
119 1211
119 1236
119 1247
120 58
120 66
120 87
120 116
120 125
120 263
120 266
120 272
120 328
120 331
120 349
120 353
120 367
120 391
120 392
120 394
120 413
120 465
120 482
120 483
120 496
120 497
120 607
120 613
120 619
120 679
120 827
120 1034
120 1078
120 1092
120 1184
120 1209
120 1210
120 1236
120 1247
121 58
121 66
121 87
121 116
121 125
121 262
121 266
121 272
121 328
121 349
121 352
121 367
121 391
121 394
121 413
121 465
121 474
121 475
121 476
121 477
121 478
121 479
121 480
121 481
121 483
121 484
121 485
121 486
121 487
121 488
121 489
121 490
121 491
121 492
121 493
121 494
121 495
121 496
121 607
121 612
121 614
121 618
121 679
121 827
121 1034
121 1078
121 1092
121 1185
121 1208
121 1209
121 1236
121 1247
122 58
122 66
122 87
122 116
122 125
122 262
122 266
122 272
122 328
122 350
122 351
122 352
122 366
122 369
122 390
122 394
122 413
122 440
122 441
122 442
122 443
122 444
122 445
122 446
122 465
122 470
122 471
122 472
122 473
122 607
122 611
122 614
122 618
122 679
122 827
122 1034
122 1078
122 1092
122 1185
122 1207
122 1208
122 1236
122 1247
123 58
123 66
123 87
123 95
123 116
123 125
123 262
123 266
123 272
123 328
123 352
123 366
123 369
123 370
123 371
123 372
123 373
123 374
123 375
123 376
123 377
123 378
123 379
123 380
123 381
123 390
123 394
123 413
123 437
123 438
123 439
123 446
123 465
123 469
123 607
123 611
123 614
123 618
123 679
123 827
123 1034
123 1078
123 1092
123 1186
123 1207
123 1236
123 1247
124 58
124 66
124 87
124 95
124 116
124 125
124 262
124 266
124 272
124 328
124 352
124 366
124 382
124 383
124 389
124 394
124 413
124 435
124 436
124 447
124 448
124 449
124 450
124 465
124 468
124 607
124 611
124 614
124 618
124 677
124 678
124 827
124 1034
124 1078
124 1092
124 1187
124 1188
124 1189
124 1190
124 1191
124 1192
124 1206
124 1236
124 1247
125 58
125 66
125 87
125 95
125 116
125 125
125 262
125 266
125 272
125 328
125 352
125 366
125 383
125 384
125 388
125 389
125 394
125 413
125 435
125 451
125 452
125 465
125 468
125 607
125 611
125 614
125 618
125 676
125 677
125 827
125 1034
125 1078
125 1092
125 1193
125 1194
125 1195
125 1196
125 1197
125 1198
125 1199
125 1200
125 1201
125 1202
125 1203
125 1204
125 1205
125 1206
125 1236
125 1247
126 58
126 66
126 87
126 95
126 116
126 125
126 262
126 266
126 272
126 328
126 352
126 366
126 385
126 386
126 388
126 394
126 413
126 435
126 453
126 454
126 465
126 468
126 607
126 611
126 614
126 618
126 676
126 827
126 1034
126 1078
126 1092
126 1236
126 1247
127 58
127 66
127 87
127 95
127 116
127 125
127 262
127 266
127 272
127 328
127 352
127 366
127 386
127 394
127 414
127 435
127 454
127 465
127 468
127 607
127 611
127 614
127 618
127 675
127 827
127 1034
127 1078
127 1092
127 1236
127 1247
128 58
128 66
128 87
128 95
128 116
128 125
128 262
128 266
128 272
128 328
128 352
128 366
128 394
128 414
128 434
128 454
128 465
128 468
128 607
128 611
128 614
128 618
128 675
128 827
128 1034
128 1078
128 1092
128 1236
128 1247
129 58
129 66
129 87
129 95
129 116
129 125
129 262
129 266
129 272
129 328
129 352
129 366
129 394
129 413
129 416
129 434
129 454
129 465
129 468
129 589
129 607
129 611
129 614
129 618
129 636
129 674
129 827
129 1034
129 1078
129 1092
129 1236
129 1247
130 58
130 66
130 87
130 95
130 116
130 125
130 262
130 266
130 272
130 328
130 352
130 366
130 394
130 413
130 417
130 418
130 433
130 434
130 455
130 465
130 468
130 586
130 587
130 588
130 590
130 591
130 607
130 611
130 614
130 618
130 630
130 636
130 674
130 827
130 1034
130 1078
130 1092
130 1236
130 1247
131 58
131 66
131 87
131 95
131 116
131 125
131 262
131 266
131 272
131 328
131 352
131 366
131 394
131 413
131 418
131 419
131 427
131 432
131 433
131 456
131 457
131 458
131 459
131 465
131 468
131 511
131 515
131 516
131 517
131 518
131 519
131 585
131 591
131 592
131 593
131 594
131 595
131 596
131 607
131 612
131 613
131 614
131 630
131 636
131 673
131 827
131 1034
131 1078
131 1092
131 1236
131 1247
132 27
132 28
132 29
132 30
132 31
132 58
132 66
132 87
132 95
132 116
132 125
132 207
132 208
132 209
132 262
132 266
132 273
132 274
132 275
132 276
132 277
132 278
132 279
132 280
132 281
132 311
132 317
132 328
132 352
132 366
132 394
132 413
132 420
132 421
132 425
132 426
132 428
132 431
132 432
132 460
132 461
132 462
132 465
132 468
132 501
132 502
132 503
132 504
132 505
132 506
132 507
132 508
132 509
132 510
132 512
132 513
132 514
132 520
132 521
132 584
132 591
132 597
132 598
132 599
132 600
132 601
132 602
132 603
132 604
132 605
132 606
132 607
132 619
132 620
132 621
132 630
132 636
132 673
132 827
132 1034
132 1078
132 1092
132 1236
132 1247
133 26
133 32
133 58
133 66
133 87
133 95
133 116
133 125
133 206
133 210
133 262
133 266
133 282
133 283
133 284
133 285
133 286
133 287
133 288
133 289
133 290
133 291
133 292
133 293
133 294
133 295
133 296
133 297
133 298
133 299
133 311
133 317
133 328
133 352
133 366
133 394
133 413
133 421
133 422
133 423
133 424
133 428
133 430
133 463
133 465
133 468
133 499
133 500
133 513
133 521
133 522
133 585
133 586
133 587
133 588
133 589
133 590
133 591
133 618
133 621
133 630
133 636
133 674
133 675
133 827
133 1034
133 1078
133 1092
133 1236
133 1247
134 25
134 32
134 58
134 66
134 87
134 95
134 116
134 125
134 200
134 205
134 210
134 262
134 266
134 300
134 301
134 302
134 303
134 304
134 305
134 306
134 307
134 308
134 309
134 310
134 311
134 318
134 328
134 352
134 366
134 394
134 413
134 466
134 468
134 498
134 510
134 511
134 512
134 513
134 514
134 522
134 592
134 593
134 594
134 595
134 618
134 621
134 630
134 636
134 675
134 827
134 1034
134 1078
134 1092
134 1236
134 1247
135 25
135 32
135 49
135 50
135 51
135 52
135 53
135 54
135 55
135 56
135 57
135 58
135 60
135 61
135 62
135 63
135 64
135 65
135 67
135 71
135 72
135 73
135 74
135 87
135 95
135 116
135 125
135 199
135 201
135 202
135 203
135 210
135 212
135 213
135 214
135 215
135 216
135 217
135 262
135 266
135 319
135 320
135 321
135 322
135 323
135 324
135 325
135 326
135 327
135 328
135 337
135 338
135 339
135 352
135 366
135 394
135 413
135 466
135 468
135 497
135 504
135 505
135 506
135 507
135 508
135 509
135 515
135 516
135 517
135 518
135 519
135 520
135 521
135 522
135 596
135 597
135 598
135 599
135 613
135 619
135 620
135 630
135 636
135 675
135 827
135 1035
135 1078
135 1092
135 1236
135 1247
136 25
136 32
136 48
136 53
136 87
136 95
136 116
136 125
136 198
136 204
136 206
136 210
136 218
136 219
136 220
136 221
136 222
136 223
136 224
136 225
136 226
136 262
136 266
136 311
136 317
136 336
136 340
136 352
136 366
136 394
136 413
136 465
136 468
136 497
136 503
136 600
136 605
136 606
136 612
136 614
136 619
136 630
136 636
136 675
136 827
136 1035
136 1078
136 1092
136 1236
136 1247
137 25
137 32
137 47
137 52
137 68
137 69
137 70
137 72
137 73
137 74
137 75
137 76
137 77
137 78
137 87
137 95
137 116
137 124
137 198
137 204
137 206
137 209
137 227
137 262
137 266
137 311
137 317
137 335
137 340
137 352
137 366
137 394
137 413
137 465
137 468
137 497
137 502
137 600
137 604
137 607
137 611
137 614
137 618
137 630
137 636
137 674
137 675
137 827
137 1035
137 1078
137 1083
137 1092
137 1236
137 1247
138 25
138 32
138 47
138 52
138 67
138 71
138 79
138 87
138 95
138 116
138 124
138 198
138 204
138 206
138 209
138 227
138 262
138 266
138 311
138 317
138 335
138 340
138 352
138 366
138 394
138 413
138 465
138 468
138 497
138 502
138 600
138 603
138 607
138 611
138 614
138 618
138 629
138 636
138 673
138 827
138 1035
138 1054
138 1055
138 1078
138 1083
138 1088
138 1089
138 1090
138 1091
138 1092
138 1236
138 1247
139 25
139 32
139 47
139 52
139 66
139 79
139 87
139 95
139 116
139 124
139 198
139 204
139 206
139 209
139 227
139 262
139 266
139 311
139 317
139 335
139 342
139 352
139 366
139 394
139 413
139 465
139 469
139 497
139 502
139 583
139 584
139 598
139 599
139 600
139 604
139 611
139 614
139 618
139 629
139 636
139 672
139 827
139 1035
139 1053
139 1056
139 1078
139 1084
139 1085
139 1086
139 1087
139 1236
139 1247
140 25
140 32
140 47
140 52
140 66
140 79
140 87
140 95
140 116
140 124
140 160
140 161
140 162
140 163
140 198
140 204
140 206
140 209
140 227
140 262
140 266
140 311
140 317
140 335
140 341
140 343
140 344
140 352
140 366
140 394
140 413
140 465
140 469
140 496
140 497
140 503
140 511
140 512
140 513
140 514
140 515
140 516
140 517
140 518
140 519
140 580
140 581
140 582
140 585
140 586
140 587
140 588
140 589
140 590
140 591
140 592
140 593
140 594
140 595
140 596
140 597
140 604
140 605
140 606
140 607
140 611
140 614
140 618
140 629
140 636
140 673
140 827
140 1035
140 1052
140 1056
140 1078
140 1236
140 1247
141 25
141 32
141 47
141 52
141 66
141 79
141 87
141 95
141 116
141 124
141 159
141 164
141 198
141 204
141 206
141 209
141 225
141 226
141 227
141 262
141 266
141 311
141 317
141 335
141 340
141 345
141 346
141 352
141 366
141 394
141 413
141 465
141 469
141 471
141 472
141 473
141 474
141 475
141 476
141 477
141 478
141 479
141 480
141 481
141 482
141 483
141 484
141 485
141 486
141 487
141 488
141 489
141 490
141 491
141 492
141 493
141 494
141 495
141 497
141 503
141 509
141 510
141 520
141 521
141 580
141 605
141 607
141 611
141 614
141 618
141 629
141 636
141 674
141 827
141 1035
141 1052
141 1056
141 1078
141 1083
141 1236
141 1247
142 25
142 32
142 47
142 52
142 66
142 79
142 87
142 95
142 116
142 124
142 158
142 164
142 198
142 204
142 206
142 209
142 221
142 222
142 223
142 224
142 262
142 266
142 311
142 317
142 335
142 340
142 347
142 352
142 366
142 394
142 413
142 465
142 468
142 497
142 502
142 505
142 507
142 508
142 509
142 521
142 522
142 523
142 524
142 525
142 526
142 580
142 581
142 582
142 583
142 584
142 585
142 586
142 607
142 611
142 614
142 618
142 629
142 636
142 675
142 827
142 1035
142 1052
142 1056
142 1078
142 1083
142 1236
142 1247
143 25
143 32
143 47
143 52
143 66
143 79
143 87
143 95
143 116
143 124
143 158
143 164
143 198
143 204
143 206
143 209
143 220
143 262
143 266
143 298
143 311
143 317
143 335
143 340
143 347
143 352
143 366
143 394
143 413
143 465
143 468
143 497
143 502
143 506
143 508
143 527
143 528
143 588
143 589
143 590
143 591
143 592
143 598
143 599
143 604
143 605
143 606
143 607
143 611
143 614
143 618
143 629
143 636
143 675
143 827
143 1035
143 1052
143 1056
143 1078
143 1083
143 1236
143 1247
144 25
144 32
144 47
144 52
144 66
144 79
144 87
144 95
144 116
144 124
144 158
144 164
144 198
144 204
144 206
144 209
144 219
144 262
144 266
144 297
144 299
144 311
144 317
144 335
144 340
144 347
144 352
144 366
144 394
144 413
144 465
144 468
144 497
144 502
144 506
144 508
144 528
144 529
144 593
144 604
144 611
144 614
144 617
144 629
144 636
144 675
144 827
144 1035
144 1052
144 1056
144 1078
144 1083
144 1236
144 1247
145 25
145 32
145 47
145 52
145 53
145 54
145 55
145 56
145 57
145 58
145 66
145 79
145 87
145 95
145 116
145 124
145 158
145 164
145 198
145 204
145 206
145 210
145 212
145 213
145 214
145 215
145 216
145 217
145 218
145 219
145 262
145 266
145 297
145 299
145 311
145 317
145 335
145 340
145 347
145 352
145 366
145 394
145 413
145 465
145 468
145 497
145 502
145 529
145 530
145 581
145 582
145 585
145 586
145 593
145 598
145 603
145 607
145 611
145 617
145 629
145 636
145 647
145 648
145 649
145 650
145 675
145 827
145 1035
145 1052
145 1056
145 1078
145 1083
145 1236
145 1247
146 25
146 32
146 47
146 52
146 58
146 66
146 79
146 87
146 95
146 116
146 124
146 158
146 164
146 193
146 194
146 195
146 196
146 197
146 198
146 200
146 201
146 202
146 203
146 204
146 205
146 206
146 210
146 262
146 266
146 297
146 299
146 311
146 317
146 335
146 340
146 347
146 352
146 366
146 394
146 413
146 465
146 468
146 497
146 502
146 530
146 579
146 580
146 583
146 584
146 597
146 599
146 603
146 607
146 611
146 617
146 629
146 636
146 645
146 646
146 650
146 651
146 675
146 827
146 1035
146 1052
146 1056
146 1078
146 1083
146 1236
146 1247
147 25
147 32
147 47
147 51
147 53
147 54
147 55
147 56
147 57
147 58
147 66
147 79
147 87
147 95
147 116
147 124
147 158
147 164
147 165
147 166
147 167
147 168
147 169
147 170
147 171
147 192
147 207
147 210
147 262
147 266
147 296
147 300
147 311
147 317
147 335
147 340
147 347
147 352
147 366
147 394
147 413
147 465
147 468
147 497
147 502
147 531
147 579
147 596
147 599
147 603
147 607
147 611
147 617
147 629
147 636
147 645
147 651
147 675
147 827
147 1035
147 1052
147 1056
147 1078
147 1083
147 1236
147 1247
148 25
148 32
148 47
148 51
148 66
148 79
148 87
148 95
148 116
148 124
148 158
148 163
148 172
148 191
148 207
148 210
148 262
148 266
148 296
148 300
148 310
148 317
148 333
148 334
148 335
148 337
148 340
148 347
148 352
148 366
148 394
148 413
148 465
148 468
148 497
148 502
148 531
148 579
148 580
148 583
148 596
148 599
148 603
148 607
148 611
148 617
148 636
148 641
148 642
148 643
148 644
148 652
148 668
148 675
148 827
148 1035
148 1052
148 1056
148 1078
148 1083
148 1236
148 1247
149 25
149 32
149 47
149 50
149 66
149 78
149 87
149 95
149 116
149 124
149 158
149 162
149 172
149 191
149 207
149 210
149 262
149 266
149 296
149 301
149 310
149 316
149 332
149 338
149 340
149 347
149 352
149 366
149 394
149 413
149 465
149 468
149 497
149 501
149 532
149 533
149 534
149 535
149 581
149 582
149 583
149 584
149 585
149 586
149 587
149 588
149 597
149 598
149 599
149 603
149 607
149 611
149 617
149 636
149 639
149 640
149 652
149 666
149 667
149 669
149 670
149 676
149 827
149 1035
149 1052
149 1056
149 1078
149 1083
149 1236
149 1247
150 25
150 32
150 47
150 50
150 66
150 78
150 87
150 95
150 116
150 124
150 155
150 156
150 158
150 172
150 191
150 207
150 210
150 262
150 266
150 295
150 301
150 310
150 316
150 331
150 340
150 341
150 347
150 352
150 366
150 394
150 413
150 465
150 468
150 497
150 501
150 536
150 537
150 588
150 592
150 593
150 603
150 607
150 611
150 617
150 636
150 637
150 653
150 654
150 665
150 666
150 670
150 671
150 676
150 827
150 1035
150 1052
150 1056
150 1078
150 1083
150 1236
150 1247
151 25
151 32
151 47
151 51
151 66
151 78
151 87
151 95
151 116
151 124
151 154
151 158
151 160
151 172
151 191
151 207
151 210
151 262
151 267
151 295
151 302
151 310
151 316
151 331
151 341
151 342
151 347
151 352
151 366
151 394
151 414
151 465
151 468
151 497
151 501
151 537
151 538
151 588
151 591
151 596
151 599
151 603
151 607
151 611
151 618
151 636
151 655
151 664
151 665
151 671
151 676
151 827
151 1035
151 1052
151 1056
151 1078
151 1083
151 1236
151 1247
152 25
152 32
152 47
152 51
152 66
152 78
152 87
152 95
152 116
152 124
152 154
152 172
152 191
152 207
152 210
152 262
152 267
152 295
152 302
152 310
152 316
152 331
152 342
152 347
152 352
152 366
152 394
152 414
152 465
152 468
152 497
152 501
152 539
152 588
152 591
152 596
152 599
152 603
152 607
152 611
152 613
152 618
152 620
152 636
152 656
152 664
152 672
152 673
152 676
152 827
152 1035
152 1052
152 1056
152 1078
152 1083
152 1236
152 1247
153 25
153 32
153 47
153 52
153 66
153 78
153 87
153 95
153 116
153 124
153 154
153 172
153 191
153 207
153 210
153 262
153 267
153 294
153 302
153 310
153 316
153 331
153 342
153 347
153 352
153 366
153 394
153 414
153 465
153 468
153 497
153 501
153 540
153 588
153 591
153 596
153 599
153 603
153 607
153 611
153 613
153 617
153 620
153 636
153 656
153 664
153 674
153 675
153 676
153 827
153 1035
153 1052
153 1056
153 1078
153 1083
153 1236
153 1247
154 25
154 32
154 47
154 52
154 66
154 78
154 87
154 95
154 116
154 124
154 155
154 172
154 182
154 183
154 184
154 185
154 186
154 187
154 188
154 189
154 190
154 191
154 208
154 210
154 262
154 267
154 294
154 303
154 310
154 316
154 331
154 341
154 347
154 352
154 366
154 394
154 414
154 465
154 468
154 497
154 501
154 540
154 588
154 591
154 596
154 599
154 603
154 607
154 611
154 617
154 621
154 636
154 656
154 658
154 659
154 664
154 827
154 1035
154 1052
154 1056
154 1078
154 1083
154 1236
154 1247
155 25
155 32
155 47
155 52
155 66
155 78
155 87
155 95
155 116
155 124
155 155
155 172
155 181
155 191
155 208
155 210
155 262
155 267
155 293
155 304
155 310
155 316
155 331
155 341
155 347
155 352
155 366
155 394
155 414
155 465
155 468
155 497
155 501
155 541
155 588
155 591
155 596
155 599
155 603
155 607
155 611
155 617
155 621
155 636
155 659
155 664
155 827
155 1035
155 1052
155 1056
155 1078
155 1083
155 1236
155 1247
156 25
156 32
156 47
156 52
156 66
156 78
156 87
156 95
156 116
156 124
156 155
156 172
156 180
156 191
156 208
156 210
156 262
156 267
156 293
156 305
156 310
156 316
156 331
156 341
156 347
156 352
156 366
156 394
156 414
156 465
156 468
156 497
156 501
156 541
156 542
156 588
156 591
156 596
156 599
156 603
156 607
156 611
156 617
156 621
156 636
156 659
156 663
156 664
156 827
156 1035
156 1052
156 1056
156 1078
156 1083
156 1236
156 1247
157 25
157 32
157 47
157 67
157 68
157 69
157 70
157 71
157 74
157 75
157 78
157 87
157 95
157 116
157 124
157 156
157 172
157 180
157 191
157 208
157 210
157 262
157 267
157 293
157 305
157 310
157 316
157 331
157 342
157 347
157 351
157 366
157 394
157 414
157 465
157 468
157 497
157 501
157 542
157 588
157 591
157 596
157 599
157 603
157 607
157 611
157 617
157 621
157 636
157 659
157 660
157 661
157 662
157 663
157 827
157 1035
157 1052
157 1056
157 1078
157 1083
157 1236
157 1247
158 32
158 47
158 53
158 55
158 56
158 57
158 72
158 73
158 76
158 77
158 87
158 95
158 116
158 124
158 172
158 180
158 191
158 208
158 210
158 262
158 267
158 292
158 306
158 310
158 316
158 331
158 342
158 347
158 351
158 366
158 394
158 414
158 465
158 468
158 497
158 501
158 542
158 588
158 591
158 596
158 599
158 603
158 607
158 611
158 617
158 621
158 636
158 827
158 1035
158 1052
158 1056
158 1078
158 1083
158 1236
158 1247
159 32
159 47
159 52
159 58
159 72
159 76
159 87
159 95
159 116
159 124
159 154
159 172
159 180
159 191
159 208
159 210
159 249
159 262
159 267
159 292
159 306
159 310
159 316
159 331
159 342
159 347
159 351
159 366
159 394
159 414
159 465
159 468
159 497
159 501
159 543
159 588
159 591
159 597
159 598
159 599
159 603
159 604
159 607
159 611
159 617
159 622
159 636
159 827
159 1035
159 1052
159 1056
159 1078
159 1083
159 1236
159 1247
160 23
160 24
160 32
160 47
160 52
160 58
160 72
160 76
160 87
160 95
160 116
160 124
160 154
160 172
160 180
160 191
160 208
160 210
160 248
160 250
160 262
160 267
160 292
160 307
160 310
160 316
160 331
160 342
160 347
160 351
160 366
160 394
160 414
160 465
160 468
160 497
160 501
160 543
160 588
160 591
160 597
160 599
160 603
160 607
160 611
160 617
160 622
160 636
160 827
160 1035
160 1052
160 1056
160 1078
160 1083
160 1236
160 1247
161 21
161 22
161 32
161 47
161 52
161 58
161 72
161 76
161 87
161 95
161 116
161 124
161 154
161 172
161 180
161 192
161 195
161 196
161 199
161 200
161 201
161 202
161 203
161 205
161 206
161 207
161 208
161 210
161 247
161 250
161 262
161 267
161 292
161 293
161 294
161 307
161 310
161 316
161 331
161 340
161 341
161 347
161 351
161 366
161 394
161 414
161 465
161 468
161 497
161 501
161 544
161 588
161 591
161 596
161 599
161 603
161 607
161 611
161 617
161 623
161 629
161 636
161 827
161 1035
161 1052
161 1056
161 1078
161 1083
161 1236
161 1247
162 19
162 20
162 32
162 38
162 39
162 40
162 47
162 52
162 58
162 72
162 76
162 87
162 95
162 116
162 124
162 155
162 172
162 180
162 193
162 194
162 197
162 204
162 206
162 210
162 247
162 250
162 262
162 267
162 295
162 296
162 297
162 298
162 299
162 300
162 301
162 302
162 303
162 304
162 305
162 306
162 307
162 310
162 316
162 331
162 337
162 338
162 340
162 345
162 346
162 347
162 351
162 366
162 394
162 414
162 465
162 468
162 497
162 501
162 544
162 588
162 591
162 596
162 599
162 602
162 607
162 611
162 617
162 624
162 625
162 626
162 627
162 629
162 636
162 827
162 1035
162 1052
162 1056
162 1078
162 1083
162 1236
162 1247
163 19
163 32
163 37
163 38
163 40
163 41
163 47
163 52
163 58
163 61
163 62
163 63
163 64
163 65
163 68
163 69
163 72
163 76
163 87
163 95
163 116
163 124
163 155
163 156
163 162
163 169
163 170
163 171
163 172
163 181
163 193
163 197
163 204
163 206
163 210
163 247
163 250
163 262
163 267
163 310
163 316
163 332
163 333
163 336
163 341
163 342
163 343
163 344
163 351
163 366
163 394
163 414
163 465
163 468
163 497
163 501
163 545
163 561
163 562
163 563
163 564
163 565
163 566
163 567
163 568
163 569
163 570
163 571
163 572
163 573
163 574
163 575
163 576
163 577
163 578
163 579
163 580
163 581
163 582
163 583
163 584
163 585
163 586
163 587
163 588
163 592
163 597
163 599
163 602
163 607
163 611
163 617
163 629
163 636
163 827
163 1035
163 1052
163 1056
163 1078
163 1083
163 1236
163 1247
164 19
164 32
164 36
164 37
164 41
164 42
164 47
164 52
164 58
164 67
164 70
164 76
164 87
164 95
164 116
164 124
164 156
164 157
164 160
164 163
164 166
164 167
164 168
164 181
164 193
164 197
164 204
164 206
164 210
164 247
164 250
164 262
164 267
164 310
164 316
164 334
164 351
164 366
164 394
164 414
164 465
164 468
164 497
164 501
164 545
164 548
164 549
164 550
164 551
164 552
164 553
164 554
164 555
164 556
164 557
164 558
164 559
164 560
164 584
164 588
164 597
164 602
164 607
164 611
164 617
164 629
164 636
164 827
164 1035
164 1052
164 1056
164 1078
164 1083
164 1236
164 1247
165 19
165 32
165 35
165 36
165 42
165 47
165 52
165 58
165 66
165 70
165 76
165 87
165 95
165 116
165 124
165 158
165 164
165 165
165 181
165 193
165 197
165 204
165 206
165 210
165 247
165 250
165 262
165 267
165 310
165 316
165 334
165 340
165 351
165 366
165 394
165 414
165 465
165 468
165 497
165 501
165 546
165 547
165 557
165 568
165 575
165 588
165 589
165 597
165 602
165 607
165 611
165 617
165 629
165 636
165 717
165 827
165 1036
165 1052
165 1056
165 1078
165 1083
165 1236
165 1247
166 19
166 32
166 35
166 42
166 47
166 52
166 58
166 66
166 70
166 76
166 87
166 95
166 116
166 124
166 158
166 164
166 181
166 193
166 197
166 204
166 206
166 210
166 247
166 250
166 262
166 267
166 310
166 316
166 334
166 340
166 351
166 366
166 394
166 414
166 465
166 468
166 497
166 501
166 546
166 589
166 592
166 594
166 597
166 602
166 607
166 611
166 617
166 629
166 636
166 715
166 716
166 718
166 719
166 826
166 1036
166 1052
166 1056
166 1078
166 1083
166 1236
166 1247
167 20
167 33
167 41
167 47
167 52
167 58
167 66
167 70
167 76
167 87
167 95
167 116
167 124
167 158
167 164
167 181
167 193
167 197
167 204
167 206
167 210
167 247
167 250
167 262
167 267
167 310
167 316
167 334
167 340
167 351
167 366
167 394
167 414
167 465
167 468
167 497
167 501
167 545
167 557
167 589
167 592
167 594
167 597
167 602
167 607
167 611
167 617
167 629
167 636
167 713
167 714
167 719
167 720
167 826
167 1036
167 1052
167 1056
167 1078
167 1083
167 1236
167 1247
168 20
168 32
168 41
168 47
168 52
168 58
168 66
168 70
168 76
168 87
168 95
168 116
168 124
168 158
168 164
168 181
168 193
168 197
168 204
168 206
168 210
168 247
168 251
168 262
168 267
168 310
168 316
168 334
168 340
168 351
168 366
168 394
168 414
168 465
168 468
168 497
168 501
168 545
168 557
168 589
168 592
168 594
168 597
168 602
168 607
168 611
168 617
168 629
168 636
168 713
168 720
168 825
168 1036
168 1052
168 1056
168 1078
168 1083
168 1236
168 1247
169 20
169 31
169 32
169 40
169 47
169 52
169 58
169 66
169 70
169 76
169 87
169 95
169 116
169 124
169 158
169 164
169 181
169 193
169 197
169 204
169 206
169 210
169 246
169 251
169 262
169 267
169 310
169 316
169 334
169 340
169 351
169 366
169 394
169 414
169 465
169 468
169 497
169 501
169 545
169 557
169 589
169 592
169 594
169 597
169 602
169 607
169 611
169 617
169 629
169 636
169 712
169 721
169 825
169 1036
169 1052
169 1056
169 1078
169 1083
169 1236
169 1247
170 20
170 40
170 47
170 51
170 58
170 66
170 70
170 76
170 87
170 95
170 116
170 124
170 158
170 164
170 181
170 193
170 197
170 204
170 206
170 210
170 246
170 251
170 262
170 267
170 310
170 316
170 334
170 340
170 351
170 366
170 394
170 414
170 465
170 468
170 497
170 501
170 545
170 557
170 589
170 592
170 594
170 597
170 602
170 607
170 611
170 617
170 629
170 636
170 712
170 721
170 824
170 1036
170 1052
170 1056
170 1078
170 1083
170 1236
170 1247
171 21
171 39
171 47
171 51
171 58
171 66
171 70
171 76
171 87
171 95
171 116
171 124
171 158
171 164
171 181
171 193
171 197
171 204
171 206
171 210
171 246
171 251
171 262
171 267
171 310
171 316
171 334
171 340
171 351
171 366
171 394
171 414
171 465
171 468
171 497
171 501
171 545
171 557
171 589
171 592
171 594
171 597
171 602
171 607
171 611
171 617
171 629
171 636
171 639
171 640
171 641
171 712
171 721
171 824
171 1036
171 1052
171 1056
171 1078
171 1083
171 1236
171 1247
172 21
172 39
172 47
172 51
172 58
172 66
172 70
172 76
172 87
172 95
172 116
172 124
172 158
172 164
172 182
172 183
172 184
172 187
172 188
172 191
172 192
172 193
172 197
172 204
172 206
172 210
172 246
172 251
172 310
172 316
172 334
172 340
172 351
172 366
172 394
172 414
172 465
172 468
172 497
172 501
172 545
172 558
172 589
172 592
172 594
172 597
172 602
172 607
172 611
172 617
172 629
172 636
172 642
172 712
172 721
172 823
172 824
172 1036
172 1052
172 1056
172 1077
172 1083
172 1236
172 1247
173 21
173 38
173 47
173 51
173 58
173 66
173 70
173 76
173 87
173 95
173 116
173 124
173 158
173 164
173 186
173 189
173 197
173 204
173 206
173 210
173 246
173 251
173 310
173 316
173 334
173 340
173 351
173 365
173 394
173 414
173 465
173 468
173 497
173 501
173 545
173 550
173 551
173 566
173 567
173 589
173 592
173 594
173 597
173 599
173 602
173 607
173 611
173 617
173 629
173 636
173 643
173 713
173 721
173 822
173 823
173 1036
173 1052
173 1056
173 1076
173 1083
173 1236
173 1247
174 22
174 38
174 47
174 51
174 58
174 67
174 70
174 76
174 87
174 94
174 116
174 124
174 158
174 164
174 185
174 189
174 197
174 204
174 210
174 246
174 251
174 310
174 316
174 334
174 340
174 351
174 365
174 394
174 414
174 465
174 468
174 497
174 501
174 545
174 549
174 552
174 564
174 565
174 568
174 569
174 589
174 592
174 594
174 597
174 599
174 602
174 607
174 611
174 617
174 629
174 636
174 643
174 713
174 720
174 821
174 822
174 1036
174 1052
174 1056
174 1076
174 1083
174 1236
174 1247
175 22
175 37
175 47
175 51
175 58
175 68
175 76
175 87
175 94
175 116
175 124
175 158
175 164
175 185
175 189
175 197
175 203
175 210
175 246
175 251
175 310
175 316
175 334
175 340
175 351
175 365
175 394
175 414
175 465
175 468
175 497
175 500
175 546
175 552
175 557
175 558
175 562
175 563
175 570
175 571
175 589
175 592
175 594
175 597
175 599
175 602
175 607
175 611
175 617
175 629
175 636
175 643
175 714
175 719
175 720
175 820
175 1036
175 1052
175 1056
175 1076
175 1083
175 1236
175 1247
176 22
176 37
176 47
176 51
176 58
176 68
176 76
176 87
176 94
176 116
176 124
176 158
176 164
176 185
176 189
176 197
176 203
176 209
176 228
176 229
176 230
176 231
176 232
176 233
176 234
176 235
176 236
176 237
176 238
176 239
176 240
176 241
176 242
176 243
176 244
176 245
176 246
176 252
176 310
176 316
176 334
176 351
176 365
176 394
176 414
176 465
176 468
176 497
176 500
176 552
176 557
176 559
176 562
176 571
176 589
176 592
176 594
176 597
176 599
176 602
176 607
176 611
176 617
176 629
176 636
176 640
176 643
176 819
176 1036
176 1052
176 1056
176 1076
176 1083
176 1236
176 1247
177 23
177 36
177 47
177 51
177 58
177 68
177 76
177 87
177 94
177 116
177 124
177 158
177 164
177 185
177 189
177 197
177 203
177 209
177 227
177 252
177 253
177 310
177 316
177 334
177 351
177 365
177 394
177 414
177 465
177 468
177 497
177 500
177 556
177 560
177 571
177 589
177 592
177 594
177 597
177 599
177 602
177 607
177 611
177 617
177 628
177 629
177 636
177 639
177 641
177 716
177 717
177 819
177 1036
177 1052
177 1056
177 1076
177 1083
177 1236
177 1247
178 23
178 36
178 47
178 51
178 58
178 68
178 76
178 87
178 94
178 116
178 124
178 158
178 164
178 185
178 189
178 197
178 203
178 209
178 226
178 254
178 310
178 316
178 333
178 334
178 351
178 365
178 394
178 414
178 465
178 468
178 556
178 561
178 573
178 574
178 575
178 589
178 592
178 594
178 597
178 599
178 602
178 607
178 611
178 617
178 627
178 629
178 636
178 641
178 698
178 699
178 700
178 701
178 702
178 703
178 704
178 705
178 706
178 707
178 708
178 709
178 715
178 717
178 818
178 1036
178 1052
178 1056
178 1076
178 1083
178 1236
178 1247
179 23
179 36
179 47
179 51
179 58
179 68
179 76
179 87
179 94
179 116
179 124
179 158
179 164
179 185
179 189
179 197
179 203
179 209
179 226
179 254
179 310
179 316
179 331
179 332
179 334
179 351
179 365
179 394
179 414
179 465
179 468
179 581
179 589
179 592
179 594
179 597
179 599
179 602
179 607
179 611
179 617
179 629
179 636
179 641
179 648
179 649
179 650
179 651
179 652
179 653
179 654
179 655
179 656
179 657
179 658
179 666
179 667
179 668
179 697
179 710
179 711
179 715
179 717
179 818
179 1036
179 1052
179 1056
179 1076
179 1083
179 1236
179 1247
180 23
180 37
180 47
180 51
180 58
180 68
180 76
180 87
180 94
180 116
180 124
180 158
180 164
180 185
180 189
180 197
180 203
180 209
180 226
180 254
180 310
180 316
180 334
180 351
180 365
180 394
180 414
180 582
180 583
180 584
180 585
180 586
180 587
180 588
180 589
180 592
180 593
180 594
180 597
180 599
180 602
180 607
180 611
180 617
180 629
180 636
180 641
180 646
180 647
180 659
180 665
180 669
180 696
180 711
180 715
180 717
180 737
180 738
180 739
180 740
180 741
180 742
180 743
180 744
180 745
180 746
180 747
180 748
180 749
180 750
180 751
180 752
180 753
180 754
180 817
180 1036
180 1052
180 1056
180 1076
180 1083
180 1236
180 1247
181 22
181 37
181 38
181 47
181 51
181 58
181 87
181 94
181 116
181 124
181 158
181 164
181 185
181 189
181 197
181 203
181 209
181 226
181 254
181 275
181 276
181 277
181 278
181 279
181 280
181 281
181 282
181 283
181 284
181 285
181 286
181 287
181 288
181 289
181 290
181 291
181 292
181 293
181 294
181 295
181 296
181 297
181 298
181 299
181 300
181 301
181 302
181 303
181 304
181 305
181 306
181 307
181 308
181 309
181 310
181 317
181 334
181 350
181 351
181 365
181 394
181 414
181 592
181 594
181 597
181 598
181 599
181 603
181 604
181 605
181 606
181 607
181 611
181 617
181 629
181 641
181 645
181 660
181 665
181 669
181 696
181 712
181 715
181 717
181 735
181 736
181 755
181 756
181 757
181 758
181 817
181 1036
181 1052
181 1056
181 1076
181 1083
181 1236
181 1247
182 21
182 22
182 47
182 51
182 58
182 87
182 94
182 116
182 124
182 158
182 164
182 185
182 189
182 197
182 203
182 209
182 226
182 271
182 272
182 273
182 274
182 310
182 317
182 334
182 351
182 365
182 394
182 414
182 592
182 594
182 597
182 599
182 603
182 607
182 618
182 629
182 641
182 644
182 660
182 665
182 669
182 695
182 712
182 713
182 717
182 734
182 735
182 759
182 760
182 761
182 816
182 1036
182 1052
182 1056
182 1076
182 1083
182 1236
182 1247
183 21
183 47
183 51
183 58
183 87
183 94
183 116
183 124
183 158
183 164
183 185
183 189
183 197
183 203
183 210
183 211
183 212
183 213
183 214
183 215
183 216
183 217
183 218
183 219
183 220
183 221
183 222
183 223
183 224
183 225
183 226
183 255
183 310
183 316
183 334
183 351
183 365
183 394
183 414
183 592
183 594
183 597
183 599
183 602
183 607
183 612
183 613
183 618
183 629
183 635
183 637
183 641
183 644
183 661
183 665
183 669
183 687
183 688
183 689
183 690
183 691
183 692
183 693
183 694
183 695
183 696
183 697
183 698
183 699
183 713
183 717
183 733
183 734
183 762
183 816
183 1036
183 1052
183 1056
183 1076
183 1083
183 1236
183 1247
184 20
184 47
184 51
184 58
184 87
184 94
184 116
184 124
184 158
184 164
184 175
184 176
184 177
184 178
184 179
184 180
184 181
184 182
184 183
184 184
184 185
184 190
184 191
184 192
184 193
184 194
184 195
184 196
184 197
184 210
184 226
184 254
184 263
184 264
184 265
184 310
184 316
184 334
184 340
184 351
184 394
184 414
184 599
184 602
184 607
184 611
184 617
184 629
184 635
184 637
184 639
184 640
184 642
184 643
184 644
184 661
184 665
184 669
184 680
184 681
184 682
184 683
184 684
184 685
184 686
184 700
184 701
184 702
184 703
184 704
184 705
184 706
184 707
184 708
184 709
184 710
184 711
184 713
184 714
184 732
184 733
184 764
184 765
184 766
184 767
184 768
184 769
184 770
184 771
184 772
184 773
184 774
184 775
184 776
184 777
184 778
184 779
184 780
184 781
184 782
184 783
184 784
184 785
184 786
184 787
184 788
184 789
184 790
184 791
184 792
184 793
184 794
184 795
184 796
184 797
184 798
184 799
184 800
184 801
184 802
184 803
184 804
184 805
184 816
184 1037
184 1045
184 1046
184 1047
184 1048
184 1049
184 1050
184 1051
184 1052
184 1053
184 1054
184 1055
184 1056
184 1057
184 1058
184 1059
184 1060
184 1061
184 1062
184 1063
184 1064
184 1065
184 1066
184 1067
184 1068
184 1069
184 1070
184 1071
184 1072
184 1073
184 1074
184 1075
184 1076
184 1084
184 1085
184 1086
184 1087
184 1088
184 1236
184 1247
185 19
185 20
185 47
185 51
185 58
185 87
185 94
185 116
185 124
185 156
185 157
185 158
185 164
185 165
185 166
185 167
185 168
185 169
185 170
185 171
185 172
185 173
185 185
185 190
185 197
185 204
185 205
185 209
185 226
185 254
185 310
185 316
185 334
185 340
185 351
185 365
185 394
185 414
185 607
185 611
185 617
185 625
185 634
185 635
185 637
185 641
185 642
185 662
185 665
185 669
185 678
185 679
185 714
185 717
185 731
185 732
185 762
185 763
185 806
185 807
185 808
185 809
185 810
185 816
185 1037
185 1043
185 1044
185 1076
185 1084
185 1089
185 1090
185 1236
185 1247
186 19
186 47
186 51
186 58
186 84
186 85
186 86
186 87
186 95
186 96
186 97
186 98
186 99
186 100
186 101
186 102
186 103
186 104
186 105
186 106
186 107
186 108
186 109
186 110
186 111
186 112
186 113
186 114
186 115
186 116
186 125
186 126
186 127
186 128
186 129
186 130
186 131
186 132
186 133
186 134
186 135
186 136
186 137
186 158
186 164
186 185
186 189
186 197
186 203
186 209
186 226
186 254
186 310
186 316
186 334
186 340
186 351
186 365
186 394
186 414
186 607
186 611
186 617
186 629
186 635
186 662
186 665
186 669
186 677
186 678
186 715
186 730
186 731
186 759
186 760
186 761
186 811
186 812
186 813
186 814
186 816
186 1037
186 1041
186 1042
186 1076
186 1083
186 1090
186 1091
186 1236
186 1247
187 46
187 47
187 52
187 57
187 58
187 69
187 70
187 71
187 87
187 95
187 116
187 125
187 158
187 163
187 184
187 189
187 198
187 203
187 209
187 226
187 254
187 310
187 316
187 334
187 340
187 351
187 365
187 377
187 394
187 607
187 611
187 617
187 627
187 628
187 636
187 677
187 715
187 728
187 729
187 756
187 757
187 758
187 815
187 816
187 818
187 1037
187 1040
187 1041
187 1076
187 1083
187 1091
187 1092
187 1174
187 1175
187 1176
187 1236
187 1247
188 18
188 32
188 33
188 47
188 52
188 58
188 68
188 71
188 77
188 87
188 94
188 116
188 124
188 158
188 163
188 184
188 189
188 198
188 203
188 209
188 226
188 255
188 310
188 316
188 334
188 340
188 351
188 365
188 382
188 383
188 390
188 391
188 392
188 393
188 394
188 611
188 617
188 626
188 637
188 676
188 715
188 726
188 727
188 754
188 755
188 819
188 820
188 1038
188 1039
188 1040
188 1076
188 1083
188 1092
188 1093
188 1173
188 1177
188 1178
188 1179
188 1180
188 1181
188 1236
188 1247
189 18
189 19
189 25
189 32
189 34
189 35
189 47
189 51
189 58
189 68
189 71
189 77
189 87
189 94
189 116
189 124
189 158
189 163
189 184
189 189
189 198
189 203
189 209
189 226
189 255
189 297
189 298
189 310
189 316
189 334
189 340
189 351
189 365
189 394
189 414
189 617
189 625
189 638
189 641
189 676
189 716
189 726
189 752
189 753
189 821
189 822
189 1076
189 1083
189 1094
189 1095
189 1172
189 1182
189 1236
189 1247
190 20
190 21
190 31
190 35
190 36
190 40
190 41
190 47
190 51
190 58
190 68
190 71
190 77
190 87
190 94
190 116
190 124
190 158
190 164
190 184
190 189
190 198
190 203
190 209
190 225
190 296
190 299
190 300
190 301
190 310
190 316
190 334
190 339
190 351
190 365
190 394
190 414
190 617
190 625
190 638
190 639
190 673
190 675
190 676
190 716
190 725
190 750
190 751
190 822
190 823
190 1037
190 1076
190 1083
190 1095
190 1096
190 1172
190 1182
190 1236
190 1247
191 22
191 23
191 24
191 31
191 36
191 37
191 38
191 39
191 47
191 51
191 58
191 68
191 116
191 124
191 158
191 164
191 165
191 166
191 184
191 189
191 198
191 203
191 209
191 225
191 295
191 302
191 310
191 316
191 334
191 339
191 351
191 365
191 394
191 414
191 624
191 639
191 640
191 641
191 662
191 674
191 716
191 718
191 719
191 720
191 721
191 722
191 725
191 749
191 750
191 823
191 824
191 1037
191 1076
191 1083
191 1096
191 1097
191 1173
191 1174
191 1175
191 1176
191 1182
191 1235
191 1247
192 24
192 31
192 47
192 51
192 58
192 68
192 116
192 124
192 158
192 161
192 162
192 167
192 168
192 184
192 189
192 198
192 203
192 209
192 225
192 295
192 302
192 310
192 316
192 334
192 339
192 351
192 365
192 394
192 414
192 624
192 716
192 717
192 718
192 723
192 748
192 749
192 824
192 825
192 1038
192 1076
192 1083
192 1097
192 1098
192 1170
192 1171
192 1177
192 1178
192 1179
192 1182
192 1235
192 1247
193 24
193 31
193 47
193 51
193 58
193 68
193 116
193 124
193 158
193 169
193 184
193 189
193 198
193 203
193 209
193 225
193 295
193 302
193 310
193 316
193 334
193 339
193 350
193 365
193 394
193 414
193 425
193 426
193 427
193 428
193 623
193 641
193 669
193 670
193 671
193 672
193 673
193 747
193 748
193 825
193 826
193 1038
193 1076
193 1083
193 1098
193 1099
193 1169
193 1170
193 1180
193 1182
193 1235
193 1247
194 24
194 31
194 47
194 51
194 58
194 68
194 116
194 124
194 158
194 170
194 184
194 189
194 198
194 203
194 209
194 295
194 302
194 310
194 316
194 334
194 339
194 350
194 365
194 394
194 414
194 433
194 434
194 435
194 436
194 623
194 641
194 668
194 717
194 723
194 746
194 747
194 1038
194 1076
194 1083
194 1099
194 1168
194 1169
194 1235
194 1247
195 24
195 31
195 58
195 68
195 116
195 124
195 157
195 158
195 170
195 184
195 189
195 198
195 203
195 209
195 295
195 302
195 309
195 316
195 334
195 339
195 350
195 365
195 394
195 414
195 623
195 641
195 668
195 717
195 722
195 745
195 746
195 1038
195 1076
195 1083
195 1100
195 1167
195 1168
195 1183
195 1235
195 1247
196 24
196 31
196 58
196 68
196 116
196 124
196 156
196 157
196 171
196 198
196 203
196 209
196 295
196 302
196 309
196 316
196 333
196 339
196 350
196 365
196 394
196 414
196 624
196 641
196 668
196 717
196 722
196 744
196 745
196 1038
196 1076
196 1083
196 1100
196 1166
196 1167
196 1183
196 1235
196 1247
197 24
197 31
197 58
197 68
197 116
197 124
197 156
197 171
197 198
197 203
197 209
197 295
197 302
197 309
197 316
197 333
197 339
197 350
197 365
197 394
197 414
197 624
197 625
197 640
197 669
197 670
197 717
197 723
197 744
197 1038
197 1076
197 1083
197 1100
197 1166
197 1184
197 1235
197 1247
198 24
198 58
198 68
198 116
198 124
198 155
198 172
198 198
198 203
198 209
198 295
198 302
198 309
198 316
198 333
198 339
198 350
198 365
198 394
198 414
198 625
198 626
198 639
198 717
198 723
198 743
198 1037
198 1076
198 1083
198 1101
198 1165
198 1184
198 1235
198 1247
199 58
199 68
199 116
199 124
199 155
199 172
199 198
199 203
199 209
199 295
199 302
199 309
199 316
199 333
199 339
199 350
199 365
199 394
199 414
199 626
199 627
199 638
199 639
199 670
199 717
199 743
199 1037
199 1076
199 1083
199 1101
199 1165
199 1185
199 1235
199 1246
200 58
200 68
200 116
200 124
200 154
200 172
200 198
200 203
200 209
200 296
200 302
200 309
200 316
200 333
200 339
200 350
200 365
200 394
200 414
200 627
200 628
200 636
200 637
200 669
200 717
200 742
200 1037
200 1076
200 1083
200 1102
200 1165
200 1185
200 1235
200 1245
201 58
201 68
201 116
201 124
201 154
201 172
201 198
201 203
201 209
201 296
201 302
201 309
201 316
201 333
201 339
201 350
201 365
201 394
201 415
201 628
201 634
201 636
201 669
201 717
201 741
201 1037
201 1076
201 1083
201 1164
201 1185
201 1235
201 1245
202 58
202 68
202 116
202 124
202 154
202 172
202 198
202 203
202 209
202 296
202 302
202 309
202 316
202 333
202 339
202 350
202 365
202 393
202 394
202 416
202 417
202 628
202 635
202 669
202 718
202 740
202 1036
202 1076
202 1083
202 1164
202 1185
202 1235
202 1245
203 58
203 68
203 116
203 124
203 155
203 172
203 198
203 203
203 209
203 296
203 302
203 309
203 316
203 333
203 339
203 350
203 365
203 391
203 392
203 418
203 419
203 628
203 635
203 668
203 718
203 740
203 1036
203 1076
203 1083
203 1102
203 1164
203 1185
203 1235
203 1245
204 58
204 68
204 116
204 124
204 155
204 171
204 198
204 203
204 209
204 296
204 309
204 316
204 333
204 339
204 350
204 365
204 389
204 390
204 394
204 420
204 421
204 628
204 668
204 718
204 739
204 1036
204 1076
204 1083
204 1162
204 1163
204 1164
204 1235
204 1245
205 58
205 68
205 116
205 124
205 155
205 171
205 203
205 209
205 309
205 316
205 333
205 350
205 365
205 387
205 388
205 422
205 423
205 668
205 718
205 739
205 1036
205 1076
205 1083
205 1164
205 1235
205 1245
206 58
206 68
206 116
206 124
206 155
206 171
206 209
206 309
206 316
206 350
206 365
206 385
206 386
206 424
206 425
206 669
206 718
206 738
206 1036
206 1076
206 1083
206 1164
206 1235
206 1245
207 58
207 68
207 116
207 124
207 156
207 171
207 309
207 316
207 350
207 365
207 384
207 385
207 425
207 426
207 669
207 718
207 737
207 1036
207 1076
207 1083
207 1164
207 1235
207 1245
208 58
208 68
208 116
208 124
208 156
208 170
208 309
208 316
208 350
208 365
208 384
208 427
208 428
208 1035
208 1076
208 1083
208 1164
208 1184
208 1235
208 1245
209 58
209 68
209 116
209 124
209 157
209 169
209 170
209 309
209 316
209 350
209 365
209 383
209 428
209 429
209 737
209 1035
209 1076
209 1083
209 1164
209 1184
209 1233
209 1245
210 58
210 68
210 116
210 124
210 157
210 158
210 165
210 166
210 167
210 168
210 309
210 316
210 350
210 365
210 382
210 383
210 430
210 431
210 736
210 1035
210 1076
210 1083
210 1164
210 1184
210 1234
210 1235
211 58
211 68
211 116
211 124
211 158
211 161
211 162
211 164
211 350
211 365
211 382
211 431
211 736
211 1035
211 1076
211 1083
211 1164
211 1184
211 1235
212 58
212 68
212 116
212 124
212 158
212 163
212 350
212 365
212 381
212 432
212 735
212 1035
212 1076
212 1083
212 1165
212 1183
212 1235
212 1245
213 58
213 68
213 116
213 124
213 158
213 163
213 350
213 365
213 381
213 432
213 735
213 1076
213 1083
213 1165
213 1183
213 1235
213 1245
214 58
214 68
214 116
214 124
214 158
214 163
214 350
214 365
214 380
214 432
214 734
214 1034
214 1076
214 1083
214 1165
214 1182
214 1235
214 1245
214 1278
214 1279
215 116
215 124
215 158
215 163
215 350
215 365
215 380
215 433
215 733
215 734
215 1034
215 1076
215 1083
215 1165
215 1182
215 1235
215 1245
216 116
216 124
216 158
216 163
216 350
216 365
216 380
216 433
216 634
216 635
216 732
216 733
216 1034
216 1076
216 1083
216 1166
216 1181
216 1235
216 1245
217 116
217 124
217 158
217 163
217 350
217 365
217 379
217 434
217 731
217 732
217 1029
217 1030
217 1031
217 1032
217 1033
217 1034
217 1076
217 1083
217 1166
217 1182
217 1235
217 1245
218 116
218 124
218 158
218 163
218 350
218 365
218 379
218 434
218 731
218 1028
218 1076
218 1083
218 1167
218 1182
218 1235
218 1245
219 158
219 163
219 350
219 365
219 379
219 434
219 730
219 1027
219 1074
219 1076
219 1084
219 1094
219 1095
219 1167
219 1168
219 1169
219 1178
219 1181
219 1235
219 1245
220 158
220 163
220 350
220 365
220 378
220 434
220 730
220 1027
220 1074
220 1076
220 1084
220 1092
220 1170
220 1171
220 1181
220 1235
220 1245
221 350
221 365
221 378
221 435
221 1027
221 1076
221 1083
221 1171
221 1180
221 1235
221 1245
222 350
222 365
222 377
222 435
222 1076
222 1083
222 1171
222 1180
222 1235
222 1245
223 350
223 365
223 377
223 435
223 1076
223 1083
223 1171
223 1180
223 1235
223 1244
224 350
224 365
224 377
224 435
224 1076
224 1083
224 1171
224 1180
224 1235
224 1244
225 350
225 365
225 377
225 435
225 1076
225 1083
225 1171
225 1180
225 1235
225 1244
226 350
226 365
226 377
226 435
226 1077
226 1078
226 1079
226 1080
226 1081
226 1082
226 1083
226 1171
226 1180
226 1235
226 1244
227 350
227 365
227 377
227 435
227 1171
227 1180
227 1235
227 1244
228 350
228 365
228 377
228 435
228 1171
228 1180
228 1235
228 1244
229 349
229 365
229 377
229 435
229 1171
229 1180
229 1235
229 1244
230 349
230 365
230 377
230 435
230 1171
230 1180
230 1235
230 1244
231 349
231 365
231 377
231 435
231 1180
231 1235
231 1244
232 349
232 365
232 377
232 435
232 1235
232 1244
233 349
233 365
233 377
233 435
233 1235
233 1244
234 349
234 365
234 377
234 435
234 1235
234 1244
235 349
235 365
235 377
235 434
235 1244
236 349
236 365
236 377
236 434
237 349
237 365
237 378
237 434
238 349
238 365
238 378
238 434
239 349
239 365
239 379
239 433
240 349
240 365
240 379
240 433
241 349
241 365
241 380
241 433
242 349
242 365
242 380
242 433
243 349
243 365
243 381
243 432
244 349
244 365
244 381
244 432
245 349
245 365
245 382
245 431
245 432
246 349
246 365
246 382
246 383
246 430
246 431
247 349
247 365
247 383
247 384
247 429
247 430
248 349
248 365
248 384
248 385
248 428
248 429
249 349
249 365
249 385
249 386
249 427
249 428
250 349
250 365
250 386
250 387
250 426
250 427
251 349
251 365
251 387
251 388
251 425
251 426
252 349
252 365
252 388
252 389
252 393
252 423
252 424
253 349
253 365
253 389
253 390
253 422
253 423
254 349
254 365
254 391
254 392
254 415
254 421
254 422
255 349
255 365
255 393
255 415
255 420
255 421
256 349
256 365
256 393
256 415
256 419
257 349
257 365
257 393
257 417
257 418
258 349
258 365
258 393
258 416
259 349
259 365
259 393
259 415
260 349
260 365
260 393
260 415
261 349
261 365
261 393
261 415
262 349
262 365
262 393
262 415
263 349
263 365
263 393
263 415
264 349
264 365
264 393
264 415
265 348
265 365
265 393
265 415
266 348
266 365
266 393
266 415
267 348
267 365
267 393
267 415
268 348
268 365
268 393
268 415
269 348
269 365
269 393
269 415
270 348
270 365
270 393
270 415
271 348
271 365
271 393
271 415
272 348
272 365
272 393
272 415
273 348
273 365
273 393
273 415
274 348
274 365
274 393
274 415
275 348
275 365
275 393
275 415
276 348
276 365
276 393
276 415
277 348
277 365
277 393
277 415
278 348
278 365
278 393
278 416
279 348
279 365
279 393
279 416
280 348
280 365
280 393
280 416
281 348
281 365
281 393
281 416
282 348
282 365
282 393
282 416
283 348
283 365
283 393
283 416
284 348
284 365
284 393
284 416
285 348
285 365
285 393
285 416
286 348
286 365
286 393
286 416
287 348
287 365
287 393
288 348
288 365
288 1278
288 1279
289 348
289 365
289 1276
289 1277
290 348
290 365
290 1272
290 1273
290 1274
290 1275
291 348
291 365
291 1266
291 1267
291 1268
291 1269
291 1270
291 1271
292 348
292 365
292 1259
292 1260
292 1261
292 1262
292 1263
292 1264
292 1265
293 348
293 365
293 1254
293 1255
293 1256
293 1257
293 1258
294 348
294 365
294 1250
294 1251
294 1252
294 1253
295 348
295 365
295 1247
295 1248
295 1249
296 348
296 366
296 1245
296 1246
297 348
297 366
297 1243
297 1244
298 348
298 366
298 1243
299 348
299 366
299 1242
300 348
300 366
300 1241
300 1242
301 347
301 366
301 1235
301 1236
301 1237
301 1238
301 1239
301 1240
302 347
302 366
302 1224
302 1225
302 1226
302 1227
302 1228
302 1229
302 1230
302 1231
302 1232
302 1233
302 1234
303 347
303 366
303 1213
303 1214
303 1215
303 1216
303 1217
303 1218
303 1219
303 1220
303 1221
303 1222
303 1223
304 347
304 366
304 1202
304 1203
304 1204
304 1205
304 1206
304 1207
304 1208
304 1209
304 1210
304 1211
304 1212
305 347
305 366
305 1191
305 1192
305 1193
305 1194
305 1195
305 1196
305 1197
305 1198
305 1199
305 1200
305 1201
306 347
306 366
306 1181
306 1182
306 1183
306 1184
306 1185
306 1186
306 1187
306 1188
306 1189
306 1190
307 347
307 366
307 1169
307 1170
307 1171
307 1172
307 1173
307 1174
307 1175
307 1176
307 1177
307 1178
307 1179
307 1180
308 347
308 366
308 1161
308 1162
308 1163
308 1164
308 1165
308 1166
308 1167
308 1168
309 347
309 366
309 1156
309 1157
309 1158
309 1159
309 1160
310 347
310 366
310 1152
310 1153
310 1154
310 1155
311 347
311 366
311 1146
311 1147
311 1148
311 1149
311 1150
311 1151
312 347
312 366
312 1143
312 1144
312 1145
313 347
313 366
313 1141
313 1142
314 347
314 366
314 1139
314 1140
315 347
315 366
315 1138
315 1139
316 347
316 366
316 1136
316 1137
317 347
317 366
317 1135
317 1136
318 347
318 366
318 1133
318 1134
319 347
319 366
319 1133
320 347
320 366
320 1132
321 347
321 366
321 1132
322 347
322 366
322 1131
323 347
323 1131
324 347
324 1130
325 347
325 1130
326 1129
327 1129
328 1129
329 1128
330 1128
331 1127
332 1127
333 1127
334 1126
335 1126
336 1125
337 1125
338 1124
339 1124
340 1124
341 1124
342 1123
343 1123
344 1123
345 1123
346 1123
347 1123
348 1122
349 1122
350 1122
351 1122
352 1122
353 1122
354 1121
355 1121
356 1121
357 1121
358 1121
359 1120
360 1120
361 1120
362 1120
363 1120
364 1120
365 1121
366 1121
367 1121
368 1121
369 1121
370 1121
371 1121
372 1121
373 1121
374 1121
375 1121
376 1121
377 1122
378 1122
379 1122
380 1122
381 1122
382 1122
383 1122
