0 718
1 718
2 0
2 1
2 2
2 3
2 4
2 5
2 6
2 7
2 8
2 9
2 10
2 718
3 11
3 12
3 13
3 14
3 15
3 16
3 17
3 18
3 19
3 20
3 21
3 22
3 23
3 24
3 25
3 26
3 27
3 28
3 29
3 30
3 718
4 0
4 1
4 2
4 31
4 32
4 33
4 34
4 35
4 36
4 37
4 38
4 39
4 40
4 41
4 42
4 43
4 44
4 45
4 46
4 47
4 48
4 49
4 50
4 51
4 52
4 719
5 2
5 3
5 53
5 54
5 55
5 56
5 57
5 58
5 59
5 60
5 61
5 62
5 63
5 64
5 65
5 66
5 67
5 68
5 69
5 70
5 71
5 72
5 73
5 719
5 720
6 3
6 4
6 74
6 75
6 76
6 77
6 78
6 79
6 80
6 81
6 82
6 83
6 84
6 85
6 86
6 87
6 88
6 89
6 90
6 91
6 92
6 93
6 721
6 722
6 723
6 724
6 725
6 726
6 727
6 728
6 729
7 4
7 5
7 6
7 7
7 8
7 9
7 10
7 11
7 12
7 13
7 14
7 15
7 16
7 17
7 18
7 19
7 20
7 21
7 22
7 23
7 24
7 25
7 26
7 94
7 95
7 96
7 97
7 98
7 99
7 100
7 101
7 102
7 103
7 104
7 105
7 106
7 107
7 108
7 109
7 110
7 111
7 112
7 113
7 114
7 115
7 730
8 27
8 28
8 29
8 30
8 31
8 32
8 33
8 34
8 35
8 36
8 37
8 38
8 39
8 40
8 41
8 42
8 43
8 44
8 45
8 46
8 47
8 48
8 49
8 50
8 51
8 52
8 53
8 54
8 55
8 56
8 57
8 58
8 116
8 117
8 118
8 119
8 120
8 121
8 122
8 123
8 124
8 125
8 126
8 127
8 128
8 129
8 130
8 131
8 132
8 133
8 134
8 135
8 136
8 730
9 59
9 60
9 61
9 62
9 63
9 64
9 65
9 66
9 67
9 68
9 69
9 70
9 71
9 72
9 73
9 74
9 75
9 137
9 138
9 139
9 140
9 141
9 142
9 143
9 144
9 145
9 146
9 147
9 148
9 149
9 150
9 151
9 152
9 153
9 154
9 155
9 156
9 157
9 721
9 722
9 723
9 724
9 725
9 726
10 76
10 77
10 78
10 79
10 80
10 81
10 82
10 83
10 84
10 85
10 86
10 87
10 88
10 89
10 90
10 91
10 92
10 158
10 159
10 160
10 161
10 162
10 163
10 164
10 165
10 166
10 167
10 168
10 169
10 170
10 171
10 172
10 173
10 174
10 175
10 176
10 177
10 178
10 717
10 718
10 719
10 720
11 93
11 94
11 95
11 96
11 97
11 98
11 99
11 100
11 101
11 102
11 103
11 104
11 105
11 106
11 107
11 108
11 109
11 179
11 180
11 181
11 182
11 183
11 184
11 185
11 186
11 187
11 188
11 189
11 190
11 191
11 192
11 193
11 194
11 195
11 196
11 197
11 198
11 715
11 716
12 110
12 111
12 112
12 113
12 114
12 115
12 116
12 117
12 118
12 119
12 120
12 121
12 122
12 123
12 124
12 125
12 126
12 127
12 128
12 129
12 199
12 200
12 201
12 202
12 203
12 204
12 205
12 206
12 207
12 208
12 209
12 210
12 211
12 212
12 213
12 714
12 715
13 130
13 131
13 132
13 133
13 134
13 135
13 136
13 137
13 138
13 139
13 140
13 141
13 142
13 143
13 144
13 145
13 146
13 147
13 148
13 149
13 150
13 151
13 152
13 214
13 215
13 216
13 217
13 218
13 219
13 220
13 602
13 603
13 604
13 605
13 606
13 607
13 608
13 609
13 610
13 611
13 714
14 153
14 154
14 155
14 156
14 157
14 158
14 159
14 160
14 161
14 162
14 163
14 164
14 165
14 166
14 167
14 168
14 169
14 170
14 171
14 172
14 173
14 174
14 175
14 176
14 220
14 580
14 581
14 582
14 583
14 584
14 585
14 586
14 587
14 588
14 589
14 590
14 591
14 592
14 593
14 594
14 595
14 596
14 597
14 598
14 599
14 600
14 601
14 612
14 713
15 177
15 178
15 179
15 180
15 181
15 182
15 183
15 184
15 185
15 186
15 187
15 188
15 189
15 190
15 191
15 192
15 193
15 194
15 195
15 196
15 197
15 198
15 219
15 220
15 567
15 568
15 569
15 570
15 571
15 572
15 573
15 574
15 575
15 576
15 577
15 578
15 579
15 612
15 713
16 199
16 200
16 201
16 202
16 203
16 204
16 205
16 206
16 207
16 208
16 209
16 210
16 211
16 212
16 213
16 218
16 219
16 567
16 612
16 712
17 0
17 1
17 2
17 216
17 217
17 567
17 568
17 611
17 706
17 707
17 708
17 709
17 710
17 711
17 712
18 3
18 4
18 211
18 212
18 213
18 215
18 216
18 374
18 375
18 376
18 377
18 378
18 379
18 380
18 568
18 569
18 602
18 603
18 604
18 605
18 606
18 607
18 608
18 609
18 610
18 611
18 703
18 704
18 705
19 5
19 210
19 214
19 215
19 356
19 357
19 358
19 359
19 360
19 361
19 362
19 363
19 364
19 365
19 366
19 367
19 368
19 369
19 370
19 371
19 372
19 373
19 381
19 382
19 569
19 570
19 583
19 584
19 585
19 586
19 587
19 588
19 589
19 590
19 591
19 592
19 593
19 594
19 595
19 596
19 597
19 598
19 599
19 600
19 601
19 701
19 702
20 6
20 209
20 213
20 347
20 348
20 349
20 350
20 351
20 352
20 353
20 354
20 355
20 383
20 384
20 570
20 571
20 572
20 573
20 574
20 575
20 576
20 577
20 578
20 579
20 580
20 581
20 582
20 701
21 7
21 20
21 207
21 208
21 212
21 346
21 384
21 385
21 700
22 7
22 18
22 19
22 21
22 22
22 206
22 207
22 210
22 211
22 345
22 385
22 386
22 700
23 7
23 16
23 17
23 22
23 205
23 209
23 210
23 345
23 386
23 700
24 7
24 16
24 22
24 203
24 204
24 208
24 344
24 387
24 700
25 7
25 15
25 22
25 201
25 202
25 206
25 207
25 344
25 378
25 379
25 380
25 381
25 382
25 383
25 384
25 385
25 700
26 8
26 9
26 15
26 23
26 24
26 25
26 200
26 201
26 205
26 206
26 344
26 356
26 357
26 358
26 359
26 360
26 361
26 362
26 363
26 364
26 365
26 366
26 367
26 368
26 369
26 370
26 371
26 372
26 373
26 374
26 375
26 376
26 377
26 700
27 10
27 11
27 12
27 13
27 14
27 15
27 26
27 198
27 199
27 203
27 204
27 205
27 344
27 345
27 346
27 347
27 348
27 349
27 350
27 351
27 352
27 353
27 354
27 355
27 700
28 27
28 28
28 29
28 30
28 31
28 32
28 33
28 197
28 198
28 201
28 202
28 701
29 34
29 196
29 197
29 200
29 201
29 701
30 34
30 194
30 195
30 199
30 200
30 702
30 703
30 704
30 705
30 706
31 34
31 193
31 194
31 197
31 198
32 35
32 192
32 193
32 196
32 197
32 705
32 706
33 36
33 37
33 49
33 50
33 51
33 52
33 53
33 54
33 190
33 191
33 195
33 196
33 704
33 705
34 37
34 38
34 44
34 45
34 46
34 47
34 48
34 55
34 189
34 190
34 194
34 195
34 703
34 704
35 39
35 40
35 43
35 55
35 188
35 189
35 192
35 193
35 702
35 703
36 40
36 41
36 42
36 55
36 186
36 187
36 191
36 192
36 702
37 56
37 185
37 186
37 190
37 191
37 701
38 57
38 58
38 183
38 184
38 188
38 189
38 701
39 59
39 60
39 182
39 183
39 187
39 188
39 700
40 61
40 62
40 63
40 64
40 65
40 66
40 67
40 181
40 182
40 186
40 187
40 699
41 68
41 69
41 179
41 180
41 185
41 186
41 698
42 69
42 179
42 184
42 698
43 69
43 178
43 183
43 698
44 69
44 176
44 177
44 182
44 183
44 698
45 69
45 175
45 176
45 181
45 182
45 696
45 697
46 69
46 174
46 175
46 179
46 180
46 693
46 694
46 695
47 70
47 172
47 173
47 178
47 179
47 693
48 70
48 71
48 171
48 172
48 177
48 178
48 693
49 71
49 169
49 170
49 176
49 177
49 693
50 71
50 167
50 168
50 174
50 175
50 693
51 71
51 166
51 167
51 173
51 174
51 694
52 70
52 164
52 165
52 172
52 173
52 694
53 70
53 163
53 164
53 171
53 172
53 694
54 70
54 161
54 162
54 169
54 170
54 694
55 70
55 160
55 161
55 167
55 168
55 686
55 687
55 688
55 694
56 70
56 159
56 160
56 166
56 167
56 685
56 686
56 689
56 690
56 691
56 692
56 693
56 694
57 70
57 157
57 158
57 164
57 165
57 685
58 70
58 156
58 157
58 163
58 164
58 294
58 295
58 296
58 684
59 70
59 154
59 155
59 162
59 163
59 264
59 265
59 266
59 267
59 268
59 269
59 270
59 271
59 293
59 297
59 298
59 299
59 300
59 301
59 302
59 303
59 304
59 682
59 683
60 69
60 153
60 154
60 161
60 162
60 262
60 263
60 272
60 273
60 292
60 305
60 306
60 681
60 682
61 67
61 68
61 69
61 152
61 153
61 159
61 160
61 261
61 262
61 273
61 274
61 292
61 307
61 308
61 680
61 681
62 64
62 65
62 66
62 150
62 151
62 158
62 159
62 261
62 274
62 279
62 280
62 290
62 291
62 308
62 309
62 310
62 311
62 312
62 313
62 314
62 315
62 316
62 317
62 318
62 319
62 677
62 678
62 679
62 680
63 63
63 69
63 70
63 149
63 150
63 157
63 158
63 248
63 249
63 250
63 251
63 260
63 274
63 278
63 281
63 289
63 290
63 320
63 321
63 322
63 323
63 324
63 325
63 326
63 327
63 328
63 674
63 675
63 676
64 64
64 65
64 71
64 148
64 149
64 155
64 156
64 243
64 244
64 245
64 246
64 247
64 252
64 253
64 260
64 273
64 278
64 281
64 289
64 329
64 330
64 672
64 673
65 72
65 146
65 147
65 155
65 242
65 253
65 259
65 272
65 273
65 277
65 278
65 281
65 288
65 331
65 332
65 672
66 73
66 74
66 145
66 146
66 154
66 241
66 253
66 258
66 269
66 270
66 272
66 274
66 275
66 276
66 281
66 288
66 332
66 333
66 334
66 671
67 75
67 76
67 143
67 144
67 154
67 241
67 254
67 258
67 268
67 281
67 288
67 335
67 671
68 77
68 78
68 142
68 143
68 153
68 154
68 241
68 254
68 258
68 269
68 270
68 281
68 286
68 287
68 335
68 671
69 79
69 80
69 81
69 141
69 142
69 149
69 150
69 151
69 152
69 153
69 241
69 255
69 258
69 282
69 283
69 284
69 285
69 286
69 336
69 337
69 343
69 344
69 345
69 346
69 670
70 82
70 83
70 84
70 139
70 140
70 147
70 148
70 241
70 256
70 338
70 339
70 341
70 342
70 347
70 670
71 85
71 86
71 138
71 139
71 145
71 146
71 241
71 257
71 339
71 340
71 341
71 348
71 669
71 670
72 86
72 136
72 137
72 144
72 145
72 241
72 257
72 259
72 349
72 350
72 351
72 669
73 86
73 135
73 136
73 142
73 143
73 239
73 240
73 241
73 257
73 259
73 352
73 668
74 86
74 133
74 134
74 141
74 142
74 237
74 238
74 257
74 353
74 668
75 86
75 131
75 132
75 139
75 140
75 237
75 255
75 259
75 353
75 668
76 87
76 130
76 131
76 138
76 139
76 237
76 253
76 254
76 256
76 259
76 353
76 669
76 670
76 671
77 87
77 88
77 128
77 129
77 136
77 137
77 238
77 253
77 257
77 354
77 672
78 88
78 127
78 128
78 135
78 136
78 239
78 240
78 252
78 256
78 354
78 672
79 88
79 126
79 127
79 133
79 134
79 241
79 252
79 256
79 354
79 670
79 671
79 672
80 87
80 124
80 125
80 131
80 132
80 235
80 236
80 237
80 238
80 241
80 252
80 256
80 354
80 665
80 666
80 667
80 668
80 669
81 85
81 86
81 87
81 123
81 124
81 130
81 131
81 233
81 234
81 252
81 256
81 355
81 356
81 357
81 358
81 359
81 360
81 664
82 84
82 121
82 122
82 128
82 129
82 231
82 232
82 252
82 256
82 361
82 362
82 663
83 84
83 91
83 92
83 93
83 94
83 95
83 96
83 97
83 120
83 121
83 127
83 128
83 230
83 252
83 256
83 362
83 363
83 664
84 87
84 88
84 89
84 90
84 98
84 99
84 100
84 101
84 102
84 103
84 104
84 105
84 106
84 107
84 108
84 109
84 110
84 119
84 120
84 125
84 126
84 230
84 252
84 257
84 363
84 375
84 376
84 377
84 664
84 665
85 86
85 111
85 118
85 125
85 230
85 252
85 257
85 363
85 374
85 378
85 665
86 86
86 112
86 113
86 114
86 115
86 116
86 117
86 124
86 231
86 252
86 257
86 363
86 373
86 379
86 380
86 381
86 382
86 383
86 384
86 385
86 386
86 387
86 407
86 408
86 409
86 410
86 411
86 412
86 413
86 414
86 415
86 416
86 665
87 86
87 87
87 125
87 126
87 127
87 212
87 213
87 214
87 215
87 216
87 231
87 252
87 257
87 364
87 365
87 366
87 367
87 368
87 369
87 370
87 371
87 372
87 388
87 389
87 390
87 391
87 392
87 400
87 401
87 402
87 403
87 404
87 405
87 406
87 417
87 418
87 419
87 420
87 664
87 665
88 87
88 128
88 129
88 130
88 131
88 211
88 217
88 218
88 224
88 225
88 230
88 231
88 252
88 257
88 393
88 396
88 397
88 398
88 399
88 421
88 422
88 662
88 663
89 88
89 132
89 133
89 134
89 135
89 136
89 210
89 218
89 223
89 226
89 227
89 228
89 229
89 230
89 253
89 257
89 393
89 395
89 423
89 424
89 662
90 88
90 89
90 137
90 138
90 139
90 140
90 210
90 219
90 220
90 221
90 222
90 253
90 257
90 424
90 661
91 89
91 90
91 91
91 141
91 142
91 143
91 144
91 211
91 253
91 257
91 425
91 660
91 661
92 92
92 93
92 94
92 95
92 96
92 145
92 146
92 147
92 148
92 211
92 253
92 257
92 425
92 426
92 660
93 89
93 97
93 98
93 99
93 100
93 101
93 102
93 149
93 150
93 151
93 152
93 211
93 253
93 257
93 426
93 653
93 659
94 103
94 104
94 105
94 106
94 107
94 153
94 154
94 155
94 156
94 211
94 224
94 225
94 226
94 253
94 257
94 427
94 598
94 599
94 600
94 601
94 602
94 603
94 604
94 605
94 606
94 607
94 608
94 609
94 610
94 611
94 612
94 613
94 614
94 615
94 616
94 617
94 651
94 652
94 654
94 655
94 656
94 657
94 658
94 659
95 92
95 93
95 108
95 109
95 110
95 111
95 112
95 113
95 157
95 158
95 159
95 160
95 210
95 223
95 227
95 228
95 253
95 257
95 427
95 428
95 453
95 454
95 455
95 597
95 618
95 651
96 94
96 95
96 98
96 99
96 100
96 101
96 102
96 103
96 113
96 114
96 115
96 116
96 117
96 161
96 162
96 163
96 164
96 165
96 166
96 211
96 222
96 223
96 228
96 229
96 253
96 257
96 429
96 430
96 451
96 452
96 456
96 457
96 596
96 619
96 650
97 97
97 109
97 110
97 111
97 112
97 113
97 118
97 119
97 120
97 121
97 122
97 167
97 168
97 169
97 170
97 171
97 172
97 173
97 211
97 212
97 221
97 230
97 231
97 253
97 257
97 431
97 432
97 450
97 451
97 457
97 596
97 650
98 97
98 123
98 124
98 125
98 126
98 174
98 175
98 176
98 177
98 178
98 179
98 213
98 221
98 224
98 231
98 232
98 253
98 257
98 432
98 433
98 450
98 458
98 596
98 612
98 613
98 614
98 615
98 616
98 617
98 650
99 97
99 127
99 128
99 129
99 130
99 131
99 132
99 133
99 134
99 135
99 180
99 181
99 182
99 183
99 187
99 188
99 189
99 190
99 191
99 192
99 193
99 194
99 195
99 196
99 197
99 198
99 199
99 213
99 221
99 224
99 227
99 233
99 234
99 253
99 257
99 434
99 435
99 449
99 458
99 490
99 491
99 492
99 493
99 494
99 495
99 597
99 598
99 605
99 606
99 607
99 608
99 609
99 610
99 611
99 651
100 98
100 136
100 137
100 138
100 139
100 140
100 141
100 142
100 143
100 144
100 145
100 146
100 184
100 185
100 186
100 200
100 201
100 202
100 203
100 204
100 205
100 206
100 207
100 208
100 209
100 210
100 211
100 212
100 221
100 225
100 229
100 234
100 235
100 253
100 257
100 435
100 436
100 437
100 438
100 439
100 440
100 441
100 442
100 443
100 444
100 445
100 446
100 447
100 448
100 449
100 459
100 489
100 496
100 497
100 498
100 499
100 500
100 501
100 502
100 599
100 600
100 601
100 602
100 603
100 604
100 651
101 98
101 147
101 148
101 149
101 150
101 151
101 152
101 153
101 154
101 220
101 221
101 226
101 227
101 236
101 237
101 253
101 258
101 459
101 488
101 503
101 504
101 505
101 651
102 99
102 155
102 156
102 157
102 158
102 187
102 188
102 191
102 192
102 209
102 210
102 211
102 212
102 220
102 227
102 228
102 231
102 238
102 239
102 253
102 258
102 460
102 488
102 506
102 507
102 651
103 99
103 159
103 160
103 161
103 162
103 163
103 187
103 193
103 194
103 208
103 219
103 228
103 229
103 232
103 239
103 253
103 258
103 460
103 461
103 488
103 499
103 500
103 501
103 502
103 503
103 651
104 100
104 164
104 165
104 166
104 167
104 168
104 187
104 194
104 195
104 207
104 208
104 218
104 219
104 229
104 232
104 239
104 253
104 258
104 461
104 462
104 489
104 490
104 491
104 492
104 493
104 494
104 495
104 496
104 497
104 498
104 651
105 100
105 101
105 169
105 170
105 171
105 172
105 173
105 174
105 175
105 176
105 177
105 178
105 179
105 187
105 188
105 195
105 202
105 203
105 204
105 205
105 206
105 217
105 229
105 232
105 239
105 253
105 258
105 462
105 463
105 652
106 102
106 180
106 181
106 182
106 183
106 188
106 196
106 197
106 198
106 199
106 200
106 201
106 217
106 229
106 232
106 239
106 253
106 258
106 463
106 652
107 102
107 184
107 185
107 186
107 189
107 217
107 218
107 219
107 228
107 229
107 232
107 239
107 253
107 258
107 464
107 653
108 102
108 189
108 220
108 221
108 222
108 223
108 224
108 225
108 226
108 227
108 232
108 239
108 253
108 258
108 464
108 653
109 102
109 189
109 232
109 239
109 253
109 258
109 465
109 654
110 102
110 189
110 232
110 239
110 254
110 258
110 466
110 467
110 654
111 102
111 189
111 232
111 239
111 254
111 258
111 385
111 386
111 467
111 654
112 102
112 189
112 232
112 239
112 254
112 258
112 383
112 384
112 467
112 655
113 102
113 189
113 232
113 239
113 254
113 258
113 383
113 386
113 467
113 655
114 102
114 189
114 232
114 239
114 254
114 258
114 382
114 386
114 467
114 655
115 102
115 189
115 233
115 239
115 254
115 258
115 382
115 386
115 467
115 655
116 103
116 189
116 233
116 239
116 254
116 258
116 382
116 386
116 466
116 654
117 103
117 104
117 188
117 233
117 239
117 254
117 259
117 382
117 386
117 467
117 651
117 652
117 653
118 104
118 105
118 188
118 233
118 240
118 254
118 259
118 382
118 386
118 468
118 469
118 647
118 648
118 649
118 650
119 105
119 106
119 188
119 233
119 240
119 254
119 259
119 382
119 386
119 469
119 470
119 471
119 645
119 646
120 107
120 188
120 233
120 240
120 254
120 259
120 382
120 386
120 472
120 644
120 645
121 108
121 187
121 188
121 233
121 240
121 254
121 259
121 382
121 386
121 473
121 616
121 617
121 618
121 619
121 620
121 643
121 644
122 109
122 110
122 187
122 233
122 240
122 254
122 259
122 382
122 386
122 473
122 474
122 607
122 608
122 609
122 610
122 611
122 612
122 613
122 614
122 615
122 621
122 642
123 111
123 186
123 233
123 240
123 254
123 259
123 382
123 386
123 474
123 475
123 605
123 606
123 621
123 641
124 112
124 186
124 233
124 240
124 254
124 259
124 382
124 386
124 475
124 476
124 605
124 621
124 641
125 112
125 113
125 186
125 233
125 240
125 254
125 259
125 382
125 386
125 431
125 432
125 477
125 478
125 605
125 606
125 607
125 608
125 609
125 610
125 611
125 612
125 621
125 641
126 113
126 114
126 187
126 233
126 240
126 254
126 259
126 382
126 386
126 430
126 433
126 478
126 479
126 536
126 537
126 538
126 539
126 540
126 541
126 542
126 543
126 544
126 545
126 546
126 547
126 548
126 549
126 613
126 614
126 615
126 616
126 617
126 618
126 619
126 620
126 621
126 641
127 114
127 115
127 187
127 188
127 233
127 240
127 254
127 259
127 375
127 376
127 377
127 378
127 382
127 387
127 429
127 433
127 479
127 535
127 550
127 631
127 632
127 641
128 115
128 188
128 233
128 240
128 254
128 259
128 379
128 382
128 387
128 429
128 433
128 479
128 534
128 550
128 630
128 633
128 640
129 116
129 189
129 233
129 240
129 254
129 259
129 376
129 380
129 387
129 429
129 433
129 480
129 534
129 551
129 629
129 634
129 635
129 636
129 637
129 638
129 639
130 116
130 117
130 190
130 191
130 233
130 240
130 254
130 259
130 371
130 372
130 374
130 375
130 377
130 381
130 387
130 429
130 433
130 481
130 535
130 549
130 629
131 117
131 191
131 192
131 233
131 240
131 254
131 259
131 369
131 370
131 374
131 378
131 387
131 429
131 433
131 481
131 535
131 542
131 543
131 544
131 545
131 546
131 547
131 548
131 630
132 117
132 192
132 193
132 233
132 240
132 255
132 259
132 332
132 333
132 334
132 369
132 374
132 378
132 379
132 387
132 429
132 433
132 481
132 536
132 537
132 538
132 539
132 540
132 541
132 631
132 632
133 117
133 193
133 194
133 233
133 240
133 255
133 259
133 331
133 334
133 368
133 373
133 374
133 379
133 382
133 387
133 430
133 433
133 482
133 486
133 487
133 488
133 632
134 118
134 195
134 233
134 240
134 255
134 260
134 330
134 334
134 368
134 373
134 380
134 387
134 430
134 433
134 482
134 485
134 489
134 632
135 118
135 195
135 233
135 240
135 255
135 260
135 330
135 334
135 368
135 380
135 387
135 411
135 412
135 413
135 430
135 434
135 482
135 484
135 489
135 629
135 630
135 631
135 632
136 0
136 1
136 2
136 3
136 4
136 5
136 6
136 7
136 8
136 9
136 118
136 195
136 233
136 240
136 255
136 260
136 330
136 334
136 368
136 369
136 370
136 373
136 380
136 387
136 410
136 414
136 430
136 434
136 482
136 484
136 489
136 627
136 628
137 10
137 11
137 12
137 13
137 14
137 15
137 16
137 17
137 18
137 19
137 20
137 21
137 22
137 23
137 24
137 25
137 26
137 27
137 118
137 195
137 233
137 240
137 255
137 260
137 330
137 334
137 373
137 380
137 387
137 409
137 414
137 430
137 434
137 484
137 489
137 626
138 28
138 29
138 30
138 31
138 32
138 33
138 34
138 35
138 36
138 37
138 38
138 39
138 40
138 41
138 42
138 43
138 44
138 45
138 46
138 118
138 194
138 195
138 233
138 240
138 255
138 260
138 330
138 334
138 374
138 379
138 380
138 387
138 409
138 414
138 430
138 434
138 484
138 489
138 563
138 626
138 628
138 629
138 630
138 631
138 632
138 633
139 47
139 48
139 49
139 50
139 51
139 52
139 53
139 54
139 55
139 56
139 57
139 58
139 59
139 60
139 61
139 62
139 63
139 64
139 65
139 118
139 190
139 191
139 192
139 193
139 194
139 233
139 240
139 255
139 260
139 330
139 334
139 374
139 375
139 376
139 377
139 378
139 379
139 382
139 387
139 409
139 414
139 430
139 434
139 484
139 489
139 562
139 564
139 634
140 66
140 67
140 68
140 69
140 70
140 71
140 72
140 73
140 74
140 75
140 76
140 77
140 78
140 79
140 80
140 81
140 82
140 83
140 84
140 119
140 188
140 189
140 233
140 240
140 255
140 260
140 330
140 334
140 382
140 387
140 409
140 414
140 430
140 434
140 484
140 489
140 505
140 506
140 562
140 564
140 634
141 85
141 86
141 87
141 88
141 89
141 90
141 91
141 92
141 93
141 94
141 95
141 96
141 97
141 98
141 99
141 100
141 101
141 102
141 103
141 119
141 186
141 187
141 234
141 240
141 255
141 260
141 330
141 334
141 382
141 387
141 409
141 414
141 430
141 434
141 484
141 489
141 504
141 507
141 562
141 564
141 566
141 567
141 568
141 635
141 636
141 637
142 104
142 105
142 106
142 107
142 108
142 109
142 110
142 111
142 112
142 113
142 114
142 115
142 116
142 117
142 118
142 119
142 120
142 185
142 186
142 234
142 240
142 255
142 260
142 283
142 284
142 330
142 334
142 382
142 387
142 409
142 414
142 430
142 434
142 484
142 489
142 503
142 507
142 562
142 566
142 568
142 638
142 639
143 121
143 122
143 123
143 124
143 125
143 126
143 127
143 184
143 185
143 234
143 240
143 255
143 260
143 282
143 285
143 330
143 334
143 382
143 387
143 409
143 414
143 430
143 434
143 445
143 446
143 447
143 449
143 450
143 451
143 484
143 490
143 503
143 507
143 562
143 566
143 569
143 639
143 640
143 641
144 128
144 129
144 130
144 131
144 132
144 183
144 184
144 234
144 240
144 255
144 260
144 281
144 285
144 330
144 334
144 382
144 387
144 409
144 414
144 430
144 434
144 444
144 447
144 448
144 452
144 485
144 490
144 503
144 507
144 562
144 569
144 642
144 649
144 651
145 133
145 134
145 182
145 183
145 234
145 240
145 255
145 260
145 281
145 285
145 331
145 334
145 375
145 376
145 382
145 387
145 409
145 414
145 430
145 434
145 443
145 448
145 452
145 485
145 490
145 503
145 507
145 561
145 570
145 643
145 644
145 645
145 646
145 648
145 651
146 135
146 136
146 182
146 234
146 240
146 255
146 260
146 281
146 285
146 331
146 334
146 373
146 374
146 377
146 378
146 379
146 380
146 387
146 410
146 414
146 430
146 434
146 442
146 448
146 452
146 485
146 490
146 503
146 507
146 561
146 570
146 648
146 651
147 137
147 138
147 181
147 234
147 240
147 255
147 260
147 281
147 285
147 331
147 334
147 371
147 372
147 381
147 387
147 410
147 414
147 431
147 434
147 442
147 448
147 452
147 485
147 490
147 503
147 507
147 561
147 571
147 648
147 651
148 139
148 140
148 182
148 234
148 240
148 255
148 260
148 281
148 285
148 331
148 334
148 369
148 370
148 381
148 387
148 410
148 414
148 431
148 434
148 443
148 448
148 452
148 485
148 490
148 503
148 507
148 561
148 571
148 648
148 651
149 141
149 142
149 182
149 183
149 184
149 185
149 186
149 234
149 240
149 255
149 260
149 281
149 285
149 331
149 334
149 369
149 381
149 387
149 410
149 414
149 431
149 434
149 444
149 445
149 447
149 448
149 452
149 484
149 485
149 490
149 503
149 507
149 561
149 572
149 648
149 651
150 143
150 144
150 187
150 188
150 189
150 234
150 241
150 255
150 261
150 281
150 285
150 331
150 335
150 368
150 381
150 387
150 410
150 414
150 431
150 434
150 445
150 446
150 447
150 449
150 452
150 483
150 485
150 490
150 503
150 507
150 561
150 573
150 648
150 651
151 145
151 146
151 190
151 234
151 241
151 255
151 261
151 281
151 285
151 331
151 335
151 368
151 381
151 387
151 410
151 414
151 431
151 434
151 449
151 452
151 483
151 485
151 491
151 492
151 493
151 494
151 495
151 496
151 497
151 498
151 499
151 500
151 501
151 502
151 503
151 507
151 528
151 529
151 530
151 531
151 532
151 533
151 534
151 561
151 574
151 648
151 651
152 147
152 191
152 234
152 241
152 255
152 261
152 281
152 285
152 331
152 335
152 368
152 381
152 387
152 410
152 414
152 431
152 435
152 449
152 453
152 483
152 485
152 508
152 509
152 510
152 511
152 512
152 513
152 514
152 515
152 516
152 517
152 518
152 519
152 520
152 521
152 522
152 523
152 524
152 525
152 526
152 527
152 535
152 560
152 574
152 648
152 651
153 148
153 191
153 192
153 234
153 241
153 256
153 261
153 281
153 285
153 286
153 287
153 288
153 289
153 290
153 291
153 292
153 293
153 294
153 295
153 296
153 297
153 298
153 299
153 300
153 301
153 302
153 303
153 304
153 305
153 306
153 307
153 308
153 309
153 310
153 311
153 312
153 313
153 314
153 315
153 316
153 317
153 318
153 331
153 335
153 368
153 381
153 387
153 410
153 414
153 431
153 435
153 449
153 453
153 485
153 535
153 560
153 574
153 648
153 651
154 149
154 193
154 234
154 241
154 256
154 261
154 281
154 284
154 319
154 331
154 335
154 368
154 381
154 387
154 410
154 414
154 431
154 435
154 449
154 453
154 485
154 535
154 559
154 560
154 574
154 649
154 651
155 149
155 193
155 234
155 241
155 256
155 261
155 281
155 283
155 319
155 331
155 335
155 368
155 381
155 387
155 410
155 414
155 431
155 435
155 449
155 453
155 485
155 492
155 493
155 494
155 495
155 496
155 497
155 498
155 499
155 500
155 501
155 502
155 509
155 510
155 511
155 512
155 535
155 559
155 574
155 649
156 150
156 193
156 234
156 241
156 256
156 261
156 281
156 283
156 319
156 331
156 335
156 368
156 381
156 387
156 410
156 414
156 431
156 435
156 449
156 453
156 485
156 491
156 503
156 508
156 513
156 514
156 515
156 516
156 517
156 518
156 519
156 520
156 521
156 522
156 525
156 526
156 527
156 528
156 529
156 530
156 531
156 532
156 533
156 534
156 535
156 549
156 550
156 551
156 552
156 553
156 558
156 574
156 575
156 649
157 151
157 193
157 234
157 241
157 256
157 261
157 281
157 283
157 319
157 331
157 335
157 368
157 381
157 387
157 410
157 414
157 431
157 435
157 449
157 453
157 485
157 491
157 503
157 507
157 523
157 524
157 547
157 548
157 554
157 555
157 556
157 557
157 558
157 570
157 571
157 572
157 573
157 635
157 636
157 637
157 638
157 647
157 649
158 152
158 192
158 234
158 241
158 256
158 261
158 281
158 283
158 319
158 331
158 335
158 368
158 382
158 387
158 410
158 414
158 431
158 435
158 449
158 453
158 485
158 491
158 503
158 507
158 512
158 523
158 535
158 537
158 545
158 546
158 569
158 633
158 634
158 639
158 640
158 641
158 642
158 643
158 644
158 645
158 646
158 647
158 649
159 153
159 192
159 234
159 241
159 256
159 261
159 281
159 283
159 319
159 331
159 335
159 368
159 382
159 387
159 410
159 414
159 431
159 435
159 449
159 453
159 485
159 491
159 493
159 494
159 503
159 507
159 511
159 524
159 534
159 537
159 545
159 570
159 571
159 572
159 607
159 630
159 631
159 632
159 649
160 153
160 193
160 194
160 195
160 196
160 197
160 198
160 199
160 234
160 241
160 256
160 261
160 281
160 284
160 319
160 331
160 335
160 368
160 382
160 388
160 410
160 414
160 432
160 435
160 449
160 453
160 485
160 490
160 495
160 496
160 497
160 498
160 499
160 500
160 501
160 503
160 507
160 511
160 524
160 525
160 526
160 534
160 537
160 544
160 574
160 575
160 605
160 606
160 608
160 609
160 610
160 611
160 626
160 627
160 628
160 629
160 649
161 153
161 200
161 201
161 202
161 234
161 241
161 256
161 261
161 281
161 284
161 319
161 331
161 335
161 368
161 382
161 388
161 410
161 414
161 432
161 435
161 449
161 453
161 485
161 490
161 503
161 507
161 510
161 527
161 528
161 529
161 530
161 531
161 534
161 537
161 541
161 542
161 543
161 544
161 575
161 592
161 593
161 597
161 598
161 599
161 600
161 604
161 605
161 612
161 626
161 649
162 153
162 203
162 234
162 241
162 256
162 261
162 281
162 284
162 319
162 331
162 335
162 368
162 382
162 388
162 410
162 414
162 432
162 435
162 450
162 453
162 485
162 490
162 503
162 507
162 510
162 532
162 534
162 538
162 540
162 576
162 577
162 588
162 589
162 590
162 593
162 596
162 597
162 601
162 602
162 603
162 604
162 613
162 649
163 153
163 203
163 234
163 241
163 256
163 261
163 281
163 284
163 319
163 331
163 335
163 368
163 382
163 388
163 410
163 414
163 432
163 435
163 450
163 453
163 485
163 490
163 503
163 507
163 534
163 538
163 578
163 579
163 588
163 594
163 595
163 596
163 613
163 614
163 624
163 625
163 649
164 154
164 203
164 234
164 241
164 256
164 261
164 281
164 284
164 317
164 318
164 319
164 321
164 331
164 335
164 368
164 382
164 388
164 410
164 414
164 432
164 435
164 450
164 453
164 485
164 490
164 503
164 507
164 534
164 537
164 579
164 580
164 587
164 614
164 615
164 623
164 624
164 649
165 154
165 203
165 234
165 241
165 256
165 261
165 281
165 284
165 316
165 321
165 331
165 335
165 368
165 382
165 388
165 410
165 414
165 432
165 435
165 450
165 453
165 486
165 490
165 503
165 507
165 534
165 537
165 580
165 587
165 615
165 616
165 621
165 622
165 649
166 0
166 1
166 2
166 3
166 4
166 5
166 6
166 7
166 8
166 9
166 10
166 11
166 12
166 13
166 14
166 15
166 16
166 17
166 18
166 19
166 20
166 21
166 22
166 23
166 24
166 25
166 26
166 27
166 28
166 29
166 30
166 31
166 32
166 33
166 34
166 35
166 36
166 37
166 38
166 39
166 40
166 41
166 42
166 43
166 44
166 45
166 46
166 47
166 48
166 49
166 50
166 51
166 52
166 53
166 54
166 55
166 56
166 57
166 58
166 59
166 60
166 61
166 62
166 63
166 64
166 65
166 66
166 67
166 68
166 69
166 70
166 71
166 72
166 73
166 74
166 75
166 76
166 77
166 154
166 203
166 234
166 241
166 256
166 262
166 281
166 285
166 289
166 290
166 293
166 294
166 295
166 296
166 297
166 298
166 299
166 300
166 301
166 302
166 303
166 304
166 305
166 306
166 307
166 308
166 309
166 310
166 311
166 312
166 313
166 314
166 315
166 321
166 331
166 335
166 368
166 382
166 388
166 410
166 414
166 432
166 435
166 450
166 453
166 480
166 481
166 482
166 486
166 490
166 504
166 508
166 534
166 537
166 581
166 587
166 616
166 620
166 621
166 649
166 652
167 78
167 79
167 80
167 81
167 82
167 83
167 84
167 85
167 86
167 87
167 88
167 89
167 90
167 91
167 92
167 93
167 94
167 95
167 96
167 97
167 98
167 99
167 100
167 101
167 102
167 103
167 104
167 105
167 106
167 107
167 108
167 109
167 110
167 111
167 112
167 113
167 114
167 115
167 116
167 117
167 118
167 119
167 120
167 121
167 122
167 123
167 124
167 125
167 126
167 127
167 128
167 129
167 130
167 131
167 132
167 133
167 134
167 135
167 136
167 137
167 138
167 139
167 140
167 141
167 142
167 143
167 144
167 145
167 146
167 147
167 148
167 149
167 150
167 151
167 152
167 153
167 154
167 203
167 235
167 241
167 256
167 262
167 281
167 286
167 287
167 288
167 291
167 292
167 321
167 331
167 335
167 368
167 382
167 388
167 411
167 415
167 432
167 435
167 450
167 453
167 479
167 483
167 484
167 486
167 490
167 504
167 508
167 534
167 537
167 581
167 587
167 617
167 619
167 620
167 649
168 203
168 236
168 241
168 256
168 262
168 281
168 285
168 291
168 315
168 321
168 331
168 335
168 369
168 370
168 382
168 388
168 411
168 415
168 432
168 436
168 450
168 454
168 478
168 484
168 486
168 490
168 504
168 508
168 534
168 537
168 582
168 587
168 617
168 618
168 619
168 644
168 645
168 646
168 647
168 648
168 649
168 650
168 651
168 652
168 653
168 1210
168 1211
168 1212
169 203
169 236
169 241
169 255
169 256
169 262
169 264
169 281
169 285
169 291
169 315
169 321
169 331
169 335
169 371
169 372
169 380
169 381
169 382
169 388
169 411
169 415
169 432
169 436
169 450
169 454
169 478
169 484
169 486
169 490
169 508
169 534
169 537
169 582
169 586
169 587
169 643
169 653
169 1209
169 1213
169 1214
170 65
170 73
170 105
170 110
170 203
170 236
170 241
170 254
170 257
170 262
170 265
170 281
170 285
170 291
170 315
170 321
170 331
170 335
170 373
170 379
170 388
170 411
170 415
170 432
170 436
170 450
170 454
170 478
170 484
170 486
170 490
170 502
170 503
170 505
170 508
170 534
170 537
170 582
170 586
170 642
170 653
170 1209
170 1214
171 65
171 73
171 105
171 110
171 203
171 236
171 241
171 254
171 257
171 261
171 265
171 281
171 285
171 291
171 315
171 321
171 332
171 335
171 374
171 375
171 376
171 378
171 383
171 388
171 411
171 415
171 432
171 436
171 450
171 454
171 478
171 484
171 486
171 490
171 501
171 505
171 508
171 534
171 537
171 583
171 584
171 585
171 642
171 653
171 1209
171 1215
172 65
172 73
172 105
172 110
172 203
172 236
172 241
172 253
172 254
172 257
172 260
172 261
172 265
172 282
172 286
172 291
172 315
172 321
172 332
172 335
172 373
172 377
172 378
172 383
172 388
172 411
172 415
172 432
172 436
172 450
172 454
172 478
172 484
172 486
172 490
172 501
172 505
172 508
172 537
172 583
172 585
172 642
172 653
172 1209
172 1216
172 1217
173 65
173 73
173 105
173 110
173 204
173 236
173 241
173 253
173 257
173 258
173 259
173 265
173 282
173 286
173 288
173 291
173 315
173 321
173 332
173 335
173 372
173 377
173 383
173 388
173 411
173 415
173 432
173 436
173 450
173 454
173 478
173 484
173 486
173 490
173 501
173 505
173 508
173 529
173 530
173 531
173 532
173 533
173 534
173 537
173 583
173 585
173 642
173 653
173 1208
173 1218
174 65
174 73
174 105
174 110
174 204
174 205
174 236
174 241
174 253
174 264
174 282
174 286
174 288
174 291
174 315
174 321
174 332
174 335
174 372
174 377
174 383
174 388
174 411
174 415
174 433
174 436
174 450
174 454
174 478
174 484
174 486
174 490
174 501
174 505
174 508
174 528
174 534
174 537
174 642
174 653
174 1208
174 1218
175 65
175 73
175 105
175 110
175 205
175 206
175 236
175 241
175 253
175 254
175 264
175 282
175 286
175 288
175 291
175 315
175 321
175 332
175 335
175 341
175 372
175 377
175 383
175 388
175 411
175 415
175 433
175 436
175 451
175 454
175 478
175 484
175 486
175 490
175 501
175 505
175 508
175 527
175 534
175 537
175 642
175 653
175 768
175 769
175 1104
175 1105
175 1208
175 1218
176 65
176 73
176 105
176 110
176 207
176 208
176 236
176 241
176 254
176 255
176 263
176 282
176 286
176 288
176 291
176 315
176 321
176 332
176 335
176 340
176 342
176 372
176 377
176 383
176 388
176 411
176 415
176 433
176 436
176 451
176 454
176 466
176 467
176 468
176 469
176 478
176 484
176 486
176 490
176 501
176 505
176 508
176 527
176 534
176 537
176 642
176 653
176 766
176 767
176 770
176 1103
176 1104
176 1106
176 1207
176 1217
177 65
177 73
177 105
177 110
177 208
177 209
177 236
177 241
177 255
177 256
177 263
177 282
177 286
177 288
177 291
177 315
177 321
177 332
177 335
177 339
177 342
177 372
177 377
177 383
177 388
177 411
177 415
177 433
177 436
177 451
177 454
177 465
177 470
177 478
177 483
177 484
177 486
177 491
177 501
177 505
177 508
177 527
177 535
177 538
177 642
177 765
177 770
177 1102
177 1103
177 1106
177 1107
177 1207
177 1217
178 65
178 73
178 105
178 110
178 209
178 210
178 236
178 241
178 256
178 257
178 263
178 282
178 286
178 288
178 291
178 315
178 322
178 332
178 335
178 338
178 339
178 342
178 372
178 377
178 383
178 388
178 411
178 415
178 433
178 436
178 451
178 454
178 464
178 470
178 479
178 481
178 482
178 484
178 491
178 501
178 505
178 508
178 527
178 535
178 539
178 642
178 764
178 770
178 1100
178 1101
178 1107
178 1206
178 1207
178 1217
179 65
179 73
179 105
179 110
179 211
179 212
179 236
179 241
179 257
179 263
179 282
179 286
179 288
179 291
179 316
179 322
179 332
179 336
179 339
179 342
179 345
179 346
179 372
179 377
179 383
179 388
179 411
179 415
179 433
179 436
179 451
179 454
179 465
179 470
179 480
179 484
179 491
179 501
179 505
179 508
179 527
179 535
179 539
179 642
179 764
179 770
179 1099
179 1100
179 1108
179 1197
179 1198
179 1199
179 1204
179 1205
179 1217
180 65
180 73
180 105
180 110
180 212
180 213
180 236
180 241
180 256
180 257
180 263
180 280
180 281
180 282
180 283
180 286
180 288
180 291
180 316
180 322
180 332
180 336
180 339
180 342
180 346
180 372
180 377
180 383
180 388
180 411
180 415
180 433
180 436
180 451
180 454
180 465
180 470
180 480
180 484
180 491
180 501
180 505
180 508
180 527
180 535
180 539
180 642
180 764
180 771
180 772
180 773
180 774
180 1098
180 1099
180 1108
180 1109
180 1196
180 1200
180 1201
180 1202
180 1203
180 1216
181 65
181 73
181 105
181 110
181 213
181 214
181 236
181 241
181 255
181 256
181 264
181 272
181 273
181 274
181 275
181 276
181 279
181 283
181 286
181 288
181 291
181 316
181 322
181 332
181 336
181 339
181 342
181 346
181 372
181 377
181 383
181 388
181 411
181 415
181 433
181 436
181 451
181 454
181 465
181 471
181 480
181 484
181 491
181 501
181 505
181 508
181 527
181 535
181 539
181 626
181 627
181 628
181 629
181 630
181 631
181 632
181 633
181 634
181 635
181 636
181 637
181 638
181 639
181 640
181 641
181 642
181 764
181 775
181 1048
181 1049
181 1050
181 1097
181 1098
181 1110
181 1111
181 1112
181 1196
181 1216
182 65
182 73
182 105
182 110
182 215
182 216
182 228
182 229
182 230
182 231
182 232
182 233
182 234
182 236
182 241
182 252
182 253
182 254
182 255
182 260
182 264
182 270
182 271
182 277
182 278
182 283
182 286
182 291
182 316
182 322
182 332
182 336
182 339
182 342
182 345
182 373
182 377
182 383
182 388
182 411
182 415
182 433
182 436
182 451
182 454
182 464
182 465
182 472
182 473
182 480
182 484
182 491
182 501
182 505
182 508
182 527
182 535
182 539
182 624
182 625
182 642
182 643
182 763
182 764
182 776
182 1046
182 1047
182 1051
182 1052
182 1096
182 1097
182 1113
182 1114
182 1194
182 1195
182 1216
183 65
183 73
183 105
183 110
183 216
183 217
183 218
183 219
183 220
183 221
183 222
183 223
183 224
183 225
183 226
183 227
183 236
183 242
183 250
183 251
183 254
183 259
183 261
183 265
183 268
183 269
183 277
183 283
183 286
183 291
183 316
183 322
183 332
183 335
183 339
183 342
183 345
183 373
183 377
183 383
183 388
183 411
183 415
183 433
183 436
183 451
183 454
183 463
183 474
183 480
183 484
183 491
183 501
183 505
183 508
183 527
183 535
183 539
183 560
183 561
183 562
183 563
183 620
183 621
183 622
183 623
183 643
183 763
183 776
183 1045
183 1046
183 1052
183 1053
183 1095
183 1096
183 1115
183 1116
183 1193
183 1216
184 66
184 73
184 105
184 110
184 234
184 236
184 242
184 248
184 249
184 254
184 259
184 261
184 265
184 267
184 268
184 277
184 284
184 291
184 316
184 322
184 332
184 335
184 339
184 343
184 373
184 377
184 383
184 388
184 411
184 415
184 433
184 436
184 451
184 454
184 462
184 474
184 480
184 484
184 492
184 493
184 494
184 495
184 496
184 497
184 498
184 499
184 500
184 501
184 503
184 504
184 505
184 509
184 510
184 511
184 512
184 513
184 514
184 515
184 516
184 517
184 527
184 531
184 532
184 533
184 534
184 535
184 536
184 537
184 538
184 539
184 557
184 558
184 559
184 564
184 565
184 599
184 600
184 601
184 621
184 751
184 752
184 753
184 759
184 760
184 761
184 762
184 776
184 1043
184 1044
184 1054
184 1055
184 1094
184 1095
184 1117
184 1118
184 1119
184 1193
184 1216
185 66
185 73
185 105
185 110
185 171
185 172
185 233
185 236
185 242
185 247
185 248
185 253
185 259
185 261
185 267
185 277
185 283
185 285
185 291
185 316
185 322
185 332
185 335
185 339
185 343
185 373
185 377
185 383
185 388
185 411
185 415
185 433
185 436
185 451
185 455
185 462
185 474
185 480
185 484
185 492
185 501
185 505
185 509
185 518
185 528
185 529
185 530
185 540
185 541
185 555
185 556
185 565
185 583
185 584
185 590
185 591
185 592
185 593
185 594
185 595
185 596
185 597
185 598
185 644
185 646
185 750
185 754
185 759
185 762
185 776
185 1042
185 1055
185 1056
185 1093
185 1094
185 1120
185 1121
185 1122
185 1123
185 1124
185 1125
185 1193
185 1194
185 1215
186 66
186 73
186 105
186 110
186 164
186 165
186 168
186 169
186 170
186 173
186 174
186 175
186 176
186 177
186 178
186 190
186 191
186 192
186 242
186 245
186 246
186 254
186 259
186 262
186 266
186 277
186 283
186 285
186 291
186 316
186 322
186 332
186 335
186 339
186 343
186 373
186 377
186 383
186 388
186 411
186 415
186 433
186 437
186 451
186 474
186 480
186 484
186 491
186 501
186 505
186 508
186 519
186 528
186 529
186 541
186 554
186 555
186 565
186 577
186 578
186 579
186 580
186 586
186 587
186 588
186 589
186 602
186 620
186 749
186 754
186 758
186 762
186 777
186 1041
186 1057
186 1058
186 1092
186 1093
186 1126
186 1127
186 1195
186 1196
186 1215
187 66
187 73
187 105
187 110
187 163
187 164
187 167
187 179
187 188
187 189
187 193
187 234
187 235
187 236
187 242
187 244
187 245
187 254
187 255
187 256
187 258
187 262
187 263
187 264
187 266
187 277
187 285
187 291
187 316
187 322
187 332
187 335
187 340
187 343
187 373
187 377
187 383
187 388
187 411
187 415
187 433
187 438
187 451
187 452
187 453
187 454
187 455
187 456
187 457
187 458
187 459
187 460
187 462
187 463
187 464
187 465
187 466
187 467
187 474
187 485
187 486
187 487
187 491
187 501
187 505
187 508
187 519
187 528
187 542
187 553
187 554
187 566
187 567
187 568
187 569
187 570
187 572
187 573
187 574
187 575
187 580
187 583
187 584
187 602
187 618
187 619
187 620
187 646
187 647
187 749
187 754
187 758
187 762
187 777
187 1042
187 1058
187 1059
187 1090
187 1091
187 1128
187 1197
187 1198
187 1216
188 66
188 73
188 105
188 110
188 163
188 179
188 186
188 187
188 193
188 234
188 236
188 244
188 257
188 264
188 266
188 277
188 285
188 291
188 316
188 322
188 332
188 335
188 343
188 346
188 373
188 377
188 383
188 388
188 412
188 415
188 448
188 449
188 450
188 468
188 469
188 470
188 471
188 472
188 475
188 476
188 477
188 478
188 479
188 480
188 481
188 485
188 487
188 491
188 519
188 527
188 528
188 542
188 551
188 552
188 560
188 561
188 562
188 563
188 564
188 565
188 570
188 577
188 578
188 579
188 580
188 617
188 648
188 749
188 754
188 758
188 762
188 777
188 1042
188 1059
188 1060
188 1088
188 1089
188 1128
188 1199
188 1200
188 1216
189 66
189 73
189 105
189 110
189 162
189 180
189 184
189 185
189 193
189 203
189 204
189 205
189 206
189 207
189 208
189 209
189 233
189 236
189 257
189 263
189 266
189 277
189 285
189 291
189 316
189 322
189 332
189 336
189 339
189 340
189 343
189 346
189 373
189 377
189 383
189 388
189 412
189 415
189 446
189 447
189 473
189 474
189 475
189 481
189 484
189 487
189 491
189 520
189 526
189 543
189 544
189 546
189 547
189 548
189 549
189 554
189 555
189 556
189 557
189 558
189 559
189 566
189 567
189 568
189 569
189 570
189 616
189 648
189 749
189 754
189 758
189 762
189 775
189 776
189 777
189 1042
189 1061
189 1062
189 1063
189 1086
189 1087
189 1128
189 1201
189 1202
189 1215
189 1216
190 66
190 73
190 105
190 110
190 162
190 180
190 181
190 182
190 183
190 194
190 195
190 196
190 197
190 198
190 199
190 200
190 201
190 202
190 210
190 231
190 232
190 236
190 242
190 243
190 244
190 245
190 246
190 247
190 248
190 249
190 250
190 251
190 252
190 253
190 254
190 255
190 256
190 263
190 266
190 277
190 285
190 291
190 316
190 322
190 332
190 338
190 340
190 343
190 346
190 373
190 377
190 383
190 388
190 438
190 444
190 445
190 481
190 484
190 487
190 491
190 520
190 521
190 522
190 523
190 524
190 525
190 530
190 531
190 532
190 533
190 534
190 535
190 536
190 537
190 538
190 539
190 540
190 541
190 542
190 545
190 551
190 552
190 553
190 616
190 648
190 749
190 754
190 758
190 762
190 774
190 1042
190 1064
190 1065
190 1066
190 1067
190 1078
190 1079
190 1080
190 1081
190 1082
190 1083
190 1084
190 1085
190 1128
190 1203
190 1204
190 1212
190 1213
190 1214
191 66
191 73
191 105
191 110
191 162
191 211
191 231
191 236
191 242
191 257
191 263
191 266
191 277
191 285
191 291
191 316
191 322
191 332
191 337
191 340
191 343
191 373
191 377
191 383
191 388
191 438
191 444
191 475
191 521
191 526
191 527
191 528
191 529
191 543
191 544
191 616
191 648
191 749
191 755
191 758
191 762
191 773
191 1043
191 1068
191 1069
191 1070
191 1071
191 1072
191 1073
191 1074
191 1075
191 1076
191 1077
191 1128
191 1205
191 1206
191 1210
191 1211
192 66
192 73
192 105
192 110
192 162
192 211
192 230
192 236
192 242
192 257
192 263
192 266
192 277
192 285
192 291
192 316
192 322
192 332
192 337
192 340
192 343
192 373
192 377
192 383
192 388
192 439
192 440
192 441
192 443
192 476
192 477
192 521
192 522
192 523
192 524
192 525
192 616
192 648
192 755
192 758
192 762
192 773
192 1043
192 1129
192 1207
192 1208
192 1209
193 66
193 73
193 121
193 122
193 123
193 124
193 125
193 126
193 127
193 128
193 129
193 130
193 131
193 132
193 133
193 134
193 135
193 136
193 137
193 138
193 139
193 140
193 141
193 142
193 237
193 242
193 257
193 263
193 266
193 277
193 285
193 291
193 316
193 322
193 332
193 336
193 341
193 373
193 377
193 384
193 389
193 439
193 442
193 477
193 520
193 617
193 647
193 773
193 1043
193 1129
194 66
194 73
194 100
194 101
194 102
194 103
194 104
194 105
194 106
194 107
194 108
194 109
194 110
194 111
194 112
194 113
194 114
194 115
194 116
194 117
194 118
194 119
194 120
194 143
194 144
194 145
194 146
194 147
194 148
194 149
194 150
194 237
194 242
194 257
194 263
194 266
194 277
194 286
194 292
194 316
194 322
194 332
194 335
194 341
194 373
194 377
194 384
194 389
194 438
194 478
194 520
194 617
194 647
194 773
194 1043
194 1129
195 66
195 85
195 86
195 87
195 88
195 89
195 90
195 91
195 92
195 93
195 94
195 95
195 96
195 97
195 98
195 99
195 151
195 152
195 153
195 154
195 155
195 237
195 242
195 257
195 266
195 277
195 286
195 292
195 316
195 322
195 333
195 335
195 341
195 373
195 377
195 384
195 390
195 391
195 436
195 437
195 438
195 441
195 478
195 497
195 520
195 617
195 647
195 1044
195 1129
196 66
196 74
196 75
196 76
196 77
196 78
196 79
196 80
196 81
196 82
196 83
196 84
196 156
196 157
196 237
196 255
196 256
196 257
196 258
196 264
196 265
196 277
196 286
196 292
196 316
196 322
196 333
196 334
196 342
196 355
196 358
196 370
196 371
196 372
196 373
196 382
196 383
196 384
196 390
196 484
196 495
196 496
196 498
196 514
196 515
196 520
196 617
196 647
196 1045
196 1094
196 1095
196 1096
196 1097
196 1098
196 1129
197 66
197 67
197 68
197 69
197 70
197 71
197 72
197 73
197 157
197 158
197 235
197 236
197 237
197 258
197 264
197 277
197 286
197 292
197 309
197 311
197 313
197 314
197 315
197 316
197 331
197 332
197 342
197 356
197 360
197 373
197 384
197 389
197 484
197 486
197 495
197 498
197 505
197 506
197 507
197 513
197 520
197 618
197 647
197 1045
197 1087
197 1088
197 1089
197 1090
197 1091
197 1092
197 1093
197 1099
197 1100
197 1129
198 63
198 64
198 65
198 158
198 159
198 237
198 242
198 258
198 263
198 277
198 288
198 293
198 308
198 312
198 316
198 342
198 356
198 359
198 373
198 377
198 384
198 389
198 439
198 482
198 494
198 498
198 504
198 508
198 512
198 515
198 520
198 618
198 647
198 1045
198 1085
198 1086
198 1100
198 1101
198 1129
199 60
199 61
199 62
199 159
199 160
199 237
199 242
199 258
199 264
199 274
199 275
199 277
199 288
199 293
199 310
199 311
199 312
199 313
199 316
199 322
199 327
199 328
199 329
199 330
199 344
199 345
199 346
199 356
199 359
199 373
199 377
199 384
199 389
199 438
199 474
199 479
199 483
199 487
199 494
199 498
199 503
199 508
199 512
199 515
199 520
199 618
199 647
199 1045
199 1083
199 1084
199 1101
199 1102
199 1129
200 56
200 57
200 58
200 59
200 160
200 161
200 162
200 163
200 237
200 242
200 258
200 264
200 276
200 286
200 288
200 292
200 309
200 313
200 316
200 322
200 326
200 342
200 346
200 356
200 359
200 373
200 377
200 384
200 389
200 438
200 473
200 475
200 479
200 483
200 487
200 494
200 498
200 503
200 508
200 512
200 515
200 520
200 618
200 647
200 1045
200 1069
200 1070
200 1071
200 1072
200 1073
200 1074
200 1075
200 1076
200 1077
200 1078
200 1079
200 1080
200 1081
200 1082
200 1102
200 1103
200 1129
201 53
201 54
201 55
201 237
201 242
201 258
201 264
201 270
201 271
201 276
201 286
201 288
201 292
201 309
201 313
201 316
201 322
201 325
201 330
201 342
201 346
201 356
201 359
201 373
201 377
201 384
201 389
201 436
201 472
201 475
201 478
201 483
201 487
201 494
201 498
201 503
201 508
201 512
201 515
201 520
201 1045
201 1065
201 1066
201 1067
201 1068
201 1103
201 1129
202 51
202 52
202 163
202 237
202 242
202 268
202 269
202 276
202 286
202 288
202 292
202 309
202 313
202 316
202 322
202 325
202 331
202 333
202 340
202 342
202 346
202 356
202 359
202 374
202 377
202 384
202 389
202 436
202 440
202 458
202 472
202 475
202 478
202 483
202 487
202 494
202 498
202 503
202 508
202 512
202 516
202 520
202 1045
202 1059
202 1060
202 1061
202 1062
202 1063
202 1064
202 1104
202 1129
203 49
203 50
203 163
203 164
203 237
203 242
203 268
203 271
203 275
203 285
203 288
203 292
203 309
203 313
203 316
203 322
203 325
203 330
203 333
203 340
203 342
203 346
203 356
203 359
203 374
203 377
203 435
203 439
203 441
203 457
203 459
203 472
203 475
203 478
203 483
203 487
203 494
203 498
203 503
203 508
203 513
203 516
203 520
203 1045
203 1057
203 1058
203 1104
203 1105
203 1106
203 1129
204 47
204 48
204 164
204 214
204 237
204 242
204 244
204 245
204 246
204 267
204 271
204 274
204 285
204 288
204 292
204 309
204 313
204 316
204 323
204 326
204 330
204 333
204 340
204 342
204 346
204 356
204 359
204 435
204 438
204 441
204 456
204 459
204 472
204 475
204 478
204 483
204 487
204 495
204 498
204 503
204 508
204 513
204 516
204 1045
204 1055
204 1056
204 1107
204 1108
204 1109
204 1130
205 45
205 46
205 165
205 182
205 183
205 184
205 213
205 215
205 216
205 237
205 242
205 244
205 246
205 267
205 271
205 274
205 285
205 288
205 292
205 309
205 313
205 317
205 323
205 326
205 330
205 339
205 342
205 346
205 356
205 359
205 435
205 438
205 441
205 456
205 459
205 472
205 475
205 478
205 483
205 487
205 495
205 498
205 504
205 508
205 513
205 1045
205 1055
205 1110
205 1130
206 43
206 44
206 165
206 166
206 180
206 181
206 185
206 186
206 187
206 188
206 205
206 206
206 212
206 217
206 237
206 242
206 244
206 246
206 267
206 271
206 274
206 285
206 288
206 292
206 309
206 313
206 317
206 323
206 326
206 330
206 331
206 339
206 343
206 346
206 356
206 359
206 435
206 438
206 441
206 456
206 459
206 472
206 475
206 478
206 484
206 487
206 495
206 498
206 504
206 508
206 1045
206 1054
206 1110
206 1130
207 41
207 42
207 166
207 167
207 179
207 189
207 204
207 212
207 217
207 237
207 242
207 244
207 246
207 267
207 271
207 274
207 285
207 289
207 292
207 309
207 313
207 317
207 323
207 326
207 330
207 338
207 343
207 346
207 416
207 417
207 418
207 435
207 438
207 441
207 456
207 459
207 472
207 475
207 484
207 487
207 495
207 498
207 504
207 1045
207 1054
207 1110
207 1130
208 39
208 40
208 167
208 168
208 178
208 189
208 203
208 206
208 212
208 217
208 237
208 242
208 244
208 246
208 267
208 271
208 274
208 285
208 289
208 292
208 309
208 314
208 317
208 323
208 326
208 330
208 337
208 338
208 343
208 414
208 415
208 418
208 435
208 438
208 441
208 456
208 459
208 472
208 476
208 484
208 487
208 495
208 498
208 1045
208 1053
208 1110
208 1130
209 37
209 38
209 169
209 178
209 189
209 203
209 206
209 212
209 217
209 237
209 242
209 244
209 246
209 267
209 271
209 274
209 285
209 289
209 292
209 309
209 314
209 317
209 323
209 326
209 329
209 336
209 384
209 390
209 412
209 413
209 418
209 435
209 438
209 441
209 456
209 459
209 470
209 471
209 472
209 476
209 484
209 487
209 495
209 1045
209 1053
209 1109
209 1130
210 35
210 36
210 170
210 178
210 189
210 203
210 206
210 212
210 217
210 237
210 242
210 244
210 246
210 267
210 271
210 274
210 286
210 289
210 292
210 309
210 314
210 317
210 323
210 326
210 385
210 386
210 390
210 410
210 411
210 418
210 435
210 438
210 441
210 456
210 459
210 469
210 472
210 476
210 484
210 487
210 1045
210 1053
210 1109
210 1130
211 33
211 34
211 35
211 170
211 178
211 189
211 203
211 206
211 213
211 217
211 237
211 242
211 244
211 246
211 267
211 271
211 286
211 289
211 292
211 309
211 314
211 317
211 391
211 408
211 409
211 414
211 418
211 436
211 438
211 454
211 455
211 456
211 472
211 475
211 484
211 487
211 1045
211 1053
211 1108
211 1130
212 31
212 32
212 171
212 178
212 189
212 203
212 206
212 213
212 217
212 267
212 271
212 279
212 280
212 281
212 287
212 289
212 292
212 309
212 385
212 386
212 392
212 393
212 405
212 406
212 407
212 414
212 418
212 436
212 438
212 456
212 472
212 475
212 484
212 1045
212 1053
212 1108
212 1130
213 31
213 171
213 178
213 189
213 203
213 206
213 213
213 217
213 267
213 271
213 279
213 281
213 385
213 390
213 394
213 404
213 414
213 418
213 436
213 438
213 441
213 456
213 459
213 472
213 475
213 1045
213 1053
213 1107
213 1130
214 30
214 170
214 171
214 178
214 189
214 203
214 206
214 213
214 217
214 267
214 271
214 345
214 346
214 350
214 351
214 384
214 390
214 395
214 396
214 397
214 403
214 418
214 438
214 441
214 456
214 459
214 472
214 475
214 1107
214 1130
215 28
215 29
215 169
215 170
215 171
215 178
215 189
215 203
215 206
215 213
215 217
215 348
215 349
215 352
215 353
215 354
215 384
215 390
215 398
215 399
215 400
215 401
215 402
215 412
215 413
215 414
215 418
215 438
215 439
215 442
215 456
215 459
216 27
216 28
216 170
216 178
216 189
216 203
216 206
216 213
216 217
216 347
216 348
216 355
216 383
216 384
216 392
216 410
216 411
216 414
216 418
216 439
216 442
216 456
216 459
217 26
217 27
217 170
217 178
217 189
217 203
217 206
217 213
217 217
217 346
217 347
217 356
217 357
217 383
217 391
217 393
217 394
217 395
217 407
217 408
217 409
217 414
217 418
217 439
217 442
217 456
217 459
218 24
218 25
218 171
218 178
218 189
218 203
218 206
218 213
218 217
218 301
218 345
218 346
218 349
218 354
218 357
218 358
218 382
218 385
218 386
218 390
218 396
218 397
218 398
218 399
218 400
218 401
218 402
218 403
218 404
218 405
218 406
218 414
218 418
218 439
218 442
218 456
219 23
219 24
219 171
219 178
219 189
219 203
219 206
219 213
219 217
219 299
219 300
219 302
219 344
219 345
219 349
219 354
219 359
219 360
219 379
219 380
219 381
219 384
219 385
219 390
219 414
219 418
219 439
219 442
220 21
220 22
220 171
220 178
220 190
220 203
220 206
220 213
220 217
220 298
220 303
220 343
220 344
220 349
220 354
220 361
220 362
220 377
220 378
220 383
220 384
220 386
220 390
220 414
220 418
220 439
220 442
221 20
221 21
221 171
221 178
221 190
221 203
221 206
221 213
221 217
221 292
221 297
221 304
221 305
221 342
221 343
221 354
221 363
221 364
221 365
221 366
221 374
221 375
221 376
221 382
221 383
221 386
221 390
221 414
221 419
221 439
221 442
222 18
222 19
222 172
222 178
222 190
222 203
222 206
222 213
222 217
222 291
222 292
222 296
222 297
222 302
222 306
222 307
222 341
222 342
222 347
222 348
222 349
222 367
222 368
222 369
222 370
222 371
222 372
222 373
222 380
222 381
222 386
222 390
222 415
222 419
222 439
223 17
223 18
223 172
223 178
223 190
223 203
223 206
223 213
223 217
223 294
223 295
223 302
223 307
223 308
223 340
223 341
223 346
223 347
223 349
223 355
223 356
223 357
223 379
223 380
223 386
223 390
223 415
223 419
224 16
224 17
224 172
224 178
224 190
224 203
224 206
224 213
224 217
224 293
224 294
224 297
224 302
224 309
224 310
224 339
224 340
224 345
224 346
224 349
224 354
224 357
224 358
224 378
224 379
224 386
224 390
224 415
224 419
225 14
225 15
225 173
225 178
225 190
225 203
225 206
225 214
225 291
225 292
225 303
225 311
225 312
225 336
225 337
225 338
225 343
225 344
225 349
225 354
225 359
225 360
225 361
225 362
225 363
225 376
225 377
225 387
225 391
225 415
225 419
226 13
226 14
226 173
226 178
226 190
226 203
226 206
226 290
226 291
226 296
226 297
226 313
226 314
226 315
226 334
226 335
226 341
226 342
226 349
226 354
226 364
226 365
226 366
226 367
226 368
226 369
226 370
226 371
226 372
226 373
226 374
226 375
226 376
226 387
226 391
226 415
226 419
227 11
227 12
227 173
227 178
227 190
227 203
227 288
227 289
227 294
227 295
227 304
227 305
227 306
227 307
227 316
227 317
227 330
227 331
227 332
227 333
227 339
227 340
227 349
227 354
227 387
227 391
227 415
227 419
228 10
228 11
228 173
228 178
228 190
228 226
228 227
228 228
228 287
228 288
228 294
228 297
228 304
228 308
228 309
228 318
228 319
228 326
228 327
228 328
228 329
228 336
228 337
228 338
228 349
228 354
228 387
228 391
228 415
229 8
229 9
229 172
229 224
229 225
229 229
229 230
229 231
229 285
229 286
229 293
229 297
229 304
229 310
229 311
229 320
229 321
229 322
229 323
229 324
229 325
229 334
229 335
229 349
229 354
229 387
229 391
230 6
230 7
230 172
230 223
230 224
230 232
230 233
230 238
230 284
230 285
230 293
230 297
230 304
230 312
230 313
230 332
230 333
230 349
230 354
230 387
230 391
231 5
231 6
231 171
231 172
231 221
231 222
231 229
231 234
231 235
231 236
231 282
231 283
231 292
231 297
231 304
231 314
231 315
231 316
231 317
231 318
231 319
231 320
231 325
231 326
231 327
231 328
231 329
231 330
231 331
231 349
231 354
232 3
232 4
232 171
232 172
232 217
232 220
232 221
232 224
232 229
232 237
232 238
232 240
232 241
232 242
232 281
232 282
232 291
232 292
232 297
232 304
232 349
232 354
233 0
233 1
233 2
233 172
233 219
233 220
233 224
233 229
233 240
233 279
233 280
233 290
233 291
233 297
233 304
233 350
233 354
234 172
234 218
234 219
234 224
234 240
234 241
234 278
234 279
234 288
234 289
234 297
234 304
234 350
234 354
235 172
235 216
235 217
235 230
235 231
235 232
235 233
235 242
235 243
235 276
235 277
235 287
235 288
235 297
235 304
235 350
235 354
236 172
236 215
236 216
236 222
236 223
236 224
236 229
236 234
236 235
236 236
236 244
236 245
236 275
236 276
236 286
236 287
236 297
236 304
236 350
236 354
237 112
237 113
237 114
237 115
237 172
237 214
237 215
237 220
237 221
237 224
237 229
237 237
237 238
237 246
237 247
237 248
237 249
237 250
237 273
237 274
237 283
237 284
237 285
237 297
237 304
237 350
237 354
238 110
238 111
238 115
238 172
238 212
238 213
238 218
238 219
238 224
238 229
238 239
238 240
238 241
238 251
238 252
238 253
238 254
238 255
238 256
238 257
238 258
238 268
238 269
238 270
238 271
238 272
238 278
238 279
238 280
238 281
238 282
238 297
238 305
238 350
238 354
239 109
239 115
239 171
239 210
239 211
239 216
239 217
239 224
239 229
239 242
239 243
239 244
239 259
239 260
239 261
239 262
239 263
239 264
239 265
239 266
239 267
239 274
239 275
239 276
239 277
239 297
239 305
239 350
239 354
240 108
240 116
240 117
240 171
240 208
240 209
240 214
240 215
240 224
240 229
240 245
240 246
240 272
240 273
240 297
240 305
240 350
240 354
241 106
241 107
241 108
241 118
241 119
241 120
241 171
241 206
241 207
241 213
241 214
241 224
241 229
241 247
241 248
241 249
241 250
241 251
241 252
241 253
241 254
241 255
241 256
241 257
241 258
241 259
241 266
241 267
241 297
241 305
242 104
242 105
242 115
242 121
242 122
242 123
242 170
242 203
242 204
242 205
242 211
242 212
242 224
242 229
242 297
242 305
243 101
243 102
243 103
243 108
243 115
243 124
243 125
243 126
243 170
243 201
243 202
243 210
243 211
243 224
243 229
243 297
243 305
244 99
244 100
244 108
244 115
244 127
244 128
244 129
244 170
244 199
244 200
244 208
244 209
244 224
244 229
244 297
244 305
245 97
245 98
245 108
245 130
245 131
245 132
245 169
245 195
245 196
245 197
245 198
245 207
245 208
245 224
245 229
245 297
245 305
246 95
246 96
246 115
246 116
246 117
246 118
246 133
246 134
246 135
246 136
246 137
246 169
246 192
246 193
246 194
246 205
246 206
246 224
246 229
246 297
246 305
247 93
247 94
247 106
247 107
247 108
247 115
247 119
247 120
247 121
247 138
247 139
247 140
247 141
247 168
247 189
247 190
247 191
247 200
247 201
247 202
247 203
247 204
247 224
247 229
247 297
247 305
248 91
248 92
248 104
248 105
248 108
248 116
248 122
248 123
248 124
248 125
248 142
248 143
248 144
248 145
248 167
248 185
248 186
248 187
248 188
248 197
248 198
248 199
248 224
248 229
249 89
249 90
249 102
249 103
249 109
249 116
249 126
249 127
249 128
249 146
249 147
249 148
249 149
249 167
249 182
249 183
249 184
249 193
249 194
249 195
249 196
249 224
249 229
250 87
250 88
250 100
250 101
250 109
250 116
250 129
250 130
250 131
250 150
250 151
250 152
250 153
250 178
250 179
250 180
250 181
250 189
250 190
250 191
250 192
250 224
250 229
251 85
251 86
251 98
251 99
251 109
251 116
251 132
251 133
251 134
251 135
251 154
251 155
251 156
251 157
251 169
251 170
251 171
251 172
251 173
251 174
251 175
251 176
251 177
251 185
251 186
251 187
251 188
251 224
251 229
252 83
252 84
252 96
252 97
252 109
252 116
252 136
252 137
252 138
252 139
252 140
252 141
252 158
252 159
252 160
252 161
252 162
252 163
252 164
252 165
252 166
252 167
252 168
252 181
252 182
252 183
252 184
252 225
252 230
253 81
253 82
253 94
253 95
253 109
253 116
253 142
253 143
253 144
253 145
253 146
253 147
253 148
253 149
253 177
253 178
253 225
253 230
254 78
254 79
254 80
254 93
254 94
254 109
254 116
254 150
254 151
254 152
254 153
254 154
254 155
254 156
254 157
254 168
254 171
254 172
254 225
254 230
255 76
255 77
255 91
255 92
255 109
255 116
255 158
255 159
255 160
255 161
255 162
255 163
255 164
255 165
255 169
255 170
255 225
255 230
256 75
256 90
256 109
256 116
256 225
256 230
257 74
257 89
257 109
257 117
257 225
257 230
258 72
258 73
258 88
258 89
258 109
258 117
258 225
258 230
259 70
259 71
259 86
259 87
259 109
259 117
259 225
259 230
260 67
260 68
260 69
260 84
260 85
260 107
260 109
260 116
260 225
260 230
261 65
261 66
261 83
261 84
261 109
261 116
261 225
261 230
262 63
262 64
262 81
262 82
262 109
262 116
262 225
262 230
263 61
263 62
263 79
263 80
263 109
263 116
263 225
263 230
264 59
264 60
264 77
264 78
264 109
264 116
264 225
264 230
265 57
265 58
265 76
265 77
265 109
265 116
265 225
265 230
266 55
266 56
266 74
266 75
266 109
266 116
266 225
266 230
267 53
267 54
267 72
267 73
267 109
267 116
268 48
268 49
268 50
268 51
268 52
268 68
268 69
268 70
268 71
268 109
268 116
269 41
269 42
269 43
269 44
269 45
269 46
269 47
269 66
269 67
269 109
269 116
270 34
270 35
270 36
270 37
270 38
270 39
270 40
270 62
270 63
270 64
270 65
270 110
270 117
271 27
271 28
271 29
271 30
271 31
271 32
271 33
271 59
271 60
271 61
271 110
271 117
272 20
272 21
272 22
272 23
272 24
272 25
272 26
272 56
272 57
272 58
272 110
272 117
273 14
273 15
273 16
273 17
273 18
273 19
273 53
273 54
273 55
273 110
273 117
274 7
274 8
274 9
274 10
274 11
274 12
274 13
274 50
274 51
274 52
274 110
274 117
275 0
275 3
275 4
275 5
275 6
275 45
275 46
275 47
275 48
275 49
275 110
275 117
276 2
276 39
276 40
276 41
276 42
276 43
276 44
276 110
276 117
277 1
277 32
277 33
277 34
277 35
277 36
277 37
277 38
277 110
277 117
278 2
278 25
278 26
278 27
278 28
278 29
278 30
278 31
278 110
278 117
279 2
279 19
279 20
279 21
279 22
279 23
279 24
279 110
279 117
280 2
280 10
280 11
280 12
280 13
280 14
280 15
280 16
280 17
280 18
280 110
280 117
281 3
281 4
281 5
281 6
281 7
281 8
281 9
281 110
281 117
282 110
282 117
283 110
283 117
284 110
284 117
285 110
285 117
286 110
286 117
287 110
287 117
288 110
288 117
289 110
289 117
290 111
290 117
382 1211
382 1212
382 1213
382 1214
383 1215
