0 163
0 198
0 231
0 248
0 526
0 569
0 967
0 975
0 1058
0 1074
1 164
1 198
1 231
1 248
1 526
1 562
1 563
1 564
1 565
1 566
1 567
1 568
1 569
1 967
1 973
1 974
1 975
1 1058
1 1074
2 165
2 166
2 198
2 231
2 248
2 526
2 560
2 561
2 968
2 969
2 970
2 971
2 972
2 1058
2 1074
3 167
3 199
3 231
3 248
3 526
3 560
3 1058
3 1074
4 167
4 199
4 200
4 230
4 248
4 526
4 559
4 1058
4 1074
5 168
5 201
5 202
5 230
5 247
5 526
5 557
5 558
5 1058
5 1074
6 169
6 170
6 203
6 229
6 246
6 247
6 526
6 556
6 557
6 1058
6 1074
7 170
7 171
7 204
7 229
7 246
7 526
7 553
7 554
7 555
7 1058
7 1074
8 171
8 172
8 204
8 205
8 229
8 243
8 244
8 245
8 526
8 551
8 552
8 1058
8 1074
8 1268
8 1269
8 1270
8 1271
8 1272
8 1273
8 1274
8 1275
8 1276
8 1277
8 1278
8 1279
9 172
9 173
9 174
9 205
9 206
9 229
9 241
9 242
9 526
9 550
9 551
9 1058
9 1074
9 1242
9 1243
9 1244
9 1245
9 1246
9 1247
9 1248
9 1249
9 1250
9 1251
9 1252
9 1253
9 1254
9 1255
9 1256
9 1257
9 1258
9 1259
9 1260
9 1261
9 1262
9 1263
9 1264
9 1265
9 1266
9 1267
10 175
10 176
10 206
10 229
10 240
10 241
10 526
10 548
10 549
10 1058
10 1074
10 1218
10 1219
10 1220
10 1221
10 1222
10 1223
10 1224
10 1225
10 1226
10 1227
10 1228
10 1229
10 1230
10 1231
10 1232
10 1233
10 1234
10 1235
10 1236
10 1237
10 1238
10 1239
10 1240
10 1241
11 177
11 178
11 206
11 229
11 238
11 239
11 526
11 546
11 547
11 1058
11 1074
11 1192
11 1193
11 1194
11 1195
11 1196
11 1197
11 1198
11 1199
11 1200
11 1201
11 1202
11 1203
11 1204
11 1205
11 1206
11 1207
11 1208
11 1209
11 1210
11 1211
11 1212
11 1213
11 1214
11 1215
11 1216
11 1217
12 179
12 180
12 181
12 182
12 207
12 229
12 235
12 236
12 237
12 525
12 545
12 546
12 1058
12 1074
12 1166
12 1167
12 1168
12 1169
12 1170
12 1171
12 1172
12 1173
12 1174
12 1175
12 1176
12 1177
12 1178
12 1179
12 1180
12 1181
12 1182
12 1183
12 1184
12 1185
12 1186
12 1187
12 1188
12 1189
12 1190
12 1191
12 1216
13 183
13 184
13 207
13 208
13 230
13 233
13 234
13 525
13 543
13 544
13 1058
13 1074
13 1140
13 1141
13 1142
13 1143
13 1144
13 1145
13 1146
13 1147
13 1148
13 1149
13 1150
13 1151
13 1152
13 1153
13 1154
13 1155
13 1156
13 1157
13 1158
13 1159
13 1160
13 1161
13 1162
13 1163
13 1164
13 1165
13 1216
14 185
14 186
14 208
14 209
14 231
14 232
14 233
14 523
14 524
14 525
14 541
14 542
14 1058
14 1074
14 1116
14 1117
14 1118
14 1119
14 1120
14 1121
14 1122
14 1123
14 1124
14 1125
14 1126
14 1127
14 1128
14 1129
14 1130
14 1131
14 1132
14 1133
14 1134
14 1135
14 1136
14 1137
14 1138
14 1139
14 1216
15 186
15 187
15 209
15 210
15 523
15 541
15 1058
15 1074
15 1090
15 1091
15 1092
15 1093
15 1094
15 1095
15 1096
15 1097
15 1098
15 1099
15 1100
15 1101
15 1102
15 1103
15 1104
15 1105
15 1106
15 1107
15 1108
15 1109
15 1110
15 1111
15 1112
15 1113
15 1114
15 1115
15 1216
16 188
16 189
16 210
16 523
16 524
16 525
16 540
16 1058
16 1075
16 1078
16 1079
16 1080
16 1081
16 1082
16 1083
16 1084
16 1085
16 1086
16 1087
16 1088
16 1089
16 1216
17 190
17 191
17 210
17 526
17 527
17 528
17 540
17 1058
17 1076
17 1077
17 1216
18 192
18 193
18 211
18 529
18 530
18 539
18 990
18 991
18 992
18 1058
18 1076
18 1215
19 193
19 211
19 531
19 532
19 538
19 990
19 993
19 994
19 1058
19 1076
19 1215
20 194
20 211
20 533
20 534
20 537
20 989
20 994
20 995
20 996
20 1058
20 1076
20 1215
21 194
21 211
21 534
21 537
21 989
21 997
21 998
21 1058
21 1076
21 1214
22 195
22 211
22 534
22 538
22 539
22 540
22 987
22 988
22 999
22 1058
22 1076
22 1214
22 1278
22 1279
23 195
23 211
23 534
23 541
23 542
23 543
23 985
23 986
23 1000
23 1058
23 1076
23 1213
23 1276
23 1277
24 195
24 212
24 535
24 544
24 545
24 546
24 547
24 548
24 984
24 985
24 1000
24 1001
24 1058
24 1076
24 1213
24 1274
24 1275
25 194
25 195
25 212
25 536
25 537
25 549
25 550
25 551
25 552
25 553
25 554
25 983
25 984
25 1001
25 1058
25 1076
25 1213
25 1274
26 192
26 193
26 212
26 537
26 555
26 981
26 982
26 1000
26 1001
26 1058
26 1076
26 1213
26 1273
27 191
27 192
27 212
27 538
27 556
27 979
27 980
27 998
27 999
27 1058
27 1076
27 1213
27 1273
28 190
28 191
28 212
28 539
28 556
28 557
28 979
28 997
28 998
28 1059
28 1076
28 1214
28 1272
29 188
29 189
29 212
29 539
29 558
29 559
29 979
29 997
29 1059
29 1076
29 1215
29 1216
29 1272
30 188
30 211
30 540
30 559
30 979
30 980
30 996
30 1059
30 1076
30 1216
30 1217
30 1271
31 210
31 211
31 540
31 546
31 547
31 548
31 549
31 560
31 981
31 982
31 996
31 1059
31 1076
31 1217
31 1218
31 1219
31 1220
31 1221
31 1222
31 1223
31 1224
31 1225
31 1226
31 1227
31 1228
31 1229
31 1230
31 1231
31 1232
31 1271
32 0
32 1
32 2
32 3
32 4
32 5
32 6
32 7
32 8
32 9
32 10
32 11
32 12
32 13
32 14
32 15
32 16
32 17
32 18
32 19
32 20
32 21
32 22
32 23
32 24
32 25
32 26
32 27
32 28
32 29
32 30
32 31
32 32
32 33
32 34
32 35
32 36
32 37
32 38
32 39
32 40
32 41
32 42
32 43
32 44
32 45
32 46
32 47
32 48
32 49
32 50
32 51
32 52
32 53
32 54
32 55
32 56
32 57
32 58
32 59
32 60
32 61
32 62
32 63
32 64
32 65
32 66
32 67
32 68
32 69
32 70
32 71
32 72
32 73
32 74
32 75
32 76
32 77
32 78
32 79
32 80
32 81
32 82
32 83
32 84
32 85
32 86
32 87
32 88
32 89
32 90
32 91
32 92
32 93
32 94
32 95
32 96
32 97
32 98
32 99
32 100
32 101
32 102
32 103
32 104
32 105
32 106
32 107
32 108
32 109
32 110
32 111
32 112
32 113
32 114
32 115
32 116
32 117
32 118
32 119
32 120
32 121
32 122
32 123
32 124
32 125
32 126
32 127
32 128
32 129
32 130
32 131
32 132
32 133
32 134
32 135
32 136
32 137
32 138
32 139
32 140
32 141
32 142
32 143
32 144
32 145
32 146
32 147
32 148
32 149
32 150
32 151
32 152
32 153
32 154
32 155
32 156
32 157
32 158
32 159
32 160
32 161
32 162
32 163
32 164
32 165
32 166
32 167
32 168
32 169
32 170
32 171
32 172
32 173
32 174
32 175
32 176
32 177
32 178
32 179
32 180
32 181
32 182
32 183
32 184
32 185
32 187
32 188
32 189
32 190
32 191
32 192
32 193
32 194
32 195
32 196
32 197
32 198
32 199
32 200
32 201
32 202
32 203
32 204
32 205
32 206
32 207
32 208
32 209
32 210
32 229
32 230
32 231
32 232
32 233
32 234
32 235
32 236
32 237
32 238
32 239
32 240
32 241
32 242
32 243
32 244
32 245
32 246
32 247
32 248
32 249
32 250
32 251
32 252
32 253
32 254
32 255
32 256
32 257
32 258
32 259
32 260
32 261
32 262
32 263
32 264
32 265
32 266
32 267
32 268
32 269
32 270
32 271
32 272
32 273
32 274
32 275
32 276
32 277
32 278
32 279
32 280
32 281
32 282
32 283
32 284
32 285
32 286
32 287
32 288
32 289
32 290
32 541
32 544
32 545
32 550
32 560
32 561
32 982
32 983
32 996
32 1059
32 1076
32 1233
32 1271
33 210
33 228
33 291
33 292
33 293
33 294
33 295
33 296
33 297
33 298
33 299
33 300
33 301
33 302
33 303
33 304
33 305
33 306
33 307
33 308
33 309
33 310
33 311
33 312
33 313
33 314
33 315
33 316
33 317
33 318
33 319
33 320
33 321
33 322
33 323
33 324
33 325
33 326
33 327
33 328
33 329
33 330
33 331
33 332
33 333
33 334
33 335
33 336
33 337
33 338
33 339
33 340
33 341
33 342
33 343
33 344
33 345
33 346
33 347
33 348
33 349
33 350
33 351
33 352
33 353
33 354
33 355
33 356
33 357
33 358
33 359
33 360
33 361
33 362
33 363
33 364
33 365
33 366
33 367
33 368
33 369
33 370
33 371
33 372
33 373
33 374
33 375
33 376
33 377
33 378
33 379
33 380
33 381
33 382
33 383
33 384
33 385
33 386
33 387
33 388
33 389
33 390
33 391
33 392
33 393
33 394
33 395
33 396
33 541
33 542
33 543
33 550
33 561
33 983
33 984
33 996
33 1059
33 1076
33 1233
33 1270
34 210
34 227
34 397
34 398
34 399
34 400
34 401
34 402
34 403
34 404
34 405
34 406
34 407
34 408
34 409
34 410
34 411
34 412
34 413
34 414
34 415
34 416
34 417
34 418
34 550
34 561
34 984
34 985
34 997
34 1059
34 1076
34 1234
34 1268
34 1269
34 1270
35 210
35 227
35 419
35 420
35 421
35 422
35 423
35 424
35 425
35 426
35 427
35 428
35 429
35 430
35 431
35 432
35 433
35 434
35 435
35 436
35 437
35 438
35 439
35 440
35 441
35 551
35 562
35 985
35 986
35 997
35 1059
35 1076
35 1234
35 1261
35 1262
35 1263
35 1266
35 1267
36 210
36 227
36 442
36 443
36 444
36 445
36 446
36 447
36 448
36 449
36 450
36 451
36 452
36 453
36 454
36 455
36 456
36 457
36 458
36 459
36 460
36 461
36 462
36 551
36 562
36 986
36 997
36 1059
36 1076
36 1234
36 1258
36 1259
36 1260
36 1264
36 1265
37 210
37 227
37 463
37 464
37 465
37 466
37 467
37 468
37 469
37 470
37 471
37 472
37 473
37 474
37 475
37 476
37 477
37 478
37 479
37 480
37 481
37 482
37 483
37 484
37 551
37 563
37 985
37 986
37 998
37 1059
37 1076
37 1234
37 1255
37 1256
37 1257
37 1264
38 209
38 226
38 485
38 486
38 487
38 488
38 489
38 490
38 491
38 492
38 493
38 494
38 495
38 496
38 497
38 498
38 499
38 500
38 501
38 502
38 503
38 504
38 505
38 506
38 551
38 563
38 564
38 985
38 994
38 995
38 996
38 999
38 1000
38 1001
38 1059
38 1076
38 1234
38 1252
38 1253
38 1254
38 1264
39 209
39 226
39 507
39 508
39 509
39 510
39 511
39 512
39 513
39 514
39 515
39 516
39 517
39 518
39 519
39 520
39 521
39 522
39 523
39 524
39 525
39 526
39 527
39 528
39 551
39 564
39 565
39 984
39 992
39 993
39 998
39 1001
39 1059
39 1076
39 1234
39 1249
39 1250
39 1251
39 1265
40 209
40 226
40 529
40 530
40 531
40 532
40 533
40 534
40 535
40 536
40 537
40 538
40 539
40 540
40 541
40 542
40 543
40 544
40 545
40 546
40 547
40 548
40 549
40 550
40 551
40 983
40 984
40 992
40 999
40 1000
40 1001
40 1059
40 1075
40 1233
40 1246
40 1247
40 1248
40 1266
40 1267
41 209
41 226
41 552
41 553
41 554
41 555
41 556
41 557
41 558
41 559
41 560
41 561
41 562
41 563
41 564
41 565
41 566
41 983
41 991
41 1059
41 1075
41 1232
41 1233
41 1243
41 1244
41 1245
41 1268
41 1269
42 209
42 226
42 567
42 568
42 570
42 982
42 991
42 1059
42 1075
42 1232
42 1242
42 1270
43 209
43 226
43 982
43 990
43 1059
43 1075
43 1230
43 1231
43 1240
43 1241
43 1271
44 209
44 226
44 567
44 568
44 982
44 990
44 1059
44 1075
44 1228
44 1229
44 1237
44 1238
44 1239
44 1272
45 209
45 226
45 565
45 566
45 981
45 989
45 990
45 1059
45 1075
45 1227
45 1234
45 1235
45 1236
45 1242
45 1243
45 1244
45 1273
46 209
46 226
46 563
46 564
46 981
46 989
46 1059
46 1075
46 1226
46 1231
46 1232
46 1233
46 1239
46 1240
46 1241
46 1245
46 1269
46 1270
46 1271
47 210
47 226
47 561
47 562
47 980
47 988
47 1059
47 1075
47 1229
47 1230
47 1237
47 1238
47 1246
47 1261
47 1262
47 1263
47 1264
47 1265
47 1266
47 1267
47 1268
48 210
48 226
48 559
48 560
48 974
48 975
48 976
48 977
48 978
48 979
48 988
48 1059
48 1075
48 1228
48 1235
48 1236
48 1237
48 1247
48 1259
48 1260
49 210
49 225
49 558
49 974
49 988
49 1059
49 1075
49 1233
49 1234
49 1247
49 1257
49 1258
50 210
50 225
50 557
50 919
50 920
50 921
50 922
50 923
50 974
50 975
50 989
50 1059
50 1075
50 1229
50 1230
50 1231
50 1232
50 1233
50 1248
50 1249
50 1250
50 1251
50 1252
50 1253
50 1254
50 1255
50 1256
50 1257
51 209
51 225
51 557
51 915
51 916
51 917
51 918
51 923
51 975
51 989
51 1059
51 1075
52 209
52 225
52 557
52 913
52 914
52 922
52 923
52 975
52 989
52 1059
52 1075
53 209
53 225
53 558
53 912
53 913
53 922
53 974
53 988
53 989
53 1059
53 1075
54 209
54 225
54 558
54 912
54 921
54 974
54 987
54 988
54 1059
54 1075
55 208
55 225
55 558
55 912
55 920
55 921
55 973
55 986
55 987
55 1059
55 1075
56 207
56 208
56 225
56 558
56 912
56 913
56 918
56 919
56 971
56 972
56 973
56 984
56 985
56 1059
56 1075
57 206
57 207
57 225
57 558
57 914
57 915
57 916
57 917
57 970
57 982
57 983
57 1059
57 1075
58 205
58 206
58 225
58 559
58 925
58 926
58 927
58 971
58 972
58 973
58 974
58 982
58 1059
58 1075
59 202
59 203
59 204
59 224
59 559
59 924
59 927
59 975
59 976
59 977
59 981
59 1059
59 1075
60 201
60 224
60 559
60 925
60 926
60 927
60 978
60 979
60 980
60 1059
60 1075
61 200
61 224
61 559
61 1059
61 1075
62 200
62 224
62 559
62 1059
62 1075
63 199
63 224
63 559
63 1059
63 1075
64 199
64 224
64 560
64 1059
64 1075
65 199
65 223
65 560
65 816
65 817
65 818
65 819
65 963
65 964
65 965
65 1059
65 1075
66 199
66 223
66 560
66 815
66 820
66 821
66 822
66 823
66 824
66 825
66 826
66 827
66 828
66 963
66 966
66 967
66 1059
66 1075
67 200
67 223
67 561
67 814
67 829
67 830
67 831
67 832
67 833
67 834
67 835
67 836
67 837
67 964
67 967
67 1059
67 1075
68 200
68 201
68 202
68 223
68 561
68 562
68 814
68 838
68 839
68 840
68 841
68 842
68 843
68 844
68 845
68 846
68 965
68 967
68 1059
68 1075
69 203
69 204
69 224
69 562
69 814
69 847
69 848
69 849
69 850
69 851
69 852
69 853
69 854
69 855
69 965
69 967
69 1059
69 1075
70 205
70 224
70 562
70 814
70 856
70 857
70 858
70 859
70 860
70 861
70 862
70 863
70 965
70 967
70 1059
70 1075
71 205
71 224
71 563
71 814
71 864
71 865
71 866
71 867
71 868
71 869
71 870
71 871
71 872
71 965
71 1059
71 1075
72 205
72 224
72 563
72 564
72 814
72 873
72 874
72 875
72 876
72 877
72 878
72 879
72 880
72 881
72 1059
72 1075
73 205
73 224
73 564
73 565
73 814
73 882
73 883
73 884
73 885
73 886
73 887
73 888
73 889
73 890
73 1059
73 1075
74 205
74 223
74 566
74 567
74 814
74 891
74 892
74 893
74 894
74 895
74 896
74 897
74 898
74 1059
74 1075
75 205
75 223
75 568
75 569
75 570
75 571
75 572
75 573
75 574
75 814
75 899
75 900
75 901
75 902
75 903
75 904
75 905
75 906
75 907
75 1059
75 1075
76 205
76 223
76 575
76 576
76 814
76 908
76 909
76 910
76 911
76 912
76 913
76 914
76 915
76 916
76 1059
76 1075
77 205
77 223
77 577
77 815
77 917
77 918
77 919
77 920
77 921
77 922
77 923
77 924
77 925
77 1059
77 1075
78 205
78 223
78 578
78 579
78 580
78 581
78 582
78 583
78 815
78 926
78 927
78 928
78 929
78 930
78 931
78 932
78 933
78 1059
78 1075
79 205
79 223
79 584
79 585
79 586
79 815
79 934
79 935
79 936
79 937
79 938
79 939
79 940
79 941
79 942
79 943
79 1059
79 1075
80 205
80 223
80 587
80 588
80 816
80 944
80 945
80 946
80 947
80 948
80 949
80 950
80 951
80 1059
80 1075
81 205
81 223
81 588
81 589
81 590
81 596
81 597
81 598
81 599
81 600
81 601
81 602
81 603
81 604
81 605
81 606
81 607
81 608
81 609
81 610
81 611
81 816
81 952
81 953
81 954
81 955
81 956
81 957
81 958
81 959
81 960
81 1059
81 1075
82 204
82 223
82 591
82 592
82 593
82 594
82 595
82 612
82 613
82 614
82 615
82 616
82 816
82 961
82 962
82 963
82 964
82 965
82 966
82 967
82 968
82 1059
82 1075
83 203
83 204
83 223
83 617
83 816
83 969
83 970
83 971
83 972
83 973
83 974
83 975
83 976
83 977
83 978
83 1059
83 1075
84 202
84 223
84 618
84 619
84 620
84 621
84 622
84 816
84 979
84 980
84 981
84 982
84 983
84 984
84 985
84 986
84 1059
84 1075
85 201
85 223
85 623
85 638
85 639
85 816
85 987
85 1059
85 1075
86 201
86 224
86 623
86 637
86 816
86 988
86 989
86 990
86 991
86 992
86 993
86 994
86 995
86 1060
86 1075
87 201
87 224
87 624
87 625
87 626
87 627
87 628
87 629
87 630
87 631
87 632
87 633
87 634
87 635
87 636
87 637
87 640
87 641
87 817
87 996
87 997
87 998
87 999
87 1000
87 1001
87 1002
87 1003
87 1060
87 1075
88 172
88 173
88 174
88 175
88 178
88 179
88 180
88 181
88 182
88 183
88 184
88 185
88 186
88 187
88 188
88 189
88 190
88 191
88 192
88 193
88 194
88 195
88 196
88 197
88 198
88 199
88 200
88 225
88 226
88 227
88 228
88 229
88 230
88 231
88 232
88 233
88 234
88 235
88 236
88 237
88 238
88 239
88 240
88 241
88 242
88 243
88 244
88 245
88 246
88 247
88 248
88 249
88 250
88 251
88 252
88 642
88 643
88 817
88 1004
88 1005
88 1006
88 1007
88 1008
88 1009
88 1010
88 1011
88 1012
88 1013
88 1060
88 1075
89 134
89 135
89 136
89 137
89 138
89 139
89 140
89 141
89 142
89 143
89 144
89 145
89 146
89 147
89 148
89 149
89 150
89 151
89 152
89 153
89 154
89 155
89 156
89 157
89 158
89 159
89 160
89 161
89 162
89 163
89 164
89 165
89 166
89 167
89 168
89 169
89 176
89 177
89 200
89 253
89 254
89 255
89 256
89 257
89 258
89 259
89 260
89 261
89 262
89 263
89 264
89 265
89 266
89 267
89 268
89 269
89 270
89 271
89 272
89 273
89 274
89 275
89 276
89 277
89 278
89 281
89 282
89 283
89 284
89 285
89 286
89 287
89 288
89 289
89 290
89 291
89 292
89 293
89 294
89 295
89 296
89 297
89 298
89 299
89 300
89 301
89 302
89 303
89 304
89 305
89 306
89 307
89 308
89 311
89 312
89 313
89 314
89 315
89 316
89 317
89 318
89 321
89 324
89 325
89 326
89 327
89 328
89 329
89 330
89 331
89 332
89 333
89 334
89 335
89 336
89 337
89 338
89 339
89 340
89 341
89 342
89 343
89 344
89 345
89 346
89 347
89 348
89 349
89 350
89 351
89 352
89 353
89 354
89 355
89 356
89 357
89 358
89 359
89 360
89 361
89 362
89 363
89 364
89 365
89 366
89 367
89 368
89 369
89 370
89 371
89 372
89 373
89 374
89 375
89 376
89 377
89 378
89 379
89 380
89 643
89 644
89 817
89 1014
89 1015
89 1016
89 1017
89 1018
89 1019
89 1020
89 1021
89 1060
89 1075
90 96
90 97
90 98
90 99
90 100
90 101
90 102
90 103
90 104
90 105
90 106
90 107
90 108
90 109
90 110
90 111
90 112
90 113
90 114
90 115
90 116
90 117
90 118
90 119
90 120
90 121
90 122
90 123
90 124
90 125
90 126
90 127
90 128
90 129
90 130
90 131
90 132
90 133
90 171
90 172
90 173
90 174
90 175
90 176
90 183
90 184
90 185
90 186
90 187
90 188
90 189
90 190
90 191
90 192
90 193
90 194
90 195
90 196
90 197
90 198
90 199
90 279
90 309
90 310
90 319
90 320
90 322
90 323
90 381
90 382
90 383
90 384
90 385
90 386
90 387
90 388
90 389
90 390
90 391
90 392
90 393
90 394
90 395
90 396
90 397
90 398
90 399
90 400
90 401
90 402
90 403
90 404
90 405
90 406
90 407
90 408
90 409
90 410
90 411
90 412
90 413
90 414
90 415
90 416
90 417
90 418
90 419
90 420
90 421
90 422
90 423
90 424
90 425
90 426
90 427
90 428
90 429
90 430
90 431
90 432
90 433
90 434
90 435
90 436
90 437
90 438
90 439
90 440
90 441
90 442
90 443
90 444
90 445
90 446
90 447
90 448
90 449
90 450
90 451
90 645
90 646
90 647
90 648
90 649
90 650
90 817
90 1022
90 1023
90 1024
90 1025
90 1026
90 1027
90 1060
90 1074
91 58
91 59
91 60
91 61
91 62
91 63
91 64
91 65
91 66
91 67
91 68
91 69
91 70
91 71
91 72
91 73
91 74
91 75
91 76
91 77
91 78
91 79
91 80
91 81
91 82
91 83
91 84
91 85
91 86
91 87
91 88
91 89
91 90
91 91
91 92
91 93
91 94
91 95
91 167
91 168
91 169
91 170
91 181
91 182
91 280
91 281
91 308
91 309
91 322
91 452
91 453
91 454
91 455
91 456
91 457
91 458
91 459
91 460
91 461
91 462
91 463
91 464
91 465
91 466
91 651
91 652
91 817
91 1060
91 1074
92 21
92 22
92 23
92 24
92 25
92 26
92 27
92 28
92 29
92 30
92 31
92 32
92 33
92 34
92 35
92 36
92 37
92 38
92 39
92 40
92 41
92 42
92 43
92 44
92 45
92 46
92 47
92 48
92 49
92 50
92 51
92 52
92 53
92 54
92 55
92 56
92 57
92 163
92 164
92 165
92 166
92 179
92 180
92 281
92 282
92 307
92 308
92 320
92 321
92 467
92 468
92 469
92 470
92 471
92 472
92 473
92 474
92 475
92 476
92 477
92 478
92 479
92 480
92 481
92 482
92 653
92 654
92 655
92 817
92 1025
92 1026
92 1027
92 1060
92 1074
93 0
93 1
93 2
93 3
93 4
93 5
93 6
93 7
93 8
93 9
93 10
93 11
93 12
93 13
93 14
93 15
93 16
93 17
93 18
93 19
93 20
93 162
93 179
93 283
93 284
93 306
93 321
93 483
93 484
93 485
93 486
93 487
93 488
93 489
93 490
93 491
93 492
93 493
93 494
93 495
93 496
93 497
93 656
93 657
93 658
93 659
93 660
93 661
93 662
93 663
93 664
93 665
93 818
93 1022
93 1023
93 1024
93 1060
93 1074
94 161
94 178
94 285
94 286
94 305
94 498
94 499
94 500
94 501
94 502
94 503
94 504
94 505
94 506
94 507
94 508
94 509
94 510
94 511
94 512
94 513
94 666
94 667
94 818
94 819
94 1020
94 1021
94 1060
94 1074
95 161
95 178
95 287
95 288
95 304
95 305
95 514
95 515
95 516
95 517
95 518
95 519
95 520
95 521
95 522
95 523
95 524
95 525
95 526
95 527
95 528
95 529
95 668
95 669
95 819
95 1017
95 1018
95 1019
95 1060
95 1074
96 161
96 178
96 288
96 289
96 302
96 303
96 530
96 531
96 532
96 533
96 534
96 535
96 536
96 537
96 538
96 539
96 540
96 541
96 542
96 543
96 544
96 545
96 670
96 686
96 687
96 732
96 733
96 734
96 735
96 736
96 737
96 738
96 819
96 1015
96 1016
96 1060
96 1074
97 161
97 178
97 289
97 290
97 301
97 302
97 546
97 547
97 548
97 549
97 550
97 551
97 552
97 553
97 554
97 555
97 556
97 557
97 558
97 559
97 560
97 670
97 683
97 684
97 685
97 688
97 689
97 730
97 731
97 739
97 740
97 741
97 742
97 743
97 744
97 745
97 746
97 820
97 1011
97 1012
97 1013
97 1014
97 1060
97 1074
98 161
98 162
98 177
98 291
98 292
98 293
98 299
98 300
98 561
98 562
98 563
98 564
98 565
98 566
98 567
98 568
98 569
98 570
98 571
98 572
98 573
98 574
98 575
98 576
98 671
98 681
98 682
98 689
98 728
98 729
98 747
98 748
98 749
98 750
98 751
98 752
98 753
98 754
98 755
98 820
98 821
98 1009
98 1010
98 1060
98 1074
98 1274
98 1275
98 1276
98 1277
98 1278
98 1279
99 162
99 177
99 294
99 295
99 296
99 297
99 298
99 299
99 577
99 578
99 579
99 580
99 581
99 582
99 583
99 584
99 585
99 586
99 587
99 588
99 589
99 590
99 591
99 671
99 672
99 673
99 674
99 675
99 676
99 677
99 678
99 679
99 680
99 681
99 690
99 726
99 727
99 756
99 757
99 821
99 1006
99 1007
99 1008
99 1060
99 1074
99 1260
99 1261
99 1262
99 1263
99 1264
99 1265
99 1266
99 1267
99 1268
99 1269
99 1270
99 1271
99 1272
99 1273
100 163
100 177
100 592
100 593
100 594
100 595
100 596
100 597
100 598
100 599
100 600
100 601
100 690
100 691
100 725
100 726
100 758
100 759
100 822
100 1004
100 1005
100 1060
100 1074
100 1245
100 1246
100 1247
100 1248
100 1249
100 1250
100 1251
100 1252
100 1253
100 1254
100 1255
100 1256
100 1257
100 1258
100 1259
101 163
101 164
101 177
101 602
101 603
101 604
101 605
101 606
101 607
101 608
101 691
101 724
101 725
101 760
101 761
101 822
101 823
101 1001
101 1002
101 1003
101 1048
101 1049
101 1050
101 1051
101 1052
101 1053
101 1054
101 1055
101 1056
101 1057
101 1058
101 1059
101 1060
101 1074
101 1231
101 1232
101 1233
101 1234
101 1235
101 1236
101 1237
101 1238
101 1239
101 1240
101 1241
101 1242
101 1243
101 1244
102 164
102 165
102 177
102 609
102 610
102 611
102 612
102 613
102 692
102 722
102 723
102 761
102 762
102 763
102 764
102 765
102 823
102 824
102 999
102 1000
102 1047
102 1060
102 1074
102 1217
102 1218
102 1219
102 1220
102 1221
102 1222
102 1223
102 1224
102 1225
102 1226
102 1227
102 1228
102 1229
102 1230
103 166
103 177
103 614
103 615
103 616
103 617
103 618
103 692
103 693
103 720
103 721
103 766
103 767
103 768
103 769
103 770
103 824
103 825
103 996
103 997
103 998
103 1047
103 1060
103 1074
103 1202
103 1203
103 1204
103 1205
103 1206
103 1207
103 1208
103 1209
103 1210
103 1211
103 1212
103 1213
103 1214
103 1215
103 1216
104 166
104 177
104 619
104 620
104 621
104 622
104 623
104 624
104 693
104 719
104 720
104 771
104 772
104 826
104 827
104 846
104 847
104 848
104 849
104 850
104 851
104 994
104 995
104 1047
104 1060
104 1074
104 1189
104 1190
104 1191
104 1192
104 1193
104 1194
104 1195
104 1196
104 1197
104 1198
104 1199
104 1200
104 1201
105 167
105 177
105 625
105 626
105 627
105 628
105 629
105 694
105 718
105 773
105 774
105 828
105 829
105 830
105 842
105 843
105 844
105 845
105 852
105 853
105 992
105 993
105 1047
105 1060
105 1074
105 1174
105 1175
105 1176
105 1177
105 1178
105 1179
105 1180
105 1181
105 1182
105 1183
105 1184
105 1185
105 1186
105 1187
105 1188
106 167
106 177
106 630
106 631
106 632
106 633
106 634
106 694
106 695
106 717
106 775
106 776
106 831
106 832
106 833
106 834
106 835
106 836
106 837
106 838
106 839
106 840
106 841
106 853
106 854
106 990
106 991
106 1047
106 1060
106 1074
106 1160
106 1161
106 1162
106 1163
106 1164
106 1165
106 1166
106 1167
106 1168
106 1169
106 1170
106 1171
106 1172
106 1173
107 167
107 177
107 635
107 636
107 637
107 638
107 639
107 640
107 641
107 695
107 717
107 776
107 777
107 854
107 855
107 989
107 990
107 1047
107 1060
107 1074
107 1145
107 1146
107 1147
107 1148
107 1149
107 1150
107 1151
107 1152
107 1153
107 1154
107 1155
107 1156
107 1157
107 1158
107 1159
108 167
108 177
108 642
108 643
108 644
108 645
108 646
108 695
108 717
108 778
108 779
108 855
108 988
108 989
108 1047
108 1060
108 1074
108 1131
108 1132
108 1133
108 1134
108 1135
108 1136
108 1137
108 1138
108 1139
108 1140
108 1141
108 1142
108 1143
108 1144
109 158
109 159
109 160
109 161
109 162
109 163
109 164
109 165
109 166
109 177
109 647
109 648
109 649
109 650
109 651
109 652
109 695
109 717
109 779
109 780
109 856
109 987
109 988
109 1047
109 1060
109 1074
109 1118
109 1119
109 1120
109 1121
109 1122
109 1123
109 1124
109 1125
109 1126
109 1127
109 1128
109 1129
109 1130
110 157
110 177
110 653
110 654
110 655
110 656
110 657
110 696
110 717
110 780
110 781
110 856
110 986
110 987
110 1047
110 1060
110 1074
110 1103
110 1104
110 1105
110 1106
110 1107
110 1108
110 1109
110 1110
110 1111
110 1112
110 1113
110 1114
110 1115
110 1116
110 1117
111 156
111 177
111 658
111 659
111 660
111 661
111 662
111 696
111 717
111 782
111 783
111 784
111 785
111 857
111 985
111 986
111 1047
111 1060
111 1074
111 1089
111 1090
111 1091
111 1092
111 1093
111 1094
111 1095
111 1096
111 1097
111 1098
111 1099
111 1100
111 1101
111 1102
112 156
112 177
112 663
112 664
112 665
112 666
112 667
112 668
112 696
112 717
112 786
112 787
112 857
112 984
112 985
112 1047
112 1060
112 1074
112 1075
112 1076
112 1077
112 1078
112 1079
112 1080
112 1081
112 1082
112 1083
112 1084
112 1085
112 1086
112 1087
112 1088
113 156
113 177
113 669
113 670
113 671
113 672
113 673
113 674
113 696
113 717
113 788
113 858
113 983
113 984
113 1047
113 1060
113 1061
113 1062
113 1063
113 1064
113 1065
113 1066
113 1067
113 1068
113 1069
113 1070
113 1071
113 1072
113 1073
113 1074
114 156
114 177
114 675
114 676
114 677
114 678
114 679
114 697
114 717
114 789
114 858
114 982
114 983
114 1045
114 1046
114 1047
114 1048
114 1049
114 1050
114 1051
114 1052
114 1053
114 1054
114 1055
114 1056
114 1057
114 1058
114 1059
114 1061
114 1074
115 156
115 177
115 680
115 681
115 682
115 683
115 684
115 685
115 697
115 698
115 717
115 789
115 790
115 858
115 981
115 982
115 1032
115 1033
115 1034
115 1035
115 1036
115 1037
115 1038
115 1039
115 1040
115 1041
115 1042
115 1043
115 1044
115 1047
115 1058
115 1061
115 1074
116 156
116 177
116 686
116 687
116 698
116 699
116 717
116 790
116 791
116 858
116 980
116 981
116 1018
116 1019
116 1020
116 1021
116 1022
116 1023
116 1024
116 1025
116 1026
116 1027
116 1028
116 1029
116 1030
116 1031
116 1047
116 1058
116 1061
116 1074
117 156
117 177
117 688
117 699
117 717
117 792
117 793
117 858
117 979
117 980
117 1003
117 1004
117 1005
117 1006
117 1007
117 1008
117 1009
117 1010
117 1011
117 1012
117 1013
117 1014
117 1015
117 1016
117 1017
117 1047
117 1058
117 1061
117 1074
118 156
118 177
118 688
118 699
118 717
118 794
118 795
118 858
118 974
118 975
118 976
118 977
118 989
118 990
118 991
118 992
118 993
118 994
118 995
118 996
118 997
118 998
118 999
118 1000
118 1001
118 1002
118 1047
118 1058
118 1061
118 1074
119 156
119 177
119 688
119 699
119 717
119 730
119 731
119 732
119 733
119 734
119 735
119 736
119 737
119 738
119 739
119 740
119 741
119 742
119 743
119 744
119 745
119 746
119 747
119 748
119 749
119 750
119 751
119 752
119 753
119 754
119 755
119 756
119 757
119 758
119 759
119 760
119 761
119 762
119 763
119 764
119 765
119 766
119 767
119 768
119 769
119 770
119 771
119 772
119 773
119 774
119 775
119 776
119 777
119 778
119 779
119 780
119 781
119 782
119 783
119 784
119 785
119 786
119 787
119 788
119 789
119 790
119 791
119 792
119 858
119 966
119 967
119 968
119 969
119 970
119 971
119 972
119 980
119 981
119 982
119 983
119 984
119 985
119 986
119 987
119 988
119 1047
119 1058
119 1061
119 1074
120 155
120 176
120 177
120 688
120 699
120 717
120 729
120 858
120 960
120 961
120 962
120 963
120 964
120 972
120 973
120 974
120 975
120 976
120 977
120 978
120 1047
120 1058
120 1061
120 1074
121 154
121 176
121 688
121 699
121 717
121 728
121 858
121 951
121 952
121 953
121 954
121 955
121 956
121 957
121 959
121 966
121 967
121 968
121 969
121 970
121 971
121 972
121 1047
121 1058
121 1061
121 1074
122 153
122 154
122 175
122 688
122 699
122 717
122 728
122 855
122 856
122 857
122 858
122 942
122 943
122 944
122 945
122 946
122 947
122 948
122 949
122 950
122 958
122 1047
122 1058
122 1061
122 1074
123 149
123 150
123 151
123 152
123 175
123 688
123 700
123 718
123 728
123 854
123 859
123 860
123 861
123 862
123 863
123 864
123 865
123 934
123 935
123 936
123 937
123 938
123 939
123 940
123 941
123 1047
123 1058
123 1061
123 1074
124 147
124 148
124 174
124 175
124 688
124 700
124 718
124 728
124 855
124 856
124 857
124 866
124 867
124 868
124 869
124 870
124 871
124 872
124 873
124 874
124 875
124 876
124 877
124 878
124 879
124 880
124 881
124 882
124 883
124 884
124 926
124 927
124 928
124 929
124 930
124 931
124 932
124 933
124 1047
124 1058
124 1061
124 1074
125 145
125 146
125 174
125 688
125 700
125 718
125 728
125 885
125 886
125 887
125 888
125 889
125 890
125 891
125 892
125 893
125 894
125 895
125 896
125 897
125 898
125 899
125 900
125 901
125 918
125 919
125 920
125 921
125 922
125 923
125 924
125 925
125 1047
125 1058
125 1061
125 1074
126 143
126 144
126 173
126 688
126 700
126 718
126 728
126 904
126 905
126 907
126 908
126 909
126 910
126 911
126 912
126 913
126 914
126 915
126 916
126 917
126 1047
126 1058
126 1061
126 1074
127 143
127 173
127 688
127 700
127 718
127 728
127 899
127 900
127 901
127 905
127 906
127 1047
127 1058
127 1061
127 1074
128 142
128 173
128 688
128 700
128 718
128 728
128 898
128 903
128 904
128 905
128 1047
128 1058
128 1061
128 1074
129 142
129 173
129 688
129 701
129 718
129 728
129 890
129 891
129 892
129 893
129 894
129 895
129 896
129 897
129 1047
129 1058
129 1061
129 1074
130 142
130 173
130 688
130 701
130 718
130 728
130 882
130 883
130 884
130 885
130 886
130 887
130 888
130 889
130 1047
130 1058
130 1061
130 1074
131 142
131 173
131 688
131 701
131 718
131 728
131 873
131 874
131 875
131 876
131 877
131 878
131 879
131 880
131 881
131 1047
131 1058
131 1061
131 1074
132 142
132 173
132 688
132 701
132 718
132 728
132 865
132 866
132 867
132 868
132 869
132 870
132 871
132 872
132 1047
132 1058
132 1061
132 1074
133 142
133 173
133 688
133 701
133 718
133 728
133 857
133 858
133 859
133 860
133 861
133 862
133 863
133 864
133 1047
133 1058
133 1061
133 1074
134 142
134 174
134 688
134 701
134 718
134 728
134 849
134 850
134 851
134 852
134 853
134 854
134 855
134 856
134 1047
134 1058
134 1061
134 1074
135 141
135 174
135 688
135 701
135 718
135 728
135 840
135 841
135 842
135 843
135 844
135 845
135 846
135 847
135 848
135 1047
135 1058
135 1061
135 1074
136 140
136 141
136 175
136 688
136 702
136 718
136 728
136 833
136 834
136 835
136 836
136 837
136 838
136 839
136 1047
136 1058
136 1061
136 1074
137 139
137 140
137 175
137 688
137 702
137 718
137 728
137 826
137 827
137 828
137 829
137 830
137 831
137 832
137 1047
137 1058
137 1061
137 1074
138 131
138 132
138 133
138 134
138 135
138 136
138 137
138 138
138 139
138 175
138 688
138 702
138 718
138 728
138 824
138 825
138 1047
138 1058
138 1061
138 1074
139 130
139 175
139 688
139 702
139 718
139 728
139 812
139 823
139 824
139 1047
139 1058
139 1061
139 1074
140 129
140 175
140 688
140 702
140 718
140 728
140 804
140 805
140 806
140 807
140 808
140 809
140 810
140 811
140 813
140 814
140 815
140 816
140 817
140 818
140 819
140 820
140 821
140 822
140 823
140 1047
140 1058
140 1061
140 1074
141 128
141 129
141 175
141 688
141 702
141 718
141 728
141 797
141 798
141 799
141 800
141 801
141 802
141 803
141 1047
141 1058
141 1061
141 1074
142 126
142 127
142 175
142 688
142 702
142 718
142 728
142 790
142 791
142 792
142 793
142 794
142 795
142 796
142 1047
142 1058
142 1061
142 1074
143 123
143 124
143 125
143 175
143 688
143 702
143 718
143 728
143 784
143 785
143 786
143 787
143 788
143 789
143 1047
143 1058
143 1061
143 1074
144 120
144 121
144 122
144 175
144 688
144 702
144 718
144 728
144 777
144 778
144 779
144 780
144 781
144 782
144 783
144 1047
144 1058
144 1061
144 1074
145 116
145 117
145 118
145 119
145 175
145 688
145 703
145 718
145 728
145 769
145 770
145 771
145 772
145 773
145 774
145 775
145 776
145 1047
145 1058
145 1061
145 1074
146 112
146 113
146 114
146 115
146 175
146 352
146 353
146 688
146 703
146 718
146 728
146 762
146 763
146 764
146 765
146 766
146 767
146 768
146 1047
146 1058
146 1061
146 1074
147 110
147 111
147 175
147 351
147 354
147 688
147 703
147 718
147 728
147 755
147 756
147 757
147 758
147 759
147 760
147 761
147 1047
147 1058
147 1061
147 1074
148 108
148 109
148 175
148 350
148 351
148 354
148 355
148 688
148 703
148 718
148 728
148 748
148 749
148 750
148 751
148 752
148 753
148 754
148 1047
148 1058
148 1061
148 1074
149 106
149 107
149 175
149 350
149 355
149 356
149 688
149 703
149 718
149 728
149 740
149 741
149 742
149 743
149 744
149 745
149 746
149 747
149 1047
149 1058
149 1061
149 1074
150 105
150 106
150 175
150 349
150 356
150 688
150 703
150 718
150 728
150 733
150 734
150 735
150 736
150 737
150 738
150 739
150 1047
150 1058
150 1061
150 1074
151 105
151 175
151 348
151 349
151 356
151 688
151 703
151 718
151 729
151 730
151 731
151 732
151 1047
151 1058
151 1061
151 1074
152 104
152 176
152 187
152 188
152 189
152 347
152 348
152 357
152 358
152 359
152 360
152 688
152 703
152 718
152 1047
152 1058
152 1061
152 1074
153 103
153 104
153 176
153 177
153 178
153 179
153 180
153 181
153 182
153 183
153 184
153 185
153 186
153 190
153 347
153 361
153 688
153 704
153 718
153 728
153 1047
153 1058
153 1061
153 1074
154 103
154 190
154 346
154 361
154 688
154 704
154 718
154 728
154 1047
154 1058
154 1061
154 1074
155 102
155 190
155 346
155 361
155 688
155 704
155 718
155 728
155 1047
155 1058
155 1061
155 1074
156 102
156 190
156 346
156 361
156 639
156 640
156 641
156 642
156 643
156 644
156 645
156 646
156 647
156 648
156 649
156 650
156 688
156 704
156 718
156 728
156 1047
156 1058
156 1061
156 1074
157 102
157 190
157 346
157 361
157 626
157 627
157 628
157 629
157 630
157 631
157 632
157 633
157 634
157 635
157 636
157 637
157 638
157 651
157 688
157 704
157 718
157 728
157 1047
157 1058
157 1061
157 1074
158 102
158 190
158 346
158 361
158 625
158 651
158 688
158 704
158 718
158 728
158 1047
158 1058
158 1061
158 1074
159 102
159 190
159 345
159 361
159 624
159 651
159 688
159 704
159 718
159 728
159 1047
159 1058
159 1061
159 1074
160 100
160 101
160 189
160 190
160 345
160 361
160 570
160 571
160 572
160 573
160 574
160 575
160 576
160 577
160 578
160 579
160 580
160 581
160 582
160 624
160 651
160 688
160 704
160 719
160 728
160 1047
160 1058
160 1061
160 1074
161 99
161 100
161 189
161 344
161 345
161 361
161 569
161 583
161 624
161 651
161 688
161 704
161 719
161 728
161 1047
161 1058
161 1061
161 1074
162 98
162 99
162 188
162 301
162 302
162 303
162 304
162 305
162 344
162 361
162 554
162 555
162 556
162 557
162 558
162 559
162 568
162 583
162 624
162 651
162 688
162 704
162 719
162 728
162 1047
162 1058
162 1061
162 1074
163 97
163 98
163 188
163 300
163 306
163 307
163 308
163 309
163 343
163 361
163 553
163 560
163 568
163 583
163 624
163 651
163 688
163 704
163 719
163 728
163 1047
163 1058
163 1061
163 1074
164 97
164 187
164 299
164 310
164 311
164 342
164 343
164 360
164 552
164 560
164 568
164 583
164 624
164 651
164 688
164 704
164 719
164 728
164 1047
164 1058
164 1061
164 1074
165 96
165 187
165 299
165 312
165 313
165 342
165 360
165 552
165 560
165 568
165 583
165 624
165 651
165 688
165 704
165 719
165 728
165 1047
165 1058
165 1061
165 1074
166 96
166 187
166 299
166 313
166 341
166 359
166 552
166 560
166 568
166 584
166 624
166 651
166 684
166 685
166 686
166 688
166 704
166 719
166 728
166 1047
166 1058
166 1061
166 1074
167 96
167 187
167 269
167 270
167 271
167 298
167 299
167 314
167 340
167 345
167 346
167 347
167 348
167 349
167 350
167 351
167 352
167 353
167 354
167 355
167 356
167 357
167 358
167 359
167 360
167 361
167 552
167 560
167 568
167 584
167 624
167 652
167 666
167 667
167 668
167 669
167 670
167 671
167 672
167 673
167 674
167 675
167 676
167 677
167 678
167 679
167 680
167 681
167 682
167 683
167 687
167 704
167 719
167 729
167 1047
167 1058
167 1061
167 1074
168 95
168 96
168 187
168 268
168 271
168 272
168 296
168 297
168 314
168 337
168 338
168 339
168 343
168 344
168 362
168 363
168 364
168 365
168 366
168 367
168 551
168 560
168 568
168 584
168 624
168 652
168 653
168 654
168 655
168 656
168 657
168 658
168 659
168 660
168 661
168 662
168 663
168 664
168 665
168 687
168 704
168 719
168 729
168 1047
168 1058
168 1061
168 1074
169 93
169 94
169 187
169 268
169 273
169 274
169 295
169 296
169 315
169 334
169 335
169 336
169 341
169 342
169 368
169 535
169 536
169 551
169 560
169 568
169 584
169 624
169 653
169 687
169 704
169 719
169 729
169 1047
169 1058
169 1061
169 1074
170 93
170 187
170 268
170 274
170 295
170 315
170 333
170 341
170 368
170 534
170 537
170 542
170 543
170 551
170 560
170 568
170 584
170 624
170 652
170 687
170 704
170 719
170 729
170 1047
170 1058
170 1061
170 1074
171 91
171 92
171 188
171 268
171 275
171 276
171 292
171 293
171 294
171 316
171 332
171 340
171 368
171 533
171 537
171 541
171 551
171 560
171 568
171 584
171 612
171 613
171 614
171 615
171 616
171 617
171 618
171 619
171 620
171 621
171 622
171 623
171 624
171 652
171 687
171 704
171 719
171 729
171 1047
171 1058
171 1061
171 1074
172 88
172 89
172 90
172 188
172 268
172 277
172 278
172 279
172 289
172 290
172 291
172 317
172 318
172 331
172 332
172 340
172 368
172 533
172 537
172 540
172 541
172 543
172 552
172 553
172 554
172 555
172 556
172 557
172 558
172 559
172 560
172 568
172 584
172 602
172 603
172 604
172 605
172 606
172 607
172 608
172 609
172 610
172 611
172 624
172 652
172 687
172 704
172 719
172 729
172 1047
172 1058
172 1061
172 1074
173 86
173 87
173 189
173 267
173 280
173 281
173 282
173 283
173 284
173 285
173 286
173 287
173 288
173 318
173 319
173 330
173 331
173 340
173 368
173 533
173 537
173 540
173 543
173 568
173 584
173 601
173 624
173 652
173 687
173 704
173 719
173 729
173 1047
173 1058
173 1061
173 1074
174 85
174 86
174 189
174 190
174 267
174 320
174 321
174 330
174 339
174 368
174 533
174 537
174 543
174 569
174 584
174 600
174 624
174 652
174 687
174 704
174 719
174 729
174 1047
174 1058
174 1061
174 1074
175 85
175 190
175 267
175 322
175 323
175 329
175 339
175 368
175 533
175 537
175 543
175 569
175 584
175 600
175 624
175 652
175 687
175 704
175 719
175 729
175 1047
175 1058
175 1061
175 1074
176 83
176 84
176 190
176 267
176 324
176 325
176 328
176 329
176 338
176 368
176 522
176 523
176 524
176 525
176 526
176 533
176 537
176 544
176 569
176 584
176 600
176 624
176 652
176 687
176 704
176 719
176 729
176 1047
176 1058
176 1061
176 1074
177 81
177 82
177 191
177 250
177 251
177 252
177 266
177 326
177 327
177 328
177 338
177 368
177 515
177 516
177 517
177 518
177 519
177 520
177 521
177 527
177 528
177 529
177 569
177 584
177 600
177 607
177 608
177 609
177 610
177 611
177 612
177 613
177 614
177 615
177 616
177 617
177 618
177 619
177 620
177 621
177 622
177 623
177 624
177 625
177 626
177 652
177 687
177 704
177 719
177 729
177 1047
177 1058
177 1061
177 1074
178 80
178 81
178 191
178 248
178 249
178 266
178 337
178 368
178 513
178 514
178 530
178 569
178 584
178 592
178 593
178 594
178 595
178 596
178 597
178 598
178 599
178 600
178 601
178 602
178 603
178 604
178 605
178 606
178 627
178 628
178 629
178 630
178 631
178 632
178 633
178 634
178 652
178 687
178 704
178 719
178 729
178 1047
178 1058
178 1061
178 1074
179 79
179 80
179 191
179 246
179 247
179 252
179 265
179 336
179 369
179 430
179 431
179 432
179 433
179 434
179 435
179 436
179 437
179 511
179 512
179 530
179 569
179 584
179 590
179 591
179 635
179 636
179 641
179 642
179 643
179 644
179 645
179 646
179 647
179 648
179 649
179 650
179 651
179 652
179 687
179 704
179 719
179 729
179 1047
179 1058
179 1061
179 1074
180 75
180 76
180 77
180 78
180 192
180 193
180 243
180 244
180 245
180 246
180 253
180 265
180 335
180 369
180 427
180 428
180 429
180 438
180 439
180 569
180 572
180 573
180 574
180 575
180 576
180 577
180 578
180 579
180 584
180 589
180 590
180 637
180 638
180 687
180 704
180 719
180 729
180 1047
180 1058
180 1061
180 1074
181 67
181 68
181 69
181 70
181 71
181 72
181 73
181 74
181 241
181 242
181 253
181 265
181 335
181 369
181 425
181 426
181 440
181 441
181 509
181 510
181 511
181 512
181 513
181 514
181 515
181 531
181 532
181 570
181 571
181 580
181 581
181 582
181 583
181 584
181 585
181 587
181 588
181 639
181 640
181 641
181 687
181 704
181 719
181 729
181 1047
181 1058
181 1061
181 1074
182 63
182 64
182 65
182 66
182 173
182 174
182 175
182 176
182 177
182 178
182 179
182 180
182 181
182 182
182 183
182 184
182 185
182 186
182 187
182 188
182 189
182 190
182 191
182 192
182 193
182 194
182 197
182 228
182 229
182 230
182 231
182 232
182 233
182 234
182 235
182 236
182 237
182 238
182 239
182 240
182 253
182 265
182 334
182 369
182 423
182 424
182 442
182 516
182 517
182 569
182 570
182 586
182 642
182 687
182 704
182 719
182 729
182 1047
182 1058
182 1061
182 1074
183 54
183 55
183 56
183 57
183 58
183 59
183 60
183 61
183 62
183 161
183 162
183 163
183 164
183 165
183 166
183 167
183 168
183 169
183 170
183 171
183 172
183 195
183 196
183 226
183 227
183 253
183 265
183 334
183 369
183 421
183 422
183 564
183 565
183 566
183 567
183 568
183 643
183 687
183 704
183 719
183 729
183 1047
183 1058
183 1061
183 1074
184 48
184 49
184 50
184 51
184 52
184 53
184 70
184 71
184 72
184 73
184 74
184 75
184 76
184 77
184 78
184 79
184 80
184 81
184 82
184 83
184 84
184 85
184 86
184 87
184 88
184 89
184 90
184 91
184 92
184 93
184 159
184 160
184 197
184 198
184 200
184 225
184 226
184 253
184 265
184 333
184 369
184 421
184 583
184 584
184 643
184 687
184 704
184 719
184 729
184 1047
184 1058
184 1061
184 1074
185 45
185 46
185 47
185 57
185 58
185 59
185 60
185 61
185 62
185 63
185 64
185 65
185 66
185 67
185 68
185 69
185 94
185 95
185 157
185 158
185 199
185 201
185 224
185 253
185 265
185 333
185 369
185 422
185 583
185 643
185 687
185 704
185 719
185 729
185 1047
185 1058
185 1061
185 1074
186 44
186 50
186 51
186 52
186 53
186 54
186 55
186 56
186 96
186 97
186 156
186 157
186 201
186 223
186 253
186 265
186 333
186 565
186 582
186 644
186 687
186 704
186 719
186 729
186 1047
186 1058
186 1061
186 1074
187 43
187 48
187 49
187 97
187 154
187 155
187 201
187 223
187 253
187 265
187 331
187 333
187 565
187 582
187 644
187 687
187 704
187 719
187 729
187 1047
187 1058
187 1061
187 1074
188 42
188 46
188 47
188 98
188 153
188 154
188 201
188 223
188 253
188 332
188 564
188 582
188 644
188 687
188 704
188 719
188 729
188 1047
188 1058
188 1061
188 1074
189 41
189 45
189 46
189 98
189 99
189 151
189 152
189 201
189 223
189 564
189 582
189 645
189 687
189 704
189 719
189 729
189 1047
189 1058
189 1061
189 1074
190 43
190 44
190 99
190 150
190 151
190 201
190 223
190 563
190 581
190 645
190 687
190 704
190 719
190 729
190 1047
190 1058
190 1061
190 1074
191 41
191 42
191 43
191 100
191 148
191 149
191 201
191 223
191 563
191 581
191 645
191 687
191 704
191 719
191 729
191 1047
191 1058
191 1061
191 1074
192 40
192 100
192 101
192 147
192 148
192 201
192 223
192 562
192 581
192 646
192 687
192 704
192 719
192 729
192 1047
192 1058
192 1061
192 1074
193 39
193 40
193 102
193 143
193 144
193 145
193 146
193 201
193 223
193 562
193 581
193 646
193 687
193 704
193 719
193 729
193 1047
193 1058
193 1061
193 1074
194 37
194 38
194 103
194 141
194 142
194 201
194 224
194 561
194 581
194 646
194 687
194 704
194 719
194 729
194 1047
194 1058
194 1061
194 1074
195 36
195 37
195 103
195 140
195 201
195 224
195 561
195 581
195 647
195 687
195 704
195 719
195 729
195 1047
195 1058
195 1061
195 1074
196 34
196 35
196 104
196 137
196 139
196 201
196 223
196 560
196 581
196 647
196 687
196 704
196 719
196 729
196 1047
196 1058
196 1061
196 1074
197 32
197 33
197 104
197 105
197 139
197 201
197 223
197 560
197 581
197 648
197 687
197 704
197 720
197 729
197 1047
197 1058
197 1061
197 1074
198 31
198 32
198 105
198 139
198 201
198 223
198 255
198 256
198 257
198 559
198 580
198 648
198 687
198 704
198 720
198 729
198 1047
198 1058
198 1061
198 1074
199 30
199 31
199 106
199 138
199 139
199 201
199 223
199 559
199 580
199 648
199 687
199 704
199 720
199 729
199 1047
199 1058
199 1061
199 1074
200 29
200 30
200 106
200 137
200 201
200 223
200 559
200 580
200 649
200 687
200 704
200 720
200 729
200 1047
200 1058
200 1061
200 1074
201 28
201 29
201 107
201 136
201 201
201 223
201 559
201 580
201 649
201 687
201 704
201 720
201 729
201 1047
201 1058
201 1061
201 1073
202 27
202 28
202 135
202 136
202 201
202 223
202 559
202 580
202 650
202 687
202 704
202 720
202 729
202 1047
202 1058
202 1061
202 1073
203 26
203 27
203 201
203 223
203 559
203 580
203 687
203 704
203 720
203 729
203 1047
203 1058
203 1061
203 1073
204 24
204 25
204 26
204 107
204 139
204 201
204 223
204 559
204 580
204 687
204 704
204 720
204 729
204 1047
204 1058
204 1061
204 1073
205 24
205 107
205 201
205 223
205 559
205 580
205 650
205 704
205 720
205 729
205 1047
205 1058
205 1061
205 1073
206 23
206 108
206 201
206 223
206 559
206 579
206 651
206 720
206 729
206 1048
206 1058
206 1061
206 1073
207 22
207 23
207 108
207 201
207 223
207 559
207 579
207 651
207 729
207 1048
207 1058
207 1061
207 1073
208 22
208 108
208 200
208 201
208 202
208 223
208 559
208 579
208 651
208 1048
208 1058
208 1061
208 1073
209 19
209 20
209 21
209 108
209 203
209 223
209 559
209 579
209 651
209 1048
209 1058
209 1061
209 1073
210 108
210 203
210 223
210 559
210 579
210 651
210 1048
210 1058
210 1061
210 1073
211 21
211 108
211 203
211 223
211 559
211 579
211 651
211 1048
211 1058
211 1061
211 1073
212 21
212 203
212 223
212 579
212 651
212 1048
212 1057
212 1061
212 1073
213 21
213 203
213 223
213 578
213 651
213 1048
213 1057
213 1061
213 1073
214 21
214 203
214 223
214 578
214 652
214 1048
214 1057
214 1061
214 1073
215 21
215 203
215 223
215 578
215 652
215 1048
215 1057
215 1061
215 1073
216 203
216 223
216 578
216 652
216 1048
216 1057
216 1061
216 1073
217 203
217 223
217 578
217 652
217 1048
217 1057
217 1061
217 1073
218 203
218 223
218 575
218 576
218 577
218 652
218 1048
218 1057
218 1061
218 1073
219 203
219 223
219 652
219 1048
219 1057
219 1061
219 1073
220 203
220 577
220 652
220 1048
220 1057
220 1061
220 1073
221 577
221 652
221 1048
221 1057
221 1061
221 1073
222 577
222 652
222 1048
222 1057
222 1061
222 1073
223 577
223 652
223 1048
223 1057
223 1061
223 1073
224 577
224 653
224 1048
224 1057
224 1061
224 1073
225 577
225 653
225 1048
225 1057
225 1061
225 1073
226 577
226 653
226 1048
226 1057
226 1061
226 1073
227 577
227 653
227 1048
227 1057
227 1061
227 1073
228 576
228 653
228 1048
228 1057
228 1061
228 1073
229 576
229 653
229 1048
229 1057
229 1061
229 1073
230 576
230 653
230 1048
230 1057
230 1061
230 1073
231 576
231 653
231 1048
231 1057
231 1061
231 1073
232 576
232 653
232 1048
232 1057
232 1061
232 1073
233 576
233 653
233 1048
233 1057
233 1061
233 1073
234 576
234 654
234 1048
234 1057
234 1061
234 1073
235 576
235 654
235 1048
235 1057
235 1061
235 1073
236 576
236 654
236 1048
236 1057
236 1061
236 1073
237 577
237 1048
237 1057
237 1061
237 1073
238 577
238 1048
238 1057
238 1061
238 1073
239 1048
239 1057
239 1061
239 1073
240 1048
240 1057
240 1061
240 1073
241 1048
241 1057
241 1061
241 1073
242 1048
242 1057
242 1061
242 1073
243 1048
243 1057
243 1061
243 1073
244 1048
244 1057
244 1061
244 1073
245 1048
245 1057
245 1061
245 1073
246 1048
246 1057
246 1061
246 1073
247 1048
247 1057
247 1061
247 1073
248 1048
248 1057
248 1061
248 1073
249 1048
249 1057
249 1061
249 1073
250 1048
250 1057
250 1061
250 1073
251 1048
251 1057
251 1061
251 1073
252 1048
252 1057
252 1061
252 1073
253 1048
253 1057
253 1061
253 1073
254 1048
254 1057
254 1061
254 1073
255 1048
255 1057
255 1061
255 1073
256 1048
256 1057
256 1061
256 1073
257 1048
257 1057
257 1061
257 1073
258 1048
258 1057
258 1061
258 1073
259 1048
259 1057
259 1061
259 1073
260 1048
260 1057
260 1061
260 1073
261 1048
261 1057
261 1061
261 1073
262 1048
262 1057
262 1061
262 1073
263 1048
263 1057
263 1061
263 1073
264 1048
264 1057
264 1061
264 1073
265 1048
265 1057
265 1061
265 1073
266 1048
266 1057
266 1061
266 1073
267 1048
267 1057
267 1061
267 1073
268 1048
268 1057
268 1061
268 1073
269 1048
269 1057
269 1061
269 1073
270 1048
270 1057
270 1061
270 1073
271 1048
271 1057
271 1061
271 1073
272 1048
272 1057
272 1061
272 1073
273 1048
273 1057
273 1061
273 1073
274 1048
274 1057
274 1061
274 1073
275 1048
275 1057
275 1061
275 1073
276 1048
276 1057
276 1061
276 1073
277 1048
277 1057
277 1061
277 1073
278 1048
278 1057
278 1061
278 1073
279 1048
279 1057
279 1061
279 1073
280 1048
280 1057
280 1061
280 1073
281 1048
281 1057
281 1061
281 1073
282 1048
282 1057
282 1061
282 1073
283 1048
283 1057
283 1061
283 1073
284 1048
284 1057
284 1061
284 1073
285 1048
285 1057
285 1061
285 1073
286 1048
286 1057
286 1061
286 1073
287 1048
287 1057
287 1061
287 1073
288 1048
288 1057
288 1061
288 1073
289 1048
289 1057
289 1262
289 1263
289 1264
289 1265
289 1266
289 1267
289 1268
289 1269
289 1270
289 1271
289 1272
289 1273
289 1274
289 1275
289 1276
289 1277
289 1278
289 1279
290 1048
290 1057
290 1247
290 1248
290 1249
290 1250
290 1251
290 1252
290 1253
290 1254
290 1255
290 1256
290 1257
290 1258
290 1259
290 1260
290 1261
291 1048
291 1057
291 1244
291 1245
291 1246
292 1048
292 1057
292 1240
292 1241
292 1242
292 1243
293 1048
293 1057
293 1235
293 1236
293 1237
293 1238
293 1239
294 1048
294 1057
294 1233
294 1234
295 1048
295 1057
295 1229
295 1230
295 1231
295 1232
296 1048
296 1057
296 1227
296 1228
297 1048
297 1057
297 1226
297 1227
298 1048
298 1057
298 1226
299 1048
299 1057
299 1225
300 1048
300 1057
300 1222
300 1223
300 1224
300 1225
301 1048
301 1057
301 1221
302 1048
302 1057
302 1220
303 1048
303 1057
303 1218
303 1219
304 1048
304 1057
304 1217
305 1048
305 1057
305 1215
305 1216
306 1048
306 1057
306 1211
306 1212
306 1213
306 1214
307 1048
307 1057
307 1210
308 1048
308 1057
308 1209
309 1057
309 1207
309 1208
310 1206
311 1205
312 1204
312 1205
313 1202
313 1203
314 1201
315 1200
316 1199
316 1200
317 1199
318 1198
319 1197
320 1196
321 1196
322 1195
323 1195
324 1194
325 1193
326 1193
327 1192
328 1192
329 1191
330 1191
331 1191
332 1190
333 1190
334 1189
335 1189
336 1189
337 1189
338 1188
339 1187
340 1187
341 1187
342 1187
343 1187
344 1186
345 1186
346 1186
347 1185
348 1185
349 1185
350 1185
351 1184
351 1185
352 1184
382 1195
382 1196
383 1196
