0 403
0 409
1 403
1 409
2 403
2 409
3 403
3 409
3 1278
4 403
4 409
4 1278
5 403
5 409
5 1278
6 403
6 409
6 1278
7 403
7 409
7 1278
8 403
8 409
8 1278
9 403
9 409
9 1279
10 403
10 409
11 403
11 409
12 403
12 409
13 403
13 409
14 403
14 409
15 403
15 409
16 403
16 409
17 403
17 409
18 403
18 409
19 403
19 409
20 403
20 409
21 403
21 409
22 403
22 409
23 403
23 409
24 403
24 409
25 403
25 409
26 403
26 408
27 403
27 408
28 403
28 408
29 403
29 408
30 403
30 408
31 403
31 408
32 403
32 408
33 403
33 408
34 403
34 408
35 403
35 408
36 403
36 408
37 403
37 408
38 403
38 408
39 403
39 408
40 403
40 408
41 403
41 408
42 403
42 408
43 403
43 408
44 403
44 408
45 403
45 408
46 403
46 408
47 403
47 408
48 403
48 408
49 403
49 408
50 403
50 408
51 403
51 408
52 403
52 408
53 403
53 408
54 403
54 408
55 403
55 408
56 403
56 408
57 403
57 408
58 403
58 408
59 403
59 408
60 403
60 408
61 403
61 408
62 403
62 408
63 403
63 408
64 403
64 408
65 403
65 408
66 403
66 408
67 403
67 408
68 403
68 408
69 403
69 408
70 403
70 408
71 403
71 408
72 403
72 408
73 403
73 408
74 403
74 408
75 403
75 408
76 403
76 408
77 403
77 408
78 403
78 408
79 403
79 408
80 403
80 408
81 403
81 408
82 403
82 408
82 532
82 533
82 534
82 535
83 403
83 409
83 530
83 531
83 535
84 403
84 409
84 528
84 529
84 535
85 403
85 409
85 529
85 535
86 403
86 409
86 527
86 530
86 534
87 403
87 409
87 525
87 526
87 530
87 531
87 532
87 533
88 403
88 409
88 524
88 525
88 529
89 403
89 409
89 523
89 524
89 527
89 528
90 403
90 409
90 522
90 523
90 526
90 527
91 403
91 409
91 520
91 521
91 525
91 526
92 403
92 409
92 519
92 520
92 523
92 524
93 403
93 409
93 518
93 519
93 522
93 523
94 403
94 409
94 516
94 517
94 521
94 522
95 403
95 409
95 515
95 516
95 519
95 520
96 0
96 403
96 409
96 514
96 515
96 518
96 519
96 641
96 642
97 1
97 403
97 409
97 513
97 517
97 518
97 640
97 643
97 644
98 1
98 403
98 409
98 511
98 512
98 516
98 639
98 644
99 1
99 378
99 403
99 409
99 510
99 511
99 514
99 515
99 639
99 644
100 1
100 377
100 379
100 403
100 409
100 510
100 513
100 514
100 639
100 644
100 1265
101 1
101 376
101 379
101 403
101 409
101 509
101 512
101 639
101 644
101 1264
101 1266
101 1267
101 1268
101 1269
102 1
102 376
102 379
102 403
102 409
102 509
102 639
102 644
102 1263
102 1270
102 1271
102 1272
102 1273
103 1
103 376
103 379
103 403
103 409
103 509
103 640
103 644
103 1264
103 1274
103 1275
103 1276
104 1
104 376
104 379
104 403
104 409
104 509
104 641
104 644
104 1264
104 1277
104 1278
104 1279
105 1
105 376
105 379
105 403
105 409
105 509
105 641
105 645
105 1265
106 1
106 375
106 379
106 403
106 409
106 509
106 641
106 645
106 1265
107 1
107 375
107 379
107 403
107 409
107 509
107 641
107 645
107 1266
108 1
108 375
108 379
108 403
108 409
108 509
108 641
108 645
108 1266
108 1267
109 1
109 375
109 379
109 403
109 409
109 509
109 641
109 645
109 1268
109 1269
110 1
110 375
110 378
110 403
110 409
110 509
110 511
110 641
110 645
110 1269
110 1270
111 1
111 375
111 378
111 403
111 409
111 508
111 511
111 641
111 645
111 1271
111 1272
112 1
112 375
112 378
112 403
112 409
112 508
112 511
112 641
112 645
112 1273
112 1274
113 1
113 375
113 378
113 403
113 409
113 508
113 511
113 641
113 645
113 1275
114 1
114 375
114 378
114 403
114 409
114 508
114 511
114 641
114 645
114 1276
115 1
115 374
115 378
115 403
115 409
115 508
115 511
115 641
115 645
115 1244
115 1245
115 1246
115 1276
116 1
116 374
116 378
116 403
116 409
116 508
116 511
116 642
116 645
116 1242
116 1243
116 1247
116 1248
116 1277
117 1
117 374
117 378
117 403
117 409
117 508
117 511
117 642
117 645
117 1241
117 1242
117 1248
117 1277
117 1278
118 1
118 374
118 378
118 403
118 409
118 508
118 511
118 642
118 645
118 1241
118 1249
118 1278
119 1
119 374
119 378
119 403
119 409
119 508
119 511
119 642
119 646
119 1240
119 1249
119 1250
119 1251
119 1252
119 1278
120 1
120 374
120 378
120 403
120 409
120 508
120 511
120 642
120 646
120 1240
120 1253
120 1276
120 1277
121 1
121 374
121 378
121 403
121 409
121 508
121 511
121 642
121 646
121 1239
121 1240
121 1253
121 1272
121 1273
121 1274
121 1275
121 1276
122 1
122 374
122 378
122 403
122 409
122 508
122 511
122 642
122 646
122 952
122 953
122 1237
122 1238
122 1254
122 1270
122 1271
123 1
123 373
123 378
123 403
123 409
123 508
123 511
123 642
123 646
123 951
123 1235
123 1236
123 1254
123 1268
123 1269
124 1
124 373
124 378
124 403
124 409
124 508
124 511
124 589
124 642
124 646
124 950
124 953
124 1234
124 1235
124 1253
124 1254
124 1266
124 1267
125 1
125 373
125 378
125 403
125 409
125 508
125 511
125 588
125 590
125 591
125 592
125 642
125 646
125 950
125 953
125 1234
125 1253
125 1265
125 1266
126 1
126 373
126 378
126 403
126 409
126 508
126 511
126 587
126 593
126 597
126 598
126 599
126 642
126 646
126 949
126 953
126 1233
126 1252
126 1263
126 1264
127 1
127 373
127 377
127 403
127 409
127 508
127 511
127 587
127 593
127 597
127 599
127 600
127 610
127 611
127 612
127 642
127 646
127 949
127 953
127 1233
127 1252
127 1259
127 1260
127 1261
127 1262
128 1
128 373
128 377
128 403
128 409
128 508
128 511
128 587
128 593
128 596
128 601
128 609
128 612
128 642
128 646
128 948
128 953
128 1233
128 1252
128 1258
129 1
129 373
129 377
129 403
129 409
129 508
129 511
129 587
129 594
129 595
129 596
129 602
129 607
129 608
129 612
129 642
129 646
129 949
129 953
129 1233
129 1253
129 1254
129 1255
129 1256
129 1257
130 1
130 373
130 377
130 403
130 409
130 508
130 511
130 587
130 602
130 603
130 604
130 605
130 606
130 643
130 646
130 949
130 950
130 954
130 955
130 1234
130 1235
130 1236
130 1237
131 1
131 373
131 377
131 403
131 409
131 508
131 511
131 587
131 593
131 597
131 598
131 612
131 613
131 614
131 615
131 616
131 617
131 618
131 619
131 620
131 621
131 622
131 643
131 646
131 950
131 956
131 1232
131 1237
132 1
132 373
132 377
132 403
132 410
132 417
132 418
132 419
132 420
132 508
132 511
132 587
132 610
132 623
132 624
132 625
132 626
132 627
132 628
132 629
132 630
132 631
132 632
132 633
132 634
132 643
132 647
132 950
132 956
132 1221
132 1222
132 1223
132 1229
132 1230
132 1231
132 1234
132 1235
132 1236
132 1237
133 1
133 372
133 377
133 396
133 397
133 398
133 403
133 410
133 411
133 416
133 421
133 508
133 511
133 587
133 594
133 595
133 596
133 597
133 598
133 599
133 610
133 635
133 636
133 637
133 638
133 639
133 640
133 641
133 642
133 643
133 647
133 950
133 954
133 955
133 956
133 1219
133 1220
133 1224
133 1225
133 1226
133 1227
133 1228
134 1
134 372
134 377
134 395
134 398
134 399
134 403
134 409
134 411
134 412
134 413
134 414
134 415
134 416
134 421
134 508
134 511
134 587
134 593
134 598
134 610
134 611
134 645
134 647
134 950
134 953
134 1176
134 1219
135 1
135 372
135 377
135 399
135 400
135 401
135 402
135 403
135 409
135 421
135 508
135 511
135 588
135 589
135 590
135 591
135 592
135 593
135 596
135 603
135 604
135 605
135 606
135 611
135 612
135 613
135 614
135 615
135 616
135 617
135 618
135 648
135 649
135 950
135 954
135 955
135 1174
135 1175
135 1177
135 1178
135 1179
135 1219
136 1
136 372
136 377
136 387
136 388
136 389
136 390
136 391
136 392
136 393
136 394
136 395
136 398
136 416
136 422
136 508
136 511
136 595
136 601
136 602
136 607
136 608
136 613
136 619
136 620
136 621
136 622
136 623
136 624
136 625
136 626
136 627
136 628
136 629
136 630
136 649
136 950
136 956
136 1173
136 1180
136 1219
136 1220
137 1
137 372
137 377
137 380
137 381
137 382
137 383
137 384
137 385
137 386
137 396
137 397
137 416
137 422
137 508
137 511
137 596
137 600
137 601
137 608
137 613
137 631
137 632
137 633
137 634
137 635
137 636
137 637
137 638
137 639
137 640
137 641
137 642
137 650
137 950
137 956
137 1145
137 1146
137 1172
137 1181
137 1220
137 1221
138 1
138 372
138 377
138 378
138 411
138 412
138 413
138 416
138 422
138 508
138 511
138 596
138 597
138 598
138 599
138 600
138 609
138 612
138 613
138 643
138 644
138 650
138 651
138 950
138 956
138 1143
138 1144
138 1147
138 1148
138 1149
138 1150
138 1151
138 1152
138 1153
138 1154
138 1155
138 1156
138 1157
138 1172
138 1181
138 1221
139 1
139 372
139 377
139 392
139 393
139 394
139 395
139 396
139 397
139 398
139 411
139 414
139 415
139 422
139 508
139 511
139 609
139 610
139 611
139 612
139 644
139 647
139 651
139 652
139 950
139 954
139 955
139 1142
139 1158
139 1159
139 1171
139 1181
139 1186
139 1187
139 1221
140 1
140 372
140 377
140 383
140 384
140 385
140 386
140 387
140 388
140 389
140 390
140 391
140 395
140 396
140 400
140 401
140 402
140 403
140 414
140 420
140 421
140 422
140 508
140 511
140 644
140 652
140 950
140 954
140 1141
140 1159
140 1160
140 1170
140 1171
140 1182
140 1183
140 1184
140 1185
140 1188
140 1189
140 1221
141 1
141 372
141 377
141 381
141 382
141 395
141 399
141 400
141 403
141 410
141 411
141 415
141 416
141 417
141 418
141 419
141 480
141 508
141 511
141 644
141 653
141 950
141 953
141 1026
141 1027
141 1028
141 1029
141 1030
141 1031
141 1032
141 1033
141 1142
141 1160
141 1161
141 1168
141 1169
141 1189
141 1220
142 1
142 372
142 378
142 379
142 380
142 395
142 396
142 397
142 398
142 403
142 410
142 479
142 481
142 508
142 511
142 644
142 650
142 653
142 950
142 953
142 1021
142 1022
142 1023
142 1024
142 1025
142 1034
142 1035
142 1036
142 1037
142 1038
142 1142
142 1143
142 1161
142 1162
142 1168
142 1190
142 1221
143 1
143 372
143 378
143 403
143 409
143 478
143 481
143 508
143 511
143 644
143 653
143 950
143 953
143 1019
143 1020
143 1039
143 1040
143 1143
143 1144
143 1163
143 1164
143 1167
143 1190
143 1221
143 1222
143 1242
143 1243
143 1244
144 1
144 36
144 37
144 38
144 39
144 40
144 372
144 377
144 403
144 409
144 478
144 481
144 508
144 511
144 644
144 653
144 950
144 953
144 1018
144 1019
144 1041
144 1042
144 1043
144 1044
144 1144
144 1145
144 1146
144 1165
144 1166
144 1167
144 1190
144 1211
144 1212
144 1213
144 1222
144 1223
144 1224
144 1225
144 1226
144 1227
144 1228
144 1229
144 1230
144 1231
144 1232
144 1233
144 1234
144 1235
144 1236
144 1237
144 1238
144 1239
144 1240
144 1241
144 1245
145 1
145 30
145 31
145 32
145 33
145 34
145 35
145 41
145 372
145 377
145 403
145 409
145 478
145 481
145 508
145 511
145 644
145 654
145 950
145 953
145 1018
145 1045
145 1046
145 1147
145 1148
145 1149
145 1150
145 1190
145 1202
145 1208
145 1209
145 1210
145 1214
145 1215
145 1245
146 1
146 27
146 28
146 29
146 34
146 41
146 372
146 376
146 403
146 409
146 478
146 481
146 508
146 511
146 644
146 654
146 950
146 953
146 1018
146 1047
146 1048
146 1151
146 1152
146 1192
146 1193
146 1200
146 1201
146 1203
146 1204
146 1205
146 1206
146 1207
146 1215
146 1243
146 1244
147 1
147 23
147 24
147 25
147 26
147 34
147 35
147 36
147 40
147 41
147 274
147 275
147 276
147 372
147 376
147 403
147 409
147 478
147 481
147 508
147 511
147 644
147 654
147 950
147 953
147 1014
147 1015
147 1016
147 1017
147 1018
147 1049
147 1050
147 1194
147 1195
147 1199
147 1200
147 1216
147 1238
147 1239
147 1240
147 1241
147 1242
148 1
148 21
148 22
148 30
148 31
148 32
148 33
148 37
148 38
148 39
148 40
148 274
148 277
148 278
148 372
148 376
148 403
148 409
148 477
148 481
148 508
148 511
148 645
148 654
148 950
148 953
148 1012
148 1013
148 1050
148 1051
148 1150
148 1195
148 1196
148 1197
148 1198
148 1199
148 1216
148 1236
148 1237
149 1
149 19
149 20
149 26
149 27
149 28
149 29
149 272
149 273
149 278
149 372
149 376
149 403
149 409
149 477
149 481
149 508
149 511
149 645
149 654
149 950
149 953
149 1005
149 1006
149 1007
149 1008
149 1009
149 1010
149 1011
149 1012
149 1050
149 1149
149 1216
149 1234
149 1235
150 1
150 17
150 18
150 22
150 23
150 24
150 25
150 272
150 278
150 372
150 376
150 403
150 409
150 477
150 480
150 508
150 511
150 645
150 654
150 768
150 769
150 770
150 800
150 801
150 802
150 950
150 953
150 1003
150 1004
150 1049
150 1149
150 1217
150 1218
150 1219
150 1233
150 1234
151 0
151 1
151 2
151 15
151 20
151 21
151 271
151 278
151 372
151 376
151 403
151 409
151 477
151 480
151 508
151 511
151 645
151 654
151 762
151 763
151 764
151 765
151 766
151 767
151 768
151 770
151 798
151 799
151 803
151 804
151 950
151 953
151 1003
151 1050
151 1051
151 1150
151 1220
151 1221
151 1232
151 1233
152 3
152 13
152 18
152 271
152 279
152 280
152 281
152 282
152 372
152 376
152 403
152 409
152 477
152 480
152 508
152 511
152 645
152 654
152 761
152 770
152 797
152 798
152 804
152 805
152 950
152 953
152 1002
152 1051
152 1150
152 1221
152 1225
152 1226
152 1227
152 1228
152 1231
152 1232
153 3
153 11
153 16
153 23
153 25
153 272
153 282
153 372
153 376
153 403
153 409
153 477
153 480
153 508
153 511
153 645
153 654
153 760
153 770
153 796
153 797
153 805
153 950
153 953
153 1000
153 1001
153 1051
153 1143
153 1144
153 1145
153 1146
153 1147
153 1148
153 1149
153 1150
153 1221
153 1224
153 1228
153 1229
153 1230
153 1231
154 4
154 8
154 9
154 14
154 23
154 25
154 267
154 268
154 269
154 270
154 283
154 371
154 376
154 403
154 409
154 477
154 480
154 508
154 511
154 645
154 654
154 759
154 771
154 793
154 794
154 795
154 805
154 950
154 953
154 999
154 1000
154 1051
154 1141
154 1142
154 1221
155 4
155 12
155 23
155 25
155 265
155 266
155 283
155 284
155 285
155 371
155 376
155 403
155 409
155 477
155 480
155 508
155 511
155 579
155 645
155 654
155 758
155 772
155 791
155 792
155 806
155 950
155 953
155 998
155 999
155 1052
155 1053
155 1054
155 1055
155 1140
155 1141
155 1221
155 1224
156 4
156 8
156 9
156 10
156 11
156 22
156 25
156 263
156 264
156 286
156 287
156 288
156 289
156 334
156 335
156 336
156 371
156 376
156 403
156 409
156 477
156 480
156 508
156 511
156 578
156 580
156 646
156 654
156 758
156 773
156 789
156 790
156 791
156 806
156 816
156 817
156 818
156 950
156 953
156 998
156 1056
156 1139
156 1140
156 1222
157 4
157 7
157 11
157 12
157 22
157 25
157 263
157 289
157 332
157 333
157 337
157 338
157 371
157 376
157 403
157 409
157 476
157 480
157 508
157 511
157 577
157 580
157 617
157 618
157 646
157 654
157 756
157 757
157 773
157 787
157 788
157 807
157 815
157 816
157 818
157 950
157 953
157 997
157 1056
157 1139
158 5
158 6
158 12
158 22
158 25
158 262
158 289
158 331
158 332
158 338
158 371
158 376
158 403
158 409
158 476
158 480
158 508
158 511
158 577
158 581
158 582
158 583
158 593
158 594
158 616
158 620
158 621
158 646
158 654
158 755
158 773
158 784
158 785
158 786
158 787
158 807
158 814
158 815
158 819
158 950
158 953
158 995
158 996
158 1056
158 1138
159 13
159 14
159 15
159 16
159 17
159 18
159 19
159 20
159 21
159 26
159 77
159 78
159 79
159 80
159 81
159 262
159 289
159 330
159 331
159 339
159 371
159 376
159 403
159 409
159 452
159 453
159 476
159 480
159 508
159 511
159 577
159 581
159 584
159 585
159 586
159 587
159 588
159 589
159 590
159 591
159 592
159 595
159 616
159 619
159 622
159 646
159 654
159 754
159 773
159 774
159 775
159 776
159 784
159 807
159 813
159 814
159 819
159 839
159 840
159 950
159 953
159 995
159 1056
159 1138
160 26
160 27
160 75
160 76
160 82
160 83
160 84
160 263
160 264
160 265
160 266
160 267
160 289
160 290
160 328
160 329
160 339
160 340
160 371
160 376
160 403
160 409
160 451
160 453
160 476
160 480
160 508
160 511
160 576
160 580
160 595
160 616
160 622
160 646
160 654
160 754
160 777
160 784
160 808
160 809
160 812
160 813
160 820
160 838
160 839
160 841
160 950
160 953
160 995
160 1055
160 1139
160 1140
161 27
161 28
161 73
161 74
161 85
161 86
161 87
161 268
161 290
161 328
161 341
161 342
161 371
161 376
161 403
161 409
161 451
161 453
161 476
161 480
161 508
161 511
161 577
161 578
161 579
161 595
161 616
161 622
161 646
161 654
161 737
161 780
161 783
161 810
161 811
161 812
161 820
161 837
161 841
161 950
161 953
161 1055
161 1141
161 1142
161 1143
161 1144
161 1145
162 29
162 30
162 38
162 39
162 40
162 41
162 70
162 71
162 72
162 88
162 89
162 130
162 131
162 132
162 268
162 290
162 327
162 342
162 371
162 376
162 403
162 409
162 451
162 453
162 476
162 480
162 508
162 511
162 580
162 595
162 616
162 621
162 646
162 654
162 713
162 714
162 715
162 716
162 717
162 718
162 719
162 720
162 721
162 722
162 723
162 724
162 725
162 726
162 727
162 728
162 729
162 730
162 731
162 732
162 733
162 734
162 735
162 736
162 738
162 739
162 740
162 741
162 742
162 743
162 744
162 745
162 746
162 747
162 748
162 749
162 750
162 751
162 752
162 753
162 754
162 778
162 779
162 781
162 782
162 821
162 836
162 842
162 950
162 953
162 994
162 1056
162 1135
162 1136
162 1137
162 1138
162 1146
162 1147
163 30
163 31
163 32
163 33
163 34
163 35
163 36
163 37
163 42
163 43
163 44
163 45
163 46
163 47
163 48
163 49
163 50
163 51
163 52
163 53
163 54
163 55
163 56
163 57
163 65
163 66
163 67
163 68
163 69
163 90
163 91
163 92
163 125
163 126
163 127
163 128
163 129
163 133
163 134
163 135
163 266
163 267
163 289
163 290
163 327
163 343
163 371
163 375
163 403
163 409
163 451
163 453
163 476
163 479
163 508
163 511
163 581
163 582
163 583
163 593
163 594
163 595
163 616
163 621
163 646
163 654
163 712
163 778
163 782
163 821
163 834
163 835
163 836
163 843
163 844
163 950
163 953
163 993
163 1056
163 1133
163 1134
163 1141
163 1142
164 58
164 59
164 60
164 61
164 62
164 63
164 64
164 93
164 94
164 95
164 96
164 97
164 121
164 122
164 123
164 124
164 136
164 137
164 138
164 179
164 180
164 181
164 182
164 183
164 266
164 287
164 288
164 326
164 343
164 371
164 375
164 403
164 409
164 451
164 453
164 454
164 460
164 461
164 476
164 479
164 508
164 511
164 584
164 585
164 586
164 587
164 588
164 589
164 590
164 591
164 592
164 616
164 621
164 647
164 654
164 692
164 693
164 694
164 695
164 696
164 697
164 698
164 699
164 711
164 731
164 732
164 733
164 747
164 748
164 749
164 752
164 753
164 754
164 778
164 782
164 821
164 833
164 844
164 845
164 950
164 953
164 993
164 1057
164 1070
164 1071
164 1072
164 1073
164 1074
164 1075
164 1131
164 1132
165 98
165 99
165 100
165 101
165 102
165 103
165 119
165 120
165 139
165 140
165 141
165 150
165 151
165 152
165 153
165 177
165 178
165 184
165 185
165 266
165 287
165 325
165 326
165 344
165 371
165 375
165 393
165 394
165 395
165 396
165 397
165 398
165 403
165 409
165 428
165 429
165 430
165 451
165 453
165 454
165 459
165 462
165 463
165 464
165 476
165 479
165 508
165 511
165 616
165 621
165 647
165 655
165 658
165 659
165 660
165 661
165 662
165 690
165 691
165 697
165 700
165 711
165 728
165 729
165 749
165 778
165 782
165 826
165 827
165 828
165 832
165 845
165 846
165 847
165 848
165 849
165 850
165 851
165 852
165 881
165 882
165 883
165 884
165 885
165 886
165 887
165 888
165 889
165 890
165 891
165 892
165 893
165 894
165 895
165 896
165 897
165 898
165 899
165 900
165 901
165 902
165 903
165 904
165 905
165 906
165 907
165 950
165 953
165 993
165 1057
165 1068
165 1069
165 1076
165 1077
165 1131
166 104
166 105
166 117
166 118
166 142
166 143
166 144
166 145
166 146
166 147
166 148
166 149
166 154
166 155
166 175
166 176
166 185
166 286
166 323
166 324
166 344
166 371
166 375
166 391
166 392
166 399
166 400
166 403
166 409
166 426
166 427
166 431
166 432
166 440
166 441
166 442
166 443
166 449
166 451
166 453
166 455
166 457
166 465
166 475
166 479
166 484
166 485
166 496
166 508
166 511
166 616
166 621
166 647
166 655
166 657
166 663
166 664
166 665
166 666
166 667
166 668
166 669
166 670
166 686
166 687
166 690
166 697
166 700
166 704
166 707
166 708
166 711
166 717
166 718
166 719
166 727
166 728
166 750
166 752
166 778
166 782
166 822
166 823
166 826
166 828
166 832
166 853
166 871
166 872
166 873
166 874
166 875
166 876
166 880
166 908
166 948
166 949
166 950
166 954
166 955
166 956
166 957
166 958
166 959
166 960
166 961
166 962
166 993
166 1058
166 1059
166 1060
166 1061
166 1067
166 1078
166 1122
166 1123
166 1124
166 1130
167 106
167 107
167 116
167 117
167 155
167 174
167 175
167 186
167 265
167 286
167 306
167 323
167 344
167 369
167 370
167 371
167 375
167 391
167 400
167 401
167 403
167 409
167 425
167 426
167 432
167 433
167 440
167 444
167 445
167 449
167 451
167 454
167 457
167 466
167 470
167 471
167 472
167 473
167 475
167 479
167 482
167 483
167 486
167 487
167 495
167 497
167 508
167 511
167 613
167 614
167 616
167 621
167 647
167 655
167 657
167 670
167 674
167 675
167 676
167 677
167 685
167 688
167 697
167 700
167 703
167 705
167 706
167 709
167 715
167 716
167 717
167 719
167 725
167 726
167 727
167 750
167 777
167 781
167 821
167 823
167 829
167 830
167 831
167 847
167 848
167 849
167 853
167 870
167 877
167 878
167 879
167 902
167 903
167 904
167 908
167 927
167 928
167 929
167 930
167 931
167 932
167 933
167 934
167 935
167 936
167 937
167 938
167 939
167 940
167 946
167 947
167 952
167 963
167 964
167 994
167 1062
167 1063
167 1066
167 1078
167 1121
167 1125
167 1131
168 107
168 108
168 114
168 115
168 156
168 157
168 163
168 174
168 186
168 187
168 202
168 203
168 219
168 238
168 239
168 240
168 265
168 286
168 287
168 303
168 304
168 305
168 307
168 308
168 322
168 344
168 367
168 368
168 371
168 376
168 386
168 387
168 390
168 401
168 403
168 409
168 425
168 433
168 438
168 439
168 445
168 446
168 447
168 448
168 449
168 451
168 454
168 466
168 468
168 469
168 475
168 479
168 482
168 487
168 488
168 494
168 497
168 508
168 511
168 554
168 555
168 613
168 616
168 621
168 647
168 655
168 656
168 657
168 660
168 661
168 664
168 665
168 666
168 670
168 671
168 673
168 677
168 678
168 679
168 684
168 688
168 698
168 701
168 702
168 705
168 707
168 709
168 714
168 719
168 724
168 751
168 753
168 754
168 777
168 781
168 821
168 823
168 850
168 851
168 852
168 853
168 854
168 855
168 869
168 893
168 894
168 895
168 896
168 898
168 899
168 900
168 901
168 907
168 909
168 910
168 911
168 912
168 913
168 914
168 915
168 916
168 917
168 918
168 919
168 920
168 921
168 922
168 923
168 924
168 925
168 926
168 941
168 946
168 964
168 1063
168 1066
168 1078
168 1120
168 1125
168 1131
169 108
169 109
169 114
169 158
169 159
169 160
169 161
169 162
169 164
169 165
169 173
169 187
169 188
169 201
169 204
169 205
169 217
169 218
169 220
169 221
169 228
169 229
169 230
169 231
169 232
169 233
169 234
169 235
169 241
169 247
169 248
169 266
169 267
169 287
169 288
169 301
169 302
169 309
169 310
169 322
169 343
169 365
169 366
169 371
169 376
169 378
169 379
169 384
169 385
169 388
169 389
169 390
169 403
169 410
169 417
169 418
169 419
169 424
169 434
169 435
169 436
169 437
169 451
169 454
169 466
169 468
169 475
169 479
169 488
169 489
169 494
169 497
169 508
169 511
169 517
169 518
169 519
169 538
169 539
169 540
169 552
169 553
169 556
169 557
169 612
169 616
169 621
169 647
169 653
169 656
169 658
169 659
169 671
169 679
169 680
169 681
169 682
169 687
169 688
169 698
169 699
169 704
169 711
169 713
169 714
169 720
169 721
169 722
169 723
169 777
169 780
169 822
169 855
169 856
169 869
169 891
169 892
169 907
169 942
169 943
169 944
169 945
169 965
169 966
169 967
169 968
169 969
169 970
169 971
169 972
169 973
169 974
169 975
169 976
169 977
169 978
169 979
169 980
169 981
169 982
169 983
169 984
169 985
169 986
169 987
169 988
169 989
169 990
169 991
169 992
169 993
169 994
169 1065
169 1078
169 1120
169 1125
169 1132
170 109
170 113
170 166
170 173
170 189
170 200
170 206
170 217
170 222
170 227
170 236
170 238
170 241
170 246
170 249
170 268
170 288
170 300
170 310
170 322
170 343
170 353
170 354
170 364
170 371
170 376
170 380
170 384
170 404
170 410
170 416
170 420
170 424
170 451
170 454
170 475
170 479
170 489
170 494
170 497
170 508
170 511
170 517
170 519
170 537
170 541
170 551
170 557
170 612
170 616
170 621
170 647
170 655
170 658
170 670
170 671
170 683
170 686
170 701
170 702
170 703
170 710
170 715
170 752
170 753
170 755
170 777
170 780
170 822
170 824
170 855
170 857
170 869
170 890
170 907
170 995
170 1065
170 1078
170 1119
170 1125
171 109
171 113
171 167
171 168
171 172
171 190
171 200
171 207
171 208
171 209
171 215
171 216
171 223
171 224
171 225
171 226
171 236
171 238
171 242
171 243
171 244
171 245
171 250
171 251
171 268
171 288
171 299
171 311
171 322
171 343
171 351
171 352
171 355
171 363
171 371
171 375
171 381
171 382
171 383
171 404
171 410
171 412
171 413
171 414
171 415
171 421
171 424
171 451
171 454
171 475
171 479
171 490
171 491
171 494
171 497
171 508
171 511
171 516
171 520
171 533
171 534
171 535
171 536
171 542
171 550
171 557
171 591
171 592
171 593
171 594
171 595
171 610
171 611
171 616
171 622
171 641
171 642
171 643
171 644
171 645
171 647
171 655
171 657
171 680
171 686
171 710
171 715
171 753
171 755
171 777
171 780
171 822
171 824
171 855
171 857
171 869
171 889
171 908
171 909
171 995
171 1064
171 1078
171 1100
171 1101
171 1102
171 1103
171 1104
171 1105
171 1106
171 1107
171 1108
171 1109
171 1110
171 1111
171 1112
171 1113
171 1114
171 1115
171 1116
171 1117
171 1118
171 1119
171 1126
171 1127
171 1128
171 1129
171 1130
171 1131
171 1132
171 1133
172 110
172 113
172 169
172 170
172 171
172 172
172 191
172 192
172 200
172 210
172 211
172 212
172 213
172 214
172 236
172 237
172 238
172 252
172 253
172 268
172 287
172 288
172 298
172 311
172 312
172 323
172 344
172 349
172 350
172 356
172 357
172 358
172 359
172 360
172 361
172 362
172 363
172 371
172 375
172 403
172 410
172 422
172 423
172 424
172 451
172 454
172 475
172 479
172 492
172 494
172 498
172 500
172 501
172 502
172 503
172 508
172 511
172 515
172 516
172 521
172 522
172 531
172 532
172 543
172 544
172 545
172 546
172 547
172 548
172 549
172 550
172 558
172 566
172 567
172 590
172 596
172 608
172 609
172 616
172 622
172 634
172 635
172 636
172 637
172 638
172 639
172 640
172 647
172 655
172 657
172 682
172 685
172 686
172 715
172 777
172 780
172 855
172 856
172 858
172 859
172 860
172 861
172 862
172 863
172 864
172 865
172 866
172 867
172 868
172 869
172 888
172 889
172 910
172 911
172 996
172 1065
172 1079
172 1080
172 1081
172 1082
172 1083
172 1084
172 1085
172 1086
172 1087
172 1088
172 1089
172 1090
172 1091
172 1092
172 1093
172 1094
172 1095
172 1096
172 1097
172 1098
172 1099
172 1122
172 1123
172 1124
172 1134
172 1135
172 1136
172 1137
172 1138
173 110
173 192
173 199
173 200
173 254
173 255
173 256
173 257
173 265
173 266
173 267
173 285
173 286
173 297
173 313
173 314
173 317
173 318
173 319
173 320
173 344
173 349
173 371
173 375
173 403
173 410
173 451
173 454
173 475
173 479
173 494
173 496
173 498
173 499
173 500
173 504
173 505
173 506
173 507
173 508
173 512
173 514
173 522
173 523
173 524
173 525
173 530
173 531
173 559
173 560
173 561
173 562
173 563
173 564
173 565
173 568
173 569
173 589
173 596
173 607
173 608
173 616
173 621
173 624
173 630
173 631
173 632
173 633
173 634
173 636
173 647
173 655
173 656
173 657
173 683
173 684
173 715
173 720
173 721
173 722
173 777
173 780
173 856
173 887
173 888
173 911
173 912
173 932
173 996
173 997
173 1065
173 1066
173 1122
173 1124
173 1125
173 1139
173 1140
173 1141
173 1142
174 110
174 112
174 193
174 194
174 195
174 196
174 197
174 198
174 258
174 259
174 260
174 261
174 262
174 263
174 264
174 284
174 297
174 315
174 316
174 317
174 321
174 323
174 344
174 348
174 365
174 366
174 367
174 368
174 369
174 370
174 371
174 376
174 403
174 410
174 451
174 454
174 475
174 479
174 493
174 497
174 508
174 512
174 526
174 527
174 528
174 529
174 530
174 570
174 571
174 572
174 573
174 574
174 589
174 596
174 606
174 616
174 621
174 624
174 625
174 626
174 627
174 628
174 629
174 630
174 632
174 647
174 649
174 656
174 715
174 723
174 778
174 780
174 857
174 885
174 886
174 913
174 914
174 915
174 916
174 930
174 931
174 933
174 934
174 935
174 936
174 937
174 938
174 939
174 947
174 948
174 949
174 973
174 997
174 1066
174 1067
174 1121
174 1125
174 1126
174 1143
175 110
175 112
175 284
175 286
175 287
175 288
175 289
175 290
175 291
175 292
175 293
175 294
175 295
175 296
175 297
175 344
175 346
175 347
175 348
175 364
175 377
175 403
175 410
175 451
175 454
175 475
175 479
175 492
175 497
175 512
175 575
175 576
175 589
175 596
175 605
175 616
175 621
175 647
175 655
175 715
175 723
175 778
175 857
175 858
175 884
175 917
175 918
175 929
175 930
175 940
175 941
175 942
175 943
175 944
175 945
175 946
175 950
175 951
175 971
175 972
175 974
175 975
175 986
175 987
175 994
175 995
175 996
175 997
175 1068
175 1069
175 1088
175 1089
175 1097
175 1098
175 1099
175 1100
175 1101
175 1102
175 1119
175 1120
175 1121
175 1127
175 1128
175 1143
176 110
176 363
176 375
176 377
176 403
176 410
176 451
176 454
176 475
176 479
176 492
176 497
176 507
176 508
176 513
176 576
176 589
176 596
176 605
176 616
176 619
176 620
176 621
176 647
176 655
176 715
176 723
176 858
176 859
176 883
176 919
176 926
176 927
176 928
176 952
176 953
176 970
176 975
176 982
176 983
176 984
176 985
176 988
176 992
176 993
176 1070
176 1071
176 1085
176 1086
176 1087
176 1103
176 1104
176 1105
176 1106
176 1107
176 1108
176 1109
176 1110
176 1111
176 1112
176 1113
176 1114
176 1115
176 1116
176 1117
176 1118
176 1128
176 1129
176 1141
176 1142
177 363
177 375
177 377
177 403
177 410
177 451
177 454
177 475
177 479
177 492
177 497
177 506
177 511
177 513
177 577
177 589
177 593
177 594
177 595
177 596
177 597
177 598
177 599
177 600
177 605
177 616
177 647
177 655
177 715
177 719
177 723
177 860
177 861
177 883
177 920
177 924
177 925
177 953
177 954
177 969
177 976
177 980
177 981
177 988
177 992
177 1072
177 1073
177 1082
177 1083
177 1084
177 1129
177 1130
177 1131
177 1139
177 1140
178 363
178 375
178 377
178 403
178 410
178 451
178 454
178 466
178 467
178 468
178 475
178 476
178 477
178 479
178 492
178 497
178 506
178 511
178 513
178 578
178 579
178 580
178 581
178 589
178 592
178 601
178 602
178 603
178 604
178 605
178 606
178 607
178 608
178 609
178 610
178 616
178 655
178 715
178 719
178 722
178 861
178 862
178 882
178 920
178 921
178 922
178 923
178 924
178 955
178 956
178 957
178 969
178 977
178 978
178 979
178 988
178 991
178 1074
178 1075
178 1076
178 1077
178 1078
178 1079
178 1080
178 1081
178 1132
178 1133
178 1138
178 1139
179 363
179 375
179 377
179 403
179 410
179 451
179 454
179 465
179 466
179 468
179 478
179 492
179 497
179 506
179 511
179 513
179 536
179 537
179 538
179 539
179 540
179 541
179 542
179 543
179 544
179 582
179 589
179 591
179 611
179 616
179 619
179 655
179 657
179 715
179 719
179 722
179 862
179 882
179 958
179 959
179 968
179 987
179 990
179 991
179 1134
179 1135
179 1136
179 1137
179 1138
180 363
180 375
180 377
180 403
180 410
180 451
180 454
180 465
180 469
180 475
180 478
180 480
180 493
180 495
180 497
180 507
180 508
180 511
180 512
180 513
180 534
180 535
180 545
180 546
180 547
180 548
180 549
180 550
180 551
180 552
180 583
180 589
180 591
180 611
180 616
180 619
180 647
180 654
180 657
180 715
180 718
180 862
180 882
180 959
180 963
180 964
180 965
180 966
180 967
180 968
180 988
180 989
180 990
181 363
181 377
181 403
181 410
181 451
181 454
181 465
181 469
181 474
181 475
181 478
181 480
181 490
181 493
181 496
181 499
181 500
181 512
181 534
181 553
181 583
181 589
181 591
181 611
181 616
181 619
181 654
181 657
181 715
181 718
181 862
181 882
181 959
181 963
182 363
182 377
182 395
182 396
182 397
182 398
182 399
182 400
182 401
182 402
182 410
182 451
182 454
182 465
182 470
182 473
182 474
182 489
182 493
182 496
182 500
182 508
182 511
182 533
182 545
182 553
182 583
182 589
182 591
182 611
182 616
182 619
182 647
182 657
182 715
182 720
182 721
182 861
182 862
182 881
182 959
182 962
183 276
183 277
183 278
183 363
183 377
183 384
183 385
183 386
183 387
183 388
183 389
183 390
183 391
183 392
183 393
183 394
183 403
183 410
183 451
183 454
183 466
183 470
183 473
183 477
183 479
183 490
183 494
183 500
183 508
183 511
183 533
183 545
183 553
183 583
183 589
183 591
183 611
183 616
183 619
183 647
183 656
183 715
183 860
183 881
183 959
183 962
183 987
183 988
183 989
184 275
184 278
184 363
184 377
184 383
184 403
184 410
184 451
184 454
184 466
184 471
184 472
184 477
184 479
184 490
184 499
184 508
184 511
184 533
184 545
184 553
184 578
184 579
184 580
184 581
184 582
184 583
184 589
184 592
184 611
184 616
184 619
184 647
184 656
184 715
184 718
184 722
184 860
185 275
185 278
185 363
185 377
185 382
185 403
185 410
185 451
185 454
185 467
185 476
185 478
185 491
185 499
185 508
185 511
185 533
185 545
185 552
185 554
185 555
185 556
185 557
185 558
185 592
185 616
185 619
185 647
185 715
185 718
185 722
186 275
186 278
186 363
186 377
186 382
186 403
186 410
186 451
186 454
186 467
186 476
186 478
186 491
186 492
186 498
186 508
186 511
186 533
186 545
186 550
186 551
186 559
186 560
186 592
186 616
186 619
186 647
186 654
186 656
186 715
186 718
186 722
187 275
187 278
187 333
187 363
187 377
187 382
187 403
187 410
187 451
187 454
187 468
187 475
187 478
187 492
187 498
187 508
187 511
187 533
187 545
187 550
187 560
187 592
187 615
187 616
187 619
187 647
187 654
187 656
187 715
187 718
187 722
188 274
188 278
188 332
188 334
188 337
188 338
188 339
188 363
188 377
188 382
188 403
188 410
188 451
188 454
188 468
188 475
188 478
188 492
188 497
188 508
188 533
188 545
188 549
188 561
188 562
188 570
188 571
188 572
188 573
188 574
188 575
188 576
188 577
188 578
188 591
188 592
188 614
188 616
188 620
188 647
188 694
188 695
188 715
188 718
188 723
189 274
189 278
189 332
189 334
189 337
189 340
189 341
189 363
189 377
189 382
189 403
189 411
189 412
189 413
189 414
189 415
189 416
189 417
189 418
189 419
189 420
189 451
189 454
189 468
189 475
189 478
189 491
189 496
189 508
189 511
189 548
189 549
189 561
189 569
189 579
189 580
189 581
189 582
189 583
189 584
189 585
189 586
189 587
189 616
189 620
189 647
189 656
189 693
189 696
189 697
189 714
189 718
189 723
190 274
190 278
190 332
190 334
190 338
190 341
190 362
190 363
190 378
190 379
190 380
190 381
190 382
190 402
190 411
190 449
190 450
190 451
190 465
190 476
190 489
190 490
190 508
190 511
190 548
190 569
190 588
190 592
190 612
190 616
190 619
190 647
190 656
190 692
190 697
190 713
190 720
190 721
190 723
190 1139
191 274
191 278
191 330
191 331
191 338
191 363
191 364
191 378
191 382
191 402
191 410
191 420
191 421
191 451
191 466
191 476
191 479
191 490
191 499
191 500
191 506
191 507
191 508
191 547
191 562
191 569
191 588
191 592
191 612
191 616
191 619
191 644
191 657
191 664
191 665
191 666
191 667
191 692
191 697
191 713
191 718
191 721
191 723
191 1088
191 1089
191 1090
191 1091
191 1095
191 1096
191 1097
191 1140
191 1141
192 272
192 273
192 274
192 278
192 331
192 338
192 342
192 364
192 377
192 382
192 403
192 410
192 421
192 422
192 451
192 454
192 466
192 472
192 473
192 477
192 478
192 479
192 480
192 481
192 482
192 483
192 484
192 485
192 486
192 487
192 488
192 489
192 490
192 491
192 492
192 493
192 494
192 496
192 497
192 498
192 499
192 508
192 547
192 562
192 568
192 588
192 592
192 612
192 616
192 619
192 645
192 646
192 652
192 653
192 657
192 663
192 668
192 669
192 670
192 671
192 672
192 673
192 674
192 675
192 676
192 677
192 678
192 679
192 680
192 692
192 697
192 713
192 722
192 1088
192 1097
192 1141
192 1142
193 274
193 278
193 331
193 339
193 342
193 364
193 377
193 382
193 403
193 410
193 422
193 423
193 451
193 454
193 466
193 470
193 471
193 474
193 475
193 476
193 477
193 478
193 495
193 500
193 508
193 511
193 567
193 568
193 589
193 592
193 612
193 646
193 652
193 654
193 662
193 681
193 682
193 683
193 684
193 685
193 686
193 692
193 697
193 713
193 721
193 1056
193 1057
193 1058
193 1059
193 1060
193 1087
193 1097
193 1142
194 59
194 60
194 61
194 62
194 63
194 64
194 65
194 66
194 67
194 68
194 69
194 70
194 71
194 72
194 73
194 274
194 278
194 331
194 339
194 342
194 364
194 377
194 383
194 403
194 410
194 423
194 424
194 451
194 454
194 465
194 469
194 470
194 473
194 499
194 508
194 511
194 567
194 589
194 612
194 647
194 651
194 654
194 658
194 659
194 660
194 661
194 662
194 687
194 692
194 697
194 713
194 721
194 1040
194 1041
194 1042
194 1043
194 1044
194 1045
194 1054
194 1055
194 1061
194 1062
194 1087
194 1097
194 1098
194 1099
194 1100
194 1101
194 1102
194 1103
194 1104
194 1105
194 1106
194 1107
194 1117
194 1118
194 1119
194 1120
194 1121
194 1122
194 1123
194 1142
195 47
195 48
195 49
195 50
195 51
195 52
195 53
195 54
195 55
195 56
195 57
195 58
195 74
195 75
195 76
195 77
195 78
195 79
195 80
195 81
195 82
195 83
195 84
195 85
195 86
195 87
195 273
195 278
195 331
195 334
195 339
195 343
195 364
195 377
195 383
195 403
195 410
195 424
195 451
195 454
195 465
195 468
195 469
195 472
195 500
195 508
195 511
195 564
195 565
195 566
195 589
195 612
195 647
195 649
195 658
195 662
195 687
195 692
195 697
195 713
195 721
195 1038
195 1039
195 1046
195 1047
195 1054
195 1063
195 1064
195 1074
195 1075
195 1076
195 1077
195 1078
195 1079
195 1080
195 1081
195 1082
195 1083
195 1084
195 1085
195 1086
195 1087
195 1108
195 1109
195 1110
195 1111
195 1112
195 1113
195 1114
195 1115
195 1116
195 1124
195 1125
195 1126
195 1127
195 1128
195 1129
195 1130
195 1131
195 1132
195 1133
195 1134
195 1135
195 1136
195 1137
195 1142
196 36
196 37
196 38
196 39
196 40
196 41
196 42
196 43
196 44
196 45
196 46
196 88
196 89
196 90
196 91
196 92
196 93
196 94
196 222
196 223
196 224
196 225
196 226
196 227
196 228
196 229
196 230
196 231
196 232
196 233
196 234
196 235
196 236
196 237
196 238
196 239
196 240
196 273
196 278
196 280
196 331
196 334
196 340
196 343
196 364
196 377
196 382
196 403
196 410
196 424
196 451
196 454
196 466
196 467
196 468
196 472
196 500
196 508
196 511
196 590
196 612
196 648
196 650
196 654
196 655
196 656
196 657
196 658
196 662
196 1037
196 1038
196 1048
196 1049
196 1053
196 1064
196 1065
196 1066
196 1067
196 1068
196 1069
196 1070
196 1071
196 1072
196 1073
196 1138
196 1139
196 1140
196 1141
197 23
197 24
197 25
197 26
197 27
197 28
197 29
197 30
197 31
197 32
197 33
197 34
197 35
197 95
197 96
197 97
197 98
197 99
197 100
197 101
197 102
197 103
197 199
197 200
197 201
197 202
197 203
197 204
197 205
197 206
197 207
197 208
197 209
197 210
197 211
197 212
197 213
197 214
197 215
197 216
197 217
197 218
197 219
197 220
197 221
197 241
197 242
197 273
197 278
197 280
197 330
197 334
197 339
197 341
197 343
197 364
197 377
197 382
197 397
197 398
197 403
197 410
197 424
197 451
197 454
197 472
197 501
197 590
197 591
197 613
197 647
197 650
197 654
197 662
197 687
197 1037
197 1050
197 1051
197 1052
197 1053
198 16
198 17
198 18
198 19
198 20
198 21
198 22
198 103
198 195
198 196
198 197
198 198
198 243
198 244
198 273
198 278
198 280
198 313
198 314
198 330
198 334
198 339
198 341
198 343
198 364
198 377
198 382
198 395
198 396
198 403
198 410
198 420
198 421
198 422
198 423
198 425
198 426
198 427
198 428
198 429
198 430
198 431
198 432
198 433
198 434
198 435
198 436
198 437
198 451
198 454
198 471
198 501
198 563
198 590
198 647
198 650
198 654
198 663
198 698
198 1036
199 12
199 13
199 14
199 15
199 105
199 106
199 107
199 108
199 109
199 113
199 193
199 194
199 245
199 246
199 273
199 277
199 280
199 312
199 315
199 330
199 334
199 339
199 341
199 344
199 364
199 377
199 382
199 395
199 403
199 408
199 409
199 410
199 411
199 412
199 413
199 414
199 415
199 416
199 417
199 418
199 419
199 438
199 439
199 440
199 441
199 442
199 443
199 444
199 445
199 446
199 447
199 448
199 449
199 450
199 451
199 454
199 470
199 502
199 503
199 504
199 505
199 564
199 565
199 590
199 654
199 711
199 800
199 801
199 802
199 1036
200 9
200 10
200 11
200 114
200 115
200 192
200 193
200 247
200 248
200 273
200 277
200 280
200 311
200 315
200 330
200 334
200 339
200 341
200 344
200 364
200 377
200 382
200 394
200 397
200 398
200 399
200 400
200 401
200 402
200 403
200 404
200 405
200 406
200 407
200 452
200 453
200 454
200 469
200 470
200 565
200 591
200 687
200 798
200 799
200 803
200 1036
201 3
201 4
201 5
201 6
201 7
201 8
201 116
201 117
201 191
201 192
201 249
201 250
201 273
201 277
201 280
201 311
201 315
201 330
201 334
201 339
201 341
201 344
201 364
201 377
201 382
201 385
201 386
201 387
201 388
201 389
201 390
201 391
201 392
201 393
201 394
201 454
201 469
201 565
201 591
201 687
201 796
201 797
201 803
201 894
201 895
201 896
201 897
201 1036
202 5
202 6
202 117
202 118
202 190
202 191
202 251
202 252
202 273
202 277
202 280
202 311
202 315
202 329
202 334
202 339
202 341
202 344
202 364
202 373
202 377
202 383
202 384
202 455
202 468
202 564
202 591
202 687
202 795
202 804
202 805
202 806
202 807
202 808
202 809
202 892
202 893
202 898
202 899
202 1030
202 1036
203 3
203 4
203 118
203 119
203 186
203 187
203 189
203 190
203 253
203 254
203 272
203 277
203 280
203 311
203 315
203 329
203 333
203 335
203 339
203 342
203 345
203 364
203 369
203 373
203 377
203 379
203 380
203 381
203 455
203 456
203 468
203 507
203 591
203 794
203 810
203 811
203 812
203 831
203 832
203 833
203 892
203 899
203 1028
203 1029
203 1031
203 1032
203 1036
204 1
204 2
204 120
204 121
204 184
204 185
204 189
204 255
204 256
204 272
204 277
204 280
204 311
204 315
204 364
204 369
204 375
204 376
204 457
204 458
204 467
204 508
204 592
204 795
204 813
204 814
204 829
204 830
204 834
204 835
204 836
204 837
204 838
204 853
204 891
204 899
204 903
204 955
204 956
204 957
204 958
204 959
204 1027
204 1033
204 1034
204 1035
204 1036
205 0
205 121
205 122
205 183
205 257
205 258
205 272
205 277
205 280
205 311
205 314
205 364
205 367
205 368
205 369
205 370
205 371
205 372
205 373
205 374
205 458
205 459
205 467
205 508
205 790
205 791
205 795
205 796
205 815
205 816
205 817
205 823
205 824
205 825
205 826
205 828
205 829
205 838
205 850
205 851
205 852
205 854
205 855
205 891
205 899
205 901
205 902
205 904
205 954
205 960
205 961
205 1018
205 1019
205 1020
205 1026
205 1034
205 1036
206 122
206 123
206 182
206 259
206 260
206 277
206 280
206 365
206 366
206 459
206 460
206 466
206 509
206 789
206 792
206 793
206 797
206 818
206 819
206 820
206 821
206 822
206 826
206 827
206 828
206 839
206 849
206 855
206 867
206 868
206 869
206 890
206 899
206 901
206 905
206 953
206 961
206 990
206 991
206 992
206 993
206 994
206 1016
206 1017
206 1021
206 1022
206 1023
206 1024
206 1025
206 1026
206 1034
206 1036
207 123
207 182
207 261
207 362
207 363
207 460
207 461
207 466
207 509
207 766
207 767
207 768
207 788
207 794
207 839
207 840
207 848
207 856
207 867
207 870
207 871
207 872
207 890
207 899
207 901
207 905
207 926
207 927
207 928
207 953
207 962
207 989
207 995
207 1015
207 1016
208 124
208 181
208 261
208 362
208 461
208 462
208 465
208 509
208 765
208 769
208 770
208 788
208 795
208 798
208 840
208 849
208 856
208 867
208 873
208 874
208 875
208 876
208 883
208 884
208 885
208 890
208 905
208 924
208 925
208 929
208 930
208 954
208 962
208 988
208 995
208 1014
208 1015
209 124
209 125
209 180
209 181
209 261
209 361
209 462
209 463
209 465
209 509
209 764
209 765
209 771
209 772
209 773
209 774
209 775
209 776
209 777
209 778
209 779
209 780
209 781
209 788
209 796
209 797
209 840
209 849
209 856
209 859
209 860
209 861
209 862
209 863
209 864
209 868
209 877
209 878
209 881
209 882
209 886
209 887
209 890
209 905
209 922
209 923
209 931
209 932
209 954
209 963
209 988
209 995
209 998
209 999
209 1000
209 1011
209 1012
209 1013
210 125
210 126
210 177
210 178
210 179
210 261
210 360
210 361
210 463
210 465
210 764
210 782
210 783
210 788
210 798
210 840
210 849
210 856
210 858
210 865
210 866
210 878
210 879
210 880
210 881
210 887
210 906
210 922
210 933
210 934
210 948
210 949
210 950
210 951
210 952
210 953
210 954
210 963
210 984
210 985
210 986
210 987
210 988
210 996
210 997
210 998
210 1001
210 1002
210 1008
210 1009
210 1010
211 126
211 174
211 175
211 176
211 261
211 360
211 463
211 465
211 783
211 784
211 785
211 786
211 787
211 788
211 840
211 849
211 888
211 889
211 906
211 921
211 934
211 935
211 944
211 945
211 946
211 947
211 948
211 964
211 982
211 983
211 1003
211 1004
211 1005
211 1006
211 1007
212 127
212 171
212 172
212 173
212 261
212 359
212 840
212 849
212 906
212 921
212 936
212 937
212 944
212 964
212 982
212 1004
212 1006
213 127
213 170
213 261
213 359
213 465
213 840
213 849
213 906
213 920
213 938
213 944
213 964
213 981
213 1004
213 1006
214 127
214 167
214 168
214 169
214 261
214 358
214 466
214 840
214 849
214 906
214 917
214 918
214 919
214 939
214 944
214 964
214 981
214 1004
214 1005
214 1006
215 128
215 165
215 166
215 261
215 358
215 466
215 467
215 472
215 473
215 474
215 475
215 476
215 477
215 478
215 840
215 842
215 843
215 844
215 845
215 849
215 906
215 915
215 916
215 939
215 940
215 944
215 965
215 982
216 128
216 164
216 262
216 357
216 358
216 467
216 468
216 469
216 470
216 471
216 478
216 846
216 847
216 849
216 906
216 914
216 915
216 940
216 941
216 944
216 965
216 982
217 128
217 163
217 262
217 357
217 479
217 847
217 907
217 908
217 909
217 910
217 911
217 912
217 913
217 941
217 944
217 966
217 976
217 977
217 978
217 979
217 980
217 981
217 982
218 129
218 163
218 356
218 479
218 480
218 941
218 943
218 966
218 967
218 974
218 975
219 129
219 162
219 356
219 967
219 968
219 974
220 129
220 162
220 355
220 481
220 968
220 969
220 970
220 971
220 972
220 973
221 129
221 161
221 354
221 355
221 480
222 130
222 161
222 354
222 478
222 479
222 480
223 130
223 161
223 353
223 477
224 130
224 161
224 353
224 477
225 131
225 352
225 477
225 478
226 131
226 351
226 352
226 478
226 479
227 131
227 351
227 479
227 480
228 132
228 350
228 480
229 132
229 350
229 481
230 132
230 349
230 481
230 482
231 132
231 349
231 482
231 483
232 132
232 348
232 483
232 484
233 132
233 348
233 484
233 485
234 132
234 347
234 485
234 486
235 132
235 347
235 486
236 132
236 346
236 486
237 132
237 346
237 486
238 132
238 345
238 486
239 132
239 345
239 486
240 132
240 344
240 486
241 131
241 344
241 486
242 131
242 344
242 486
243 343
243 486
244 343
245 343
246 343
247 342
248 342
249 342
250 342
251 342
252 342
253 342
254 342
255 342
256 342
257 342
258 342
259 342
260 342
319 1278
319 1279
