0 120
0 124
0 328
0 376
0 426
0 567
0 587
0 660
0 683
0 705
0 1239
0 1248
1 120
1 124
1 328
1 426
1 567
1 588
1 590
1 591
1 592
1 593
1 594
1 595
1 596
1 597
1 598
1 599
1 600
1 601
1 602
1 603
1 604
1 605
1 606
1 607
1 608
1 609
1 656
1 657
1 658
1 659
1 660
1 683
1 705
1 1239
1 1248
2 120
2 124
2 328
2 376
2 377
2 378
2 425
2 426
2 566
2 567
2 588
2 589
2 610
2 611
2 612
2 613
2 614
2 615
2 616
2 617
2 618
2 619
2 620
2 621
2 622
2 623
2 624
2 625
2 626
2 627
2 628
2 629
2 630
2 631
2 632
2 633
2 634
2 635
2 636
2 637
2 638
2 639
2 640
2 641
2 642
2 643
2 644
2 645
2 646
2 647
2 648
2 649
2 650
2 651
2 652
2 653
2 654
2 655
2 683
2 705
2 1239
2 1248
3 120
3 124
3 328
3 376
3 378
3 379
3 424
3 425
3 566
3 588
3 682
3 683
3 684
3 685
3 686
3 687
3 688
3 689
3 690
3 691
3 692
3 705
3 1239
3 1248
4 120
4 124
4 328
4 376
4 379
4 380
4 423
4 424
4 566
4 567
4 588
4 671
4 672
4 673
4 674
4 675
4 676
4 677
4 678
4 679
4 680
4 681
4 693
4 694
4 704
4 1239
4 1248
5 120
5 124
5 328
5 376
5 380
5 422
5 423
5 567
5 589
5 590
5 591
5 592
5 593
5 594
5 661
5 662
5 663
5 664
5 665
5 666
5 667
5 668
5 669
5 670
5 695
5 696
5 697
5 698
5 699
5 700
5 701
5 702
5 703
5 1239
5 1248
6 120
6 124
6 328
6 376
6 381
6 421
6 422
6 568
6 585
6 586
6 587
6 588
6 589
6 595
6 596
6 597
6 598
6 599
6 600
6 601
6 602
6 603
6 604
6 605
6 606
6 607
6 608
6 609
6 610
6 611
6 654
6 655
6 656
6 657
6 658
6 659
6 660
6 1239
6 1248
7 120
7 124
7 328
7 376
7 381
7 420
7 421
7 568
7 569
7 570
7 580
7 581
7 582
7 583
7 584
7 612
7 613
7 614
7 615
7 616
7 617
7 618
7 619
7 620
7 621
7 651
7 652
7 653
7 1239
7 1248
8 120
8 124
8 328
8 376
8 381
8 384
8 419
8 420
8 571
8 572
8 573
8 574
8 575
8 576
8 577
8 578
8 579
8 622
8 623
8 624
8 625
8 648
8 649
8 650
8 1239
8 1248
9 120
9 124
9 328
9 376
9 381
9 384
9 385
9 418
9 419
9 626
9 627
9 628
9 629
9 644
9 645
9 646
9 647
9 1239
9 1248
10 120
10 124
10 328
10 376
10 381
10 385
10 386
10 417
10 418
10 630
10 631
10 640
10 641
10 642
10 643
10 1239
10 1248
11 120
11 124
11 328
11 376
11 381
11 386
11 387
11 416
11 417
11 632
11 638
11 639
11 1239
11 1248
12 120
12 124
12 328
12 376
12 381
12 387
12 415
12 416
12 632
12 638
12 1239
12 1248
13 120
13 124
13 328
13 376
13 381
13 388
13 414
13 415
13 632
13 637
13 1239
13 1248
14 120
14 124
14 328
14 376
14 381
14 388
14 389
14 414
14 632
14 637
14 1239
14 1248
15 120
15 124
15 328
15 376
15 381
15 389
15 390
15 411
15 413
15 632
15 637
15 1239
15 1248
16 120
16 124
16 328
16 376
16 381
16 390
16 391
16 410
16 411
16 413
16 632
16 637
16 1239
16 1248
17 120
17 124
17 328
17 376
17 381
17 391
17 392
17 409
17 410
17 413
17 632
17 637
17 1029
17 1239
17 1248
18 120
18 124
18 328
18 376
18 381
18 392
18 393
18 408
18 409
18 413
18 632
18 637
18 1027
18 1028
18 1030
18 1239
18 1248
19 120
19 124
19 328
19 376
19 381
19 393
19 394
19 407
19 408
19 413
19 632
19 637
19 1026
19 1027
19 1030
19 1239
19 1248
20 120
20 124
20 328
20 376
20 381
20 394
20 395
20 406
20 407
20 413
20 632
20 637
20 1024
20 1025
20 1030
20 1239
20 1248
21 120
21 124
21 327
21 328
21 376
21 382
21 383
21 395
21 405
21 406
21 413
21 632
21 637
21 1023
21 1024
21 1030
21 1239
21 1248
22 120
22 124
22 326
22 327
22 376
22 382
22 384
22 385
22 395
22 396
22 403
22 404
22 413
22 632
22 637
22 1022
22 1023
22 1030
22 1239
22 1248
23 120
23 124
23 326
23 376
23 381
23 386
23 387
23 395
23 398
23 402
23 403
23 413
23 632
23 637
23 1021
23 1022
23 1030
23 1239
23 1248
24 120
24 124
24 325
24 376
24 381
24 388
24 389
24 395
24 398
24 399
24 400
24 401
24 402
24 413
24 632
24 637
24 1020
24 1021
24 1030
24 1239
24 1248
25 120
25 124
25 325
25 376
25 381
25 390
25 391
25 392
25 395
25 413
25 632
25 637
25 1018
25 1019
25 1030
25 1239
25 1248
26 120
26 124
26 326
26 375
26 381
26 393
26 395
26 413
26 632
26 637
26 1017
26 1018
26 1030
26 1239
26 1248
27 120
27 124
27 326
27 375
27 381
27 413
27 632
27 637
27 1016
27 1017
27 1030
27 1239
27 1248
28 120
28 124
28 326
28 375
28 380
28 397
28 398
28 413
28 632
28 637
28 1015
28 1016
28 1030
28 1239
28 1248
29 120
29 124
29 326
29 375
29 380
29 399
29 400
29 413
29 632
29 637
29 1014
29 1015
29 1030
29 1239
29 1248
30 119
30 124
30 327
30 375
30 380
30 401
30 413
30 632
30 637
30 1012
30 1013
30 1030
30 1239
30 1248
31 119
31 124
31 327
31 375
31 380
31 402
31 413
31 632
31 637
31 1011
31 1012
31 1030
31 1239
31 1248
32 119
32 124
32 327
32 375
32 379
32 402
32 413
32 632
32 637
32 1009
32 1010
32 1030
32 1239
32 1248
33 119
33 124
33 327
33 375
33 379
33 403
33 413
33 632
33 637
33 1009
33 1030
33 1074
33 1075
33 1076
33 1077
33 1078
33 1079
33 1080
33 1238
33 1247
34 119
34 124
34 327
34 375
34 379
34 403
34 413
34 632
34 637
34 1008
34 1030
34 1070
34 1071
34 1072
34 1073
34 1081
34 1082
34 1238
34 1247
35 119
35 124
35 327
35 375
35 379
35 403
35 413
35 632
35 637
35 1008
35 1030
35 1068
35 1069
35 1082
35 1238
35 1247
36 119
36 124
36 327
36 375
36 378
36 403
36 413
36 631
36 637
36 1008
36 1030
36 1066
36 1067
36 1083
36 1238
36 1247
37 119
37 124
37 327
37 375
37 378
37 403
37 413
37 631
37 637
37 1008
37 1030
37 1059
37 1060
37 1061
37 1062
37 1063
37 1064
37 1065
37 1083
37 1238
37 1247
38 119
38 124
38 319
38 320
38 321
38 322
38 323
38 324
38 325
38 326
38 327
38 375
38 378
38 403
38 413
38 631
38 637
38 1008
38 1030
38 1057
38 1058
38 1083
38 1238
38 1247
39 119
39 124
39 318
39 375
39 377
39 378
39 380
39 381
39 403
39 413
39 631
39 637
39 1008
39 1030
39 1055
39 1056
39 1083
39 1238
39 1247
40 119
40 124
40 317
40 376
40 377
40 382
40 383
40 403
40 413
40 631
40 637
40 1008
40 1030
40 1053
40 1054
40 1083
40 1238
40 1247
41 119
41 124
41 317
41 376
41 384
41 385
41 386
41 403
41 413
41 631
41 637
41 1008
41 1030
41 1052
41 1083
41 1238
41 1247
42 119
42 124
42 317
42 375
42 387
42 403
42 413
42 631
42 637
42 1008
42 1029
42 1051
42 1083
42 1238
42 1247
43 119
43 124
43 317
43 375
43 388
43 403
43 413
43 631
43 637
43 1008
43 1029
43 1051
43 1083
43 1238
43 1247
44 119
44 124
44 317
44 375
44 389
44 390
44 403
44 413
44 631
44 637
44 1008
44 1029
44 1048
44 1049
44 1050
44 1051
44 1083
44 1238
44 1247
45 119
45 124
45 309
45 310
45 311
45 312
45 313
45 314
45 315
45 316
45 317
45 375
45 391
45 392
45 393
45 403
45 413
45 631
45 637
45 1008
45 1029
45 1046
45 1047
45 1083
45 1238
45 1247
46 119
46 124
46 303
46 304
46 305
46 306
46 307
46 308
46 376
46 377
46 394
46 395
46 403
46 413
46 631
46 637
46 1008
46 1029
46 1044
46 1045
46 1046
46 1083
46 1238
46 1247
47 119
47 124
47 301
47 302
47 378
47 379
47 380
47 381
47 395
47 403
47 413
47 631
47 637
47 1008
47 1029
47 1042
47 1043
47 1083
47 1238
47 1247
48 119
48 124
48 300
48 301
48 382
48 383
48 384
48 385
48 386
48 387
48 388
48 389
48 390
48 391
48 392
48 393
48 394
48 395
48 398
48 399
48 400
48 403
48 413
48 631
48 637
48 1008
48 1029
48 1041
48 1042
48 1084
48 1238
48 1247
49 119
49 124
49 300
49 395
49 401
49 402
49 403
49 413
49 631
49 637
49 1008
49 1029
49 1040
49 1041
49 1084
49 1085
49 1086
49 1087
49 1088
49 1238
49 1247
50 119
50 124
50 299
50 397
50 413
50 631
50 637
50 1008
50 1029
50 1040
50 1089
50 1238
50 1247
51 119
51 124
51 299
51 398
51 399
51 413
51 631
51 637
51 1008
51 1029
51 1039
51 1089
51 1238
51 1247
52 119
52 124
52 298
52 399
52 413
52 631
52 637
52 1008
52 1029
52 1039
52 1089
52 1238
52 1247
53 119
53 124
53 298
53 400
53 413
53 631
53 637
53 1008
53 1029
53 1039
53 1090
53 1238
53 1247
54 119
54 124
54 298
54 400
54 413
54 631
54 637
54 873
54 1008
54 1029
54 1040
54 1090
54 1238
54 1247
55 119
55 124
55 298
55 401
55 413
55 631
55 637
55 869
55 870
55 871
55 872
55 874
55 1008
55 1029
55 1040
55 1091
55 1238
55 1247
56 119
56 124
56 299
56 401
56 413
56 631
56 637
56 867
56 868
56 875
56 1008
56 1029
56 1040
56 1092
56 1093
56 1238
56 1247
57 119
57 124
57 299
57 401
57 413
57 631
57 637
57 866
57 867
57 876
57 1008
57 1029
57 1041
57 1093
57 1094
57 1238
57 1247
58 119
58 124
58 300
58 401
58 413
58 631
58 637
58 866
58 876
58 1008
58 1029
58 1041
58 1095
58 1096
58 1097
58 1098
58 1099
58 1100
58 1101
58 1102
58 1238
58 1247
59 116
59 117
59 119
59 124
59 300
59 301
59 401
59 413
59 631
59 637
59 866
59 875
59 1008
59 1029
59 1041
59 1103
59 1104
59 1105
59 1238
59 1247
60 115
60 116
60 119
60 124
60 302
60 303
60 304
60 305
60 306
60 401
60 413
60 631
60 637
60 866
60 875
60 993
60 994
60 995
60 996
60 997
60 1008
60 1029
60 1041
60 1106
60 1107
60 1238
60 1247
61 114
61 115
61 119
61 124
61 307
61 308
61 309
61 310
61 400
61 413
61 631
61 637
61 866
61 877
61 878
61 992
61 998
61 999
61 1008
61 1029
61 1040
61 1108
61 1109
61 1238
61 1247
62 114
62 119
62 125
62 144
62 145
62 146
62 147
62 311
62 312
62 313
62 314
62 400
62 413
62 631
62 637
62 866
62 878
62 991
62 999
62 1000
62 1008
62 1029
62 1040
62 1110
62 1111
62 1238
62 1247
63 113
63 119
63 125
63 142
63 143
63 148
63 399
63 400
63 413
63 631
63 636
63 865
63 879
63 991
63 1000
63 1001
63 1008
63 1029
63 1039
63 1112
63 1238
63 1247
64 113
64 119
64 124
64 140
64 141
64 149
64 306
64 307
64 308
64 309
64 310
64 311
64 312
64 313
64 314
64 315
64 399
64 413
64 631
64 636
64 865
64 879
64 991
64 1001
64 1002
64 1008
64 1029
64 1038
64 1039
64 1112
64 1238
64 1247
65 105
65 106
65 107
65 112
65 119
65 124
65 127
65 139
65 140
65 150
65 151
65 277
65 278
65 279
65 280
65 281
65 282
65 283
65 284
65 285
65 286
65 287
65 288
65 289
65 290
65 291
65 292
65 293
65 294
65 295
65 296
65 297
65 298
65 299
65 300
65 301
65 302
65 303
65 304
65 305
65 316
65 317
65 398
65 413
65 631
65 636
65 865
65 880
65 992
65 993
65 1002
65 1008
65 1029
65 1037
65 1038
65 1113
65 1238
65 1247
66 10
66 11
66 12
66 104
66 108
66 109
66 110
66 111
66 112
66 119
66 124
66 127
66 128
66 137
66 138
66 152
66 276
66 317
66 391
66 392
66 393
66 394
66 397
66 398
66 413
66 631
66 636
66 866
66 880
66 881
66 994
66 995
66 1003
66 1008
66 1029
66 1035
66 1036
66 1113
66 1238
66 1247
67 6
67 7
67 8
67 9
67 12
67 13
67 103
67 119
67 124
67 128
67 136
67 137
67 152
67 275
67 317
67 384
67 385
67 386
67 387
67 388
67 389
67 390
67 395
67 413
67 631
67 636
67 866
67 881
67 882
67 996
67 997
67 1003
67 1004
67 1008
67 1029
67 1033
67 1034
67 1113
67 1238
67 1247
68 0
68 1
68 2
68 3
68 4
68 5
68 13
68 103
68 119
68 124
68 129
68 130
68 131
68 132
68 133
68 134
68 135
68 136
68 153
68 275
68 317
68 383
68 395
68 413
68 631
68 636
68 867
68 882
68 998
68 999
68 1000
68 1004
68 1005
68 1006
68 1008
68 1029
68 1032
68 1033
68 1113
68 1238
68 1247
69 13
69 103
69 119
69 124
69 153
69 156
69 275
69 317
69 382
69 395
69 413
69 631
69 636
69 867
69 882
69 993
69 994
69 1001
69 1002
69 1005
69 1009
69 1029
69 1032
69 1113
69 1238
69 1247
70 13
70 104
70 119
70 124
70 153
70 155
70 157
70 158
70 275
70 316
70 382
70 395
70 413
70 631
70 636
70 863
70 864
70 865
70 866
70 867
70 882
70 991
70 992
70 993
70 1003
70 1004
70 1005
70 1009
70 1029
70 1114
70 1238
70 1247
71 13
71 22
71 23
71 24
71 25
71 104
71 119
71 124
71 159
71 160
71 161
71 162
71 163
71 275
71 316
71 383
71 395
71 413
71 631
71 636
71 862
71 883
71 989
71 990
71 1004
71 1009
71 1029
71 1114
71 1115
71 1238
71 1247
72 14
72 15
72 20
72 21
72 26
72 27
72 104
72 119
72 124
72 164
72 165
72 275
72 316
72 383
72 395
72 413
72 631
72 636
72 861
72 883
72 987
72 988
72 1001
72 1004
72 1009
72 1029
72 1116
72 1117
72 1238
72 1247
73 16
73 17
73 18
73 19
73 20
73 28
73 29
73 103
73 119
73 124
73 165
73 275
73 308
73 309
73 310
73 311
73 312
73 313
73 314
73 315
73 316
73 383
73 395
73 413
73 631
73 636
73 841
73 842
73 843
73 851
73 852
73 853
73 854
73 855
73 856
73 857
73 858
73 859
73 860
73 861
73 884
73 985
73 986
73 1002
73 1004
73 1009
73 1029
73 1118
73 1119
73 1238
73 1247
74 29
74 103
74 119
74 124
74 165
74 275
74 306
74 307
74 383
74 395
74 413
74 475
74 631
74 636
74 839
74 840
74 844
74 849
74 850
74 884
74 885
74 983
74 984
74 1004
74 1009
74 1029
74 1120
74 1121
74 1238
74 1247
75 29
75 44
75 45
75 46
75 47
75 103
75 119
75 124
75 165
75 275
75 303
75 304
75 305
75 384
75 385
75 386
75 387
75 388
75 395
75 413
75 471
75 472
75 473
75 474
75 476
75 477
75 631
75 636
75 839
75 845
75 846
75 847
75 848
75 885
75 981
75 982
75 1004
75 1009
75 1029
75 1121
75 1238
75 1247
76 29
76 34
76 35
76 36
76 37
76 38
76 39
76 40
76 41
76 42
76 43
76 48
76 103
76 119
76 124
76 165
76 275
76 301
76 302
76 389
76 390
76 391
76 392
76 393
76 394
76 395
76 413
76 470
76 478
76 479
76 631
76 636
76 838
76 885
76 887
76 888
76 889
76 890
76 891
76 892
76 893
76 894
76 895
76 896
76 897
76 979
76 980
76 1004
76 1009
76 1029
76 1122
76 1238
76 1247
77 29
77 33
77 49
77 103
77 119
77 124
77 164
77 275
77 301
77 397
77 398
77 413
77 469
77 479
77 631
77 636
77 838
77 885
77 887
77 898
77 978
77 979
77 1004
77 1009
77 1029
77 1122
77 1123
77 1238
77 1247
77 1277
77 1278
77 1279
78 28
78 32
78 49
78 56
78 57
78 103
78 119
78 124
78 164
78 275
78 300
78 399
78 413
78 469
78 479
78 631
78 636
78 837
78 899
78 977
78 978
78 1004
78 1009
78 1029
78 1123
78 1238
78 1247
78 1264
78 1265
78 1266
78 1267
78 1268
78 1269
78 1270
78 1271
78 1272
78 1273
78 1274
78 1275
78 1276
78 1277
79 28
79 32
79 50
79 51
79 52
79 53
79 54
79 55
79 58
79 103
79 119
79 124
79 164
79 275
79 300
79 399
79 413
79 469
79 479
79 631
79 636
79 837
79 899
79 975
79 976
79 1004
79 1009
79 1029
79 1124
79 1238
79 1245
79 1246
79 1248
79 1249
79 1250
79 1251
79 1252
79 1253
79 1254
79 1255
79 1256
79 1257
79 1258
79 1259
79 1260
79 1261
79 1262
79 1263
79 1277
79 1278
80 28
80 32
80 38
80 39
80 40
80 59
80 72
80 73
80 74
80 92
80 93
80 104
80 119
80 124
80 165
80 275
80 299
80 399
80 413
80 469
80 479
80 631
80 636
80 837
80 899
80 974
80 975
80 1004
80 1009
80 1029
80 1124
80 1125
80 1126
80 1238
80 1244
81 28
81 31
81 38
81 41
81 42
81 59
81 60
81 61
81 62
81 70
81 71
81 75
81 76
81 91
81 94
81 105
81 106
81 107
81 108
81 119
81 124
81 166
81 174
81 275
81 299
81 400
81 413
81 469
81 479
81 631
81 636
81 837
81 899
81 973
81 974
81 1004
81 1009
81 1011
81 1012
81 1013
81 1014
81 1015
81 1016
81 1017
81 1018
81 1029
81 1127
81 1128
81 1238
81 1243
82 29
82 37
82 42
82 43
82 63
82 64
82 65
82 66
82 67
82 68
82 69
82 76
82 90
82 94
82 109
82 110
82 119
82 124
82 166
82 167
82 168
82 169
82 170
82 171
82 172
82 173
82 175
82 176
82 177
82 275
82 299
82 400
82 413
82 469
82 479
82 631
82 636
82 837
82 900
82 971
82 972
82 1004
82 1008
82 1019
82 1029
82 1128
82 1238
82 1243
83 30
83 37
83 44
83 45
83 76
83 90
83 94
83 110
83 119
83 124
83 178
83 179
83 275
83 298
83 400
83 413
83 469
83 479
83 631
83 636
83 832
83 833
83 834
83 835
83 836
83 900
83 970
83 971
83 1004
83 1008
83 1010
83 1019
83 1029
83 1129
83 1238
83 1243
84 37
84 38
84 46
84 47
84 76
84 90
84 94
84 110
84 119
84 124
84 179
84 180
84 275
84 299
84 400
84 413
84 469
84 479
84 631
84 636
84 831
84 901
84 902
84 969
84 970
84 1004
84 1008
84 1010
84 1019
84 1029
84 1129
84 1130
84 1238
84 1243
85 39
85 47
85 76
85 90
85 94
85 110
85 119
85 124
85 180
85 275
85 299
85 400
85 413
85 469
85 479
85 631
85 636
85 830
85 903
85 969
85 1004
85 1008
85 1010
85 1019
85 1029
85 1130
85 1238
85 1243
86 40
86 48
86 77
86 90
86 94
86 110
86 118
86 124
86 181
86 275
86 300
86 400
86 415
86 416
86 417
86 418
86 419
86 420
86 421
86 422
86 423
86 424
86 425
86 426
86 427
86 428
86 429
86 430
86 431
86 432
86 433
86 434
86 435
86 436
86 437
86 438
86 439
86 440
86 469
86 479
86 575
86 576
86 577
86 578
86 579
86 580
86 581
86 582
86 583
86 584
86 585
86 586
86 587
86 588
86 589
86 590
86 591
86 594
86 595
86 596
86 631
86 636
86 643
86 644
86 645
86 646
86 647
86 648
86 649
86 650
86 651
86 652
86 653
86 654
86 655
86 656
86 830
86 904
86 968
86 1004
86 1008
86 1010
86 1019
86 1029
86 1130
86 1238
86 1243
87 41
87 42
87 49
87 50
87 77
87 78
87 79
87 80
87 90
87 94
87 99
87 100
87 101
87 102
87 103
87 104
87 105
87 106
87 107
87 110
87 118
87 124
87 181
87 189
87 243
87 244
87 245
87 246
87 247
87 248
87 249
87 250
87 251
87 252
87 275
87 301
87 302
87 400
87 414
87 441
87 442
87 443
87 444
87 445
87 446
87 447
87 448
87 449
87 450
87 451
87 452
87 453
87 454
87 455
87 456
87 457
87 458
87 459
87 460
87 461
87 462
87 463
87 464
87 465
87 466
87 467
87 468
87 469
87 470
87 471
87 472
87 473
87 479
87 574
87 592
87 593
87 597
87 598
87 599
87 600
87 601
87 602
87 603
87 604
87 605
87 606
87 607
87 608
87 609
87 630
87 631
87 637
87 638
87 641
87 642
87 657
87 658
87 829
87 904
87 967
87 968
87 1004
87 1008
87 1010
87 1019
87 1029
87 1130
87 1238
87 1243
88 42
88 43
88 50
88 51
88 81
88 82
88 90
88 95
88 96
88 97
88 98
88 108
88 118
88 124
88 182
88 187
88 188
88 190
88 191
88 241
88 242
88 253
88 254
88 275
88 302
88 303
88 304
88 400
88 413
88 474
88 479
88 573
88 592
88 610
88 611
88 612
88 613
88 614
88 615
88 616
88 617
88 618
88 619
88 620
88 621
88 622
88 623
88 624
88 625
88 626
88 627
88 628
88 629
88 630
88 640
88 658
88 828
88 904
88 965
88 966
88 1004
88 1008
88 1010
88 1019
88 1028
88 1130
88 1238
88 1243
89 44
89 45
89 52
89 53
89 82
89 83
89 90
89 95
89 109
89 111
89 118
89 124
89 182
89 183
89 187
89 191
89 240
89 241
89 255
89 256
89 275
89 305
89 306
89 307
89 400
89 413
89 474
89 479
89 574
89 592
89 640
89 655
89 656
89 657
89 658
89 827
89 828
89 904
89 964
89 965
89 1004
89 1008
89 1010
89 1019
89 1028
89 1130
89 1238
89 1243
90 45
90 46
90 53
90 54
90 84
90 85
90 90
90 94
90 109
90 118
90 124
90 183
90 186
90 192
90 211
90 212
90 213
90 214
90 215
90 216
90 217
90 238
90 239
90 256
90 257
90 275
90 308
90 309
90 310
90 400
90 413
90 444
90 445
90 446
90 447
90 448
90 449
90 450
90 451
90 452
90 453
90 454
90 455
90 456
90 457
90 458
90 459
90 460
90 461
90 462
90 463
90 464
90 465
90 466
90 467
90 470
90 471
90 472
90 473
90 474
90 479
90 574
90 575
90 576
90 577
90 578
90 579
90 580
90 581
90 592
90 593
90 594
90 595
90 637
90 641
90 642
90 643
90 644
90 645
90 646
90 647
90 648
90 649
90 650
90 651
90 652
90 653
90 654
90 820
90 821
90 822
90 823
90 824
90 825
90 826
90 827
90 905
90 906
90 962
90 963
90 1004
90 1008
90 1010
90 1019
90 1028
90 1129
90 1238
90 1244
90 1245
90 1246
90 1249
90 1250
90 1251
90 1252
90 1253
90 1254
90 1255
90 1256
90 1257
90 1260
90 1261
90 1262
90 1263
90 1264
90 1265
90 1266
90 1267
90 1268
90 1269
90 1270
90 1271
90 1272
90 1273
90 1274
90 1275
90 1276
90 1277
90 1278
90 1279
91 47
91 48
91 55
91 56
91 85
91 86
91 87
91 88
91 89
91 90
91 94
91 111
91 118
91 124
91 184
91 185
91 186
91 192
91 210
91 218
91 219
91 237
91 238
91 257
91 258
91 275
91 311
91 312
91 400
91 414
91 415
91 416
91 417
91 418
91 419
91 420
91 421
91 422
91 423
91 424
91 425
91 426
91 427
91 428
91 429
91 430
91 431
91 432
91 433
91 434
91 435
91 436
91 437
91 438
91 439
91 440
91 441
91 442
91 443
91 468
91 469
91 479
91 582
91 583
91 584
91 585
91 586
91 587
91 588
91 589
91 590
91 591
91 596
91 597
91 598
91 599
91 600
91 601
91 602
91 603
91 604
91 605
91 606
91 607
91 608
91 620
91 621
91 622
91 623
91 624
91 630
91 636
91 819
91 907
91 960
91 961
91 1004
91 1008
91 1010
91 1019
91 1028
91 1129
91 1238
91 1248
91 1258
91 1259
92 49
92 50
92 57
92 58
92 90
92 94
92 118
92 124
92 193
92 209
92 219
92 237
92 258
92 259
92 275
92 312
92 314
92 399
92 468
92 478
92 609
92 610
92 611
92 612
92 613
92 619
92 630
92 636
92 818
92 908
92 922
92 958
92 959
92 1004
92 1008
92 1010
92 1019
92 1028
92 1129
92 1238
92 1247
92 1257
92 1258
93 50
93 51
93 58
93 59
93 90
93 94
93 118
93 124
93 194
93 209
93 219
93 235
93 236
93 259
93 260
93 275
93 314
93 398
93 399
93 413
93 468
93 478
93 614
93 618
93 630
93 636
93 818
93 908
93 920
93 921
93 923
93 924
93 957
93 1004
93 1008
93 1010
93 1019
93 1028
93 1127
93 1128
93 1129
93 1238
93 1247
93 1255
93 1256
94 52
94 53
94 60
94 61
94 90
94 95
94 118
94 124
94 194
94 209
94 219
94 233
94 234
94 260
94 275
94 315
94 394
94 397
94 413
94 468
94 478
94 614
94 618
94 630
94 636
94 714
94 818
94 909
94 919
94 920
94 924
94 956
94 1004
94 1008
94 1010
94 1019
94 1028
94 1125
94 1126
94 1238
94 1247
94 1254
94 1255
95 54
95 55
95 61
95 62
95 90
95 95
95 118
95 124
95 195
95 209
95 219
95 231
95 232
95 261
95 275
95 315
95 390
95 391
95 392
95 393
95 395
95 413
95 468
95 478
95 614
95 618
95 630
95 636
95 712
95 713
95 715
95 716
95 717
95 718
95 719
95 720
95 721
95 722
95 818
95 910
95 911
95 917
95 918
95 924
95 956
95 1004
95 1008
95 1010
95 1019
95 1028
95 1123
95 1124
95 1237
95 1246
95 1253
95 1254
96 55
96 56
96 63
96 64
96 90
96 94
96 118
96 124
96 195
96 209
96 219
96 225
96 226
96 227
96 228
96 229
96 230
96 261
96 275
96 315
96 386
96 387
96 388
96 389
96 395
96 413
96 468
96 478
96 614
96 618
96 630
96 636
96 712
96 723
96 724
96 725
96 726
96 727
96 728
96 729
96 818
96 911
96 912
96 913
96 914
96 915
96 916
96 917
96 924
96 956
96 1004
96 1008
96 1010
96 1019
96 1028
96 1121
96 1122
96 1231
96 1232
96 1233
96 1234
96 1235
96 1236
96 1237
96 1245
96 1251
96 1252
97 57
97 58
97 65
97 66
97 90
97 94
97 118
97 124
97 196
97 209
97 219
97 224
97 261
97 275
97 316
97 317
97 361
97 384
97 385
97 395
97 413
97 468
97 478
97 614
97 618
97 630
97 636
97 711
97 730
97 731
97 732
97 816
97 819
97 923
97 955
97 1004
97 1008
97 1010
97 1019
97 1028
97 1120
97 1121
97 1220
97 1221
97 1222
97 1223
97 1224
97 1225
97 1226
97 1227
97 1228
97 1229
97 1230
97 1237
97 1245
97 1250
97 1251
98 58
98 59
98 66
98 67
98 68
98 90
98 94
98 118
98 124
98 196
98 197
98 208
98 219
98 223
98 261
98 275
98 318
98 319
98 320
98 321
98 322
98 323
98 324
98 360
98 362
98 363
98 364
98 384
98 395
98 413
98 468
98 478
98 614
98 618
98 630
98 636
98 704
98 705
98 706
98 707
98 708
98 709
98 710
98 733
98 736
98 814
98 815
98 817
98 818
98 924
98 925
98 926
98 927
98 928
98 929
98 930
98 931
98 932
98 933
98 934
98 935
98 936
98 937
98 955
98 1004
98 1008
98 1010
98 1019
98 1028
98 1119
98 1219
98 1237
98 1245
98 1248
98 1249
99 60
99 61
99 69
99 70
99 90
99 94
99 118
99 124
99 198
99 199
99 208
99 220
99 223
99 262
99 275
99 318
99 325
99 326
99 359
99 365
99 383
99 395
99 413
99 468
99 478
99 614
99 618
99 630
99 636
99 702
99 703
99 733
99 735
99 737
99 738
99 788
99 789
99 799
99 814
99 938
99 939
99 955
99 1004
99 1008
99 1010
99 1019
99 1028
99 1119
99 1219
99 1237
99 1246
99 1247
99 1248
100 62
100 63
100 70
100 71
100 90
100 94
100 118
100 124
100 199
100 200
100 208
100 220
100 222
100 262
100 275
100 327
100 359
100 365
100 383
100 395
100 413
100 468
100 478
100 614
100 618
100 630
100 636
100 699
100 700
100 701
100 739
100 786
100 787
100 790
100 791
100 798
100 800
100 801
100 807
100 808
100 813
100 939
100 955
100 1004
100 1008
100 1010
100 1019
100 1028
100 1119
100 1120
100 1219
100 1220
100 1237
101 63
101 64
101 72
101 73
101 90
101 94
101 118
101 124
101 200
101 201
101 208
101 220
101 222
101 263
101 274
101 327
101 359
101 365
101 382
101 395
101 413
101 468
101 478
101 614
101 618
101 630
101 636
101 698
101 740
101 741
101 786
101 792
101 793
101 797
101 802
101 803
101 804
101 805
101 806
101 809
101 813
101 940
101 954
101 1004
101 1008
101 1010
101 1019
101 1028
101 1121
101 1122
101 1220
101 1237
101 1246
101 1247
101 1248
101 1249
102 39
102 40
102 41
102 42
102 43
102 44
102 45
102 46
102 47
102 48
102 49
102 50
102 51
102 52
102 53
102 54
102 65
102 66
102 67
102 68
102 73
102 74
102 90
102 94
102 118
102 124
102 201
102 205
102 206
102 207
102 263
102 274
102 327
102 365
102 382
102 395
102 413
102 468
102 478
102 614
102 618
102 630
102 636
102 697
102 742
102 743
102 785
102 794
102 795
102 797
102 810
102 813
102 941
102 942
102 943
102 944
102 945
102 946
102 947
102 948
102 949
102 950
102 951
102 952
102 953
102 1004
102 1008
102 1010
102 1019
102 1028
102 1122
102 1123
102 1221
102 1237
102 1245
102 1250
102 1251
103 38
103 55
103 56
103 57
103 58
103 59
103 60
103 61
103 62
103 63
103 68
103 75
103 76
103 89
103 94
103 118
103 124
103 202
103 203
103 204
103 263
103 274
103 327
103 346
103 347
103 348
103 349
103 350
103 351
103 354
103 365
103 377
103 378
103 379
103 380
103 381
103 382
103 395
103 413
103 469
103 477
103 478
103 614
103 618
103 630
103 636
103 697
103 743
103 744
103 785
103 795
103 810
103 811
103 814
103 1004
103 1008
103 1010
103 1019
103 1028
103 1123
103 1221
103 1222
103 1237
103 1245
103 1251
103 1252
103 1275
103 1276
103 1277
103 1278
103 1279
104 37
104 66
104 67
104 68
104 77
104 78
104 89
104 94
104 118
104 124
104 263
104 274
104 328
104 331
104 332
104 333
104 334
104 335
104 336
104 337
104 338
104 339
104 340
104 341
104 342
104 343
104 344
104 345
104 352
104 365
104 375
104 376
104 395
104 413
104 470
104 471
104 472
104 473
104 474
104 475
104 476
104 614
104 618
104 630
104 636
104 697
104 744
104 785
104 811
104 812
104 815
104 1004
104 1008
104 1010
104 1019
104 1028
104 1123
104 1222
104 1223
104 1237
104 1245
104 1252
104 1253
104 1273
104 1274
105 37
105 78
105 79
105 89
105 94
105 118
105 124
105 264
105 274
105 329
105 352
105 365
105 375
105 395
105 413
105 614
105 618
105 630
105 636
105 697
105 745
105 777
105 778
105 779
105 780
105 785
105 812
105 1004
105 1008
105 1010
105 1019
105 1028
105 1123
105 1223
105 1224
105 1237
105 1245
105 1253
105 1271
105 1272
106 38
106 39
106 40
106 41
106 42
106 43
106 44
106 45
106 46
106 47
106 48
106 49
106 50
106 51
106 52
106 53
106 54
106 55
106 56
106 57
106 58
106 59
106 60
106 61
106 62
106 63
106 64
106 65
106 66
106 67
106 68
106 69
106 70
106 71
106 72
106 73
106 80
106 81
106 89
106 94
106 118
106 124
106 265
106 266
106 274
106 329
106 352
106 365
106 374
106 395
106 413
106 614
106 618
106 630
106 636
106 694
106 695
106 696
106 697
106 745
106 773
106 774
106 775
106 776
106 777
106 780
106 784
106 1004
106 1008
106 1010
106 1019
106 1028
106 1125
106 1126
106 1127
106 1128
106 1129
106 1130
106 1131
106 1132
106 1171
106 1172
106 1173
106 1174
106 1175
106 1176
106 1177
106 1178
106 1179
106 1225
106 1237
106 1245
106 1254
106 1255
106 1256
106 1257
106 1269
106 1270
107 74
107 75
107 81
107 82
107 89
107 94
107 118
107 124
107 266
107 267
107 268
107 269
107 274
107 329
107 352
107 366
107 367
107 368
107 369
107 370
107 371
107 372
107 373
107 374
107 395
107 413
107 614
107 618
107 630
107 636
107 691
107 692
107 693
107 746
107 771
107 772
107 781
107 782
107 783
107 1004
107 1008
107 1010
107 1019
107 1028
107 1124
107 1133
107 1134
107 1135
107 1136
107 1137
107 1138
107 1139
107 1140
107 1141
107 1142
107 1143
107 1144
107 1145
107 1146
107 1147
107 1148
107 1149
107 1150
107 1151
107 1152
107 1153
107 1154
107 1155
107 1156
107 1157
107 1158
107 1159
107 1160
107 1161
107 1162
107 1170
107 1180
107 1225
107 1237
107 1245
107 1258
107 1259
107 1260
107 1261
107 1262
107 1263
107 1264
107 1265
107 1266
107 1267
107 1268
108 76
108 77
108 83
108 84
108 89
108 94
108 118
108 124
108 270
108 271
108 272
108 274
108 329
108 352
108 366
108 395
108 413
108 614
108 618
108 630
108 636
108 690
108 747
108 770
108 771
108 1004
108 1008
108 1010
108 1019
108 1028
108 1123
108 1163
108 1164
108 1165
108 1166
108 1167
108 1168
108 1169
108 1181
108 1225
108 1237
108 1245
109 77
109 78
109 84
109 85
109 89
109 94
109 118
109 124
109 274
109 329
109 352
109 365
109 395
109 413
109 614
109 618
109 630
109 636
109 687
109 688
109 689
109 748
109 770
109 1004
109 1008
109 1010
109 1019
109 1027
109 1028
109 1124
109 1142
109 1143
109 1144
109 1145
109 1146
109 1147
109 1148
109 1149
109 1150
109 1151
109 1152
109 1181
109 1182
109 1183
109 1184
109 1185
109 1186
109 1187
109 1225
109 1237
109 1245
110 51
110 52
110 53
110 54
110 55
110 79
110 80
110 86
110 87
110 94
110 118
110 124
110 274
110 329
110 352
110 365
110 395
110 413
110 614
110 618
110 630
110 636
110 685
110 686
110 748
110 749
110 771
110 772
110 1004
110 1008
110 1010
110 1019
110 1023
110 1024
110 1025
110 1026
110 1124
110 1141
110 1142
110 1167
110 1168
110 1169
110 1188
110 1189
110 1190
110 1191
110 1192
110 1193
110 1194
110 1195
110 1196
110 1197
110 1198
110 1199
110 1200
110 1201
110 1202
110 1221
110 1222
110 1223
110 1224
110 1225
110 1237
110 1245
111 49
111 50
111 56
111 57
111 58
111 59
111 60
111 61
111 62
111 63
111 64
111 65
111 66
111 67
111 68
111 81
111 82
111 88
111 89
111 94
111 118
111 124
111 274
111 329
111 352
111 365
111 395
111 413
111 614
111 618
111 630
111 636
111 684
111 685
111 749
111 1004
111 1008
111 1010
111 1020
111 1021
111 1022
111 1124
111 1140
111 1141
111 1169
111 1170
111 1203
111 1204
111 1205
111 1206
111 1207
111 1208
111 1209
111 1210
111 1211
111 1212
111 1213
111 1214
111 1215
111 1216
111 1217
111 1218
111 1219
111 1220
111 1237
111 1245
112 49
112 69
112 70
112 71
112 72
112 73
112 74
112 75
112 82
112 83
112 89
112 94
112 118
112 124
112 274
112 329
112 352
112 365
112 395
112 413
112 614
112 618
112 630
112 636
112 682
112 683
112 749
112 764
112 765
112 766
112 767
112 768
112 769
112 1004
112 1008
112 1010
112 1124
112 1140
112 1170
112 1171
112 1237
112 1245
113 49
113 84
113 85
113 89
113 94
113 118
113 124
113 274
113 329
113 352
113 365
113 395
113 413
113 583
113 584
113 585
113 586
113 614
113 618
113 630
113 636
113 682
113 749
113 763
113 1004
113 1008
113 1009
113 1010
113 1019
113 1124
113 1139
113 1171
113 1172
113 1210
113 1211
113 1212
113 1213
113 1237
113 1245
114 50
114 75
114 85
114 86
114 89
114 94
114 118
114 123
114 274
114 329
114 352
114 365
114 395
114 413
114 581
114 582
114 587
114 588
114 589
114 614
114 618
114 630
114 636
114 682
114 748
114 762
114 1004
114 1007
114 1009
114 1019
114 1124
114 1134
114 1135
114 1136
114 1137
114 1138
114 1139
114 1172
114 1173
114 1208
114 1209
114 1237
114 1245
115 50
115 74
115 87
115 88
115 89
115 95
115 96
115 97
115 98
115 99
115 100
115 101
115 102
115 103
115 104
115 105
115 106
115 118
115 123
115 274
115 329
115 352
115 365
115 395
115 413
115 581
115 590
115 591
115 592
115 593
115 594
115 595
115 596
115 597
115 598
115 599
115 600
115 601
115 602
115 603
115 604
115 605
115 606
115 607
115 608
115 609
115 610
115 611
115 612
115 613
115 614
115 619
115 620
115 621
115 622
115 623
115 626
115 627
115 628
115 629
115 637
115 682
115 748
115 762
115 1004
115 1007
115 1019
115 1125
115 1126
115 1127
115 1128
115 1129
115 1130
115 1131
115 1132
115 1133
115 1173
115 1174
115 1207
115 1208
115 1237
115 1245
116 51
116 62
116 63
116 64
116 65
116 74
116 107
116 108
116 109
116 110
116 111
116 112
116 113
116 114
116 115
116 116
116 117
116 118
116 123
116 274
116 329
116 343
116 344
116 345
116 352
116 365
116 395
116 413
116 581
116 624
116 625
116 638
116 682
116 749
116 752
116 753
116 761
116 762
116 1004
116 1007
116 1019
116 1175
116 1176
116 1206
116 1207
116 1237
116 1245
117 51
117 61
117 66
117 73
117 89
117 119
117 123
117 274
117 329
117 343
117 345
117 346
117 352
117 366
117 395
117 413
117 478
117 479
117 480
117 481
117 482
117 486
117 487
117 488
117 489
117 490
117 491
117 582
117 583
117 590
117 638
117 639
117 681
117 682
117 749
117 750
117 751
117 752
117 754
117 758
117 759
117 760
117 1004
117 1007
117 1019
117 1176
117 1204
117 1205
117 1237
117 1245
118 52
118 60
118 66
118 72
118 73
118 89
118 119
118 120
118 123
118 274
118 329
118 333
118 343
118 346
118 347
118 352
118 366
118 395
118 413
118 468
118 469
118 470
118 471
118 472
118 473
118 474
118 475
118 476
118 477
118 483
118 484
118 485
118 492
118 493
118 583
118 584
118 585
118 586
118 587
118 588
118 589
118 590
118 592
118 593
118 594
118 595
118 596
118 620
118 621
118 622
118 623
118 624
118 625
118 626
118 639
118 640
118 680
118 681
118 754
118 755
118 756
118 757
118 1004
118 1007
118 1019
118 1084
118 1085
118 1086
118 1087
118 1088
118 1089
118 1090
118 1091
118 1092
118 1093
118 1177
118 1203
118 1204
118 1237
118 1245
119 52
119 60
119 66
119 72
119 89
119 120
119 123
119 274
119 330
119 332
119 334
119 335
119 336
119 337
119 338
119 339
119 340
119 341
119 348
119 349
119 352
119 366
119 395
119 413
119 466
119 467
119 494
119 597
119 598
119 599
119 600
119 601
119 602
119 612
119 613
119 619
119 626
119 641
119 642
119 680
119 1004
119 1007
119 1018
119 1081
119 1082
119 1083
119 1094
119 1095
119 1177
119 1178
119 1202
119 1203
119 1237
119 1245
120 53
120 60
120 66
120 71
120 89
120 120
120 123
120 274
120 330
120 349
120 350
120 352
120 365
120 368
120 394
120 395
120 413
120 466
120 483
120 484
120 485
120 486
120 487
120 488
120 489
120 490
120 491
120 492
120 494
120 603
120 604
120 605
120 606
120 611
120 614
120 618
120 625
120 626
120 642
120 643
120 679
120 1004
120 1007
120 1018
120 1080
120 1096
120 1097
120 1179
120 1201
120 1202
120 1237
120 1245
121 53
121 60
121 66
121 70
121 71
121 89
121 120
121 123
121 274
121 329
121 350
121 352
121 365
121 368
121 369
121 392
121 393
121 395
121 413
121 465
121 475
121 476
121 477
121 478
121 479
121 480
121 481
121 482
121 607
121 610
121 614
121 618
121 624
121 625
121 643
121 644
121 680
121 1004
121 1007
121 1018
121 1079
121 1098
121 1099
121 1180
121 1201
121 1237
121 1245
122 54
122 60
122 66
122 70
122 89
122 120
122 123
122 265
122 266
122 267
122 274
122 329
122 352
122 365
122 369
122 370
122 391
122 392
122 395
122 413
122 440
122 441
122 442
122 443
122 444
122 445
122 465
122 470
122 471
122 472
122 473
122 474
122 607
122 610
122 614
122 618
122 623
122 624
122 644
122 645
122 680
122 1004
122 1007
122 1018
122 1079
122 1099
122 1180
122 1200
122 1237
122 1245
123 54
123 55
123 60
123 66
123 69
123 89
123 95
123 96
123 97
123 98
123 99
123 100
123 101
123 102
123 103
123 104
123 105
123 106
123 107
123 108
123 109
123 110
123 111
123 112
123 113
123 114
123 115
123 116
123 117
123 120
123 123
123 264
123 267
123 274
123 329
123 352
123 365
123 371
123 372
123 373
123 374
123 375
123 376
123 390
123 395
123 414
123 437
123 438
123 439
123 446
123 447
123 465
123 469
123 607
123 610
123 614
123 618
123 623
123 645
123 680
123 1004
123 1007
123 1018
123 1079
123 1099
123 1181
123 1200
123 1237
123 1245
124 55
124 60
124 66
124 69
124 89
124 95
124 119
124 123
124 263
124 267
124 274
124 328
124 352
124 365
124 377
124 378
124 379
124 380
124 381
124 382
124 383
124 389
124 395
124 414
124 436
124 447
124 448
124 449
124 450
124 451
124 465
124 468
124 607
124 610
124 614
124 618
124 623
124 624
124 644
124 645
124 679
124 680
124 1004
124 1007
124 1018
124 1079
124 1099
124 1181
124 1199
124 1237
124 1245
125 56
125 60
125 67
125 68
125 89
125 94
125 118
125 123
125 263
125 267
125 274
125 328
125 352
125 365
125 384
125 385
125 386
125 389
125 395
125 414
125 435
125 452
125 465
125 468
125 607
125 610
125 614
125 618
125 624
125 625
125 643
125 644
125 677
125 678
125 786
125 787
125 788
125 789
125 790
125 791
125 792
125 793
125 794
125 795
125 796
125 797
125 798
125 799
125 800
125 801
125 802
125 803
125 804
125 805
125 806
125 807
125 808
125 809
125 810
125 811
125 812
125 813
125 814
125 815
125 816
125 817
125 818
125 819
125 820
125 821
125 822
125 823
125 824
125 825
125 826
125 827
125 828
125 829
125 830
125 831
125 832
125 833
125 834
125 835
125 836
125 837
125 838
125 839
125 840
125 841
125 842
125 843
125 844
125 845
125 846
125 847
125 848
125 849
125 850
125 851
125 852
125 853
125 854
125 1004
125 1007
125 1018
125 1079
125 1097
125 1098
125 1182
125 1199
125 1237
125 1245
126 56
126 60
126 89
126 94
126 118
126 123
126 263
126 267
126 274
126 328
126 352
126 365
126 387
126 395
126 414
126 435
126 453
126 465
126 468
126 607
126 610
126 614
126 618
126 625
126 626
126 642
126 643
126 676
126 677
126 783
126 784
126 785
126 855
126 1004
126 1007
126 1018
126 1079
126 1095
126 1096
126 1182
126 1198
126 1237
126 1245
127 57
127 60
127 66
127 89
127 94
127 118
127 123
127 263
127 267
127 274
127 328
127 352
127 365
127 395
127 413
127 416
127 434
127 453
127 465
127 468
127 607
127 610
127 614
127 618
127 626
127 641
127 642
127 675
127 676
127 781
127 782
127 855
127 1004
127 1007
127 1018
127 1079
127 1095
127 1183
127 1197
127 1198
127 1237
127 1245
128 57
128 60
128 66
128 89
128 94
128 118
128 123
128 218
128 219
128 263
128 267
128 274
128 328
128 352
128 365
128 395
128 413
128 416
128 434
128 453
128 465
128 468
128 607
128 610
128 614
128 618
128 626
128 640
128 675
128 780
128 855
128 1004
128 1007
128 1018
128 1079
128 1094
128 1183
128 1197
128 1237
128 1245
129 57
129 60
129 66
129 89
129 94
129 118
129 123
129 217
129 220
129 263
129 267
129 274
129 328
129 352
129 365
129 395
129 413
129 417
129 434
129 454
129 465
129 468
129 607
129 610
129 614
129 618
129 627
129 636
129 639
129 674
129 778
129 779
129 855
129 886
129 887
129 1004
129 1007
129 1018
129 1079
129 1095
129 1184
129 1196
129 1237
129 1245
130 58
130 60
130 66
130 89
130 94
130 118
130 123
130 210
130 211
130 217
130 221
130 222
130 263
130 267
130 274
130 328
130 352
130 365
130 395
130 413
130 418
130 434
130 455
130 456
130 457
130 465
130 468
130 585
130 586
130 587
130 588
130 589
130 607
130 610
130 614
130 618
130 627
130 628
130 630
130 636
130 639
130 674
130 774
130 775
130 776
130 777
130 855
130 885
130 888
130 1004
130 1007
130 1018
130 1079
130 1096
130 1097
130 1098
130 1185
130 1186
130 1195
130 1196
130 1237
130 1245
131 58
131 66
131 89
131 94
131 118
131 123
131 209
131 212
131 217
131 222
131 263
131 267
131 274
131 328
131 352
131 365
131 395
131 413
131 418
131 426
131 433
131 434
131 458
131 459
131 460
131 465
131 468
131 515
131 516
131 584
131 590
131 591
131 592
131 593
131 594
131 595
131 596
131 597
131 607
131 611
131 612
131 614
131 620
131 628
131 629
131 636
131 638
131 639
131 674
131 771
131 772
131 773
131 855
131 884
131 888
131 985
131 986
131 987
131 1004
131 1007
131 1018
131 1079
131 1099
131 1187
131 1188
131 1189
131 1190
131 1191
131 1192
131 1193
131 1194
131 1195
131 1237
131 1245
132 59
132 66
132 89
132 94
132 118
132 123
132 208
132 212
132 216
132 222
132 263
132 267
132 274
132 310
132 317
132 328
132 352
132 365
132 395
132 413
132 419
132 424
132 425
132 427
132 428
132 432
132 433
132 461
132 462
132 465
132 468
132 500
132 501
132 502
132 503
132 504
132 505
132 506
132 507
132 508
132 509
132 510
132 511
132 513
132 514
132 517
132 518
132 519
132 520
132 584
132 598
132 599
132 600
132 601
132 602
132 603
132 604
132 605
132 606
132 607
132 613
132 615
132 619
132 621
132 629
132 630
132 637
132 638
132 674
132 769
132 770
132 855
132 884
132 888
132 984
132 987
132 1004
132 1007
132 1018
132 1079
132 1099
132 1237
132 1245
133 59
133 61
133 66
133 89
133 94
133 118
133 123
133 206
133 207
133 208
133 209
133 212
133 216
133 221
133 263
133 267
133 274
133 310
133 317
133 328
133 352
133 365
133 395
133 413
133 419
133 420
133 423
133 424
133 428
133 431
133 432
133 463
133 465
133 468
133 499
133 512
133 513
133 521
133 584
133 585
133 586
133 587
133 588
133 589
133 590
133 591
133 613
133 615
133 618
133 621
133 630
133 637
133 675
133 766
133 767
133 768
133 855
133 884
133 888
133 983
133 987
133 1004
133 1007
133 1018
133 1079
133 1099
133 1237
133 1245
134 59
134 60
134 61
134 66
134 89
134 94
134 118
134 123
134 206
134 209
134 213
134 214
134 215
134 221
134 263
134 267
134 275
134 276
134 277
134 278
134 279
134 280
134 281
134 282
134 283
134 284
134 285
134 286
134 287
134 288
134 289
134 290
134 291
134 292
134 293
134 294
134 295
134 296
134 297
134 298
134 299
134 300
134 310
134 317
134 328
134 352
134 365
134 395
134 413
134 420
134 421
134 423
134 429
134 430
134 431
134 465
134 468
134 498
134 521
134 593
134 594
134 595
134 596
134 612
134 613
134 615
134 618
134 621
134 630
134 636
134 675
134 763
134 764
134 765
134 855
134 884
134 888
134 983
134 987
134 1004
134 1007
134 1018
134 1079
134 1098
134 1099
134 1237
134 1245
135 28
135 29
135 30
135 54
135 55
135 56
135 57
135 58
135 62
135 63
135 66
135 89
135 94
135 118
135 123
135 201
135 202
135 205
135 209
135 263
135 267
135 301
135 302
135 303
135 304
135 305
135 306
135 307
135 308
135 309
135 310
135 318
135 319
135 320
135 321
135 322
135 323
135 324
135 325
135 326
135 327
135 328
135 352
135 365
135 395
135 413
135 421
135 466
135 468
135 498
135 503
135 504
135 505
135 506
135 507
135 508
135 512
135 513
135 514
135 515
135 516
135 517
135 518
135 519
135 520
135 521
135 597
135 598
135 599
135 605
135 606
135 611
135 614
135 619
135 620
135 621
135 636
135 675
135 760
135 761
135 762
135 855
135 884
135 888
135 983
135 987
135 1004
135 1007
135 1018
135 1079
135 1096
135 1097
135 1098
135 1237
135 1245
136 27
136 30
136 53
136 64
136 67
136 68
136 69
136 70
136 71
136 72
136 73
136 74
136 89
136 94
136 118
136 123
136 200
136 203
136 211
136 212
136 213
136 214
136 215
136 216
136 217
136 218
136 219
136 220
136 221
136 222
136 223
136 224
136 225
136 263
136 267
136 336
136 337
136 338
136 352
136 365
136 395
136 413
136 466
136 468
136 498
136 502
136 600
136 604
136 607
136 610
136 614
136 628
136 629
136 630
136 636
136 675
136 758
136 759
136 855
136 884
136 888
136 983
136 987
136 1004
136 1007
136 1018
136 1079
136 1095
136 1237
136 1245
137 26
137 30
137 52
137 64
137 67
137 75
137 76
137 77
137 89
137 94
137 118
137 123
137 199
137 203
137 210
137 226
137 263
137 267
137 310
137 317
137 335
137 339
137 352
137 365
137 395
137 413
137 466
137 468
137 498
137 501
137 600
137 603
137 607
137 610
137 614
137 618
137 627
137 630
137 636
137 675
137 755
137 756
137 757
137 855
137 884
137 888
137 983
137 987
137 1004
137 1007
137 1018
137 1080
137 1081
137 1082
137 1094
137 1237
137 1245
138 26
138 30
138 50
138 51
138 52
138 64
138 78
138 89
138 94
138 118
138 123
138 199
138 203
138 209
138 226
138 263
138 267
138 310
138 317
138 334
138 339
138 352
138 365
138 395
138 413
138 465
138 468
138 498
138 501
138 600
138 603
138 607
138 610
138 614
138 618
138 626
138 630
138 636
138 675
138 753
138 754
138 855
138 884
138 888
138 983
138 987
138 1004
138 1007
138 1018
138 1055
138 1080
138 1095
138 1096
138 1237
138 1245
139 26
139 30
139 49
139 64
139 79
139 89
139 94
139 118
139 123
139 199
139 203
139 209
139 227
139 263
139 267
139 310
139 317
139 334
139 340
139 341
139 342
139 343
139 344
139 345
139 346
139 347
139 352
139 365
139 395
139 413
139 465
139 468
139 497
139 498
139 501
139 582
139 583
139 584
139 585
139 586
139 589
139 600
139 603
139 607
139 610
139 614
139 618
139 626
139 629
139 636
139 675
139 752
139 855
139 884
139 888
139 983
139 987
139 1004
139 1007
139 1018
139 1054
139 1056
139 1079
139 1097
139 1098
139 1099
139 1237
139 1245
140 26
140 30
140 48
140 64
140 79
140 80
140 89
140 94
140 118
140 123
140 199
140 203
140 209
140 227
140 263
140 267
140 310
140 317
140 334
140 340
140 348
140 349
140 350
140 352
140 365
140 395
140 413
140 465
140 469
140 495
140 496
140 498
140 501
140 513
140 514
140 515
140 516
140 517
140 518
140 519
140 580
140 581
140 587
140 588
140 590
140 591
140 592
140 593
140 594
140 595
140 596
140 597
140 598
140 599
140 603
140 607
140 610
140 614
140 618
140 625
140 629
140 636
140 674
140 751
140 856
140 884
140 888
140 983
140 988
140 1004
140 1007
140 1018
140 1053
140 1056
140 1079
140 1100
140 1237
140 1245
141 26
141 29
141 31
141 32
141 33
141 34
141 35
141 36
141 48
141 64
141 80
141 81
141 89
141 94
141 118
141 123
141 161
141 162
141 199
141 203
141 209
141 227
141 263
141 267
141 310
141 317
141 334
141 339
141 352
141 365
141 395
141 413
141 465
141 469
141 474
141 475
141 476
141 477
141 478
141 479
141 480
141 481
141 482
141 483
141 484
141 485
141 486
141 487
141 488
141 489
141 490
141 491
141 492
141 493
141 494
141 498
141 502
141 503
141 504
141 505
141 511
141 512
141 520
141 580
141 603
141 607
141 610
141 614
141 618
141 625
141 629
141 636
141 674
141 751
141 856
141 884
141 888
141 983
141 986
141 989
141 990
141 991
141 992
141 1004
141 1007
141 1009
141 1018
141 1053
141 1056
141 1079
141 1101
141 1237
141 1245
142 26
142 37
142 48
142 64
142 82
142 83
142 89
142 94
142 117
142 123
142 160
142 163
142 199
142 203
142 209
142 220
142 221
142 222
142 223
142 224
142 225
142 226
142 227
142 263
142 267
142 310
142 317
142 334
142 339
142 350
142 352
142 365
142 395
142 413
142 465
142 469
142 471
142 472
142 473
142 498
142 502
142 506
142 509
142 510
142 521
142 522
142 523
142 524
142 525
142 581
142 582
142 583
142 584
142 585
142 586
142 587
142 588
142 589
142 603
142 607
142 610
142 614
142 618
142 625
142 629
142 636
142 674
142 751
142 856
142 884
142 888
142 983
142 993
142 1004
142 1006
142 1009
142 1018
142 1053
142 1056
142 1079
142 1101
142 1237
142 1245
143 26
143 38
143 39
143 40
143 49
143 64
143 83
143 88
143 94
143 117
143 123
143 159
143 163
143 199
143 203
143 209
143 219
143 263
143 267
143 310
143 317
143 334
143 339
143 349
143 352
143 365
143 395
143 413
143 465
143 468
143 498
143 501
143 506
143 508
143 509
143 526
143 527
143 590
143 591
143 592
143 598
143 599
143 600
143 603
143 607
143 610
143 614
143 618
143 625
143 629
143 636
143 675
143 751
143 856
143 884
143 888
143 983
143 994
143 995
143 1003
143 1006
143 1009
143 1018
143 1053
143 1056
143 1079
143 1101
143 1237
143 1245
144 26
144 41
144 42
144 49
144 50
144 64
144 83
144 88
144 94
144 117
144 123
144 159
144 163
144 199
144 203
144 209
144 218
144 263
144 267
144 297
144 298
144 310
144 317
144 334
144 339
144 348
144 349
144 352
144 365
144 395
144 413
144 465
144 468
144 498
144 501
144 506
144 508
144 528
144 529
144 593
144 597
144 603
144 607
144 610
144 614
144 618
144 625
144 629
144 636
144 647
144 648
144 675
144 751
144 856
144 884
144 888
144 983
144 996
144 997
144 998
144 999
144 1003
144 1006
144 1009
144 1018
144 1053
144 1056
144 1079
144 1099
144 1100
144 1237
144 1245
145 26
145 43
145 44
145 50
145 51
145 64
145 81
145 82
145 88
145 94
145 117
145 123
145 159
145 163
145 199
145 203
145 210
145 211
145 212
145 213
145 214
145 215
145 216
145 217
145 218
145 263
145 267
145 296
145 297
145 299
145 310
145 317
145 334
145 339
145 348
145 352
145 365
145 395
145 413
145 465
145 468
145 498
145 501
145 529
145 530
145 579
145 580
145 581
145 582
145 585
145 593
145 596
145 603
145 607
145 610
145 614
145 617
145 625
145 629
145 636
145 645
145 646
145 649
145 675
145 751
145 856
145 884
145 888
145 976
145 977
145 978
145 979
145 980
145 981
145 1000
145 1001
145 1003
145 1006
145 1009
145 1018
145 1053
145 1056
145 1079
145 1095
145 1096
145 1097
145 1098
145 1237
145 1245
146 26
146 44
146 51
146 64
146 80
146 88
146 94
146 117
146 123
146 159
146 163
146 199
146 203
146 218
146 263
146 267
146 296
146 299
146 310
146 317
146 334
146 339
146 347
146 352
146 365
146 395
146 413
146 465
146 468
146 498
146 501
146 530
146 531
146 579
146 583
146 586
146 587
146 588
146 589
146 590
146 591
146 592
146 593
146 597
146 598
146 599
146 600
146 603
146 607
146 610
146 613
146 617
146 625
146 629
146 636
146 644
146 645
146 649
146 675
146 751
146 856
146 884
146 888
146 975
146 1004
146 1006
146 1009
146 1018
146 1053
146 1056
146 1079
146 1094
146 1237
146 1245
147 26
147 44
147 50
147 51
147 64
147 79
147 88
147 94
147 117
147 123
147 159
147 163
147 192
147 193
147 194
147 195
147 196
147 197
147 198
147 201
147 202
147 204
147 205
147 207
147 209
147 219
147 263
147 267
147 295
147 300
147 309
147 310
147 311
147 312
147 313
147 314
147 334
147 339
147 347
147 351
147 365
147 395
147 413
147 465
147 468
147 498
147 501
147 531
147 579
147 580
147 583
147 598
147 603
147 607
147 610
147 613
147 617
147 626
147 627
147 628
147 629
147 630
147 636
147 643
147 644
147 650
147 675
147 751
147 856
147 883
147 888
147 974
147 1004
147 1006
147 1009
147 1018
147 1053
147 1056
147 1079
147 1095
147 1096
147 1097
147 1100
147 1237
147 1245
148 26
148 43
148 49
148 64
148 80
148 88
148 94
148 117
148 123
148 159
148 164
148 165
148 166
148 167
148 168
148 169
148 170
148 191
148 210
148 219
148 263
148 267
148 295
148 301
148 302
148 303
148 304
148 305
148 306
148 307
148 308
148 315
148 332
148 333
148 334
148 336
148 337
148 348
148 351
148 364
148 395
148 413
148 465
148 468
148 498
148 501
148 532
148 586
148 587
148 598
148 599
148 603
148 607
148 610
148 613
148 617
148 624
148 631
148 636
148 641
148 642
148 651
148 652
148 675
148 751
148 856
148 883
148 888
148 974
148 1006
148 1009
148 1018
148 1053
148 1057
148 1058
148 1059
148 1060
148 1061
148 1062
148 1063
148 1064
148 1065
148 1066
148 1078
148 1101
148 1237
148 1245
149 26
149 43
149 48
149 64
149 80
149 81
149 88
149 94
149 117
149 123
149 159
149 164
149 171
149 190
149 197
149 198
149 208
149 210
149 220
149 263
149 267
149 294
149 301
149 315
149 331
149 338
149 349
149 364
149 395
149 413
149 465
149 468
149 498
149 501
149 532
149 533
149 589
149 592
149 593
149 597
149 603
149 607
149 610
149 613
149 617
149 621
149 622
149 623
149 631
149 638
149 652
149 653
149 668
149 669
149 675
149 751
149 856
149 883
149 888
149 974
149 1001
149 1003
149 1006
149 1009
149 1018
149 1053
149 1067
149 1078
149 1101
149 1237
149 1245
150 26
150 42
150 48
150 64
150 82
150 88
150 94
150 117
150 123
150 155
150 156
150 157
150 158
150 159
150 160
150 172
150 173
150 190
150 196
150 208
150 210
150 213
150 214
150 220
150 263
150 267
150 294
150 301
150 309
150 312
150 313
150 314
150 315
150 330
150 350
150 352
150 364
150 395
150 413
150 465
150 468
150 498
150 501
150 534
150 535
150 577
150 578
150 579
150 580
150 581
150 584
150 585
150 586
150 589
150 596
150 600
150 603
150 607
150 610
150 613
150 617
150 619
150 620
150 631
150 637
150 639
150 640
150 653
150 666
150 667
150 670
150 675
150 751
150 856
150 883
150 888
150 974
150 1000
150 1001
150 1003
150 1006
150 1009
150 1018
150 1052
150 1068
150 1078
150 1101
150 1237
150 1245
151 26
151 40
151 41
151 42
151 48
151 64
151 82
151 88
151 94
151 117
151 123
151 154
151 161
151 174
151 175
151 190
151 196
151 208
151 210
151 212
151 213
151 215
151 221
151 263
151 267
151 294
151 302
151 304
151 305
151 306
151 307
151 308
151 310
151 311
151 330
151 349
151 364
151 395
151 413
151 465
151 468
151 498
151 501
151 536
151 537
151 577
151 582
151 592
151 593
151 596
151 600
151 603
151 607
151 610
151 613
151 617
151 619
151 631
151 636
151 641
151 654
151 666
151 671
151 675
151 751
151 856
151 883
151 888
151 974
151 1000
151 1003
151 1006
151 1009
151 1018
151 1048
151 1049
151 1050
151 1068
151 1078
151 1098
151 1099
151 1100
151 1101
151 1237
151 1245
152 26
152 40
152 48
152 64
152 82
152 88
152 94
152 117
152 123
152 153
152 161
152 176
152 190
152 197
152 208
152 210
152 212
152 215
152 221
152 263
152 267
152 294
152 303
152 310
152 317
152 330
152 348
152 349
152 351
152 364
152 395
152 413
152 465
152 468
152 498
152 501
152 537
152 577
152 582
152 596
152 600
152 603
152 607
152 610
152 613
152 617
152 619
152 631
152 636
152 641
152 654
152 655
152 665
152 671
152 672
152 673
152 674
152 675
152 751
152 856
152 883
152 888
152 974
152 999
152 1003
152 1006
152 1009
152 1018
152 1047
152 1069
152 1078
152 1095
152 1096
152 1097
152 1237
152 1245
153 26
153 40
153 41
153 47
153 50
153 64
153 82
153 88
153 94
153 117
153 123
153 153
153 161
153 176
153 186
153 187
153 188
153 190
153 197
153 208
153 210
153 216
153 220
153 221
153 263
153 267
153 293
153 310
153 317
153 330
153 348
153 351
153 364
153 395
153 413
153 465
153 468
153 498
153 501
153 538
153 539
153 577
153 581
153 585
153 592
153 593
153 596
153 600
153 603
153 607
153 610
153 613
153 617
153 620
153 631
153 636
153 641
153 656
153 657
153 665
153 751
153 856
153 883
153 888
153 974
153 1000
153 1003
153 1006
153 1009
153 1018
153 1046
153 1069
153 1078
153 1094
153 1237
153 1245
154 26
154 41
154 47
154 51
154 64
154 80
154 81
154 88
154 94
154 117
154 123
154 153
154 161
154 176
154 184
154 185
154 190
154 198
154 210
154 216
154 219
154 220
154 263
154 267
154 293
154 304
154 310
154 317
154 330
154 348
154 351
154 364
154 395
154 413
154 465
154 468
154 498
154 501
154 540
154 541
154 577
154 581
154 582
154 583
154 584
154 585
154 596
154 600
154 603
154 607
154 611
154 613
154 617
154 631
154 636
154 640
154 657
154 665
154 751
154 856
154 883
154 887
154 974
154 1000
154 1001
154 1003
154 1006
154 1018
154 1046
154 1068
154 1069
154 1078
154 1093
154 1237
154 1245
155 26
155 41
155 47
155 51
155 64
155 80
155 88
155 94
155 117
155 123
155 153
155 161
155 173
155 174
155 175
155 183
155 184
155 190
155 210
155 216
155 218
155 262
155 267
155 293
155 305
155 310
155 317
155 330
155 348
155 349
155 351
155 364
155 395
155 413
155 465
155 468
155 498
155 501
155 541
155 577
155 578
155 592
155 593
155 596
155 600
155 603
155 607
155 611
155 613
155 617
155 631
155 636
155 640
155 658
155 665
155 751
155 856
155 883
155 887
155 974
155 1004
155 1006
155 1018
155 1046
155 1066
155 1067
155 1078
155 1093
155 1237
155 1245
156 25
156 41
156 47
156 51
156 53
156 64
156 77
156 78
156 79
156 88
156 94
156 117
156 123
156 153
156 161
156 172
156 182
156 183
156 190
156 197
156 210
156 262
156 267
156 293
156 305
156 310
156 317
156 330
156 349
156 351
156 364
156 395
156 413
156 465
156 468
156 498
156 501
156 541
156 579
156 580
156 581
156 582
156 583
156 584
156 596
156 600
156 603
156 607
156 610
156 613
156 617
156 620
156 631
156 636
156 641
156 658
156 659
156 664
156 751
156 856
156 883
156 887
156 974
156 1004
156 1006
156 1018
156 1046
156 1066
156 1078
156 1081
156 1082
156 1085
156 1086
156 1087
156 1088
156 1089
156 1090
156 1091
156 1092
156 1093
156 1237
156 1245
157 25
157 41
157 47
157 51
157 64
157 76
157 88
157 94
157 117
157 123
157 153
157 161
157 173
157 174
157 176
157 182
157 190
157 196
157 210
157 262
157 267
157 292
157 306
157 310
157 317
157 330
157 349
157 351
157 364
157 395
157 413
157 465
157 468
157 498
157 501
157 541
157 585
157 591
157 596
157 600
157 603
157 607
157 610
157 613
157 617
157 636
157 641
157 659
157 660
157 661
157 662
157 663
157 751
157 856
157 883
157 887
157 974
157 1006
157 1018
157 1046
157 1068
157 1078
157 1084
157 1236
157 1245
158 41
158 47
158 51
158 54
158 55
158 64
158 76
158 88
158 94
158 117
158 123
158 153
158 161
158 176
158 181
158 190
158 196
158 210
158 249
158 250
158 251
158 262
158 267
158 292
158 306
158 310
158 317
158 330
158 349
158 351
158 364
158 395
158 413
158 465
158 468
158 498
158 501
158 542
158 585
158 591
158 596
158 600
158 603
158 607
158 610
158 613
158 617
158 619
158 636
158 641
158 751
158 856
158 883
158 887
158 974
158 1001
158 1003
158 1006
158 1018
158 1046
158 1069
158 1078
158 1083
158 1236
158 1244
159 41
159 47
159 51
159 56
159 57
159 64
159 76
159 88
159 94
159 117
159 123
159 153
159 161
159 176
159 181
159 191
159 197
159 210
159 248
159 252
159 262
159 267
159 292
159 307
159 310
159 317
159 330
159 348
159 349
159 351
159 364
159 395
159 414
159 465
159 468
159 498
159 501
159 543
159 585
159 591
159 596
159 600
159 603
159 607
159 610
159 613
159 617
159 637
159 638
159 639
159 640
159 641
159 751
159 856
159 883
159 887
159 974
159 999
159 1000
159 1003
159 1006
159 1018
159 1046
159 1069
159 1078
159 1083
159 1236
159 1244
160 23
160 24
160 39
160 40
160 47
160 51
160 58
160 59
160 62
160 63
160 64
160 76
160 88
160 94
160 117
160 123
160 153
160 161
160 175
160 176
160 180
160 191
160 192
160 198
160 210
160 247
160 252
160 262
160 267
160 292
160 309
160 310
160 311
160 312
160 313
160 314
160 315
160 330
160 347
160 348
160 351
160 364
160 395
160 414
160 465
160 468
160 498
160 501
160 543
160 585
160 591
160 596
160 597
160 599
160 600
160 603
160 607
160 610
160 613
160 617
160 620
160 621
160 751
160 856
160 883
160 887
160 974
160 994
160 995
160 996
160 997
160 998
160 1003
160 1006
160 1018
160 1046
160 1069
160 1078
160 1083
160 1236
160 1244
161 21
161 22
161 33
161 34
161 35
161 36
161 37
161 38
161 47
161 51
161 60
161 66
161 76
161 88
161 94
161 117
161 123
161 153
161 161
161 174
161 180
161 192
161 193
161 196
161 197
161 198
161 210
161 247
161 252
161 262
161 267
161 291
161 307
161 308
161 330
161 347
161 351
161 364
161 395
161 414
161 465
161 468
161 498
161 501
161 544
161 585
161 591
161 596
161 600
161 603
161 607
161 610
161 613
161 617
161 622
161 623
161 630
161 636
161 751
161 856
161 883
161 887
161 974
161 982
161 988
161 989
161 990
161 991
161 992
161 993
161 1003
161 1006
161 1018
161 1046
161 1069
161 1078
161 1083
161 1236
161 1244
162 20
162 21
162 31
162 32
162 47
162 51
162 60
162 66
162 76
162 88
162 94
162 117
162 123
162 153
162 161
162 173
162 181
162 194
162 195
162 201
162 202
162 207
162 210
162 247
162 251
162 252
162 262
162 267
162 292
162 300
162 301
162 302
162 303
162 304
162 305
162 306
162 307
162 315
162 331
162 346
162 351
162 364
162 394
162 414
162 465
162 468
162 497
162 501
162 544
162 561
162 562
162 563
162 564
162 585
162 591
162 596
162 599
162 602
162 607
162 610
162 613
162 617
162 623
162 624
162 625
162 626
162 630
162 636
162 750
162 856
162 883
162 887
162 975
162 976
162 977
162 978
162 979
162 980
162 981
162 982
162 987
162 1003
162 1006
162 1018
162 1046
162 1069
162 1078
162 1083
162 1236
162 1244
163 18
163 19
163 31
163 39
163 40
163 47
163 51
163 60
163 76
163 88
163 94
163 117
163 123
163 154
163 155
163 161
163 173
163 181
163 182
163 200
163 204
163 205
163 209
163 247
163 251
163 262
163 267
163 292
163 293
163 294
163 295
163 296
163 297
163 298
163 299
163 308
163 309
163 312
163 313
163 314
163 317
163 331
163 332
163 333
163 336
163 337
163 338
163 341
163 342
163 343
163 344
163 345
163 346
163 351
163 364
163 394
163 414
163 465
163 468
163 497
163 500
163 545
163 559
163 560
163 565
163 570
163 571
163 572
163 573
163 574
163 575
163 576
163 577
163 578
163 579
163 580
163 581
163 582
163 583
163 584
163 585
163 591
163 594
163 596
163 599
163 602
163 607
163 610
163 613
163 617
163 627
163 628
163 636
163 748
163 749
163 750
163 856
163 883
163 887
163 986
163 1003
163 1006
163 1018
163 1046
163 1064
163 1065
163 1066
163 1067
163 1068
163 1069
163 1078
163 1083
163 1236
163 1244
164 18
164 30
164 35
164 41
164 42
164 47
164 51
164 60
164 67
164 69
164 70
164 71
164 76
164 88
164 94
164 117
164 123
164 156
164 157
164 158
164 161
164 164
164 165
164 166
164 167
164 168
164 169
164 170
164 171
164 172
164 193
164 199
164 203
164 209
164 247
164 250
164 262
164 267
164 300
164 301
164 302
164 303
164 304
164 305
164 306
164 310
164 311
164 317
164 334
164 340
164 351
164 364
164 394
164 414
164 465
164 468
164 497
164 500
164 545
164 557
164 558
164 566
164 567
164 568
164 569
164 585
164 591
164 592
164 594
164 599
164 602
164 607
164 610
164 613
164 617
164 629
164 636
164 744
164 745
164 746
164 747
164 856
164 883
164 887
164 982
164 986
164 1003
164 1006
164 1018
164 1046
164 1062
164 1063
164 1078
164 1083
164 1236
164 1244
165 18
165 30
165 34
165 42
165 47
165 51
165 60
165 66
165 72
165 76
165 88
165 94
165 117
165 123
165 159
165 160
165 164
165 185
165 186
165 187
165 188
165 189
165 190
165 191
165 192
165 199
165 203
165 209
165 247
165 250
165 262
165 267
165 310
165 317
165 334
165 339
165 351
165 364
165 394
165 414
165 465
165 468
165 497
165 500
165 546
165 585
165 591
165 594
165 599
165 602
165 607
165 610
165 613
165 617
165 629
165 635
165 716
165 717
165 742
165 743
165 856
165 883
165 887
165 982
165 986
165 1003
165 1006
165 1018
165 1046
165 1052
165 1056
165 1059
165 1060
165 1061
165 1062
165 1078
165 1083
165 1236
165 1244
166 19
166 33
166 42
166 47
166 51
166 60
166 66
166 73
166 75
166 88
166 94
166 117
166 123
166 159
166 163
166 182
166 183
166 184
166 192
166 199
166 203
166 209
166 247
166 250
166 262
166 267
166 310
166 317
166 334
166 339
166 351
166 364
166 394
166 414
166 465
166 468
166 497
166 500
166 558
166 559
166 560
166 561
166 562
166 563
166 564
166 565
166 566
166 567
166 568
166 569
166 570
166 571
166 572
166 573
166 574
166 575
166 576
166 577
166 578
166 579
166 580
166 581
166 582
166 583
166 584
166 585
166 591
166 594
166 599
166 602
166 607
166 610
166 613
166 617
166 629
166 635
166 714
166 715
166 718
166 719
166 741
166 856
166 883
166 887
166 982
166 986
166 1003
166 1006
166 1018
166 1047
166 1048
166 1049
166 1050
166 1051
166 1052
166 1058
166 1078
166 1083
166 1236
166 1244
167 19
167 31
167 41
167 47
167 51
167 60
167 66
167 72
167 75
167 88
167 94
167 117
167 123
167 159
167 163
167 181
167 192
167 199
167 203
167 209
167 247
167 250
167 262
167 267
167 310
167 317
167 334
167 339
167 351
167 364
167 394
167 414
167 465
167 468
167 497
167 500
167 546
167 547
167 548
167 549
167 550
167 551
167 552
167 553
167 554
167 555
167 556
167 557
167 591
167 594
167 599
167 602
167 607
167 610
167 613
167 617
167 629
167 635
167 713
167 714
167 719
167 720
167 740
167 857
167 883
167 887
167 982
167 986
167 1003
167 1006
167 1018
167 1057
167 1078
167 1083
167 1236
167 1244
168 20
168 31
168 40
168 41
168 47
168 51
168 60
168 66
168 72
168 75
168 88
168 94
168 117
168 123
168 159
168 163
168 181
168 192
168 199
168 203
168 209
168 247
168 250
168 262
168 267
168 310
168 317
168 334
168 339
168 351
168 364
168 394
168 414
168 465
168 468
168 497
168 500
168 546
168 556
168 585
168 588
168 591
168 594
168 599
168 602
168 607
168 610
168 613
168 617
168 629
168 635
168 712
168 713
168 720
168 740
168 857
168 883
168 887
168 982
168 986
168 1003
168 1006
168 1018
168 1052
168 1057
168 1078
168 1083
168 1236
168 1244
169 20
169 31
169 40
169 47
169 51
169 60
169 66
169 72
169 75
169 88
169 94
169 117
169 123
169 159
169 163
169 181
169 192
169 199
169 203
169 209
169 247
169 250
169 262
169 267
169 310
169 317
169 334
169 339
169 351
169 364
169 394
169 414
169 465
169 468
169 497
169 500
169 545
169 556
169 585
169 589
169 591
169 594
169 599
169 602
169 607
169 610
169 613
169 617
169 629
169 635
169 712
169 721
169 740
169 857
169 883
169 887
169 982
169 986
169 1003
169 1006
169 1018
169 1052
169 1057
169 1078
169 1083
169 1236
169 1244
170 20
170 39
170 47
170 51
170 60
170 66
170 72
170 75
170 88
170 94
170 117
170 123
170 159
170 163
170 181
170 192
170 199
170 203
170 209
170 247
170 250
170 262
170 267
170 310
170 317
170 334
170 339
170 351
170 364
170 394
170 414
170 465
170 468
170 497
170 500
170 545
170 556
170 585
170 589
170 591
170 594
170 599
170 602
170 607
170 610
170 613
170 617
170 629
170 635
170 711
170 721
170 740
170 857
170 883
170 887
170 982
170 986
170 1003
170 1006
170 1018
170 1052
170 1057
170 1078
170 1083
170 1236
170 1244
171 21
171 39
171 47
171 51
171 60
171 66
171 72
171 75
171 88
171 94
171 117
171 123
171 159
171 163
171 182
171 183
171 184
171 185
171 190
171 191
171 192
171 199
171 203
171 209
171 247
171 250
171 262
171 267
171 310
171 316
171 334
171 339
171 351
171 364
171 394
171 414
171 465
171 468
171 497
171 500
171 545
171 557
171 558
171 559
171 560
171 561
171 562
171 563
171 564
171 565
171 566
171 567
171 568
171 569
171 570
171 571
171 572
171 573
171 574
171 575
171 576
171 577
171 578
171 579
171 580
171 581
171 582
171 583
171 584
171 588
171 591
171 594
171 599
171 602
171 607
171 610
171 613
171 617
171 629
171 635
171 711
171 721
171 740
171 857
171 883
171 887
171 982
171 986
171 1003
171 1006
171 1018
171 1052
171 1057
171 1078
171 1083
171 1236
171 1244
172 21
172 39
172 47
172 51
172 60
172 66
172 72
172 75
172 88
172 94
172 117
172 123
172 159
172 163
172 186
172 187
172 188
172 189
172 199
172 203
172 209
172 247
172 250
172 310
172 316
172 334
172 339
172 351
172 364
172 394
172 414
172 465
172 468
172 497
172 500
172 545
172 557
172 585
172 587
172 589
172 591
172 594
172 599
172 602
172 607
172 610
172 613
172 617
172 629
172 635
172 639
172 640
172 641
172 642
172 712
172 721
172 740
172 857
172 883
172 887
172 982
172 986
172 1003
172 1006
172 1018
172 1052
172 1057
172 1078
172 1083
172 1236
172 1244
173 22
173 38
173 47
173 51
173 60
173 66
173 72
173 76
173 88
173 94
173 117
173 123
173 159
173 163
173 186
173 199
173 203
173 209
173 247
173 250
173 310
173 316
173 334
173 339
173 351
173 364
173 394
173 414
173 465
173 468
173 497
173 500
173 545
173 548
173 554
173 557
173 558
173 559
173 560
173 561
173 562
173 563
173 564
173 567
173 585
173 589
173 591
173 594
173 599
173 602
173 607
173 610
173 613
173 617
173 629
173 635
173 638
173 642
173 712
173 721
173 740
173 857
173 883
173 887
173 982
173 986
173 1003
173 1006
173 1018
173 1052
173 1057
173 1078
173 1084
173 1236
173 1244
174 22
174 37
174 38
174 47
174 51
174 60
174 66
174 72
174 76
174 88
174 94
174 117
174 123
174 159
174 163
174 186
174 199
174 202
174 205
174 209
174 247
174 250
174 310
174 316
174 334
174 339
174 351
174 364
174 394
174 414
174 465
174 468
174 497
174 500
174 545
174 553
174 556
174 557
174 565
174 568
174 585
174 589
174 591
174 594
174 599
174 602
174 607
174 610
174 613
174 617
174 629
174 635
174 642
174 713
174 720
174 741
174 857
174 883
174 887
174 982
174 986
174 1003
174 1006
174 1018
174 1052
174 1057
174 1078
174 1084
174 1236
174 1244
175 23
175 37
175 47
175 51
175 60
175 66
175 72
175 76
175 88
175 94
175 117
175 123
175 159
175 163
175 186
175 198
175 201
175 205
175 209
175 247
175 250
175 310
175 316
175 334
175 339
175 351
175 364
175 394
175 414
175 465
175 468
175 497
175 500
175 545
175 553
175 556
175 565
175 568
175 585
175 589
175 591
175 594
175 599
175 602
175 607
175 610
175 613
175 617
175 629
175 635
175 638
175 642
175 713
175 714
175 719
175 720
175 742
175 857
175 883
175 887
175 982
175 986
175 1003
175 1006
175 1018
175 1052
175 1057
175 1078
175 1084
175 1236
175 1244
176 23
176 36
176 47
176 51
176 59
176 66
176 72
176 76
176 88
176 94
176 117
176 123
176 159
176 163
176 186
176 198
176 201
176 205
176 209
176 247
176 250
176 310
176 316
176 334
176 339
176 351
176 364
176 394
176 414
176 465
176 468
176 497
176 500
176 553
176 555
176 565
176 568
176 585
176 589
176 591
176 594
176 599
176 602
176 607
176 610
176 613
176 617
176 629
176 635
176 639
176 640
176 641
176 714
176 719
176 742
176 857
176 887
176 908
176 909
176 910
176 911
176 912
176 913
176 914
176 915
176 916
176 917
176 918
176 919
176 920
176 921
176 922
176 923
176 924
176 925
176 926
176 927
176 928
176 929
176 930
176 931
176 932
176 933
176 934
176 935
176 936
176 937
176 981
176 985
176 1003
176 1006
176 1018
176 1052
176 1057
176 1078
176 1084
176 1236
176 1244
177 24
177 36
177 47
177 51
177 59
177 66
177 72
177 76
177 88
177 94
177 117
177 123
177 159
177 163
177 186
177 198
177 201
177 204
177 209
177 230
177 231
177 232
177 233
177 234
177 235
177 236
177 237
177 238
177 239
177 240
177 241
177 242
177 243
177 244
177 245
177 246
177 247
177 248
177 249
177 250
177 251
177 252
177 310
177 316
177 333
177 339
177 351
177 364
177 394
177 414
177 465
177 468
177 497
177 500
177 555
177 565
177 568
177 585
177 589
177 591
177 594
177 599
177 602
177 607
177 610
177 613
177 617
177 622
177 623
177 624
177 625
177 626
177 629
177 635
177 716
177 717
177 742
177 857
177 882
177 883
177 884
177 885
177 886
177 887
177 888
177 889
177 890
177 891
177 892
177 893
177 894
177 895
177 896
177 897
177 898
177 899
177 900
177 901
177 902
177 903
177 904
177 905
177 906
177 907
177 938
177 939
177 940
177 941
177 942
177 943
177 944
177 945
177 946
177 947
177 948
177 949
177 950
177 951
177 952
177 953
177 954
177 955
177 956
177 957
177 958
177 959
177 981
177 985
177 1003
177 1006
177 1018
177 1052
177 1057
177 1078
177 1084
177 1236
177 1244
178 24
178 36
178 47
178 51
178 59
178 66
178 72
178 76
178 88
178 94
178 117
178 123
178 159
178 163
178 186
178 198
178 201
178 204
178 209
178 228
178 229
178 253
178 310
178 316
178 339
178 351
178 364
178 394
178 414
178 465
178 468
178 566
178 567
178 568
178 569
178 585
178 589
178 591
178 594
178 599
178 602
178 607
178 610
178 613
178 617
178 620
178 621
178 627
178 628
178 636
178 637
178 638
178 639
178 640
178 641
178 642
178 677
178 678
178 679
178 680
178 681
178 682
178 683
178 715
178 717
178 742
178 857
178 865
178 866
178 867
178 868
178 869
178 870
178 871
178 872
178 873
178 874
178 875
178 876
178 877
178 878
178 879
178 880
178 881
178 960
178 961
178 962
178 963
178 964
178 965
178 966
178 967
178 981
178 985
178 1003
178 1006
178 1018
178 1052
178 1057
178 1078
178 1084
178 1236
178 1244
179 23
179 24
179 36
179 47
179 51
179 59
179 66
179 72
179 76
179 88
179 94
179 117
179 123
179 159
179 163
179 186
179 198
179 201
179 204
179 209
179 227
179 253
179 310
179 316
179 331
179 332
179 333
179 339
179 351
179 365
179 394
179 414
179 465
179 468
179 585
179 589
179 591
179 594
179 599
179 602
179 607
179 610
179 613
179 618
179 619
179 620
179 629
179 636
179 643
179 644
179 673
179 674
179 675
179 676
179 684
179 685
179 715
179 717
179 742
179 858
179 859
179 860
179 861
179 862
179 863
179 864
179 968
179 969
179 970
179 971
179 972
179 973
179 981
179 985
179 1003
179 1006
179 1018
179 1052
179 1057
179 1078
179 1084
179 1236
179 1244
180 23
180 37
180 47
180 51
180 59
180 66
180 72
180 76
180 88
180 94
180 117
180 123
180 159
180 163
180 186
180 198
180 201
180 204
180 209
180 226
180 253
180 310
180 333
180 351
180 365
180 394
180 414
180 581
180 582
180 583
180 584
180 585
180 587
180 588
180 589
180 591
180 594
180 599
180 602
180 607
180 610
180 613
180 618
180 629
180 635
180 644
180 671
180 672
180 685
180 686
180 715
180 717
180 742
180 853
180 854
180 855
180 856
180 858
180 974
180 975
180 976
180 977
180 978
180 985
180 1003
180 1006
180 1018
180 1052
180 1057
180 1078
180 1084
180 1236
180 1244
181 22
181 37
181 47
181 51
181 59
181 66
181 72
181 88
181 94
181 117
181 123
181 159
181 163
181 186
181 198
181 201
181 204
181 209
181 226
181 254
181 310
181 317
181 333
181 339
181 351
181 364
181 394
181 414
181 592
181 593
181 594
181 597
181 598
181 599
181 602
181 607
181 610
181 613
181 618
181 629
181 635
181 645
181 670
181 671
181 686
181 698
181 699
181 700
181 701
181 702
181 703
181 704
181 705
181 706
181 707
181 708
181 709
181 710
181 711
181 712
181 713
181 714
181 715
181 716
181 717
181 718
181 719
181 720
181 743
181 744
181 745
181 746
181 747
181 748
181 849
181 850
181 851
181 852
181 979
181 980
181 981
181 985
181 1003
181 1006
181 1018
181 1052
181 1057
181 1078
181 1084
181 1236
181 1244
182 21
182 22
182 47
182 51
182 59
182 66
182 72
182 76
182 88
182 94
182 117
182 123
182 159
182 163
182 186
182 188
182 198
182 201
182 204
182 209
182 226
182 254
182 271
182 272
182 310
182 317
182 333
182 339
182 351
182 364
182 393
182 414
182 592
182 594
182 597
182 599
182 603
182 604
182 605
182 606
182 607
182 611
182 612
182 613
182 618
182 629
182 635
182 645
182 659
182 660
182 661
182 662
182 663
182 664
182 665
182 666
182 667
182 668
182 669
182 670
182 673
182 674
182 675
182 676
182 677
182 678
182 687
182 696
182 697
182 717
182 721
182 722
182 723
182 724
182 725
182 726
182 727
182 749
182 847
182 848
182 981
182 982
182 1003
182 1006
182 1018
182 1052
182 1057
182 1078
182 1084
182 1236
182 1244
183 20
183 21
183 38
183 47
183 51
183 59
183 66
183 72
183 76
183 88
183 94
183 117
183 123
183 159
183 163
183 185
183 188
183 198
183 201
183 204
183 209
183 215
183 216
183 217
183 218
183 219
183 220
183 221
183 222
183 223
183 224
183 225
183 226
183 253
183 272
183 273
183 310
183 316
183 333
183 339
183 364
183 392
183 394
183 414
183 594
183 599
183 603
183 607
183 611
183 613
183 629
183 635
183 646
183 657
183 658
183 679
183 680
183 687
183 688
183 694
183 695
183 717
183 728
183 729
183 749
183 845
183 846
183 983
183 984
183 1003
183 1006
183 1018
183 1052
183 1057
183 1078
183 1084
183 1236
183 1244
184 20
184 47
184 51
184 59
184 66
184 72
184 76
184 87
184 94
184 117
184 123
184 159
184 163
184 185
184 188
184 197
184 198
184 201
184 202
184 203
184 210
184 211
184 212
184 213
184 214
184 226
184 253
184 263
184 264
184 265
184 273
184 274
184 310
184 316
184 333
184 339
184 349
184 350
184 351
184 364
184 391
184 394
184 599
184 602
184 607
184 610
184 613
184 635
184 646
184 656
184 680
184 688
184 693
184 694
184 729
184 730
184 749
184 842
184 843
184 844
184 984
184 985
184 1003
184 1006
184 1018
184 1052
184 1057
184 1078
184 1084
184 1236
184 1244
185 19
185 47
185 51
185 59
185 66
185 72
185 76
185 87
185 94
185 117
185 123
185 159
185 163
185 181
185 182
185 183
185 184
185 185
185 189
185 190
185 191
185 192
185 193
185 194
185 195
185 196
185 198
185 200
185 204
185 210
185 226
185 253
185 275
185 276
185 298
185 299
185 300
185 301
185 302
185 303
185 304
185 305
185 306
185 307
185 308
185 309
185 310
185 316
185 333
185 339
185 351
185 364
185 391
185 394
185 414
185 607
185 610
185 613
185 617
185 627
185 628
185 629
185 634
185 635
185 653
185 655
185 680
185 688
185 693
185 730
185 731
185 749
185 840
185 841
185 985
185 986
185 996
185 997
185 998
185 999
185 1000
185 1001
185 1002
185 1003
185 1004
185 1005
185 1006
185 1007
185 1008
185 1018
185 1052
185 1057
185 1078
185 1084
185 1236
185 1244
186 19
186 47
186 51
186 59
186 66
186 72
186 76
186 87
186 94
186 117
186 123
186 154
186 155
186 156
186 157
186 158
186 159
186 164
186 165
186 166
186 167
186 168
186 169
186 170
186 171
186 172
186 173
186 174
186 175
186 176
186 177
186 178
186 179
186 180
186 185
186 189
186 199
186 204
186 209
186 226
186 253
186 276
186 277
186 294
186 295
186 296
186 297
186 310
186 316
186 333
186 339
186 351
186 364
186 391
186 394
186 414
186 607
186 610
186 613
186 617
186 629
186 636
186 646
186 654
186 680
186 689
186 692
186 731
186 749
186 838
186 839
186 987
186 988
186 995
186 1009
186 1010
186 1011
186 1012
186 1013
186 1014
186 1015
186 1016
186 1017
186 1018
186 1019
186 1020
186 1021
186 1022
186 1023
186 1052
186 1057
186 1078
186 1084
186 1236
186 1244
187 18
187 47
187 51
187 59
187 66
187 72
187 76
187 87
187 94
187 124
187 125
187 126
187 127
187 128
187 129
187 130
187 131
187 132
187 133
187 134
187 135
187 136
187 137
187 138
187 139
187 140
187 141
187 142
187 143
187 144
187 145
187 146
187 147
187 148
187 149
187 150
187 151
187 152
187 153
187 159
187 164
187 185
187 188
187 199
187 204
187 209
187 226
187 253
187 277
187 278
187 279
187 280
187 281
187 290
187 291
187 292
187 293
187 310
187 316
187 332
187 339
187 351
187 364
187 391
187 394
187 607
187 610
187 613
187 617
187 627
187 628
187 636
187 637
187 646
187 681
187 689
187 691
187 692
187 732
187 749
187 836
187 837
187 988
187 989
187 994
187 1024
187 1052
187 1057
187 1078
187 1084
187 1236
187 1244
188 18
188 47
188 51
188 59
188 66
188 72
188 76
188 81
188 82
188 83
188 84
188 85
188 86
188 87
188 95
188 96
188 97
188 98
188 99
188 100
188 101
188 102
188 103
188 104
188 105
188 106
188 107
188 108
188 109
188 110
188 111
188 112
188 113
188 114
188 115
188 116
188 117
188 124
188 159
188 163
188 185
188 188
188 199
188 204
188 209
188 226
188 253
188 282
188 283
188 284
188 285
188 286
188 287
188 288
188 289
188 310
188 316
188 331
188 339
188 351
188 364
188 380
188 381
188 391
188 394
188 414
188 610
188 613
188 617
188 626
188 627
188 637
188 638
188 646
188 654
188 681
188 689
188 691
188 732
188 749
188 834
188 835
188 989
188 994
188 1024
188 1052
188 1057
188 1078
188 1084
188 1179
188 1180
188 1181
188 1236
188 1244
189 18
189 31
189 32
189 33
189 41
189 42
189 43
189 44
189 45
189 46
189 47
189 52
189 53
189 54
189 55
189 56
189 57
189 58
189 59
189 67
189 68
189 69
189 70
189 71
189 72
189 77
189 78
189 79
189 80
189 87
189 95
189 117
189 123
189 159
189 163
189 185
189 188
189 199
189 203
189 209
189 226
189 253
189 297
189 298
189 310
189 316
189 331
189 339
189 351
189 364
189 382
189 383
189 394
189 414
189 613
189 617
189 625
189 626
189 638
189 651
189 652
189 653
189 681
189 689
189 690
189 691
189 733
189 749
189 833
189 834
189 990
189 994
189 1024
189 1052
189 1057
189 1078
189 1084
189 1174
189 1175
189 1176
189 1177
189 1178
189 1182
189 1236
189 1244
190 18
190 19
190 24
190 25
190 31
190 34
190 40
190 41
190 47
190 52
190 59
190 67
190 72
190 77
190 87
190 94
190 117
190 123
190 159
190 163
190 185
190 188
190 199
190 201
190 202
190 204
190 209
190 226
190 296
190 299
190 300
190 301
190 310
190 316
190 331
190 339
190 351
190 364
190 391
190 394
190 617
190 625
190 639
190 650
190 681
190 688
190 733
190 734
190 749
190 832
190 833
190 990
190 991
190 994
190 1024
190 1052
190 1057
190 1078
190 1084
190 1172
190 1173
190 1182
190 1236
190 1244
191 20
191 21
191 22
191 23
191 25
191 35
191 38
191 39
191 47
191 51
191 59
191 66
191 117
191 123
191 159
191 164
191 165
191 185
191 188
191 198
191 201
191 204
191 209
191 226
191 295
191 302
191 310
191 316
191 331
191 339
191 351
191 364
191 391
191 394
191 624
191 639
191 649
191 681
191 687
191 734
191 749
191 830
191 831
191 991
191 994
191 1024
191 1052
191 1057
191 1078
191 1084
191 1170
191 1171
191 1177
191 1178
191 1179
191 1182
191 1236
191 1244
192 25
192 35
192 36
192 37
192 47
192 51
192 59
192 64
192 65
192 66
192 67
192 68
192 117
192 123
192 160
192 161
192 162
192 166
192 167
192 168
192 185
192 188
192 198
192 201
192 204
192 209
192 226
192 295
192 302
192 310
192 316
192 332
192 339
192 351
192 364
192 391
192 394
192 414
192 624
192 640
192 650
192 651
192 652
192 683
192 684
192 685
192 686
192 735
192 749
192 829
192 830
192 992
192 994
192 1024
192 1052
192 1057
192 1078
192 1084
192 1169
192 1170
192 1180
192 1236
192 1244
193 24
193 47
193 51
193 59
193 63
193 117
193 123
193 158
193 159
193 169
193 170
193 185
193 188
193 198
193 201
193 204
193 209
193 226
193 295
193 302
193 310
193 316
193 333
193 339
193 351
193 364
193 391
193 394
193 414
193 623
193 639
193 683
193 686
193 735
193 736
193 747
193 748
193 749
193 828
193 829
193 992
193 993
193 994
193 1024
193 1052
193 1056
193 1078
193 1084
193 1167
193 1168
193 1183
193 1236
193 1244
194 24
194 30
194 47
194 51
194 59
194 62
194 117
194 123
194 157
194 170
194 185
194 188
194 198
194 201
194 204
194 209
194 295
194 302
194 310
194 316
194 333
194 339
194 351
194 364
194 391
194 394
194 414
194 623
194 639
194 650
194 651
194 652
194 683
194 686
194 735
194 827
194 828
194 994
194 1024
194 1052
194 1056
194 1078
194 1084
194 1166
194 1167
194 1181
194 1183
194 1236
194 1244
195 24
195 30
195 59
195 62
195 117
195 123
195 156
195 171
195 185
195 188
195 198
195 201
195 204
195 209
195 295
195 302
195 310
195 316
195 333
195 339
195 351
195 364
195 391
195 394
195 414
195 623
195 639
195 650
195 683
195 686
195 736
195 749
195 826
195 827
195 994
195 1024
195 1052
195 1056
195 1078
195 1084
195 1166
195 1236
195 1244
196 24
196 30
196 59
196 62
196 117
196 123
196 156
196 171
196 198
196 201
196 204
196 209
196 295
196 302
196 310
196 316
196 333
196 339
196 351
196 364
196 392
196 393
196 414
196 624
196 639
196 649
196 683
196 686
196 736
196 749
196 825
196 826
196 994
196 1024
196 1052
196 1056
196 1078
196 1084
196 1165
196 1183
196 1236
196 1244
197 24
197 30
197 59
197 62
197 117
197 123
197 155
197 171
197 198
197 201
197 204
197 209
197 295
197 302
197 310
197 316
197 333
197 339
197 351
197 364
197 394
197 414
197 624
197 639
197 649
197 683
197 685
197 736
197 749
197 824
197 825
197 995
197 1024
197 1051
197 1056
197 1078
197 1084
197 1165
197 1183
197 1184
197 1236
197 1244
198 24
198 59
198 62
198 116
198 123
198 155
198 171
198 198
198 201
198 204
198 209
198 295
198 302
198 310
198 316
198 333
198 339
198 351
198 364
198 394
198 414
198 625
198 638
198 649
198 683
198 685
198 736
198 749
198 823
198 824
198 995
198 1024
198 1051
198 1056
198 1078
198 1084
198 1164
198 1184
198 1236
198 1244
199 59
199 63
199 64
199 65
199 68
199 116
199 123
199 155
199 171
199 198
199 201
199 204
199 209
199 295
199 302
199 310
199 316
199 333
199 339
199 351
199 364
199 394
199 414
199 625
199 626
199 638
199 682
199 684
199 737
199 749
199 822
199 823
199 995
199 1024
199 1051
199 1078
199 1084
199 1164
199 1185
199 1236
199 1244
200 59
200 66
200 67
200 116
200 123
200 155
200 171
200 198
200 201
200 204
200 209
200 295
200 302
200 310
200 316
200 333
200 339
200 351
200 364
200 394
200 414
200 627
200 628
200 637
200 682
200 684
200 737
200 749
200 820
200 821
200 996
200 1024
200 1051
200 1056
200 1077
200 1084
200 1164
200 1185
200 1236
200 1244
201 59
201 66
201 116
201 123
201 154
201 171
201 198
201 201
201 204
201 209
201 295
201 302
201 310
201 316
201 333
201 339
201 351
201 364
201 394
201 415
201 628
201 636
201 637
201 682
201 684
201 737
201 819
201 820
201 996
201 1051
201 1056
201 1076
201 1084
201 1164
201 1185
201 1236
201 1244
202 59
202 66
202 116
202 123
202 154
202 171
202 198
202 201
202 204
202 209
202 295
202 301
202 310
202 316
202 333
202 339
202 351
202 364
202 393
202 394
202 416
202 417
202 628
202 636
202 682
202 684
202 737
202 818
202 819
202 997
202 1024
202 1051
202 1075
202 1076
202 1084
202 1164
202 1185
202 1236
202 1244
203 59
203 66
203 116
203 123
203 154
203 171
203 198
203 201
203 204
203 209
203 295
203 301
203 310
203 316
203 333
203 339
203 351
203 364
203 391
203 392
203 418
203 419
203 628
203 635
203 682
203 684
203 737
203 817
203 818
203 997
203 1024
203 1050
203 1051
203 1076
203 1084
203 1164
203 1185
203 1236
203 1244
204 59
204 66
204 116
204 123
204 154
204 171
204 198
204 201
204 204
204 209
204 295
204 310
204 316
204 333
204 339
204 351
204 364
204 389
204 390
204 394
204 420
204 421
204 628
204 682
204 684
204 737
204 816
204 817
204 997
204 1024
204 1051
204 1056
204 1076
204 1164
204 1236
204 1244
205 59
205 66
205 116
205 123
205 154
205 171
205 201
205 204
205 209
205 310
205 316
205 333
205 351
205 364
205 388
205 389
205 422
205 423
205 682
205 684
205 737
205 815
205 816
205 998
205 1051
205 1056
205 1076
205 1164
205 1236
205 1244
206 59
206 66
206 116
206 123
206 154
206 171
206 209
206 310
206 316
206 351
206 364
206 387
206 388
206 424
206 425
206 681
206 682
206 684
206 737
206 811
206 812
206 814
206 815
206 998
206 1024
206 1051
206 1056
206 1076
206 1084
206 1164
206 1233
206 1234
206 1235
206 1236
206 1244
207 59
207 66
207 116
207 123
207 155
207 170
207 310
207 316
207 351
207 364
207 386
207 387
207 425
207 426
207 683
207 737
207 813
207 998
207 1024
207 1051
207 1056
207 1076
207 1084
207 1107
207 1108
207 1109
207 1110
207 1111
207 1112
207 1113
207 1114
207 1115
207 1116
207 1117
207 1118
207 1119
207 1120
207 1121
207 1122
207 1123
207 1124
207 1125
207 1126
207 1127
207 1128
207 1129
207 1130
207 1131
207 1132
207 1133
207 1134
207 1135
207 1136
207 1137
207 1138
207 1139
207 1140
207 1141
207 1142
207 1143
207 1144
207 1145
207 1146
207 1147
207 1148
207 1149
207 1150
207 1151
207 1152
207 1153
207 1154
207 1155
207 1156
207 1157
207 1158
207 1159
207 1160
207 1161
207 1162
207 1163
207 1164
207 1236
207 1244
208 59
208 66
208 116
208 123
208 155
208 170
208 310
208 316
208 351
208 364
208 385
208 386
208 426
208 427
208 683
208 737
208 813
208 999
208 1024
208 1051
208 1056
208 1076
208 1084
208 1164
208 1184
208 1236
208 1244
209 59
209 66
209 116
209 123
209 156
209 169
209 310
209 316
209 351
209 364
209 384
209 385
209 428
209 429
209 813
209 999
209 1023
209 1056
209 1076
209 1084
209 1164
209 1184
209 1236
210 59
210 66
210 116
210 123
210 156
210 157
210 167
210 168
210 310
210 316
210 351
210 364
210 383
210 384
210 429
210 803
210 804
210 805
210 806
210 807
210 808
210 809
210 810
210 811
210 812
210 999
210 1023
210 1076
210 1084
210 1164
210 1183
210 1236
210 1244
210 1245
211 59
211 66
211 116
211 123
211 158
211 159
211 165
211 166
211 167
211 351
211 364
211 382
211 383
211 430
211 801
211 802
211 1000
211 1023
211 1076
211 1084
211 1164
211 1183
211 1236
211 1244
212 59
212 66
212 116
212 123
212 159
212 162
212 164
212 351
212 364
212 382
212 430
212 800
212 801
212 1000
212 1023
212 1076
212 1084
212 1165
212 1183
212 1236
212 1244
212 1278
212 1279
213 59
213 66
213 116
213 123
213 159
213 163
213 351
213 364
213 381
213 430
213 800
213 1000
213 1023
213 1076
213 1084
213 1165
213 1182
213 1236
213 1244
214 59
214 66
214 116
214 123
214 159
214 163
214 351
214 364
214 381
214 431
214 799
214 1001
214 1003
214 1004
214 1005
214 1023
214 1076
214 1084
214 1165
214 1182
214 1236
214 1244
215 116
215 123
215 159
215 163
215 295
215 298
215 351
215 364
215 381
215 431
215 798
215 1002
215 1006
215 1007
215 1010
215 1011
215 1012
215 1013
215 1014
215 1015
215 1016
215 1023
215 1076
215 1084
215 1166
215 1182
215 1236
215 1244
216 116
216 123
216 159
216 163
216 295
216 298
216 351
216 364
216 380
216 432
216 798
216 1001
216 1008
216 1009
216 1017
216 1018
216 1019
216 1023
216 1076
216 1084
216 1166
216 1167
216 1181
216 1182
216 1236
216 1244
217 116
217 123
217 159
217 163
217 296
217 297
217 298
217 351
217 364
217 380
217 432
217 798
217 1002
217 1008
217 1017
217 1019
217 1023
217 1076
217 1084
217 1167
217 1168
217 1181
217 1236
217 1244
218 116
218 123
218 159
218 163
218 351
218 364
218 379
218 433
218 799
218 1002
218 1076
218 1084
218 1168
218 1169
218 1178
218 1180
218 1236
218 1244
219 159
219 163
219 351
219 364
219 379
219 433
219 800
219 801
219 1002
219 1076
219 1084
219 1170
219 1171
219 1180
219 1235
219 1244
220 159
220 163
220 351
220 364
220 378
220 434
220 801
220 802
220 1003
220 1076
220 1084
220 1172
220 1180
220 1235
220 1244
221 351
221 365
221 378
221 434
221 802
221 1003
221 1076
221 1084
221 1172
221 1180
221 1235
221 1243
222 350
222 365
222 366
222 377
222 435
222 801
222 802
222 1004
222 1076
222 1084
222 1172
222 1180
222 1235
222 1243
223 350
223 366
223 367
223 377
223 435
223 800
223 801
223 1004
223 1076
223 1084
223 1172
223 1180
223 1235
223 1243
224 349
224 368
224 369
224 377
224 436
224 799
224 800
224 1004
224 1076
224 1084
224 1172
224 1180
224 1235
224 1243
225 349
225 366
225 369
225 377
225 436
225 798
225 799
225 1005
225 1076
225 1084
225 1172
225 1180
225 1235
225 1243
226 349
226 366
226 369
226 376
226 436
226 797
226 798
226 1005
226 1076
226 1083
226 1084
226 1172
226 1179
226 1235
226 1243
227 349
227 366
227 369
227 376
227 436
227 797
227 1005
227 1077
227 1078
227 1079
227 1080
227 1081
227 1082
227 1172
227 1179
227 1235
227 1243
228 349
228 366
228 369
228 376
228 436
228 796
228 1005
228 1172
228 1179
228 1235
228 1243
229 349
229 366
229 369
229 376
229 436
229 796
229 1005
229 1172
229 1179
229 1235
229 1243
230 349
230 366
230 369
230 376
230 436
230 795
230 1006
230 1172
230 1179
230 1235
230 1243
231 349
231 366
231 369
231 376
231 436
231 795
231 1006
231 1179
231 1235
231 1243
232 349
232 366
232 369
232 376
232 435
232 794
232 1006
232 1235
232 1243
233 349
233 366
233 369
233 376
233 435
233 794
233 1006
233 1235
233 1243
234 349
234 366
234 369
234 377
234 435
234 793
234 1006
234 1235
234 1243
235 349
235 366
235 369
235 377
235 435
235 793
235 1006
235 1243
236 349
236 366
236 369
236 378
236 435
236 793
236 1006
237 349
237 366
237 369
237 378
237 435
237 792
237 1006
238 349
238 366
238 369
238 378
238 434
238 792
238 1007
239 349
239 366
239 369
239 379
239 434
239 792
239 1007
240 349
240 366
240 369
240 379
240 433
240 792
240 1007
241 349
241 366
241 369
241 380
241 433
241 792
241 1007
242 349
242 366
242 369
242 380
242 433
242 792
242 1007
243 349
243 366
243 369
243 381
243 432
243 792
243 1007
244 349
244 366
244 369
244 381
244 431
244 432
244 792
244 1007
245 349
245 367
245 368
245 382
245 430
245 431
245 792
246 348
246 367
246 382
246 383
246 430
247 348
247 366
247 383
247 429
248 348
248 366
248 384
248 428
248 429
249 348
249 366
249 384
249 385
249 427
249 428
250 348
250 366
250 385
250 386
250 426
250 427
251 348
251 366
251 386
251 387
251 425
251 426
252 348
252 366
252 387
252 388
252 394
252 423
252 424
253 348
253 366
253 389
253 390
253 394
253 422
253 423
254 348
254 366
254 391
254 392
254 414
254 421
254 422
255 348
255 366
255 392
255 393
255 414
255 419
255 420
256 348
256 366
256 394
256 414
256 418
257 348
257 366
257 394
257 416
257 417
258 348
258 366
258 394
258 415
259 348
259 366
259 394
259 414
260 348
260 366
260 394
260 414
261 348
261 366
261 394
261 414
262 348
262 366
262 394
262 414
263 348
263 366
263 394
263 414
264 348
264 366
264 394
264 414
265 348
265 366
265 394
265 414
266 348
266 366
266 394
266 414
267 348
267 366
267 394
267 414
268 348
268 366
268 394
268 414
269 348
269 366
269 394
269 414
270 348
270 366
270 394
270 414
271 348
271 366
271 394
271 414
272 348
272 366
272 394
272 414
273 348
273 366
273 394
273 414
274 348
274 366
274 394
274 414
275 348
275 366
275 394
275 414
276 348
276 366
276 394
276 414
277 348
277 366
277 394
277 414
278 348
278 366
278 394
278 414
279 348
279 366
279 394
279 414
280 348
280 366
280 394
280 414
281 348
281 366
281 394
281 414
282 348
282 366
282 394
282 414
283 348
283 366
283 394
283 414
284 348
284 366
284 394
284 414
285 348
285 366
285 394
285 414
286 348
286 366
286 394
286 414
287 348
287 366
287 394
288 348
288 366
289 347
289 366
290 347
290 366
291 347
291 366
292 347
292 366
293 347
293 366
294 347
294 366
295 347
295 366
296 347
296 366
297 347
297 366
298 347
298 366
299 347
299 366
300 347
300 366
301 347
301 366
302 347
302 366
303 347
303 366
304 347
304 366
305 347
305 366
306 347
306 366
307 347
307 366
308 347
308 366
309 347
309 366
310 347
310 366
311 347
311 366
312 347
312 366
313 347
313 366
314 347
314 366
315 347
315 366
316 347
316 366
317 347
317 366
318 347
318 366
319 347
319 366
320 347
320 366
321 347
321 366
322 347
322 366
323 347
324 347
325 347
