0 257
0 379
0 388
0 826
0 833
0 961
1 257
1 379
1 389
1 826
1 833
1 961
2 257
2 379
2 390
2 391
2 825
2 826
2 833
2 962
3 257
3 379
3 392
3 393
3 824
3 825
3 833
3 938
3 939
3 940
3 941
3 942
3 943
3 944
3 945
3 962
4 258
4 379
4 384
4 385
4 386
4 394
4 395
4 396
4 397
4 822
4 823
4 828
4 829
4 833
4 936
4 937
4 946
4 947
4 948
4 963
5 258
5 259
5 379
5 384
5 387
5 388
5 392
5 393
5 398
5 399
5 821
5 822
5 826
5 827
5 833
5 934
5 935
5 949
5 950
5 964
5 965
6 259
6 260
6 379
6 384
6 389
6 390
6 399
6 819
6 820
6 823
6 825
6 826
6 829
6 833
6 932
6 933
6 951
6 952
6 965
6 966
7 260
7 261
7 379
7 384
7 390
7 400
7 817
7 818
7 824
7 825
7 829
7 833
7 836
7 931
7 932
7 953
7 954
7 955
7 967
7 968
8 261
8 262
8 379
8 384
8 390
8 400
8 816
8 817
8 824
8 829
8 833
8 834
8 837
8 838
8 931
8 956
8 957
8 969
9 262
9 263
9 379
9 384
9 391
9 400
9 816
9 824
9 829
9 833
9 838
9 839
9 930
9 958
9 959
9 969
10 263
10 379
10 384
10 391
10 392
10 400
10 816
10 824
10 829
10 833
10 839
10 930
10 960
10 961
10 969
11 263
11 379
11 384
11 393
11 394
11 395
11 396
11 397
11 398
11 399
11 400
11 816
11 823
11 829
11 833
11 840
11 930
11 962
11 963
11 968
11 969
12 262
12 263
12 379
12 384
12 817
12 818
12 822
12 823
12 829
12 833
12 840
12 929
12 964
12 965
12 966
12 967
13 261
13 262
13 379
13 384
13 819
13 820
13 821
13 822
13 825
13 826
13 827
13 829
13 833
13 840
13 929
14 259
14 260
14 261
14 379
14 384
14 816
14 829
14 833
14 841
14 928
15 258
15 379
15 384
15 816
15 829
15 834
15 841
15 842
15 848
15 928
16 257
16 379
16 384
16 815
16 829
16 834
16 843
16 844
16 845
16 846
16 847
16 849
16 928
17 257
17 379
17 384
17 815
17 829
17 834
17 850
17 928
18 257
18 379
18 384
18 815
18 829
18 834
18 850
18 928
19 258
19 379
19 384
19 653
19 815
19 829
19 834
19 851
19 929
20 259
20 260
20 261
20 380
20 385
20 651
20 652
20 654
20 655
20 806
20 807
20 808
20 809
20 814
20 829
20 834
20 851
20 929
21 262
21 263
21 380
21 385
21 651
21 655
21 804
21 805
21 810
21 814
21 829
21 834
21 852
21 930
22 263
22 264
22 380
22 385
22 650
22 655
22 804
22 811
22 830
22 834
22 852
22 930
22 931
23 264
23 265
23 380
23 385
23 650
23 655
23 798
23 799
23 803
23 812
23 830
23 834
23 852
23 932
23 933
24 265
24 380
24 385
24 645
24 646
24 647
24 649
24 656
24 797
24 800
24 801
24 802
24 803
24 830
24 834
24 852
24 933
24 934
25 266
25 380
25 385
25 644
25 645
25 647
25 649
25 656
25 796
25 830
25 834
25 853
25 935
25 936
26 266
26 324
26 325
26 380
26 385
26 643
26 644
26 657
26 796
26 830
26 834
26 853
26 937
26 938
26 939
27 266
27 322
27 323
27 326
27 327
27 380
27 385
27 642
27 643
27 657
27 795
27 830
27 834
27 853
27 940
27 941
28 266
28 321
28 322
28 327
28 380
28 385
28 630
28 631
28 632
28 642
28 657
28 796
28 830
28 834
28 853
28 941
28 942
28 943
29 266
29 319
29 320
29 328
29 380
29 385
29 630
29 632
29 642
29 658
29 796
29 830
29 834
29 854
29 944
29 945
30 264
30 265
30 266
30 309
30 310
30 311
30 312
30 313
30 314
30 315
30 316
30 317
30 318
30 328
30 380
30 385
30 629
30 632
30 642
30 658
30 662
30 663
30 797
30 830
30 834
30 854
30 855
30 856
30 857
30 946
30 947
31 262
31 263
31 308
31 329
31 380
31 385
31 628
31 629
31 633
31 639
31 640
31 641
31 659
31 661
31 664
31 797
31 830
31 834
31 858
31 859
31 947
31 948
32 262
32 307
32 329
32 330
32 380
32 385
32 627
32 628
32 634
32 635
32 637
32 638
32 659
32 660
32 661
32 664
32 797
32 830
32 834
32 859
32 860
32 949
32 950
33 261
33 307
33 331
33 332
33 380
33 385
33 627
33 635
33 636
33 637
33 665
33 798
33 830
33 834
33 861
33 862
33 950
33 951
34 261
34 307
34 332
34 333
34 380
34 385
34 626
34 665
34 798
34 830
34 834
34 862
34 863
34 952
34 953
35 262
35 307
35 333
35 334
35 380
35 385
35 618
35 619
35 620
35 626
35 665
35 798
35 830
35 834
35 863
35 953
35 954
36 263
36 264
36 307
36 334
36 380
36 385
36 616
36 617
36 620
36 626
36 665
36 798
36 830
36 834
36 864
36 954
36 955
36 956
36 957
36 958
36 959
36 960
37 264
37 306
37 307
37 334
37 380
37 385
37 616
37 620
37 625
37 626
37 665
37 799
37 830
37 834
37 864
37 961
38 264
38 305
38 306
38 335
38 380
38 385
38 615
38 620
38 625
38 666
38 799
38 830
38 834
38 864
38 961
39 261
39 262
39 263
39 305
39 335
39 380
39 385
39 615
39 621
39 622
39 623
39 624
39 667
39 668
39 799
39 830
39 834
39 864
39 961
40 260
40 303
40 304
40 335
40 380
40 385
40 614
40 615
40 668
40 669
40 793
40 794
40 799
40 830
40 834
40 864
40 961
41 259
41 301
41 302
41 336
41 337
41 338
41 339
41 340
41 341
41 380
41 385
41 613
41 669
41 791
41 792
41 795
41 796
41 797
41 798
41 799
41 830
41 834
41 864
41 961
42 259
42 301
42 341
42 380
42 385
42 612
42 669
42 791
42 830
42 834
42 864
42 961
43 260
43 300
43 342
43 380
43 385
43 612
43 669
43 790
43 830
43 834
43 865
43 961
44 261
44 262
44 300
44 342
44 343
44 380
44 385
44 612
44 669
44 789
44 790
44 830
44 835
44 865
44 961
45 263
45 300
45 343
45 380
45 385
45 612
45 668
45 789
45 830
45 835
45 865
45 960
46 263
46 301
46 344
46 380
46 385
46 481
46 612
46 668
46 788
46 830
46 835
46 865
46 959
46 960
47 263
47 301
47 344
47 380
47 385
47 479
47 480
47 482
47 483
47 612
47 667
47 788
47 830
47 835
47 865
47 958
47 959
48 263
48 302
48 345
48 380
48 385
48 479
48 483
48 484
48 611
48 612
48 666
48 667
48 788
48 830
48 835
48 865
48 957
48 958
49 263
49 302
49 303
49 345
49 346
49 380
49 385
49 478
49 484
49 611
49 666
49 788
49 830
49 835
49 866
49 956
49 957
50 263
50 295
50 296
50 297
50 304
50 346
50 347
50 380
50 385
50 478
50 485
50 610
50 665
50 787
50 830
50 835
50 866
50 867
50 953
50 954
50 955
51 262
51 295
51 298
51 305
51 347
51 380
51 385
51 478
51 485
51 486
51 610
51 665
51 787
51 830
51 835
51 867
51 868
51 951
51 952
52 263
52 294
52 299
52 300
52 305
52 347
52 380
52 385
52 477
52 487
52 488
52 610
52 666
52 769
52 786
52 830
52 835
52 868
52 869
52 950
52 951
53 263
53 293
53 301
53 305
53 348
53 380
53 385
53 477
53 488
53 610
53 666
53 768
53 770
53 771
53 775
53 776
53 777
53 786
53 830
53 835
53 870
53 871
53 872
53 873
53 948
53 949
54 264
54 292
54 301
54 305
54 348
54 380
54 385
54 476
54 477
54 489
54 610
54 666
54 767
54 771
54 774
54 777
54 784
54 785
54 830
54 835
54 874
54 947
54 948
55 264
55 286
55 287
55 288
55 289
55 292
55 301
55 305
55 348
55 380
55 385
55 475
55 489
55 490
55 609
55 610
55 667
55 672
55 673
55 674
55 767
55 772
55 773
55 777
55 783
55 830
55 835
55 874
55 947
56 265
56 284
56 285
56 290
56 291
56 292
56 302
56 303
56 304
56 305
56 349
56 350
56 351
56 352
56 353
56 380
56 385
56 474
56 490
56 491
56 609
56 667
56 668
56 669
56 670
56 671
56 675
56 766
56 778
56 782
56 830
56 835
56 875
56 946
57 265
57 283
57 284
57 354
57 380
57 386
57 475
57 491
57 608
57 675
57 766
57 778
57 779
57 782
57 830
57 835
57 876
57 883
57 884
57 885
57 946
58 266
58 282
58 283
58 355
58 380
58 386
58 470
58 471
58 475
58 491
58 608
58 676
58 766
58 779
58 780
58 782
58 830
58 835
58 877
58 881
58 882
58 886
58 946
59 266
59 281
59 282
59 355
59 380
59 386
59 469
59 472
59 473
59 474
59 475
59 492
59 495
59 496
59 497
59 608
59 609
59 677
59 678
59 765
59 780
59 830
59 835
59 877
59 878
59 879
59 880
59 881
59 887
59 946
60 266
60 280
60 281
60 356
60 357
60 358
60 359
60 380
60 386
60 468
60 492
60 493
60 494
60 495
60 497
60 609
60 610
60 678
60 679
60 763
60 764
60 830
60 835
60 887
60 947
61 266
61 280
61 360
61 361
61 381
61 386
61 468
61 498
61 610
61 679
61 762
61 763
61 830
61 835
61 888
61 947
62 266
62 279
62 361
62 362
62 381
62 386
62 468
62 498
62 610
62 679
62 761
62 762
62 831
62 835
62 888
62 889
62 947
63 265
63 266
63 279
63 362
63 363
63 381
63 386
63 468
63 498
63 609
63 679
63 761
63 831
63 835
63 889
63 890
63 947
64 264
64 265
64 279
64 363
64 381
64 386
64 448
64 449
64 450
64 451
64 452
64 468
64 498
64 593
64 594
64 595
64 607
64 608
64 609
64 678
64 679
64 760
64 831
64 835
64 890
64 891
64 944
64 945
64 946
64 947
65 262
65 263
65 264
65 278
65 279
65 363
65 381
65 386
65 446
65 447
65 452
65 468
65 499
65 591
65 592
65 596
65 597
65 605
65 606
65 677
65 678
65 760
65 831
65 835
65 891
65 942
65 943
66 260
66 261
66 276
66 277
66 364
66 381
66 386
66 446
66 453
66 467
66 468
66 499
66 500
66 591
66 598
66 599
66 600
66 601
66 602
66 603
66 604
66 677
66 760
66 831
66 835
66 891
66 942
67 258
67 259
67 276
67 364
67 381
67 386
67 445
67 454
67 455
67 467
67 501
67 502
67 590
67 677
67 678
67 754
67 755
67 756
67 757
67 760
67 831
67 835
67 891
67 941
68 256
68 257
68 275
68 364
68 381
68 386
68 445
68 455
68 466
68 503
68 590
68 679
68 754
68 757
68 758
68 759
68 760
68 831
68 835
68 891
68 942
69 256
69 262
69 263
69 275
69 364
69 381
69 386
69 445
69 456
69 457
69 458
69 459
69 460
69 461
69 462
69 463
69 467
69 504
69 590
69 680
69 753
69 831
69 835
69 892
69 942
70 12
70 13
70 255
70 260
70 261
70 264
70 265
70 275
70 365
70 381
70 386
70 444
70 463
70 464
70 465
70 467
70 504
70 589
70 681
70 682
70 753
70 831
70 835
70 892
70 943
71 11
71 14
71 15
71 255
71 259
71 260
71 265
71 273
71 274
71 275
71 365
71 381
71 386
71 443
71 444
71 466
71 505
71 506
71 589
71 683
71 753
71 831
71 835
71 892
71 938
71 939
71 940
71 944
71 945
72 10
72 15
72 16
72 255
72 257
72 258
72 266
72 267
72 268
72 269
72 270
72 271
72 272
72 366
72 381
72 386
72 442
72 443
72 507
72 508
72 589
72 683
72 753
72 831
72 835
72 892
72 936
72 937
72 941
72 942
72 945
73 11
73 17
73 18
73 255
73 257
73 366
73 381
73 386
73 441
73 509
73 510
73 588
73 589
73 683
73 688
73 689
73 690
73 754
73 831
73 836
73 891
73 936
73 942
73 946
74 11
74 12
74 18
74 19
74 255
74 257
74 367
74 381
74 386
74 440
74 511
74 512
74 513
74 514
74 587
74 588
74 684
74 686
74 687
74 691
74 754
74 831
74 836
74 891
74 935
74 943
74 947
75 13
75 14
75 15
75 16
75 17
75 20
75 21
75 254
75 367
75 381
75 386
75 440
75 515
75 587
75 684
75 685
75 686
75 691
75 755
75 831
75 836
75 891
75 935
75 944
75 947
76 19
76 252
76 253
76 256
76 368
76 381
76 386
76 441
76 515
76 586
76 691
76 755
76 756
76 831
76 836
76 891
76 935
76 946
77 20
77 23
77 252
77 255
77 368
77 381
77 386
77 441
77 442
77 515
77 586
77 691
77 756
77 831
77 836
77 891
77 935
78 21
78 24
78 25
78 369
78 381
78 386
78 442
78 443
78 515
78 586
78 691
78 756
78 831
78 836
78 891
78 935
79 21
79 25
79 26
79 369
79 370
79 371
79 381
79 386
79 443
79 444
79 515
79 586
79 691
79 756
79 831
79 836
79 892
79 935
80 21
80 26
80 27
80 28
80 41
80 42
80 43
80 372
80 373
80 381
80 386
80 444
80 516
80 586
80 691
80 757
80 831
80 836
80 893
80 935
81 17
81 18
81 19
81 20
81 21
81 41
81 44
81 45
81 373
81 374
81 381
81 386
81 445
81 516
81 517
81 585
81 691
81 757
81 831
81 836
81 893
81 894
81 935
82 17
82 27
82 28
82 41
82 45
82 46
82 374
82 381
82 386
82 445
82 517
82 518
82 519
82 520
82 521
82 585
82 691
82 757
82 831
82 836
82 894
82 935
83 17
83 18
83 26
83 27
83 41
83 47
83 48
83 375
83 381
83 386
83 446
83 521
83 522
83 523
83 524
83 525
83 584
83 690
83 691
83 756
83 757
83 831
83 836
83 895
83 935
84 19
84 20
84 26
84 41
84 48
84 49
84 375
84 381
84 386
84 446
84 447
84 525
84 584
84 690
84 756
84 821
84 822
84 831
84 836
84 895
84 935
85 20
85 25
85 41
85 50
85 375
85 381
85 386
85 448
85 525
85 584
85 689
85 755
85 820
85 823
85 831
85 836
85 895
85 935
86 21
86 26
86 41
86 50
86 376
86 381
86 386
86 449
86 450
86 451
86 526
86 584
86 689
86 756
86 819
86 823
86 831
86 836
86 895
86 935
87 21
87 22
87 26
87 41
87 50
87 376
87 381
87 386
87 452
87 526
87 584
87 690
87 756
87 757
87 819
87 823
87 831
87 836
87 861
87 862
87 863
87 864
87 865
87 866
87 867
87 868
87 869
87 870
87 871
87 872
87 895
87 935
88 22
88 27
88 28
88 41
88 51
88 376
88 381
88 386
88 452
88 527
88 584
88 690
88 757
88 758
88 819
88 823
88 832
88 833
88 834
88 835
88 836
88 838
88 839
88 840
88 841
88 842
88 843
88 844
88 845
88 846
88 847
88 848
88 849
88 850
88 851
88 852
88 853
88 854
88 855
88 856
88 857
88 858
88 859
88 860
88 873
88 895
88 935
89 22
89 29
89 30
89 31
89 32
89 33
89 34
89 35
89 36
89 37
89 38
89 39
89 40
89 41
89 51
89 376
89 381
89 386
89 452
89 527
89 583
89 690
89 758
89 817
89 818
89 820
89 821
89 822
89 823
89 825
89 826
89 827
89 828
89 829
89 830
89 873
89 894
89 935
90 22
90 51
90 253
90 254
90 377
90 381
90 386
90 451
90 452
90 528
90 583
90 690
90 758
90 816
90 873
90 893
90 894
90 935
91 22
91 51
91 252
91 253
91 255
91 377
91 381
91 386
91 450
91 451
91 582
91 583
91 688
91 689
91 759
91 815
91 873
91 891
91 892
91 935
92 22
92 48
92 49
92 50
92 252
92 255
92 256
92 257
92 377
92 381
92 386
92 450
92 526
92 527
92 581
92 582
92 686
92 687
92 759
92 815
92 873
92 890
92 935
93 17
93 18
93 19
93 20
93 21
93 22
93 47
93 251
93 258
93 259
93 378
93 381
93 386
93 449
93 526
93 580
93 581
93 683
93 684
93 685
93 760
93 815
93 873
93 889
93 935
94 16
94 46
94 251
94 259
94 260
94 378
94 379
94 381
94 386
94 450
94 525
94 580
94 682
94 760
94 761
94 815
94 873
94 888
94 889
94 935
95 15
95 46
95 251
95 261
95 262
95 263
95 264
95 381
95 386
95 450
95 525
95 579
95 683
95 684
95 685
95 761
95 762
95 814
95 815
95 873
95 886
95 887
95 935
96 15
96 46
96 251
96 265
96 266
96 381
96 386
96 451
96 525
96 579
96 686
96 762
96 813
96 873
96 885
96 935
97 9
97 10
97 11
97 12
97 13
97 14
97 15
97 47
97 251
97 261
97 381
97 386
97 451
97 520
97 521
97 522
97 523
97 524
97 580
97 686
97 687
97 762
97 812
97 815
97 873
97 884
97 935
98 8
98 47
98 48
98 251
98 260
98 381
98 386
98 452
98 520
98 529
98 580
98 581
98 687
98 688
98 762
98 812
98 815
98 873
98 885
98 935
99 8
99 15
99 16
99 17
99 48
99 49
99 251
99 260
99 381
99 386
99 452
99 520
99 521
99 527
99 528
99 530
99 531
99 537
99 538
99 539
99 540
99 582
99 689
99 690
99 761
99 762
99 813
99 815
99 873
99 885
99 886
99 887
99 888
99 935
100 18
100 49
100 250
100 251
100 260
100 261
100 381
100 386
100 452
100 524
100 525
100 526
100 527
100 531
100 532
100 536
100 541
100 583
100 691
100 692
100 760
100 813
100 814
100 815
100 873
100 889
100 890
100 935
101 18
101 50
101 249
101 250
101 261
101 262
101 382
101 387
101 452
101 533
101 535
101 541
101 583
101 584
101 693
101 694
101 695
101 696
101 759
101 812
101 813
101 815
101 861
101 862
101 863
101 864
101 865
101 866
101 867
101 868
101 869
101 870
101 871
101 872
101 873
101 890
101 934
102 18
102 50
102 51
102 248
102 249
102 262
102 382
102 387
102 452
102 535
102 541
102 584
102 585
102 697
102 760
102 811
102 812
102 815
102 833
102 834
102 835
102 836
102 839
102 840
102 841
102 842
102 843
102 844
102 845
102 846
102 847
102 848
102 849
102 850
102 851
102 852
102 853
102 854
102 855
102 856
102 857
102 858
102 859
102 860
102 891
102 933
102 934
103 18
103 52
103 53
103 245
103 246
103 247
103 262
103 382
103 387
103 452
103 536
103 541
103 585
103 586
103 698
103 760
103 809
103 810
103 811
103 814
103 816
103 817
103 818
103 821
103 822
103 825
103 826
103 827
103 828
103 829
103 832
103 837
103 891
103 892
103 893
103 894
103 895
103 896
103 933
104 18
104 54
104 55
104 56
104 57
104 244
104 262
104 382
104 387
104 452
104 536
104 541
104 586
104 698
104 757
104 758
104 759
104 760
104 807
104 808
104 819
104 820
104 823
104 832
104 837
104 897
104 932
105 18
105 58
105 59
105 60
105 61
105 243
105 262
105 382
105 387
105 451
105 535
105 541
105 587
105 698
105 755
105 756
105 806
105 807
105 811
105 819
105 823
105 832
105 837
105 897
105 931
105 932
106 19
106 62
106 63
106 64
106 65
106 243
106 261
106 382
106 387
106 451
106 533
106 535
106 541
106 587
106 698
106 754
106 755
106 805
106 809
106 810
106 819
106 823
106 832
106 837
106 864
106 865
106 866
106 867
106 868
106 869
106 897
106 931
107 19
107 20
107 243
107 261
107 382
107 386
107 450
107 535
107 541
107 588
107 699
107 753
107 804
107 808
107 812
107 819
107 823
107 824
107 825
107 826
107 827
107 828
107 829
107 830
107 831
107 832
107 833
107 834
107 835
107 836
107 837
107 838
107 839
107 840
107 841
107 842
107 843
107 844
107 845
107 846
107 848
107 849
107 850
107 851
107 852
107 853
107 854
107 855
107 856
107 857
107 858
107 859
107 860
107 861
107 862
107 863
107 870
107 871
107 897
107 930
108 21
108 22
108 64
108 65
108 243
108 261
108 382
108 386
108 448
108 449
108 535
108 541
108 588
108 699
108 752
108 803
108 807
108 812
108 822
108 846
108 871
108 897
108 908
108 909
108 910
108 911
108 912
108 930
108 1279
109 23
109 24
109 25
109 64
109 244
109 261
109 382
109 386
109 447
109 448
109 535
109 541
109 588
109 699
109 752
109 802
109 806
109 812
109 818
109 819
109 821
109 836
109 837
109 838
109 839
109 840
109 841
109 842
109 843
109 844
109 845
109 846
109 871
109 897
109 905
109 906
109 907
109 913
109 914
109 915
109 916
109 917
109 918
109 919
109 920
109 921
109 922
109 929
109 1270
109 1271
109 1272
109 1273
109 1274
109 1275
109 1276
109 1277
109 1278
110 26
110 27
110 63
110 218
110 219
110 220
110 244
110 245
110 246
110 247
110 248
110 249
110 250
110 261
110 382
110 386
110 389
110 445
110 446
110 535
110 541
110 588
110 699
110 752
110 800
110 801
110 805
110 812
110 818
110 822
110 825
110 826
110 827
110 828
110 829
110 830
110 831
110 834
110 835
110 836
110 870
110 897
110 903
110 904
110 923
110 924
110 925
110 926
110 927
110 928
110 929
110 1266
110 1267
110 1268
110 1269
111 27
111 28
111 62
111 63
111 217
111 221
111 222
111 223
111 224
111 251
111 252
111 262
111 382
111 386
111 390
111 391
111 444
111 445
111 535
111 541
111 587
111 588
111 700
111 752
111 799
111 803
111 804
111 812
111 818
111 820
111 823
111 824
111 832
111 833
111 870
111 896
111 897
111 901
111 902
111 1262
111 1263
111 1264
111 1265
112 28
112 29
112 62
112 217
112 225
112 226
112 252
112 263
112 264
112 382
112 386
112 392
112 393
112 442
112 443
112 535
112 541
112 587
112 700
112 751
112 752
112 798
112 802
112 813
112 814
112 815
112 816
112 817
112 820
112 832
112 837
112 869
112 894
112 895
112 901
112 1258
112 1259
112 1260
112 1261
113 29
113 30
113 61
113 218
113 219
113 227
113 228
113 253
113 265
113 266
113 382
113 386
113 394
113 395
113 433
113 434
113 435
113 436
113 437
113 438
113 439
113 440
113 441
113 535
113 542
113 586
113 700
113 751
113 797
113 798
113 801
113 819
113 824
113 832
113 837
113 868
113 869
113 892
113 893
113 894
113 900
113 1141
113 1255
113 1256
113 1257
114 30
114 31
114 32
114 33
114 61
114 219
114 229
114 230
114 235
114 236
114 237
114 238
114 239
114 253
114 254
114 266
114 382
114 386
114 395
114 430
114 431
114 432
114 534
114 535
114 537
114 538
114 539
114 540
114 542
114 543
114 544
114 545
114 586
114 700
114 751
114 752
114 797
114 800
114 820
114 821
114 822
114 825
114 826
114 827
114 832
114 837
114 868
114 892
114 900
114 1139
114 1140
114 1142
114 1143
114 1253
114 1254
115 34
115 35
115 36
115 37
115 61
115 220
115 230
115 231
115 232
115 233
115 234
115 240
115 254
115 255
115 256
115 257
115 264
115 265
115 266
115 382
115 386
115 398
115 399
115 400
115 428
115 429
115 533
115 546
115 585
115 700
115 753
115 754
115 796
115 799
115 819
115 828
115 832
115 837
115 867
115 892
115 893
115 899
115 1137
115 1138
115 1143
115 1144
115 1249
115 1250
115 1251
115 1252
116 38
116 39
116 40
116 60
116 220
116 241
116 254
116 258
116 259
116 260
116 261
116 262
116 263
116 382
116 386
116 396
116 397
116 401
116 402
116 403
116 404
116 405
116 406
116 407
116 428
116 532
116 546
116 585
116 700
116 754
116 796
116 799
116 819
116 828
116 831
116 833
116 834
116 835
116 836
116 867
116 893
116 898
116 899
116 1084
116 1085
116 1136
116 1137
116 1144
116 1245
116 1246
116 1247
116 1248
117 41
117 42
117 60
117 220
117 241
117 253
117 259
117 382
117 386
117 396
117 408
117 409
117 410
117 411
117 412
117 413
117 427
117 532
117 546
117 585
117 699
117 716
117 717
117 718
117 719
117 720
117 755
117 795
117 798
117 818
117 828
117 866
117 893
117 897
117 898
117 1083
117 1136
117 1144
117 1244
117 1247
118 42
118 43
118 60
118 220
118 242
118 253
118 258
118 382
118 386
118 396
118 414
118 415
118 416
118 417
118 418
118 419
118 427
118 532
118 546
118 586
118 587
118 588
118 589
118 590
118 591
118 592
118 593
118 699
118 711
118 712
118 713
118 714
118 715
118 721
118 722
118 723
118 724
118 755
118 795
118 799
118 801
118 802
118 803
118 804
118 805
118 806
118 807
118 808
118 809
118 810
118 811
118 812
118 813
118 814
118 818
118 828
118 865
118 866
118 893
118 897
118 1084
118 1135
118 1144
118 1245
118 1246
118 1247
118 1248
119 43
119 44
119 60
119 219
119 220
119 242
119 253
119 258
119 382
119 386
119 396
119 420
119 421
119 422
119 423
119 424
119 532
119 546
119 700
119 706
119 707
119 708
119 709
119 710
119 725
119 755
119 794
119 798
119 815
119 816
119 828
119 865
119 893
119 896
119 1084
119 1086
119 1135
119 1143
119 1144
119 1248
119 1249
120 44
120 60
120 219
120 243
120 253
120 258
120 382
120 386
120 396
120 425
120 426
120 427
120 532
120 546
120 593
120 700
120 701
120 702
120 703
120 704
120 705
120 726
120 756
120 794
120 798
120 816
120 828
120 840
120 842
120 864
120 878
120 879
120 880
120 881
120 882
120 883
120 884
120 885
120 886
120 887
120 888
120 893
120 896
120 1084
120 1086
120 1135
120 1142
120 1143
120 1250
120 1251
121 44
121 60
121 218
121 243
121 253
121 258
121 382
121 386
121 395
121 426
121 427
121 532
121 546
121 593
121 594
121 726
121 756
121 793
121 797
121 798
121 816
121 840
121 843
121 844
121 864
121 877
121 889
121 890
121 891
121 892
121 895
121 1125
121 1126
121 1127
121 1134
121 1141
121 1142
121 1251
121 1252
122 45
122 60
122 218
122 244
122 253
122 258
122 382
122 386
122 393
122 394
122 532
122 546
122 595
122 596
122 727
122 728
122 729
122 730
122 757
122 793
122 797
122 817
122 829
122 831
122 840
122 844
122 863
122 878
122 879
122 880
122 895
122 1124
122 1127
122 1128
122 1129
122 1133
122 1134
122 1139
122 1140
122 1253
122 1254
123 45
123 60
123 218
123 244
123 253
123 258
123 382
123 386
123 392
123 393
123 426
123 489
123 490
123 491
123 492
123 529
123 530
123 531
123 532
123 547
123 548
123 549
123 550
123 551
123 589
123 590
123 591
123 592
123 661
123 663
123 731
123 732
123 757
123 758
123 759
123 760
123 761
123 793
123 796
123 818
123 829
123 831
123 840
123 845
123 863
123 867
123 868
123 880
123 881
123 894
123 1084
123 1124
123 1130
123 1131
123 1132
123 1133
123 1137
123 1138
123 1255
123 1256
124 45
124 60
124 217
124 245
124 253
124 258
124 382
124 386
124 391
124 392
124 427
124 527
124 528
124 552
124 588
124 732
124 733
124 762
124 763
124 791
124 793
124 796
124 818
124 829
124 840
124 845
124 846
124 862
124 866
124 867
124 869
124 882
124 894
124 1083
124 1085
124 1123
124 1136
124 1137
124 1257
124 1258
125 45
125 60
125 218
125 245
125 246
125 253
125 258
125 382
125 386
125 389
125 390
125 427
125 490
125 491
125 526
125 527
125 553
125 587
125 661
125 664
125 733
125 734
125 764
125 790
125 791
125 793
125 796
125 818
125 828
125 840
125 846
125 861
125 862
125 865
125 866
125 869
125 870
125 871
125 882
125 893
125 1083
125 1086
125 1122
125 1123
125 1134
125 1135
125 1259
125 1260
126 45
126 60
126 218
126 247
126 248
126 253
126 258
126 382
126 387
126 388
126 389
126 428
126 489
126 492
126 525
126 526
126 553
126 554
126 555
126 556
126 557
126 558
126 559
126 560
126 587
126 647
126 648
126 649
126 650
126 651
126 662
126 664
126 665
126 734
126 735
126 765
126 789
126 790
126 793
126 796
126 817
126 818
126 828
126 831
126 834
126 835
126 836
126 839
126 840
126 847
126 864
126 865
126 872
126 873
126 874
126 875
126 876
126 877
126 878
126 882
126 893
126 1087
126 1088
126 1089
126 1090
126 1091
126 1117
126 1118
126 1119
126 1120
126 1121
126 1132
126 1133
126 1261
126 1262
126 1269
126 1270
126 1271
126 1272
126 1273
126 1274
126 1275
126 1276
126 1277
127 45
127 60
127 218
127 249
127 250
127 253
127 258
127 382
127 428
127 429
127 438
127 439
127 440
127 488
127 492
127 518
127 519
127 520
127 521
127 522
127 523
127 524
127 525
127 561
127 588
127 646
127 652
127 653
127 654
127 662
127 665
127 736
127 737
127 765
127 766
127 788
127 789
127 793
127 796
127 816
127 828
127 832
127 838
127 847
127 848
127 861
127 862
127 863
127 864
127 879
127 880
127 881
127 882
127 893
127 1085
127 1092
127 1108
127 1109
127 1110
127 1111
127 1112
127 1113
127 1114
127 1115
127 1116
127 1129
127 1130
127 1131
127 1263
127 1264
127 1266
127 1267
127 1268
127 1278
127 1279
128 45
128 60
128 218
128 251
128 253
128 258
128 382
128 386
128 429
128 437
128 441
128 488
128 492
128 517
128 561
128 588
128 647
128 648
128 649
128 650
128 655
128 662
128 665
128 738
128 766
128 788
128 793
128 796
128 815
128 828
128 832
128 837
128 848
128 860
128 861
128 892
128 1086
128 1092
128 1107
128 1128
128 1265
128 1267
129 45
129 61
129 217
129 251
129 253
129 258
129 382
129 386
129 391
129 392
129 393
129 394
129 395
129 396
129 397
129 398
129 399
129 400
129 401
129 402
129 403
129 404
129 405
129 406
129 407
129 408
129 409
129 410
129 411
129 430
129 436
129 441
129 488
129 492
129 516
129 561
129 589
129 651
129 652
129 655
129 658
129 659
129 661
129 665
129 739
129 740
129 741
129 742
129 766
129 787
129 793
129 796
129 813
129 814
129 815
129 829
129 832
129 837
129 848
129 860
129 892
129 1087
129 1093
129 1105
129 1106
129 1124
129 1125
129 1126
129 1127
129 1265
129 1267
130 45
130 61
130 217
130 249
130 250
130 251
130 253
130 258
130 380
130 381
130 388
130 389
130 390
130 412
130 413
130 414
130 415
130 416
130 417
130 430
130 431
130 432
130 433
130 434
130 435
130 441
130 488
130 492
130 516
130 561
130 589
130 590
130 591
130 592
130 593
130 660
130 661
130 665
130 743
130 744
130 767
130 768
130 769
130 770
130 771
130 772
130 773
130 774
130 775
130 787
130 793
130 796
130 812
130 829
130 832
130 837
130 841
130 842
130 843
130 844
130 845
130 846
130 847
130 848
130 859
130 860
130 890
130 891
130 1088
130 1089
130 1093
130 1094
130 1095
130 1102
130 1103
130 1104
130 1119
130 1120
130 1121
130 1122
130 1123
131 45
131 62
131 216
131 217
131 247
131 248
131 253
131 258
131 379
131 387
131 418
131 419
131 420
131 421
131 422
131 423
131 440
131 488
131 492
131 516
131 561
131 593
131 657
131 658
131 665
131 744
131 745
131 776
131 777
131 787
131 793
131 796
131 811
131 830
131 831
131 832
131 833
131 834
131 835
131 836
131 837
131 838
131 839
131 840
131 849
131 858
131 859
131 889
131 1090
131 1091
131 1092
131 1098
131 1099
131 1100
131 1101
131 1112
131 1113
131 1114
131 1115
131 1116
131 1117
131 1118
132 45
132 62
132 63
132 216
132 246
132 253
132 259
132 260
132 261
132 262
132 380
132 381
132 386
132 424
132 425
132 426
132 441
132 488
132 493
132 494
132 495
132 496
132 497
132 515
132 562
132 563
132 564
132 565
132 566
132 567
132 568
132 569
132 570
132 571
132 572
132 573
132 574
132 575
132 576
132 577
132 588
132 590
132 591
132 592
132 593
132 660
132 661
132 662
132 666
132 745
132 746
132 777
132 787
132 793
132 796
132 811
132 850
132 858
132 888
132 1094
132 1095
132 1100
132 1104
132 1105
132 1106
132 1107
132 1108
132 1109
132 1110
132 1111
133 45
133 63
133 64
133 155
133 156
133 215
133 245
133 253
133 263
133 264
133 382
133 386
133 427
133 428
133 441
133 471
133 488
133 498
133 499
133 516
133 517
133 561
133 578
133 579
133 580
133 587
133 663
133 664
133 667
133 668
133 746
133 775
133 776
133 777
133 788
133 793
133 796
133 811
133 840
133 843
133 844
133 847
133 848
133 849
133 850
133 858
133 859
133 888
133 1098
133 1099
133 1100
133 1101
133 1102
133 1103
134 45
134 65
134 66
134 67
134 68
134 69
134 70
134 71
134 72
134 73
134 154
134 157
134 215
134 245
134 253
134 257
134 264
134 382
134 386
134 429
134 430
134 442
134 443
134 444
134 445
134 446
134 447
134 448
134 449
134 450
134 469
134 470
134 472
134 473
134 481
134 482
134 488
134 499
134 500
134 521
134 556
134 557
134 558
134 559
134 560
134 561
134 581
134 582
134 583
134 584
134 585
134 588
134 665
134 747
134 772
134 773
134 774
134 788
134 793
134 796
134 811
134 830
134 832
134 833
134 838
134 839
134 841
134 842
134 845
134 846
134 857
134 859
134 888
135 45
135 74
135 75
135 76
135 77
135 153
135 157
135 217
135 218
135 219
135 220
135 244
135 253
135 257
135 265
135 266
135 267
135 268
135 269
135 270
135 271
135 272
135 382
135 387
135 430
135 431
135 451
135 452
135 468
135 469
135 473
135 474
135 481
135 483
135 488
135 500
135 501
135 502
135 503
135 504
135 505
135 506
135 517
135 520
135 522
135 523
135 555
135 586
135 587
135 667
135 668
135 747
135 748
135 770
135 771
135 789
135 790
135 791
135 793
135 796
135 811
135 829
135 832
135 838
135 841
135 845
135 852
135 856
135 860
135 887
136 45
136 78
136 79
136 80
136 81
136 82
136 83
136 153
136 157
136 221
136 222
136 223
136 224
136 244
136 253
136 257
136 273
136 382
136 387
136 431
136 432
136 452
136 466
136 467
136 475
136 476
136 480
136 483
136 487
136 507
136 508
136 513
136 514
136 515
136 516
136 520
136 523
136 554
136 748
136 749
136 768
136 769
136 793
136 796
136 811
136 829
136 832
136 838
136 841
136 845
136 852
136 853
136 854
136 855
136 856
136 861
136 862
136 884
136 885
136 886
136 887
137 46
137 84
137 85
137 86
137 87
137 153
137 157
137 225
137 226
137 244
137 251
137 253
137 257
137 273
137 382
137 387
137 432
137 453
137 466
137 477
137 478
137 479
137 480
137 483
137 487
137 508
137 509
137 510
137 511
137 512
137 520
137 521
137 523
137 555
137 556
137 749
137 750
137 766
137 767
137 793
137 797
137 812
137 813
137 814
137 829
137 832
137 838
137 841
137 845
137 862
137 863
137 878
137 879
137 880
137 881
137 882
137 883
138 46
138 88
138 89
138 153
138 158
138 159
138 160
138 161
138 162
138 163
138 164
138 165
138 227
138 228
138 245
138 246
138 247
138 248
138 249
138 250
138 251
138 253
138 257
138 273
138 382
138 387
138 433
138 454
138 455
138 466
138 467
138 483
138 487
138 521
138 522
138 523
138 557
138 558
138 559
138 560
138 751
138 752
138 753
138 754
138 755
138 756
138 757
138 758
138 759
138 760
138 761
138 762
138 763
138 764
138 765
138 793
138 797
138 815
138 830
138 832
138 838
138 841
138 845
138 864
138 865
138 866
138 867
138 868
138 869
138 870
138 871
138 872
138 873
138 874
138 875
138 876
138 877
139 47
139 89
139 90
139 153
139 156
139 166
139 167
139 168
139 228
139 229
139 253
139 257
139 273
139 382
139 387
139 433
139 456
139 467
139 483
139 487
139 517
139 518
139 519
139 520
139 561
139 793
139 797
139 799
139 800
139 815
139 830
139 832
139 839
139 841
139 846
139 847
139 848
139 849
139 850
140 48
140 49
140 90
140 91
140 153
140 169
140 170
140 230
140 231
140 253
140 257
140 273
140 382
140 387
140 434
140 457
140 467
140 479
140 480
140 481
140 482
140 483
140 488
140 516
140 561
140 793
140 796
140 801
140 802
140 812
140 813
140 814
140 815
140 830
140 832
140 839
140 841
140 842
140 843
140 844
140 845
140 851
141 50
141 91
141 92
141 146
141 147
141 148
141 149
141 150
141 151
141 152
141 153
141 170
141 231
141 232
141 253
141 257
141 273
141 382
141 387
141 434
141 435
141 457
141 467
141 475
141 476
141 477
141 478
141 489
141 490
141 491
141 492
141 493
141 494
141 516
141 561
141 794
141 796
141 802
141 803
141 811
141 830
141 832
141 839
141 852
141 853
142 50
142 92
142 93
142 144
142 145
142 171
142 172
142 173
142 174
142 175
142 176
142 177
142 178
142 179
142 232
142 233
142 253
142 257
142 270
142 271
142 272
142 273
142 382
142 387
142 435
142 436
142 458
142 464
142 465
142 466
142 469
142 470
142 471
142 472
142 473
142 474
142 495
142 496
142 497
142 498
142 499
142 500
142 516
142 517
142 561
142 794
142 803
142 804
142 810
142 830
142 832
142 838
142 849
142 854
143 50
143 93
143 94
143 96
143 139
143 140
143 141
143 143
143 144
143 180
143 233
143 234
143 235
143 253
143 257
143 267
143 268
143 269
143 382
143 387
143 436
143 437
143 458
143 459
143 460
143 461
143 462
143 463
143 468
143 501
143 502
143 503
143 504
143 505
143 506
143 517
143 518
143 561
143 794
143 797
143 804
143 810
143 830
143 833
143 838
143 849
143 854
144 50
144 94
144 97
144 138
144 139
144 141
144 142
144 181
144 236
144 237
144 251
144 253
144 257
144 265
144 266
144 382
144 387
144 438
144 439
144 465
144 466
144 507
144 508
144 509
144 518
144 519
144 558
144 559
144 560
144 794
144 797
144 805
144 811
144 830
144 833
144 838
144 845
144 846
144 847
144 848
144 849
144 854
145 50
145 88
145 89
145 90
145 91
145 92
145 93
145 94
145 98
145 138
145 142
145 143
145 181
145 237
145 238
145 249
145 250
145 253
145 257
145 265
145 288
145 382
145 387
145 440
145 441
145 463
145 464
145 510
145 511
145 519
145 520
145 521
145 556
145 557
145 794
145 797
145 805
145 806
145 811
145 829
145 833
145 839
145 840
145 843
145 844
145 854
146 49
146 50
146 84
146 85
146 86
146 87
146 99
146 137
146 143
146 144
146 181
146 238
146 239
146 248
146 249
146 253
146 257
146 265
146 266
146 267
146 268
146 269
146 270
146 271
146 272
146 273
146 287
146 289
146 382
146 387
146 441
146 442
146 462
146 463
146 512
146 513
146 522
146 523
146 524
146 555
146 556
146 794
146 797
146 806
146 807
146 808
146 811
146 829
146 833
146 839
146 842
146 855
147 39
147 40
147 41
147 42
147 43
147 44
147 45
147 46
147 47
147 48
147 49
147 82
147 83
147 100
147 136
147 137
147 144
147 156
147 181
147 240
147 241
147 242
147 243
147 244
147 245
147 246
147 247
147 253
147 257
147 274
147 286
147 289
147 382
147 387
147 443
147 444
147 461
147 462
147 513
147 514
147 555
147 794
147 797
147 809
147 811
147 829
147 833
147 838
147 841
147 855
148 38
148 80
148 81
148 101
148 135
148 136
148 145
148 155
148 157
148 180
148 253
148 257
148 274
148 286
148 289
148 382
148 387
148 445
148 446
148 460
148 461
148 515
148 516
148 522
148 523
148 524
148 525
148 526
148 527
148 528
148 529
148 530
148 531
148 532
148 554
148 794
148 797
148 812
148 813
148 814
148 815
148 816
148 829
148 833
148 838
148 841
148 855
149 37
149 78
149 79
149 101
149 133
149 134
149 145
149 146
149 155
149 157
149 179
149 180
149 253
149 257
149 274
149 286
149 289
149 382
149 387
149 447
149 448
149 459
149 460
149 516
149 522
149 533
149 534
149 551
149 552
149 553
149 794
149 798
149 799
149 800
149 816
149 829
149 833
149 838
149 841
149 855
150 39
150 40
150 41
150 42
150 43
150 44
150 45
150 46
150 47
150 48
150 49
150 50
150 51
150 52
150 53
150 54
150 55
150 56
150 57
150 58
150 59
150 60
150 61
150 62
150 63
150 64
150 65
150 66
150 67
150 68
150 69
150 70
150 71
150 72
150 73
150 74
150 75
150 76
150 77
150 78
150 102
150 133
150 146
150 147
150 155
150 157
150 177
150 178
150 253
150 257
150 274
150 282
150 283
150 284
150 285
150 286
150 289
150 382
150 387
150 448
150 449
150 458
150 459
150 517
150 521
150 534
150 535
150 538
150 539
150 540
150 541
150 542
150 545
150 546
150 547
150 548
150 549
150 550
150 794
150 801
150 802
150 803
150 815
150 816
150 817
150 818
150 819
150 822
150 823
150 826
150 827
150 828
150 829
150 833
150 838
150 841
150 853
150 854
150 855
151 37
151 38
151 103
151 132
151 147
151 148
151 155
151 157
151 174
151 175
151 176
151 253
151 257
151 274
151 280
151 281
151 290
151 382
151 387
151 450
151 451
151 452
151 453
151 454
151 455
151 456
151 457
151 458
151 517
151 518
151 521
151 536
151 544
151 794
151 804
151 820
151 825
151 833
151 838
151 841
151 852
151 855
152 37
152 104
152 131
152 132
152 148
152 149
152 155
152 157
152 172
152 173
152 253
152 257
152 270
152 271
152 272
152 273
152 274
152 279
152 280
152 290
152 382
152 387
152 518
152 519
152 520
152 536
152 543
152 794
152 804
152 820
152 824
152 833
152 838
152 841
152 853
152 854
152 855
153 0
153 1
153 2
153 3
153 36
153 71
153 72
153 105
153 131
153 149
153 155
153 157
153 172
153 253
153 257
153 266
153 267
153 268
153 269
153 277
153 278
153 290
153 382
153 387
153 536
153 543
153 794
153 803
153 804
153 820
153 824
153 833
153 838
153 841
153 855
154 4
154 36
154 71
154 106
154 131
154 132
154 148
154 149
154 155
154 157
154 171
154 253
154 257
154 265
154 276
154 290
154 344
154 371
154 372
154 373
154 374
154 375
154 376
154 377
154 378
154 379
154 380
154 381
154 383
154 387
154 536
154 543
154 794
154 803
154 820
154 824
154 833
154 838
154 841
154 855
155 5
155 33
155 34
155 35
155 70
155 107
155 132
155 133
155 147
155 148
155 155
155 157
155 171
155 253
155 257
155 264
155 275
155 290
155 291
155 292
155 293
155 294
155 343
155 345
155 370
155 383
155 387
155 536
155 543
155 794
155 804
155 820
155 824
155 833
155 838
155 841
155 855
156 5
156 6
156 32
156 70
156 108
156 133
156 134
156 146
156 147
156 155
156 156
156 157
156 171
156 253
156 258
156 261
156 262
156 263
156 264
156 276
156 295
156 296
156 342
156 345
156 369
156 383
156 387
156 536
156 543
156 794
156 804
156 820
156 824
156 833
156 838
156 841
156 853
156 854
157 6
157 7
157 8
157 9
157 10
157 11
157 12
157 13
157 14
157 33
157 34
157 35
157 69
157 109
157 135
157 136
157 145
157 146
157 171
157 253
157 260
157 276
157 277
157 296
157 342
157 345
157 369
157 383
157 387
157 536
157 543
157 794
157 803
157 804
157 820
157 824
157 833
157 838
157 841
157 853
158 15
158 16
158 35
158 68
158 69
158 110
158 137
158 138
158 144
158 145
158 171
158 253
158 259
158 277
158 296
158 342
158 345
158 369
158 383
158 387
158 536
158 543
158 794
158 803
158 820
158 824
158 833
158 838
158 841
158 852
159 16
159 17
159 35
159 66
159 67
159 111
159 138
159 139
159 143
159 144
159 171
159 253
159 259
159 278
159 296
159 342
159 345
159 370
159 371
159 372
159 373
159 374
159 375
159 376
159 377
159 378
159 379
159 380
159 381
159 383
159 387
159 536
159 543
159 794
159 803
159 804
159 820
159 824
159 833
159 838
159 841
159 844
159 847
159 848
159 849
159 850
159 851
160 17
160 18
160 19
160 20
160 21
160 22
160 23
160 35
160 66
160 112
160 139
160 140
160 142
160 143
160 172
160 253
160 259
160 278
160 296
160 342
160 345
160 383
160 387
160 536
160 543
160 794
160 804
160 820
160 824
160 833
160 839
160 841
160 846
161 24
161 25
161 26
161 35
161 65
161 112
161 140
161 141
161 142
161 172
161 253
161 259
161 276
161 277
161 278
161 296
161 342
161 345
161 382
161 388
161 393
161 536
161 543
161 622
161 794
161 804
161 820
161 824
161 833
161 839
161 845
162 27
162 28
162 29
162 35
162 64
162 65
162 113
162 172
162 253
162 259
162 275
162 296
162 342
162 345
162 382
162 388
162 392
162 394
162 536
162 543
162 621
162 623
162 794
162 803
162 804
162 820
162 824
162 833
162 839
162 845
163 30
163 31
163 32
163 33
163 34
163 35
163 64
163 114
163 142
163 157
163 172
163 253
163 259
163 274
163 297
163 298
163 342
163 345
163 382
163 388
163 391
163 394
163 536
163 543
163 620
163 623
163 794
163 801
163 802
163 820
163 824
163 833
163 839
163 845
164 63
164 115
164 142
164 156
164 158
164 172
164 247
164 248
164 249
164 250
164 251
164 252
164 253
164 260
164 261
164 262
164 263
164 264
164 265
164 266
164 267
164 268
164 269
164 270
164 271
164 272
164 273
164 274
164 275
164 297
164 299
164 300
164 301
164 302
164 303
164 339
164 340
164 341
164 342
164 345
164 382
164 388
164 391
164 394
164 536
164 543
164 620
164 623
164 794
164 799
164 800
164 820
164 824
164 833
164 839
164 845
165 63
165 116
165 142
165 156
165 158
165 172
165 226
165 227
165 228
165 229
165 230
165 231
165 232
165 233
165 234
165 235
165 236
165 237
165 238
165 239
165 240
165 241
165 242
165 243
165 244
165 245
165 246
165 253
165 260
165 275
165 276
165 296
165 304
165 305
165 338
165 346
165 382
165 388
165 391
165 394
165 536
165 543
165 620
165 623
165 794
165 798
165 820
165 824
165 833
165 839
165 845
166 62
166 117
166 137
166 142
166 156
166 158
166 172
166 221
166 222
166 223
166 224
166 225
166 253
166 259
166 277
166 296
166 306
166 337
166 346
166 382
166 388
166 391
166 394
166 536
166 543
166 620
166 623
166 794
166 797
166 820
166 825
166 833
166 839
166 845
167 61
167 62
167 117
167 137
167 142
167 156
167 158
167 172
167 218
167 219
167 220
167 253
167 259
167 277
167 296
167 306
167 337
167 346
167 382
167 388
167 391
167 394
167 536
167 543
167 620
167 623
167 794
167 797
167 820
167 825
167 833
167 839
167 845
168 61
168 118
168 137
168 142
168 156
168 158
168 172
168 217
168 253
168 259
168 277
168 296
168 306
168 337
168 346
168 382
168 389
168 390
168 391
168 393
168 394
168 537
168 544
168 620
168 623
168 794
168 797
168 820
168 825
168 833
168 839
168 846
169 60
169 118
169 137
169 142
169 156
169 158
169 172
169 216
169 253
169 259
169 278
169 279
169 280
169 281
169 282
169 283
169 284
169 285
169 288
169 296
169 306
169 337
169 346
169 382
169 394
169 537
169 544
169 620
169 623
169 794
169 797
169 820
169 825
169 833
169 839
169 846
170 60
170 119
170 137
170 142
170 156
170 158
170 171
170 216
170 253
170 259
170 286
170 289
170 296
170 306
170 337
170 346
170 382
170 387
170 394
170 537
170 544
170 620
170 623
170 794
170 797
170 820
170 825
170 833
170 839
170 846
171 59
171 119
171 137
171 143
171 144
171 145
171 146
171 147
171 148
171 156
171 158
171 169
171 170
171 216
171 253
171 259
171 286
171 292
171 293
171 294
171 295
171 296
171 306
171 337
171 346
171 382
171 387
171 395
171 396
171 397
171 398
171 537
171 544
171 620
171 623
171 794
171 797
171 820
171 825
171 833
171 839
171 846
172 59
172 119
172 137
172 149
172 150
172 151
172 152
172 153
172 156
172 157
172 160
172 161
172 162
172 163
172 164
172 165
172 166
172 167
172 168
172 216
172 253
172 259
172 286
172 291
172 306
172 337
172 346
172 382
172 387
172 399
172 537
172 544
172 620
172 623
172 794
172 797
172 820
172 825
172 833
172 839
172 846
172 885
172 886
172 887
172 888
172 889
173 59
173 120
173 137
173 154
173 159
173 216
173 253
173 259
173 286
173 290
173 306
173 337
173 346
173 382
173 388
173 400
173 537
173 544
173 620
173 623
173 794
173 797
173 820
173 825
173 833
173 839
173 846
173 883
173 884
173 890
174 59
174 120
174 137
174 154
174 159
174 216
174 253
174 259
174 286
174 290
174 306
174 337
174 347
174 382
174 388
174 390
174 400
174 537
174 544
174 620
174 623
174 794
174 797
174 820
174 825
174 833
174 839
174 846
174 881
174 882
174 891
175 59
175 121
175 137
175 154
175 159
175 216
175 253
175 259
175 286
175 290
175 306
175 337
175 347
175 382
175 388
175 390
175 399
175 400
175 537
175 544
175 620
175 623
175 794
175 797
175 820
175 825
175 833
175 839
175 846
175 880
175 881
175 891
176 0
176 59
176 121
176 137
176 154
176 159
176 216
176 253
176 259
176 286
176 290
176 306
176 337
176 347
176 382
176 388
176 390
176 397
176 398
176 537
176 544
176 620
176 623
176 794
176 797
176 820
176 825
176 833
176 839
176 846
176 880
176 891
177 1
177 2
177 43
177 44
177 45
177 46
177 47
177 48
177 49
177 59
177 121
177 137
177 154
177 159
177 216
177 253
177 259
177 286
177 290
177 306
177 337
177 347
177 382
177 388
177 397
177 537
177 544
177 620
177 623
177 769
177 770
177 771
177 772
177 773
177 774
177 775
177 776
177 777
177 778
177 779
177 780
177 781
177 782
177 783
177 784
177 785
177 786
177 787
177 788
177 789
177 794
177 797
177 820
177 825
177 833
177 839
177 846
177 879
177 892
178 2
178 3
178 38
178 39
178 40
178 41
178 42
178 50
178 51
178 59
178 121
178 137
178 154
178 159
178 216
178 253
178 259
178 286
178 290
178 306
178 337
178 347
178 382
178 388
178 396
178 537
178 544
178 620
178 623
178 746
178 747
178 748
178 749
178 750
178 751
178 752
178 753
178 754
178 755
178 756
178 757
178 758
178 759
178 760
178 761
178 762
178 763
178 764
178 765
178 766
178 767
178 768
178 790
178 794
178 797
178 820
178 825
178 833
178 839
178 846
178 879
178 892
179 3
179 4
179 36
179 37
179 51
179 52
179 60
179 121
179 137
179 154
179 159
179 216
179 253
179 259
179 286
179 290
179 307
179 338
179 339
179 340
179 341
179 344
179 347
179 382
179 388
179 396
179 538
179 539
179 540
179 541
179 542
179 543
179 544
179 545
179 546
179 620
179 623
179 745
179 790
179 794
179 797
179 820
179 825
179 833
179 839
179 846
179 869
179 870
179 878
179 892
180 5
180 6
180 35
180 36
180 52
180 53
180 60
180 121
180 137
180 154
180 159
180 216
180 253
180 259
180 287
180 290
180 307
180 342
180 346
180 382
180 388
180 396
180 537
180 538
180 547
180 548
180 620
180 623
180 744
180 790
180 795
180 798
180 820
180 825
180 833
180 839
180 846
180 868
180 871
180 877
180 878
180 892
181 6
181 7
181 34
181 35
181 53
181 54
181 60
181 121
181 137
181 154
181 159
181 216
181 253
181 259
181 287
181 290
181 307
181 342
181 346
181 382
181 388
181 391
181 393
181 394
181 396
181 535
181 536
181 542
181 543
181 544
181 549
181 550
181 620
181 623
181 690
181 691
181 692
181 693
181 694
181 695
181 696
181 697
181 698
181 699
181 700
181 701
181 702
181 703
181 704
181 705
181 706
181 707
181 708
181 709
181 710
181 711
181 712
181 744
181 790
181 795
181 798
181 820
181 825
181 833
181 839
181 846
181 867
181 871
181 877
181 892
182 7
182 8
182 32
182 33
182 54
182 61
182 121
182 137
182 154
182 159
182 216
182 253
182 259
182 287
182 290
182 307
182 342
182 346
182 382
182 388
182 391
182 396
182 533
182 534
182 538
182 539
182 540
182 541
182 547
182 551
182 552
182 620
182 623
182 682
182 683
182 684
182 685
182 686
182 687
182 688
182 689
182 713
182 714
182 715
182 744
182 790
182 795
182 798
182 820
182 825
182 833
182 839
182 846
182 867
182 871
182 876
182 892
183 8
183 9
183 31
183 32
183 54
183 61
183 121
183 137
183 154
183 159
183 216
183 253
183 259
183 287
183 290
183 307
183 342
183 346
183 382
183 388
183 391
183 395
183 532
183 536
183 549
183 552
183 620
183 623
183 680
183 681
183 716
183 717
183 718
183 744
183 790
183 795
183 798
183 820
183 825
183 834
183 839
183 846
183 867
183 871
183 875
183 892
184 9
184 10
184 31
184 55
184 62
184 121
184 137
184 154
184 159
184 211
184 212
184 213
184 214
184 215
184 216
184 253
184 259
184 287
184 290
184 307
184 342
184 346
184 382
184 388
184 391
184 395
184 531
184 534
184 550
184 553
184 554
184 555
184 556
184 557
184 558
184 559
184 561
184 562
184 563
184 564
184 565
184 566
184 567
184 568
184 569
184 570
184 571
184 572
184 573
184 574
184 575
184 576
184 577
184 578
184 579
184 580
184 581
184 582
184 583
184 584
184 620
184 623
184 678
184 679
184 719
184 720
184 744
184 790
184 795
184 798
184 820
184 825
184 834
184 839
184 846
184 867
184 871
184 874
184 892
185 11
185 12
185 30
185 55
185 62
185 63
185 120
185 137
185 154
185 159
185 208
185 209
185 210
185 253
185 259
185 287
185 290
185 307
185 342
185 346
185 382
185 388
185 391
185 395
185 529
185 530
185 532
185 533
185 551
185 560
185 561
185 585
185 586
185 587
185 620
185 623
185 677
185 678
185 721
185 722
185 723
185 744
185 790
185 795
185 798
185 820
185 825
185 834
185 839
185 846
185 867
185 871
185 874
185 892
186 12
186 13
186 29
186 30
186 55
186 63
186 64
186 120
186 137
186 154
186 159
186 206
186 207
186 253
186 260
186 287
186 290
186 307
186 342
186 346
186 382
186 388
186 391
186 395
186 529
186 531
186 552
186 561
186 562
186 563
186 588
186 589
186 620
186 623
186 676
186 677
186 724
186 725
186 726
186 733
186 734
186 735
186 736
186 744
186 790
186 795
186 798
186 820
186 825
186 834
186 839
186 846
186 867
186 872
186 873
186 874
186 892
187 14
187 15
187 28
187 29
187 55
187 65
187 66
187 120
187 137
187 155
187 159
187 205
187 206
187 238
187 239
187 240
187 241
187 242
187 243
187 244
187 245
187 246
187 247
187 248
187 249
187 250
187 251
187 252
187 253
187 254
187 260
187 262
187 263
187 264
187 265
187 266
187 267
187 268
187 269
187 270
187 271
187 272
187 273
187 274
187 275
187 276
187 277
187 278
187 279
187 280
187 281
187 282
187 283
187 284
187 285
187 286
187 287
187 288
187 290
187 307
187 342
187 346
187 382
187 388
187 392
187 395
187 528
187 552
187 563
187 564
187 590
187 591
187 620
187 623
187 674
187 675
187 676
187 727
187 728
187 729
187 730
187 731
187 732
187 733
187 737
187 744
187 790
187 795
187 798
187 820
187 825
187 834
187 839
187 846
187 867
187 871
187 872
187 892
188 15
188 16
188 27
188 28
188 56
188 66
188 67
188 68
188 120
188 137
188 155
188 159
188 204
188 205
188 226
188 227
188 228
188 229
188 230
188 231
188 232
188 233
188 234
188 235
188 236
188 237
188 254
188 261
188 288
188 289
188 290
188 307
188 343
188 346
188 382
188 389
188 392
188 395
188 407
188 408
188 409
188 410
188 528
188 530
188 553
188 564
188 565
188 591
188 592
188 620
188 623
188 672
188 673
188 737
188 744
188 790
188 795
188 798
188 820
188 825
188 834
188 839
188 846
188 867
188 869
188 870
188 892
189 16
189 17
189 26
189 27
189 56
189 69
189 120
189 137
189 155
189 159
189 203
189 204
189 224
189 225
189 254
189 260
189 307
189 343
189 346
189 382
189 389
189 392
189 395
189 405
189 406
189 411
189 527
189 553
189 565
189 566
189 592
189 593
189 620
189 623
189 671
189 672
189 737
189 744
189 790
189 795
189 798
189 820
189 825
189 834
189 840
189 846
189 868
189 869
189 892
190 18
190 19
190 24
190 25
190 57
190 70
190 120
190 137
190 155
190 159
190 201
190 202
190 222
190 223
190 254
190 260
190 292
190 293
190 307
190 343
190 346
190 382
190 389
190 392
190 395
190 404
190 411
190 527
190 554
190 566
190 567
190 593
190 594
190 620
190 623
190 668
190 669
190 670
190 671
190 737
190 744
190 820
190 825
190 834
190 840
190 842
190 846
190 868
190 906
190 907
191 19
191 20
191 23
191 24
191 57
191 70
191 120
191 137
191 155
191 159
191 200
191 201
191 220
191 221
191 254
191 260
191 293
191 294
191 307
191 343
191 346
191 382
191 389
191 392
191 395
191 403
191 412
191 527
191 529
191 554
191 567
191 594
191 620
191 623
191 660
191 661
191 662
191 663
191 664
191 665
191 666
191 667
191 738
191 744
191 820
191 825
191 834
191 840
191 842
191 846
191 867
191 893
191 905
191 908
191 909
192 20
192 21
192 22
192 57
192 70
192 120
192 137
192 155
192 159
192 199
192 200
192 219
192 220
192 254
192 260
192 294
192 295
192 307
192 343
192 346
192 382
192 389
192 392
192 395
192 403
192 412
192 527
192 529
192 554
192 567
192 595
192 620
192 623
192 655
192 656
192 657
192 658
192 659
192 738
192 744
192 820
192 825
192 834
192 840
192 842
192 846
192 863
192 864
192 865
192 866
192 867
192 892
192 910
193 57
193 70
193 120
193 137
193 155
193 159
193 198
193 199
193 218
193 219
193 254
193 260
193 296
193 297
193 307
193 343
193 344
193 346
193 382
193 389
193 392
193 395
193 402
193 403
193 413
193 418
193 527
193 554
193 568
193 595
193 620
193 623
193 651
193 652
193 653
193 654
193 739
193 820
193 825
193 834
193 840
193 841
193 842
193 847
193 865
193 906
193 907
193 908
193 910
194 57
194 71
194 120
194 137
194 155
194 159
194 197
194 198
194 216
194 217
194 254
194 260
194 298
194 299
194 307
194 342
194 345
194 346
194 382
194 389
194 392
194 395
194 401
194 413
194 416
194 417
194 419
194 420
194 524
194 525
194 526
194 554
194 568
194 596
194 620
194 623
194 649
194 650
194 739
194 817
194 818
194 819
194 820
194 832
194 833
194 834
194 840
194 842
194 847
194 892
194 904
194 905
195 56
195 120
195 137
195 155
195 159
195 196
195 197
195 215
195 216
195 254
195 260
195 299
195 300
195 307
195 341
195 346
195 382
195 389
195 392
195 395
195 400
195 413
195 414
195 415
195 416
195 420
195 518
195 519
195 520
195 521
195 522
195 523
195 526
195 554
195 568
195 596
195 620
195 623
195 647
195 648
195 739
195 816
195 820
195 827
195 834
195 840
195 842
195 846
195 864
195 892
195 902
195 903
196 56
196 64
196 65
196 66
196 67
196 68
196 69
196 70
196 120
196 137
196 155
196 159
196 195
196 196
196 214
196 215
196 254
196 260
196 301
196 302
196 303
196 307
196 341
196 346
196 382
196 383
196 384
196 385
196 386
196 387
196 388
196 389
196 390
196 391
196 392
196 393
196 394
196 395
196 396
196 397
196 398
196 399
196 400
196 401
196 402
196 403
196 404
196 412
196 415
196 420
196 514
196 515
196 516
196 517
196 526
196 529
196 554
196 568
196 596
196 620
196 623
196 646
196 647
196 739
196 820
196 826
196 863
196 864
196 892
196 898
196 899
196 900
196 901
196 902
197 57
197 58
197 59
197 60
197 61
197 62
197 63
197 120
197 137
197 156
197 157
197 159
197 194
197 195
197 213
197 214
197 254
197 260
197 304
197 305
197 307
197 341
197 346
197 359
197 360
197 361
197 362
197 363
197 364
197 365
197 366
197 367
197 368
197 369
197 370
197 371
197 372
197 373
197 374
197 375
197 376
197 377
197 378
197 379
197 380
197 381
197 405
197 406
197 407
197 408
197 412
197 414
197 420
197 512
197 513
197 527
197 554
197 568
197 596
197 645
197 646
197 739
197 819
197 826
197 862
197 863
197 893
197 896
197 897
198 120
198 137
198 154
198 155
198 156
198 158
198 159
198 192
198 193
198 212
198 213
198 254
198 260
198 307
198 308
198 309
198 310
198 342
198 345
198 346
198 357
198 358
198 409
198 410
198 414
198 420
198 510
198 511
198 527
198 554
198 568
198 596
198 645
198 819
198 826
198 862
198 893
198 894
198 895
199 120
199 137
199 153
199 159
199 190
199 191
199 211
199 212
199 254
199 260
199 311
199 312
199 313
199 314
199 315
199 316
199 317
199 318
199 319
199 320
199 321
199 322
199 323
199 324
199 325
199 326
199 327
199 328
199 329
199 343
199 344
199 346
199 355
199 356
199 411
199 412
199 420
199 508
199 509
199 528
199 553
199 567
199 596
199 644
199 819
199 826
199 861
200 120
200 137
200 152
200 159
200 188
200 189
200 210
200 211
200 254
200 260
200 330
200 331
200 332
200 343
200 346
200 355
200 412
200 421
200 506
200 507
200 528
200 529
200 531
200 553
200 567
200 596
200 644
200 819
200 826
200 861
200 892
201 120
201 137
201 152
201 159
201 160
201 186
201 187
201 210
201 254
201 260
201 333
201 334
201 343
201 346
201 354
201 413
201 421
201 504
201 505
201 529
201 530
201 552
201 553
201 566
201 567
201 596
201 643
201 819
201 826
201 860
201 892
202 119
202 137
202 152
202 158
202 184
202 185
202 209
202 254
202 260
202 335
202 336
202 343
202 346
202 354
202 413
202 422
202 502
202 503
202 530
202 531
202 551
202 552
202 566
202 642
202 819
202 826
202 860
202 892
203 119
203 137
203 152
203 158
203 183
203 184
203 208
203 209
203 254
203 260
203 337
203 343
203 346
203 353
203 414
203 422
203 502
203 531
203 532
203 550
203 551
203 565
203 641
203 644
203 819
203 826
203 861
203 892
204 119
204 137
204 152
204 157
204 158
204 183
204 208
204 254
204 260
204 338
204 343
204 347
204 353
204 414
204 415
204 422
204 499
204 500
204 501
204 532
204 533
204 535
204 549
204 564
204 565
204 596
204 644
204 819
204 826
204 861
204 862
204 892
205 119
205 137
205 153
205 154
205 155
205 156
205 160
205 182
205 207
205 254
205 260
205 338
205 343
205 347
205 352
205 415
205 423
205 533
205 534
205 538
205 539
205 540
205 541
205 542
205 543
205 544
205 545
205 546
205 563
205 564
205 596
205 644
205 819
205 826
205 862
205 863
205 892
206 119
206 137
206 160
206 182
206 207
206 254
206 260
206 339
206 343
206 347
206 352
206 416
206 423
206 535
206 536
206 549
206 550
206 551
206 552
206 553
206 556
206 557
206 560
206 561
206 562
206 596
206 644
206 819
206 826
206 863
206 864
206 892
207 119
207 137
207 155
207 160
207 181
207 206
207 254
207 260
207 339
207 343
207 347
207 351
207 416
207 417
207 423
207 501
207 537
207 538
207 547
207 548
207 554
207 555
207 558
207 559
207 595
207 645
207 819
207 826
207 864
207 865
207 892
208 119
208 137
208 155
208 160
208 181
208 206
208 254
208 260
208 340
208 343
208 347
208 351
208 417
208 500
208 538
208 545
208 546
208 554
208 558
208 819
208 826
208 865
208 889
208 890
208 891
209 119
209 137
209 155
209 160
209 181
209 205
209 254
209 260
209 340
209 341
209 342
209 343
209 348
209 350
209 418
209 422
209 423
209 500
209 537
209 545
209 554
209 558
209 819
209 826
209 865
209 889
209 892
210 119
210 137
210 155
210 160
210 181
210 205
210 254
210 260
210 343
210 348
210 349
210 418
210 421
210 500
210 537
210 545
210 554
210 558
210 819
210 826
210 864
210 892
211 155
211 160
211 205
211 254
211 260
211 340
211 343
211 347
211 501
211 537
211 545
211 554
211 558
211 819
211 826
211 864
211 890
211 892
212 155
212 160
212 205
212 254
212 260
212 340
212 343
212 347
212 425
212 426
212 427
212 428
212 429
212 430
212 431
212 501
212 502
212 537
212 545
212 552
212 553
212 554
212 555
212 559
212 819
212 826
212 863
212 890
212 892
213 155
213 160
213 205
213 254
213 260
213 340
213 343
213 347
213 424
213 432
213 537
213 545
213 555
213 559
213 819
213 826
213 863
213 890
213 892
214 155
214 160
214 205
214 254
214 260
214 340
214 343
214 347
214 420
214 423
214 432
214 537
214 546
214 555
214 558
214 819
214 826
214 862
214 890
214 892
215 41
215 42
215 43
215 152
215 153
215 154
215 155
215 161
215 162
215 205
215 254
215 260
215 340
215 342
215 343
215 347
215 421
215 432
215 538
215 546
215 555
215 558
215 819
215 826
215 862
215 890
215 892
216 38
216 39
216 40
216 44
216 45
216 46
216 155
216 161
216 205
216 254
216 260
216 340
216 343
216 347
216 422
216 432
216 536
216 539
216 545
216 555
216 558
216 819
216 826
216 861
216 862
216 890
216 893
217 36
217 37
217 47
217 48
217 155
217 160
217 204
217 254
217 260
217 337
217 338
217 343
217 347
217 432
217 539
217 545
217 555
217 558
217 819
217 826
217 861
217 890
217 894
217 895
217 896
217 897
217 898
218 35
218 36
218 49
218 50
218 155
218 160
218 204
218 254
218 260
218 335
218 343
218 346
218 432
218 539
218 545
218 555
218 558
218 819
218 827
218 860
218 890
218 899
219 34
219 35
219 50
219 155
219 160
219 203
219 254
219 260
219 334
219 344
219 345
219 346
219 432
219 539
219 545
219 820
219 827
219 861
219 890
219 899
220 32
220 33
220 50
220 155
220 160
220 202
220 254
220 260
220 333
220 334
220 426
220 428
220 429
220 430
220 431
220 432
220 539
220 545
220 820
220 827
220 861
220 890
220 900
221 30
221 31
221 50
221 155
221 160
221 205
221 254
221 260
221 331
221 332
221 335
221 539
221 545
221 820
221 827
221 862
221 890
221 900
221 901
222 29
222 30
222 50
222 155
222 160
222 205
222 254
222 260
222 329
222 330
222 335
222 426
222 539
222 545
222 820
222 827
222 863
222 890
222 901
222 902
223 27
223 28
223 50
223 156
223 160
223 206
223 254
223 260
223 336
223 337
223 338
223 339
223 340
223 341
223 342
223 427
223 539
223 545
223 827
223 863
223 890
224 26
224 27
224 50
224 156
224 160
224 206
224 207
224 254
224 260
224 427
224 539
224 546
224 863
224 890
225 25
225 26
225 50
225 156
225 160
225 207
225 208
225 254
225 260
225 342
225 428
225 539
225 546
225 863
225 890
226 24
226 25
226 50
226 156
226 160
226 208
226 209
226 254
226 260
226 341
226 428
226 863
226 890
227 24
227 50
227 209
227 254
227 261
227 341
227 429
227 864
227 890
228 23
228 50
228 254
228 261
228 340
228 341
228 429
228 864
228 890
229 23
229 49
229 50
229 254
229 260
229 339
229 340
229 429
229 864
229 889
230 22
230 47
230 48
230 254
230 260
230 339
230 430
230 864
230 889
231 22
231 41
231 42
231 43
231 44
231 45
231 46
231 254
231 260
231 338
231 430
231 864
231 888
232 21
232 39
232 40
232 252
232 254
232 260
232 337
232 338
232 430
232 865
232 889
233 21
233 39
233 251
233 254
233 261
233 336
233 430
233 866
233 867
233 868
233 869
233 870
233 871
233 872
233 889
234 21
234 38
234 254
234 261
234 335
234 430
234 873
234 890
235 21
235 38
235 254
235 261
235 335
235 430
236 21
236 38
236 254
236 261
236 334
236 430
237 20
237 21
237 38
237 254
237 261
237 334
237 430
238 19
238 20
238 38
238 254
238 261
238 334
238 430
239 18
239 19
239 39
239 254
239 261
239 334
239 430
240 17
240 18
240 39
240 40
240 254
240 261
240 334
240 430
241 17
241 40
241 41
241 254
241 261
241 334
241 430
242 16
242 41
242 254
242 261
242 334
242 430
243 15
243 16
243 42
243 254
243 261
243 334
243 430
244 14
244 15
244 42
244 43
244 44
244 334
244 430
244 1278
244 1279
245 13
245 14
245 334
245 430
246 0
246 1
246 2
246 3
246 4
246 5
246 6
246 7
246 8
246 9
246 10
246 11
246 12
246 334
246 430
247 43
247 334
247 430
248 13
248 14
248 15
248 16
248 17
248 18
248 19
248 20
248 21
248 22
248 23
248 24
248 25
248 26
248 27
248 28
248 29
248 30
248 31
248 32
248 33
248 34
248 35
248 36
248 37
248 38
248 39
248 40
248 41
248 42
248 43
248 44
248 45
248 46
248 47
248 48
248 49
248 50
248 51
248 52
248 53
248 54
248 55
248 56
248 57
248 334
248 430
249 58
249 59
249 60
249 61
249 334
249 430
250 62
250 63
250 64
250 65
250 334
250 430
251 66
251 67
251 68
251 69
251 334
251 430
252 70
252 71
252 334
252 430
253 72
253 73
253 334
253 430
254 74
254 75
255 76
255 77
256 78
257 79
258 80
258 81
259 82
259 83
260 83
260 84
261 85
261 86
262 86
262 87
263 87
263 88
264 89
264 90
265 90
265 91
266 92
266 93
267 93
267 94
268 94
268 95
269 96
269 97
270 97
270 98
271 98
271 99
272 100
272 101
273 102
273 103
274 104
274 105
275 105
275 106
276 106
276 107
277 108
277 109
278 109
278 110
279 111
279 112
280 112
280 113
281 113
281 114
282 115
282 116
283 116
283 117
284 118
284 119
285 119
285 120
286 120
286 121
287 122
287 123
288 123
288 124
289 124
289 125
290 126
290 127
291 127
291 128
292 129
292 130
293 130
293 131
294 131
294 132
295 133
295 134
296 135
296 136
297 136
297 137
298 137
299 138
300 138
300 139
301 139
301 140
302 141
302 142
303 142
303 143
304 143
304 144
305 144
305 145
306 145
306 146
307 146
307 147
308 147
308 148
309 148
309 149
310 149
310 150
311 150
311 151
312 151
312 152
313 153
313 154
314 154
314 155
315 155
315 156
316 156
316 157
317 157
317 158
318 158
319 159
320 159
321 160
322 160
323 161
324 161
325 162
326 162
327 162
328 163
329 163
330 164
331 164
332 164
333 164
334 164
335 164
336 164
337 165
338 165
339 165
340 165
341 165
342 165
343 165
344 165
345 165
346 165
347 165
348 166
349 166
350 166
351 166
352 166
353 167
354 167
354 168
354 169
355 170
355 171
356 172
357 172
358 172
359 172
360 172
361 172
362 172
363 172
364 172
365 172
366 172
367 172
368 172
369 172
370 172
371 172
372 172
373 172
374 172
375 172
376 172
377 172
378 171
379 170
379 171
380 169
380 170
381 168
382 167
383 167
