0 423
0 516
0 684
0 815
0 872
0 1150
1 423
1 516
1 684
1 815
1 872
1 1150
2 423
2 515
2 516
2 684
2 815
2 872
2 1150
2 1197
2 1198
2 1199
2 1200
2 1201
2 1202
2 1203
2 1204
2 1205
2 1206
2 1207
2 1208
2 1209
2 1210
2 1211
2 1212
2 1213
2 1214
2 1215
2 1216
2 1217
2 1218
2 1219
2 1220
2 1221
2 1222
2 1223
2 1224
2 1225
2 1226
2 1227
2 1228
2 1229
2 1230
3 423
3 508
3 509
3 510
3 514
3 515
3 684
3 815
3 816
3 817
3 818
3 819
3 820
3 821
3 872
3 1150
3 1196
4 423
4 505
4 506
4 507
4 511
4 512
4 513
4 514
4 684
4 872
4 1150
4 1155
4 1156
4 1197
4 1198
4 1199
4 1230
5 423
5 504
5 683
5 821
5 872
5 1151
5 1152
5 1153
5 1154
5 1199
5 1200
5 1229
6 423
6 505
6 506
6 507
6 686
6 687
6 688
6 821
6 834
6 835
6 872
6 1151
6 1159
6 1160
6 1161
6 1162
6 1163
6 1164
6 1200
6 1201
6 1228
6 1229
7 423
7 507
7 508
7 683
7 685
7 688
7 821
7 832
7 833
7 872
7 1150
7 1156
7 1158
7 1164
7 1202
7 1203
7 1227
7 1228
8 422
8 508
8 509
8 688
8 822
8 823
8 824
8 825
8 826
8 830
8 831
8 835
8 872
8 1150
8 1164
8 1203
8 1204
8 1227
9 422
9 509
9 688
9 826
9 827
9 828
9 829
9 835
9 872
9 1150
9 1164
9 1204
9 1226
10 422
10 509
10 688
10 834
10 835
10 872
10 1150
10 1164
10 1203
10 1204
10 1225
10 1226
11 421
11 508
11 688
11 831
11 832
11 833
11 872
11 1150
11 1164
11 1198
11 1199
11 1200
11 1201
11 1202
11 1203
11 1224
11 1225
11 1232
11 1233
11 1234
12 421
12 504
12 505
12 508
12 688
12 689
12 829
12 830
12 872
12 1150
12 1164
12 1197
12 1224
12 1231
12 1232
12 1234
13 421
13 502
13 503
13 506
13 690
13 691
13 692
13 829
13 872
13 1150
13 1163
13 1164
13 1196
13 1223
13 1229
13 1230
13 1235
14 421
14 502
14 693
14 694
14 695
14 828
14 872
14 1150
14 1160
14 1161
14 1162
14 1197
14 1223
14 1228
14 1229
14 1235
15 422
15 501
15 696
15 697
15 829
15 872
15 1150
15 1158
15 1159
15 1175
15 1176
15 1177
15 1178
15 1179
15 1180
15 1181
15 1182
15 1183
15 1197
15 1225
15 1226
15 1227
15 1228
15 1236
15 1237
15 1238
15 1239
15 1240
15 1241
16 422
16 423
16 502
16 697
16 830
16 831
16 872
16 1150
16 1157
16 1174
16 1198
16 1242
17 424
17 425
17 502
17 503
17 698
17 831
17 832
17 833
17 849
17 872
17 1150
17 1156
17 1173
17 1183
17 1198
17 1199
17 1242
18 425
18 503
18 698
18 834
18 835
18 847
18 848
18 850
18 851
18 872
18 1150
18 1156
18 1174
18 1182
18 1199
18 1242
19 426
19 504
19 698
19 847
19 852
19 853
19 872
19 1150
19 1156
19 1175
19 1176
19 1182
19 1200
19 1241
19 1242
20 426
20 504
20 698
20 833
20 834
20 846
20 853
20 872
20 1150
20 1156
20 1176
20 1177
20 1182
20 1200
20 1241
21 426
21 505
21 697
21 698
21 833
21 845
21 846
21 853
21 872
21 1150
21 1156
21 1177
21 1182
21 1200
21 1240
21 1256
22 426
22 506
22 696
22 697
22 832
22 845
22 853
22 872
22 1150
22 1157
22 1158
22 1159
22 1170
22 1171
22 1177
22 1182
22 1183
22 1200
22 1239
22 1240
22 1254
22 1255
22 1257
22 1258
22 1259
22 1260
22 1261
23 426
23 507
23 695
23 696
23 833
23 845
23 853
23 872
23 1150
23 1160
23 1161
23 1162
23 1163
23 1164
23 1165
23 1166
23 1167
23 1168
23 1169
23 1172
23 1173
23 1176
23 1184
23 1185
23 1199
23 1238
23 1239
23 1254
23 1262
23 1263
23 1264
23 1265
23 1266
23 1267
23 1268
23 1269
24 426
24 508
24 509
24 510
24 511
24 512
24 513
24 514
24 695
24 833
24 834
24 848
24 849
24 850
24 853
24 872
24 1150
24 1174
24 1175
24 1176
24 1185
24 1190
24 1191
24 1192
24 1193
24 1199
24 1237
24 1238
24 1253
24 1270
24 1271
25 426
25 515
25 694
25 835
25 847
25 851
25 852
25 853
25 872
25 1150
25 1185
25 1186
25 1187
25 1188
25 1189
25 1194
25 1195
25 1196
25 1197
25 1198
25 1236
25 1237
25 1252
25 1253
25 1272
25 1273
25 1274
26 427
26 516
26 693
26 694
26 835
26 841
26 843
26 846
26 872
26 1150
26 1236
26 1251
26 1252
26 1275
26 1276
27 428
27 429
27 516
27 517
27 693
27 835
27 836
27 838
27 839
27 840
27 843
27 860
27 861
27 862
27 872
27 1150
27 1235
27 1250
27 1251
27 1277
27 1278
27 1279
28 430
28 431
28 445
28 446
28 447
28 448
28 518
28 519
28 693
28 835
28 843
28 860
28 862
28 872
28 1150
28 1234
28 1235
28 1249
28 1250
29 432
29 433
29 443
29 444
29 449
29 450
29 451
29 452
29 453
29 454
29 519
29 693
29 694
29 835
29 843
29 862
29 872
29 1150
29 1234
29 1249
30 433
30 434
30 441
30 442
30 455
30 456
30 519
30 694
30 835
30 843
30 846
30 859
30 860
30 872
30 1150
30 1235
30 1236
30 1237
30 1238
30 1248
31 434
31 435
31 440
31 441
31 456
31 457
31 519
31 694
31 835
31 843
31 846
31 847
31 858
31 859
31 872
31 1150
31 1239
31 1240
31 1241
31 1242
31 1247
31 1248
32 435
32 436
32 437
32 438
32 439
32 440
32 457
32 458
32 520
32 694
32 835
32 843
32 847
32 848
32 852
32 853
32 854
32 855
32 856
32 857
32 858
32 860
32 864
32 865
32 866
32 872
32 1150
32 1243
32 1244
32 1245
32 1246
33 458
33 459
33 520
33 694
33 835
33 843
33 848
33 849
33 850
33 851
33 861
33 862
33 863
33 864
33 866
33 872
33 1150
34 459
34 460
34 521
34 694
34 835
34 843
34 866
34 872
34 1150
35 460
35 521
35 694
35 835
35 843
35 865
35 866
35 872
35 1150
36 460
36 518
36 519
36 520
36 521
36 694
36 695
36 835
36 843
36 864
36 865
36 872
36 1150
37 460
37 516
37 517
37 695
37 835
37 843
37 864
37 872
37 1150
38 460
38 464
38 465
38 466
38 467
38 468
38 515
38 516
38 696
38 835
38 843
38 863
38 872
38 1150
39 459
39 460
39 462
39 463
39 469
39 470
39 514
39 515
39 696
39 835
39 843
39 862
39 863
39 872
39 1150
40 458
40 462
40 470
40 471
40 472
40 513
40 514
40 697
40 835
40 843
40 862
40 864
40 865
40 866
40 872
40 1150
41 458
41 460
41 461
41 473
41 474
41 513
41 697
41 698
41 835
41 843
41 872
41 1150
42 458
42 460
42 474
42 512
42 698
42 835
42 843
42 866
42 872
42 1150
43 458
43 460
43 474
43 512
43 699
43 835
43 843
43 865
43 872
43 1149
44 458
44 459
44 460
44 475
44 485
44 486
44 487
44 509
44 510
44 511
44 512
44 699
44 835
44 843
44 863
44 864
44 866
44 872
44 1149
45 475
45 483
45 484
45 488
45 489
45 508
45 699
45 835
45 843
45 863
45 865
45 872
45 1149
46 476
46 477
46 478
46 479
46 480
46 481
46 482
46 489
46 490
46 507
46 695
46 696
46 697
46 698
46 699
46 835
46 843
46 863
46 872
46 1149
47 490
47 507
47 694
47 835
47 843
47 864
47 872
47 1149
48 491
48 507
48 693
48 835
48 843
48 864
48 872
48 1149
49 491
49 508
49 693
49 696
49 697
49 835
49 844
49 864
49 873
49 1149
50 491
50 508
50 693
50 695
50 698
50 699
50 835
50 844
50 864
50 873
50 1149
51 491
51 509
51 699
51 700
51 835
51 844
51 865
51 873
51 1149
52 491
52 509
52 510
52 700
52 835
52 844
52 865
52 873
52 1149
53 492
53 510
53 701
53 835
53 844
53 866
53 873
53 1149
54 492
54 511
54 701
54 835
54 844
54 866
54 867
54 871
54 873
54 1149
55 492
55 511
55 512
55 701
55 835
55 844
55 867
55 868
55 869
55 870
55 873
55 1149
56 492
56 512
56 513
56 700
56 701
56 835
56 844
56 873
56 1149
57 492
57 513
57 514
57 700
57 835
57 844
57 870
57 873
57 1149
58 492
58 514
58 515
58 699
58 835
58 844
58 869
58 873
58 1149
59 492
59 515
59 516
59 699
59 835
59 844
59 869
59 873
59 1149
60 493
60 516
60 699
60 835
60 844
60 864
60 865
60 866
60 867
60 868
60 873
60 1149
61 493
61 494
61 516
61 699
61 787
61 788
61 789
61 790
61 791
61 792
61 835
61 844
61 862
61 863
61 873
61 1149
62 495
62 496
62 514
62 515
62 698
62 785
62 786
62 793
62 794
62 796
62 797
62 798
62 799
62 800
62 835
62 844
62 862
62 873
62 1149
63 497
63 498
63 513
63 697
63 698
63 783
63 784
63 794
63 795
63 801
63 802
63 803
63 804
63 805
63 806
63 807
63 808
63 809
63 810
63 811
63 812
63 813
63 814
63 815
63 816
63 817
63 818
63 819
63 835
63 844
63 861
63 873
63 1149
64 498
64 499
64 512
64 696
64 783
64 794
64 820
64 821
64 835
64 844
64 862
64 873
64 1149
65 499
65 500
65 512
65 695
65 783
65 821
65 835
65 844
65 862
65 866
65 873
65 1149
66 500
66 512
66 695
66 784
66 790
66 791
66 792
66 793
66 794
66 795
66 796
66 797
66 798
66 799
66 800
66 801
66 802
66 803
66 804
66 805
66 806
66 807
66 808
66 809
66 810
66 811
66 812
66 813
66 821
66 835
66 844
66 863
66 864
66 865
66 867
66 868
66 873
66 1150
67 500
67 511
67 512
67 696
67 784
67 785
67 786
67 787
67 788
67 789
67 790
67 814
67 815
67 816
67 821
67 835
67 844
67 868
67 873
67 1150
68 500
68 509
68 510
68 696
68 697
68 817
68 821
68 835
68 844
68 868
68 873
68 1150
69 500
69 509
69 697
69 698
69 817
69 821
69 835
69 844
69 868
69 873
69 1150
70 499
70 508
70 698
70 699
70 817
70 821
70 835
70 844
70 869
70 870
70 871
70 872
70 873
70 1150
70 1152
70 1153
70 1154
71 499
71 505
71 506
71 507
71 508
71 699
71 817
71 820
71 835
71 844
71 873
71 1149
71 1155
71 1156
72 499
72 504
72 700
72 817
72 820
72 835
72 844
72 873
72 1149
72 1156
72 1157
72 1167
72 1168
73 499
73 503
73 700
73 817
73 821
73 835
73 844
73 873
73 1149
73 1157
73 1161
73 1162
73 1163
73 1164
73 1165
73 1166
73 1169
74 499
74 503
74 701
74 817
74 821
74 835
74 844
74 873
74 1149
74 1158
74 1159
74 1160
74 1170
74 1171
74 1172
74 1173
74 1174
74 1175
75 498
75 504
75 701
75 817
75 821
75 835
75 844
75 873
75 1149
75 1176
75 1177
75 1178
75 1179
76 498
76 504
76 505
76 701
76 817
76 821
76 835
76 844
76 873
76 1149
76 1180
76 1181
76 1265
76 1266
76 1267
76 1268
76 1269
76 1270
76 1271
76 1272
76 1273
76 1274
76 1275
76 1276
76 1277
76 1278
76 1279
77 498
77 506
77 507
77 702
77 817
77 821
77 835
77 844
77 873
77 1149
77 1182
77 1183
77 1232
77 1233
77 1234
77 1235
77 1236
77 1237
77 1238
77 1239
77 1240
77 1241
77 1242
77 1243
77 1244
77 1245
77 1246
77 1247
77 1248
77 1249
77 1250
77 1251
77 1252
77 1253
77 1254
77 1255
77 1256
77 1257
77 1258
77 1259
77 1260
77 1261
77 1262
77 1263
77 1264
78 499
78 508
78 702
78 817
78 821
78 835
78 844
78 873
78 1149
78 1183
78 1199
78 1200
78 1201
78 1202
78 1203
78 1204
78 1205
78 1206
78 1207
78 1208
78 1209
78 1210
78 1211
78 1212
78 1213
78 1214
78 1215
78 1216
78 1217
78 1218
78 1219
78 1220
78 1221
78 1222
78 1223
78 1224
78 1225
78 1226
78 1227
78 1228
78 1229
78 1230
78 1231
79 499
79 500
79 508
79 702
79 817
79 821
79 835
79 844
79 873
79 1149
79 1184
79 1185
79 1186
79 1187
79 1188
79 1189
79 1190
79 1191
79 1192
79 1193
79 1194
79 1195
79 1196
79 1197
79 1198
80 500
80 501
80 508
80 702
80 817
80 821
80 835
80 844
80 873
80 1149
80 1183
81 502
81 503
81 507
81 703
81 817
81 821
81 835
81 844
81 873
81 1149
81 1182
82 503
82 504
82 507
82 703
82 817
82 821
82 835
82 844
82 873
82 1149
82 1182
83 504
83 505
83 506
83 507
83 703
83 817
83 821
83 835
83 844
83 873
83 1139
83 1140
83 1141
83 1142
83 1143
83 1144
83 1145
83 1146
83 1147
83 1148
83 1149
83 1184
83 1185
83 1186
84 703
84 817
84 821
84 835
84 844
84 873
84 1119
84 1120
84 1121
84 1122
84 1123
84 1124
84 1125
84 1126
84 1127
84 1128
84 1129
84 1130
84 1131
84 1132
84 1133
84 1134
84 1135
84 1136
84 1137
84 1138
84 1187
84 1188
85 703
85 817
85 821
85 835
85 844
85 873
85 1118
85 1188
86 702
86 817
86 821
86 835
86 844
86 873
86 1097
86 1098
86 1099
86 1100
86 1101
86 1102
86 1103
86 1104
86 1105
86 1106
86 1107
86 1108
86 1109
86 1110
86 1111
86 1112
86 1113
86 1114
86 1115
86 1116
86 1117
86 1188
87 702
87 817
87 821
87 835
87 844
87 873
87 1076
87 1077
87 1078
87 1079
87 1082
87 1083
87 1084
87 1085
87 1086
87 1087
87 1088
87 1089
87 1090
87 1091
87 1092
87 1093
87 1094
87 1095
87 1096
87 1188
88 701
88 817
88 821
88 835
88 844
88 873
88 1055
88 1056
88 1057
88 1058
88 1059
88 1060
88 1061
88 1062
88 1063
88 1064
88 1065
88 1066
88 1067
88 1068
88 1069
88 1070
88 1071
88 1072
88 1073
88 1074
88 1075
88 1080
88 1081
88 1188
89 701
89 817
89 821
89 835
89 844
89 873
89 1034
89 1035
89 1036
89 1037
89 1038
89 1039
89 1040
89 1041
89 1042
89 1043
89 1044
89 1045
89 1046
89 1047
89 1048
89 1049
89 1050
89 1051
89 1052
89 1053
89 1054
89 1188
90 701
90 817
90 821
90 835
90 844
90 873
90 1014
90 1015
90 1016
90 1017
90 1021
90 1022
90 1023
90 1024
90 1025
90 1026
90 1027
90 1028
90 1029
90 1030
90 1031
90 1032
90 1033
90 1079
90 1080
90 1188
91 701
91 817
91 821
91 835
91 844
91 873
91 992
91 993
91 994
91 995
91 996
91 997
91 998
91 999
91 1000
91 1001
91 1002
91 1003
91 1004
91 1005
91 1006
91 1007
91 1008
91 1009
91 1010
91 1011
91 1012
91 1013
91 1018
91 1019
91 1020
91 1057
91 1079
91 1189
92 700
92 817
92 821
92 835
92 844
92 873
92 971
92 972
92 973
92 974
92 975
92 976
92 977
92 978
92 979
92 980
92 981
92 982
92 983
92 984
92 985
92 986
92 987
92 988
92 989
92 990
92 991
92 1036
92 1037
92 1056
92 1078
92 1189
92 1190
93 700
93 817
93 821
93 835
93 844
93 873
93 950
93 951
93 952
93 953
93 954
93 957
93 958
93 959
93 960
93 961
93 962
93 963
93 964
93 965
93 966
93 967
93 968
93 969
93 970
93 1020
93 1037
93 1038
93 1055
93 1056
93 1076
93 1077
93 1190
93 1191
94 700
94 701
94 817
94 821
94 835
94 844
94 873
94 929
94 930
94 931
94 932
94 933
94 934
94 935
94 936
94 937
94 938
94 939
94 940
94 941
94 942
94 943
94 946
94 947
94 948
94 949
94 955
94 956
94 1020
94 1021
94 1038
94 1039
94 1054
94 1055
94 1076
94 1191
95 701
95 702
95 817
95 821
95 835
95 844
95 873
95 907
95 908
95 909
95 910
95 911
95 912
95 913
95 914
95 915
95 916
95 917
95 918
95 919
95 920
95 921
95 922
95 923
95 924
95 925
95 926
95 927
95 928
95 944
95 945
95 955
95 1021
95 1022
95 1039
95 1040
95 1053
95 1054
95 1075
95 1191
96 702
96 817
96 821
96 835
96 845
96 873
96 888
96 889
96 890
96 891
96 892
96 893
96 894
96 895
96 896
96 897
96 898
96 899
96 900
96 901
96 902
96 903
96 904
96 905
96 906
96 944
96 950
96 951
96 952
96 953
96 1022
96 1041
96 1042
96 1052
96 1053
96 1074
96 1075
96 1191
97 703
97 817
97 821
97 835
97 845
97 874
97 875
97 876
97 877
97 878
97 879
97 880
97 881
97 884
97 886
97 887
97 945
97 948
97 949
97 954
97 1023
97 1042
97 1043
97 1051
97 1052
97 1073
97 1074
97 1190
98 703
98 817
98 821
98 835
98 845
98 882
98 883
98 886
98 913
98 914
98 945
98 946
98 947
98 948
98 954
98 1023
98 1024
98 1043
98 1044
98 1051
98 1073
98 1190
99 703
99 817
99 821
99 835
99 845
99 882
99 886
99 893
99 894
99 895
99 903
99 904
99 905
99 906
99 907
99 908
99 909
99 910
99 911
99 912
99 1024
99 1025
99 1045
99 1046
99 1050
99 1072
99 1189
100 703
100 817
100 821
100 835
100 845
100 882
100 886
100 890
100 891
100 892
100 896
100 897
100 898
100 899
100 900
100 901
100 902
100 1025
100 1026
100 1046
100 1047
100 1049
100 1050
100 1071
100 1072
100 1187
100 1188
101 703
101 786
101 787
101 788
101 789
101 790
101 791
101 792
101 793
101 817
101 821
101 835
101 845
101 882
101 887
101 889
101 1026
101 1047
101 1048
101 1049
101 1071
101 1187
102 703
102 753
102 754
102 755
102 756
102 757
102 758
102 759
102 760
102 761
102 762
102 763
102 764
102 765
102 771
102 772
102 773
102 774
102 775
102 776
102 777
102 778
102 779
102 780
102 781
102 782
102 783
102 784
102 785
102 794
102 795
102 796
102 797
102 804
102 805
102 806
102 807
102 808
102 809
102 810
102 811
102 812
102 813
102 814
102 815
102 816
102 817
102 821
102 835
102 845
102 882
102 887
102 1027
102 1070
102 1188
102 1189
103 702
103 751
103 752
103 767
103 768
103 769
103 770
103 798
103 799
103 803
103 821
103 835
103 845
103 882
103 886
103 1027
103 1028
103 1069
103 1070
103 1190
103 1191
104 702
104 749
104 750
104 751
104 766
104 767
104 800
104 817
104 822
104 835
104 845
104 882
104 886
104 1028
104 1029
104 1069
104 1191
105 702
105 747
105 748
105 766
105 779
105 801
105 802
105 817
105 822
105 835
105 845
105 882
105 887
105 1029
105 1068
105 1191
106 702
106 745
106 746
106 766
106 767
106 768
106 769
106 770
106 771
106 772
106 773
106 774
106 775
106 817
106 822
106 835
106 845
106 876
106 877
106 878
106 879
106 880
106 882
106 887
106 956
106 957
106 958
106 959
106 960
106 961
106 962
106 963
106 1030
106 1068
106 1191
107 702
107 745
107 776
107 781
107 817
107 822
107 835
107 845
107 872
107 873
107 874
107 875
107 882
107 887
107 949
107 950
107 951
107 952
107 953
107 954
107 955
107 963
107 964
107 1030
107 1031
107 1067
107 1189
107 1190
108 698
108 699
108 700
108 701
108 702
108 711
108 712
108 713
108 714
108 744
108 776
108 779
108 781
108 782
108 817
108 822
108 835
108 845
108 870
108 871
108 882
108 887
108 940
108 941
108 942
108 943
108 944
108 945
108 946
108 947
108 948
108 964
108 965
108 1031
108 1067
108 1187
108 1188
109 696
109 697
109 709
109 710
109 715
109 716
109 744
109 776
109 779
109 782
109 783
109 817
109 822
109 835
109 845
109 870
109 882
109 887
109 933
109 934
109 935
109 936
109 937
109 938
109 939
109 965
109 1030
109 1031
109 1067
109 1186
110 695
110 696
110 708
110 709
110 717
110 718
110 744
110 776
110 779
110 783
110 784
110 817
110 822
110 835
110 845
110 870
110 882
110 887
110 926
110 927
110 928
110 929
110 930
110 931
110 932
110 965
110 1030
110 1067
110 1185
111 695
111 706
111 707
111 718
111 719
111 742
111 743
111 776
111 779
111 784
111 785
111 817
111 822
111 835
111 846
111 847
111 870
111 882
111 887
111 918
111 919
111 920
111 921
111 922
111 923
111 924
111 925
111 962
111 963
111 964
111 965
111 1029
111 1067
111 1183
111 1184
112 694
112 704
112 705
112 706
112 720
112 721
112 739
112 740
112 741
112 776
112 779
112 785
112 786
112 817
112 822
112 832
112 833
112 835
112 846
112 848
112 849
112 871
112 882
112 887
112 910
112 911
112 912
112 913
112 914
112 915
112 916
112 917
112 960
112 961
112 1029
112 1067
112 1182
113 693
113 694
113 702
113 703
113 722
113 723
113 737
113 738
113 776
113 779
113 786
113 817
113 822
113 831
113 832
113 835
113 845
113 850
113 851
113 852
113 853
113 871
113 882
113 887
113 903
113 904
113 905
113 906
113 907
113 908
113 909
113 960
113 1029
113 1067
113 1182
114 692
114 693
114 701
114 723
114 737
114 776
114 779
114 787
114 817
114 822
114 828
114 829
114 830
114 831
114 835
114 845
114 854
114 855
114 871
114 882
114 887
114 895
114 896
114 897
114 898
114 899
114 900
114 901
114 902
114 960
114 1029
114 1067
114 1182
115 690
115 691
115 700
115 723
115 736
115 776
115 779
115 787
115 788
115 817
115 823
115 824
115 825
115 826
115 827
115 835
115 845
115 856
115 857
115 871
115 882
115 888
115 889
115 890
115 891
115 892
115 893
115 894
115 960
115 961
115 1029
115 1067
115 1182
116 689
116 701
116 723
116 725
116 726
116 727
116 728
116 729
116 730
116 736
116 776
116 779
116 788
116 789
116 805
116 806
116 807
116 808
116 809
116 810
116 811
116 812
116 813
116 814
116 815
116 816
116 823
116 835
116 845
116 858
116 859
116 871
116 882
116 962
116 963
116 1029
116 1067
116 1183
117 0
117 1
117 2
117 3
117 4
117 5
117 6
117 7
117 8
117 9
117 10
117 11
117 12
117 688
117 701
117 702
117 731
117 732
117 736
117 776
117 779
117 789
117 790
117 798
117 799
117 800
117 801
117 802
117 803
117 804
117 817
117 822
117 835
117 845
117 859
117 869
117 870
117 882
117 887
117 963
117 1029
117 1067
117 1183
118 13
118 14
118 15
118 16
118 17
118 18
118 19
118 20
118 21
118 22
118 23
118 24
118 25
118 26
118 27
118 28
118 29
118 30
118 31
118 32
118 33
118 34
118 35
118 36
118 37
118 688
118 702
118 732
118 733
118 736
118 776
118 779
118 790
118 791
118 796
118 797
118 817
118 822
118 835
118 845
118 859
118 868
118 882
118 887
118 962
118 963
118 1029
118 1067
118 1183
119 38
119 39
119 40
119 41
119 42
119 43
119 44
119 45
119 46
119 47
119 48
119 49
119 50
119 51
119 52
119 53
119 54
119 55
119 56
119 57
119 58
119 59
119 60
119 61
119 689
119 702
119 733
119 734
119 736
119 776
119 779
119 792
119 793
119 796
119 817
119 822
119 836
119 845
119 859
119 867
119 882
119 887
119 961
119 962
119 1029
119 1067
119 1183
120 62
120 63
120 64
120 65
120 66
120 67
120 68
120 69
120 70
120 71
120 72
120 73
120 74
120 75
120 76
120 77
120 78
120 79
120 80
120 81
120 82
120 83
120 84
120 85
120 86
120 689
120 702
120 734
120 776
120 779
120 793
120 794
120 795
120 817
120 822
120 836
120 845
120 859
120 866
120 867
120 882
120 887
120 960
120 961
120 1029
120 1067
120 1183
121 87
121 88
121 89
121 90
121 91
121 92
121 93
121 94
121 95
121 96
121 97
121 98
121 99
121 100
121 101
121 102
121 103
121 104
121 105
121 106
121 107
121 108
121 109
121 110
121 111
121 689
121 702
121 735
121 736
121 776
121 779
121 817
121 822
121 836
121 845
121 860
121 861
121 862
121 863
121 864
121 865
121 866
121 882
121 887
121 959
121 960
121 1029
121 1067
121 1183
122 112
122 113
122 114
122 115
122 116
122 117
122 118
122 119
122 120
122 121
122 122
122 123
122 124
122 125
122 126
122 127
122 128
122 129
122 130
122 131
122 132
122 133
122 134
122 135
122 136
122 521
122 522
122 523
122 524
122 525
122 689
122 701
122 776
122 779
122 822
122 836
122 845
122 882
122 887
122 959
122 1029
122 1067
122 1183
123 137
123 138
123 139
123 140
123 141
123 142
123 143
123 144
123 145
123 146
123 147
123 148
123 149
123 150
123 151
123 152
123 153
123 154
123 155
123 156
123 157
123 158
123 159
123 160
123 521
123 526
123 527
123 528
123 685
123 686
123 689
123 700
123 701
123 776
123 780
123 812
123 813
123 814
123 815
123 816
123 817
123 822
123 836
123 845
123 882
123 888
123 959
123 1029
123 1067
123 1184
124 161
124 162
124 163
124 164
124 165
124 166
124 167
124 168
124 169
124 170
124 171
124 172
124 173
124 174
124 175
124 176
124 177
124 178
124 179
124 180
124 181
124 182
124 183
124 184
124 185
124 522
124 684
124 685
124 689
124 699
124 700
124 777
124 780
124 808
124 809
124 810
124 811
124 817
124 822
124 836
124 845
124 882
124 888
124 959
124 960
124 1029
124 1067
124 1184
125 186
125 187
125 188
125 189
125 190
125 191
125 192
125 193
125 194
125 195
125 196
125 197
125 523
125 524
125 525
125 526
125 527
125 528
125 683
125 684
125 686
125 689
125 698
125 699
125 777
125 780
125 804
125 805
125 806
125 807
125 817
125 822
125 836
125 845
125 882
125 888
125 960
125 961
125 962
125 963
125 964
125 1029
125 1067
125 1184
126 198
126 199
126 523
126 525
126 683
126 686
126 697
126 698
126 777
126 780
126 795
126 796
126 797
126 798
126 799
126 800
126 801
126 802
126 803
126 817
126 822
126 836
126 845
126 882
126 888
126 1029
126 1067
126 1183
126 1184
127 200
127 201
127 202
127 523
127 525
127 683
127 687
127 697
127 777
127 780
127 790
127 791
127 792
127 793
127 794
127 817
127 822
127 836
127 845
127 882
127 888
127 908
127 964
127 1029
127 1067
127 1183
128 203
128 523
128 525
128 683
128 687
128 688
128 696
128 777
128 780
128 789
128 817
128 822
128 836
128 845
128 882
128 888
128 907
128 909
128 963
128 1029
128 1067
128 1183
129 204
129 523
129 525
129 683
129 688
129 696
129 777
129 780
129 788
129 817
129 822
129 836
129 845
129 882
129 888
129 902
129 903
129 904
129 905
129 906
129 907
129 909
129 963
129 1029
129 1067
129 1183
130 205
130 206
130 523
130 525
130 683
130 688
130 694
130 695
130 777
130 780
130 789
130 817
130 822
130 836
130 845
130 882
130 888
130 900
130 901
130 910
130 911
130 964
130 1029
130 1067
130 1183
131 206
131 207
131 523
131 525
131 683
131 688
131 693
131 777
131 780
131 789
131 818
131 822
131 836
131 845
131 882
131 888
131 898
131 899
131 911
131 912
131 913
131 964
131 1029
131 1067
131 1183
132 208
132 209
132 523
132 525
132 683
132 687
132 690
132 692
132 777
132 780
132 789
132 818
132 822
132 836
132 845
132 882
132 888
132 897
132 914
132 915
132 964
132 1029
132 1067
132 1179
132 1180
132 1181
132 1182
133 210
133 211
133 523
133 525
133 683
133 687
133 690
133 691
133 692
133 777
133 780
133 790
133 818
133 822
133 836
133 845
133 882
133 888
133 896
133 915
133 916
133 963
133 1029
133 1067
133 1176
133 1177
133 1178
134 212
134 213
134 522
134 523
134 525
134 683
134 687
134 777
134 780
134 790
134 818
134 822
134 836
134 845
134 882
134 888
134 896
134 916
134 963
134 1030
134 1067
134 1175
135 213
135 214
135 520
135 521
135 522
135 526
135 683
135 687
135 777
135 780
135 790
135 818
135 822
135 836
135 845
135 882
135 888
135 896
135 916
135 962
135 1030
135 1067
135 1174
136 214
136 215
136 519
136 526
136 683
136 687
136 777
136 780
136 790
136 818
136 822
136 836
136 845
136 882
136 888
136 896
136 917
136 960
136 961
136 1030
136 1067
136 1175
137 216
137 217
137 518
137 527
137 683
137 687
137 777
137 780
137 791
137 818
137 822
137 836
137 845
137 882
137 888
137 897
137 917
137 955
137 956
137 957
137 958
137 959
137 1030
137 1067
137 1175
138 217
138 218
138 519
138 527
138 683
138 687
138 777
138 780
138 791
138 818
138 822
138 836
138 845
138 882
138 888
138 897
138 917
138 954
138 1030
138 1067
138 1175
139 218
139 219
139 519
139 527
139 683
139 687
139 777
139 780
139 791
139 818
139 822
139 836
139 845
139 882
139 888
139 897
139 917
139 954
139 1030
139 1067
139 1175
140 220
140 221
140 520
140 527
140 531
140 532
140 533
140 683
140 687
140 777
140 780
140 792
140 818
140 822
140 836
140 845
140 882
140 888
140 897
140 916
140 954
140 1030
140 1067
140 1175
141 221
141 222
141 520
141 527
141 529
141 530
141 683
141 687
141 777
141 780
141 792
141 818
141 822
141 836
141 845
141 882
141 888
141 897
141 916
141 953
141 954
141 1030
141 1067
141 1175
142 222
142 223
142 520
142 532
142 533
142 683
142 687
142 777
142 780
142 792
142 818
142 822
142 836
142 845
142 882
142 888
142 897
142 915
142 953
142 1030
142 1067
142 1175
143 224
143 225
143 520
143 530
143 531
143 683
143 687
143 777
143 780
143 793
143 818
143 822
143 836
143 846
143 882
143 888
143 897
143 916
143 952
143 1030
143 1067
143 1175
144 225
144 226
144 520
144 529
144 530
144 683
144 687
144 777
144 780
144 793
144 818
144 822
144 836
144 846
144 882
144 888
144 895
144 896
144 916
144 952
144 1030
144 1068
144 1176
145 226
145 227
145 519
145 520
145 529
145 683
145 687
145 777
145 780
145 793
145 818
145 822
145 836
145 846
145 882
145 888
145 895
145 917
145 952
145 1030
145 1068
145 1176
146 228
146 229
146 519
146 528
146 683
146 687
146 777
146 780
146 794
146 813
146 814
146 815
146 818
146 822
146 836
146 846
146 882
146 888
146 894
146 917
146 952
146 953
146 1030
146 1068
146 1177
147 229
147 230
147 518
147 528
147 683
147 687
147 777
147 780
147 794
147 812
147 816
147 817
147 822
147 836
147 846
147 882
147 889
147 895
147 918
147 953
147 1030
147 1068
147 1177
148 230
148 231
148 517
148 518
148 527
148 683
148 687
148 777
148 780
148 794
148 811
148 816
148 818
148 822
148 836
148 846
148 882
148 889
148 895
148 918
148 953
148 1030
148 1068
148 1178
149 231
149 232
149 517
149 525
149 526
149 527
149 683
149 687
149 777
149 780
149 795
149 811
149 816
149 818
149 822
149 836
149 846
149 882
149 889
149 895
149 918
149 950
149 951
149 952
149 1030
149 1068
149 1179
149 1180
150 232
150 233
150 516
150 520
150 521
150 522
150 523
150 524
150 683
150 687
150 777
150 780
150 795
150 811
150 816
150 818
150 822
150 836
150 846
150 882
150 889
150 896
150 912
150 913
150 914
150 915
150 916
150 917
150 918
150 949
150 1030
150 1068
150 1180
150 1181
151 234
151 235
151 516
151 519
151 683
151 687
151 777
151 780
151 795
151 810
151 816
151 818
151 822
151 836
151 846
151 882
151 889
151 896
151 911
151 948
151 1030
151 1068
151 1181
152 236
152 237
152 515
152 516
152 517
152 518
152 684
152 688
152 777
152 780
152 795
152 810
152 822
152 836
152 846
152 882
152 889
152 897
152 910
152 948
152 1030
152 1068
152 1181
153 237
153 238
153 514
153 684
153 688
153 777
153 780
153 796
153 801
153 819
153 822
153 836
153 846
153 882
153 889
153 897
153 898
153 910
153 947
153 1030
153 1068
153 1181
154 238
154 239
154 514
154 516
154 684
154 688
154 777
154 780
154 796
154 800
154 802
154 807
154 808
154 809
154 811
154 817
154 819
154 822
154 836
154 846
154 882
154 889
154 898
154 899
154 900
154 910
154 947
154 1030
154 1068
154 1180
154 1181
155 239
155 240
155 684
155 688
155 777
155 780
155 796
155 800
155 802
155 807
155 809
155 810
155 811
155 817
155 819
155 822
155 836
155 846
155 882
155 889
155 901
155 902
155 903
155 910
155 947
155 1030
155 1068
155 1180
156 240
156 241
156 670
156 671
156 672
156 673
156 674
156 684
156 688
156 777
156 780
156 797
156 800
156 802
156 806
156 817
156 819
156 820
156 822
156 836
156 846
156 882
156 889
156 904
156 910
156 947
156 1030
156 1068
156 1179
157 241
157 242
157 660
157 661
157 662
157 663
157 664
157 665
157 666
157 667
157 668
157 669
157 675
157 676
157 684
157 688
157 777
157 780
157 797
157 800
157 802
157 806
157 811
157 816
157 820
157 822
157 836
157 846
157 882
157 889
157 904
157 910
157 947
157 1030
157 1068
157 1179
158 243
158 244
158 654
158 655
158 656
158 657
158 658
158 659
158 677
158 678
158 684
158 688
158 777
158 780
158 797
158 798
158 800
158 802
158 803
158 806
158 811
158 812
158 815
158 816
158 820
158 822
158 836
158 846
158 882
158 889
158 904
158 910
158 947
158 1030
158 1068
158 1177
158 1178
159 244
159 245
159 648
159 649
159 650
159 651
159 652
159 653
159 678
159 679
159 684
159 688
159 777
159 780
159 797
159 799
159 800
159 803
159 804
159 812
159 814
159 815
159 819
159 822
159 836
159 846
159 882
159 889
159 904
159 910
159 947
159 1030
159 1068
159 1177
159 1220
159 1221
159 1222
159 1223
159 1224
159 1225
159 1226
159 1227
159 1228
159 1229
159 1230
159 1231
159 1232
159 1233
159 1234
160 245
160 246
160 641
160 642
160 643
160 644
160 645
160 646
160 647
160 679
160 680
160 684
160 688
160 777
160 780
160 796
160 800
160 804
160 805
160 812
160 814
160 819
160 822
160 836
160 846
160 882
160 889
160 905
160 910
160 947
160 1030
160 1068
160 1166
160 1167
160 1176
160 1218
160 1219
160 1235
161 246
161 247
161 352
161 353
161 354
161 355
161 637
161 638
161 639
161 640
161 680
161 681
161 684
161 688
161 777
161 780
161 796
161 800
161 805
161 812
161 814
161 818
161 822
161 836
161 846
161 882
161 889
161 905
161 910
161 946
161 947
161 1030
161 1068
161 1176
161 1216
161 1217
161 1235
161 1253
161 1254
161 1255
161 1256
161 1257
161 1258
161 1259
161 1260
161 1261
161 1262
161 1263
161 1264
161 1265
161 1266
161 1267
161 1268
161 1269
161 1270
161 1271
161 1272
161 1273
161 1274
161 1275
161 1276
161 1277
162 247
162 248
162 350
162 351
162 355
162 636
162 681
162 684
162 688
162 778
162 781
162 796
162 800
162 819
162 822
162 836
162 846
162 882
162 889
162 905
162 910
162 933
162 934
162 935
162 936
162 937
162 945
162 946
162 1030
162 1068
162 1165
162 1166
162 1167
162 1176
162 1182
162 1183
162 1184
162 1185
162 1186
162 1187
162 1188
162 1189
162 1190
162 1191
162 1192
162 1193
162 1194
162 1195
162 1196
162 1197
162 1198
162 1199
162 1200
162 1201
162 1202
162 1215
162 1216
162 1235
162 1251
162 1252
162 1278
162 1279
163 248
163 249
163 347
163 348
163 349
163 355
163 636
163 681
163 684
163 688
163 778
163 781
163 796
163 800
163 807
163 819
163 822
163 846
163 882
163 889
163 899
163 900
163 901
163 902
163 903
163 904
163 905
163 910
163 930
163 931
163 932
163 938
163 939
163 940
163 941
163 942
163 943
163 944
163 945
163 1030
163 1068
163 1163
163 1164
163 1168
163 1169
163 1173
163 1174
163 1175
163 1180
163 1181
163 1203
163 1213
163 1214
163 1236
163 1251
164 249
164 250
164 344
164 345
164 346
164 355
164 616
164 636
164 681
164 684
164 688
164 707
164 708
164 709
164 710
164 711
164 712
164 713
164 714
164 715
164 716
164 717
164 778
164 781
164 796
164 800
164 807
164 818
164 822
164 826
164 827
164 828
164 829
164 830
164 834
164 835
164 836
164 847
164 848
164 849
164 879
164 880
164 881
164 882
164 891
164 892
164 893
164 894
164 895
164 896
164 897
164 898
164 906
164 907
164 928
164 929
164 1030
164 1068
164 1163
164 1169
164 1170
164 1180
164 1204
164 1205
164 1206
164 1207
164 1208
164 1209
164 1210
164 1211
164 1212
164 1236
164 1237
164 1238
164 1239
164 1240
164 1241
164 1242
164 1243
164 1244
164 1245
164 1246
164 1247
164 1248
165 250
165 341
165 342
165 343
165 355
165 614
165 615
165 617
165 618
165 636
165 681
165 684
165 688
165 700
165 701
165 702
165 703
165 704
165 705
165 706
165 718
165 719
165 778
165 781
165 796
165 800
165 808
165 818
165 824
165 825
165 831
165 832
165 833
165 836
165 847
165 850
165 851
165 861
165 862
165 863
165 864
165 865
165 866
165 867
165 868
165 869
165 871
165 872
165 873
165 874
165 875
165 876
165 877
165 878
165 879
165 882
165 890
165 908
165 909
165 910
165 912
165 913
165 914
165 926
165 927
165 1030
165 1068
165 1102
165 1103
165 1104
165 1105
165 1157
165 1158
165 1159
165 1160
165 1161
165 1162
165 1170
165 1171
165 1172
165 1173
165 1174
165 1175
165 1176
165 1179
165 1249
166 251
166 337
166 338
166 339
166 340
166 355
166 613
166 618
166 636
166 681
166 684
166 689
166 690
166 691
166 692
166 693
166 694
166 695
166 696
166 697
166 698
166 699
166 719
166 720
166 721
166 778
166 781
166 796
166 800
166 809
166 819
166 824
166 836
166 846
166 853
166 854
166 855
166 856
166 857
166 858
166 859
166 860
166 879
166 880
166 881
166 882
166 890
166 911
166 915
166 916
166 917
166 918
166 919
166 920
166 921
166 922
166 923
166 924
166 925
166 940
166 1030
166 1080
166 1081
166 1082
166 1097
166 1098
166 1099
166 1100
166 1101
166 1106
166 1107
166 1155
166 1156
166 1177
166 1178
166 1203
166 1249
167 251
167 252
167 335
167 336
167 355
167 612
167 618
167 637
167 667
167 668
167 680
167 682
167 683
167 684
167 685
167 686
167 687
167 688
167 689
167 722
167 723
167 724
167 778
167 781
167 796
167 800
167 809
167 819
167 823
167 830
167 831
167 836
167 846
167 852
167 871
167 872
167 873
167 882
167 890
167 939
167 1018
167 1019
167 1030
167 1069
167 1070
167 1071
167 1072
167 1073
167 1074
167 1075
167 1076
167 1077
167 1078
167 1079
167 1083
167 1084
167 1095
167 1096
167 1108
167 1111
167 1153
167 1154
167 1177
167 1203
167 1205
167 1206
167 1238
167 1249
168 252
168 253
168 332
168 333
168 334
168 355
168 612
168 618
168 637
168 664
168 665
168 666
168 669
168 670
168 671
168 672
168 673
168 674
168 675
168 676
168 677
168 678
168 679
168 725
168 726
168 778
168 781
168 796
168 800
168 809
168 818
168 823
168 830
168 836
168 846
168 851
168 856
168 857
168 858
168 870
168 880
168 882
168 890
168 913
168 922
168 923
168 938
168 939
168 1017
168 1018
168 1020
168 1030
168 1068
168 1081
168 1082
168 1085
168 1086
168 1087
168 1088
168 1089
168 1090
168 1091
168 1092
168 1093
168 1094
168 1110
168 1112
168 1151
168 1152
168 1172
168 1177
168 1203
168 1205
168 1239
168 1248
169 253
169 254
169 329
169 330
169 331
169 355
169 516
169 612
169 618
169 637
169 662
169 663
169 726
169 765
169 766
169 767
169 768
169 769
169 770
169 771
169 772
169 778
169 781
169 796
169 800
169 808
169 814
169 819
169 823
169 829
169 836
169 846
169 851
169 855
169 856
169 868
169 869
169 879
169 880
169 882
169 890
169 914
169 921
169 922
169 936
169 937
169 1007
169 1017
169 1020
169 1021
169 1029
169 1031
169 1068
169 1080
169 1110
169 1113
169 1149
169 1150
169 1172
169 1176
169 1177
169 1239
169 1247
169 1248
170 254
170 328
170 355
170 515
170 517
170 612
170 618
170 637
170 662
170 726
170 764
170 773
170 778
170 781
170 796
170 800
170 807
170 813
170 815
170 819
170 823
170 829
170 836
170 846
170 851
170 855
170 868
170 878
170 882
170 889
170 914
170 920
170 936
170 1006
170 1008
170 1016
170 1022
170 1029
170 1031
170 1068
170 1079
170 1110
170 1113
170 1148
170 1172
170 1175
170 1204
170 1239
170 1246
171 255
171 327
171 355
171 514
171 518
171 519
171 612
171 618
171 637
171 661
171 727
171 755
171 756
171 757
171 758
171 759
171 760
171 761
171 762
171 763
171 774
171 778
171 781
171 796
171 800
171 807
171 813
171 815
171 819
171 823
171 828
171 836
171 846
171 851
171 854
171 867
171 876
171 877
171 882
171 889
171 914
171 919
171 935
171 1005
171 1009
171 1016
171 1023
171 1029
171 1031
171 1068
171 1080
171 1110
171 1113
171 1145
171 1146
171 1147
171 1173
171 1174
171 1239
171 1245
172 255
172 326
172 355
172 512
172 513
172 520
172 521
172 612
172 618
172 638
172 659
172 660
172 727
172 754
172 775
172 776
172 781
172 797
172 800
172 807
172 813
172 815
172 820
172 823
172 827
172 828
172 836
172 846
172 853
172 865
172 866
172 874
172 875
172 882
172 889
172 915
172 918
172 919
172 935
172 1004
172 1009
172 1010
172 1011
172 1012
172 1013
172 1014
172 1015
172 1016
172 1024
172 1029
172 1031
172 1068
172 1080
172 1111
172 1114
172 1143
172 1144
172 1205
172 1206
172 1239
172 1244
172 1245
173 256
173 325
173 356
173 510
173 511
173 522
173 523
173 612
173 618
173 638
173 659
173 728
173 753
173 776
173 781
173 797
173 800
173 806
173 815
173 820
173 823
173 827
173 836
173 846
173 864
173 865
173 873
173 874
173 882
173 889
173 934
173 1003
173 1024
173 1029
173 1031
173 1068
173 1079
173 1080
173 1112
173 1114
173 1141
173 1142
173 1173
173 1204
173 1206
173 1239
173 1243
173 1244
174 256
174 257
174 325
174 356
174 509
174 524
174 612
174 618
174 638
174 658
174 728
174 753
174 777
174 781
174 806
174 811
174 813
174 816
174 820
174 823
174 827
174 836
174 846
174 851
174 882
174 889
174 934
174 1003
174 1024
174 1029
174 1068
174 1079
174 1112
174 1114
174 1141
175 257
175 258
175 325
175 356
175 508
175 525
175 612
175 619
175 638
175 658
175 728
175 752
175 777
175 781
175 811
175 815
175 817
175 820
175 823
175 827
175 828
175 836
175 842
175 843
175 844
175 845
175 846
175 847
175 848
175 849
175 850
175 882
175 889
175 935
175 985
175 986
175 987
175 1002
175 1025
175 1028
175 1030
175 1068
175 1078
175 1112
175 1114
175 1140
176 258
176 259
176 325
176 356
176 508
176 525
176 612
176 619
176 639
176 657
176 729
176 752
176 778
176 781
176 804
176 805
176 806
176 810
176 812
176 815
176 823
176 831
176 832
176 833
176 834
176 835
176 836
176 837
176 838
176 839
176 840
176 841
176 851
176 882
176 889
176 951
176 952
176 953
176 956
176 957
176 958
176 959
176 984
176 985
176 987
176 1001
176 1002
176 1025
176 1026
176 1027
176 1028
176 1030
176 1068
176 1078
176 1112
176 1115
176 1139
176 1140
177 259
177 260
177 325
177 356
177 508
177 525
177 612
177 619
177 639
177 657
177 729
177 730
177 731
177 732
177 733
177 734
177 735
177 736
177 751
177 778
177 779
177 807
177 808
177 809
177 810
177 812
177 815
177 818
177 823
177 824
177 825
177 826
177 827
177 828
177 829
177 830
177 851
177 852
177 882
177 890
177 941
177 942
177 943
177 947
177 948
177 954
177 955
177 960
177 961
177 962
177 968
177 969
177 970
177 971
177 972
177 973
177 974
177 975
177 976
177 977
177 978
177 979
177 980
177 981
177 982
177 983
177 988
177 1000
177 1001
177 1030
177 1068
177 1115
177 1116
177 1138
177 1139
177 1140
178 260
178 325
178 356
178 508
178 525
178 612
178 619
178 639
178 656
178 730
178 737
178 738
178 751
178 779
178 812
178 815
178 818
178 823
178 829
178 851
178 879
178 880
178 881
178 882
178 890
178 936
178 937
178 938
178 945
178 946
178 949
178 950
178 954
178 963
178 964
178 965
178 966
178 967
178 988
178 989
178 998
178 999
178 1000
178 1030
178 1068
178 1116
178 1117
178 1118
178 1134
178 1135
178 1136
178 1137
178 1141
178 1278
178 1279
179 261
179 325
179 356
179 508
179 524
179 612
179 619
179 639
179 656
179 729
179 738
179 750
179 780
179 812
179 815
179 818
179 823
179 829
179 851
179 882
179 890
179 939
179 940
179 941
179 942
179 943
179 944
179 945
179 950
179 951
179 952
179 953
179 954
179 990
179 991
179 992
179 993
179 994
179 995
179 996
179 997
179 1030
179 1068
179 1119
179 1120
179 1121
179 1122
179 1132
179 1133
179 1142
180 261
180 262
180 325
180 356
180 498
180 499
180 500
180 501
180 502
180 503
180 504
180 505
180 506
180 507
180 508
180 524
180 612
180 619
180 640
180 656
180 729
180 739
180 750
180 780
180 812
180 815
180 818
180 823
180 829
180 851
180 882
180 890
180 1030
180 1068
180 1123
180 1124
180 1125
180 1130
180 1131
180 1142
181 262
181 263
181 325
181 356
181 496
181 497
181 525
181 526
181 527
181 528
181 529
181 530
181 531
181 532
181 533
181 534
181 535
181 536
181 537
181 538
181 539
181 540
181 541
181 542
181 543
181 544
181 545
181 546
181 547
181 548
181 549
181 550
181 551
181 552
181 553
181 554
181 555
181 612
181 620
181 641
181 656
181 729
181 739
181 740
181 749
181 781
181 812
181 815
181 818
181 823
181 829
181 851
181 882
181 890
181 1031
181 1068
181 1126
181 1127
181 1128
181 1129
182 263
182 264
182 325
182 356
182 495
182 496
182 510
182 556
182 557
182 563
182 564
182 565
182 566
182 567
182 568
182 569
182 570
182 571
182 572
182 573
182 574
182 575
182 576
182 577
182 578
182 579
182 580
182 581
182 582
182 592
182 593
182 594
182 602
182 603
182 612
182 620
182 641
182 656
182 730
182 740
182 748
182 749
182 812
182 815
182 818
182 823
182 829
182 851
182 882
182 890
182 1031
182 1068
183 264
183 265
183 325
183 355
183 356
183 357
183 358
183 359
183 360
183 361
183 494
183 495
183 510
183 524
183 557
183 558
183 559
183 560
183 561
183 562
183 583
183 591
183 595
183 601
183 604
183 612
183 620
183 641
183 655
183 730
183 746
183 747
183 781
183 812
183 815
183 818
183 823
183 829
183 851
183 882
183 890
183 1031
183 1068
184 265
184 266
184 325
184 353
184 354
184 362
184 488
184 489
184 490
184 491
184 492
184 493
184 510
184 524
184 539
184 540
184 541
184 542
184 543
184 544
184 545
184 546
184 547
184 548
184 549
184 550
184 551
184 552
184 553
184 584
184 590
184 595
184 601
184 604
184 612
184 620
184 641
184 655
184 730
184 782
184 812
184 815
184 818
184 823
184 829
184 851
184 882
184 890
184 1031
184 1068
185 266
185 325
185 349
185 350
185 351
185 352
185 362
185 483
185 484
185 485
185 486
185 487
185 511
185 524
185 527
185 528
185 529
185 530
185 531
185 532
185 533
185 534
185 535
185 536
185 537
185 538
185 584
185 585
185 590
185 595
185 601
185 604
185 620
185 641
185 655
185 730
185 748
185 782
185 812
185 815
185 818
185 823
185 829
185 851
185 882
185 890
185 1031
185 1068
186 267
186 325
186 346
186 347
186 348
186 363
186 477
186 478
186 479
186 480
186 481
186 482
186 511
186 518
186 519
186 520
186 521
186 522
186 523
186 524
186 525
186 526
186 586
186 587
186 590
186 596
186 601
186 604
186 620
186 642
186 655
186 731
186 748
186 782
186 812
186 815
186 818
186 823
186 829
186 851
186 890
186 1031
186 1068
187 267
187 268
187 325
187 345
187 363
187 380
187 381
187 382
187 383
187 384
187 385
187 386
187 387
187 388
187 389
187 390
187 391
187 392
187 393
187 394
187 395
187 396
187 397
187 471
187 472
187 473
187 474
187 475
187 476
187 493
187 512
187 514
187 516
187 517
187 587
187 588
187 590
187 596
187 601
187 604
187 621
187 642
187 655
187 731
187 748
187 782
187 812
187 815
187 818
187 823
187 829
187 851
187 1031
187 1068
188 268
188 269
188 326
188 344
188 363
188 378
188 379
188 398
188 399
188 400
188 401
188 402
188 403
188 404
188 465
188 466
188 467
188 468
188 469
188 470
188 492
188 511
188 588
188 589
188 596
188 601
188 604
188 655
188 732
188 748
188 782
188 812
188 815
188 818
188 823
188 829
188 851
188 1031
188 1068
189 270
189 271
189 277
189 278
189 279
189 280
189 281
189 326
189 344
189 363
189 368
189 369
189 370
189 371
189 372
189 373
189 374
189 375
189 376
189 377
189 405
189 406
189 462
189 463
189 464
189 492
189 510
189 511
189 523
189 589
189 596
189 602
189 604
189 655
189 733
189 734
189 748
189 782
189 818
189 823
189 829
189 851
189 1031
189 1068
190 271
190 272
190 276
190 282
190 326
190 344
190 359
190 360
190 361
190 362
190 364
190 365
190 366
190 367
190 406
190 407
190 461
190 492
190 510
190 522
190 523
190 596
190 602
190 652
190 653
190 655
190 732
190 748
190 782
190 829
190 851
190 1031
190 1068
191 272
191 275
191 283
191 326
191 344
191 357
191 358
191 408
191 409
191 460
191 492
191 509
191 521
191 522
191 591
191 592
191 596
191 654
191 748
191 782
191 829
191 851
191 1031
191 1068
192 273
192 275
192 283
192 326
192 344
192 356
192 357
192 409
192 410
192 460
192 474
192 475
192 476
192 477
192 478
192 492
192 508
192 509
192 520
192 521
192 592
192 593
192 596
192 654
192 733
192 829
192 851
192 1031
192 1068
193 273
193 274
193 275
193 284
193 326
193 344
193 355
193 356
193 410
193 411
193 460
193 473
193 479
193 492
193 507
193 508
193 520
193 594
193 596
193 654
193 733
193 829
193 851
193 1031
193 1068
194 284
194 326
194 344
194 354
194 355
194 411
194 412
194 461
194 472
194 479
194 492
194 507
194 519
194 597
194 598
194 599
194 654
194 734
194 829
194 852
194 1031
194 1068
195 284
195 329
195 330
195 331
195 332
195 333
195 334
195 335
195 336
195 337
195 338
195 339
195 344
195 353
195 354
195 413
195 414
195 461
195 472
195 479
195 492
195 505
195 506
195 518
195 519
195 600
195 601
195 602
195 654
195 734
195 829
195 852
195 1031
195 1068
196 284
196 327
196 328
196 340
196 341
196 344
196 352
196 353
196 414
196 415
196 416
196 417
196 418
196 461
196 472
196 479
196 492
196 498
196 499
196 500
196 501
196 503
196 504
196 517
196 518
196 654
196 735
196 829
196 852
196 1031
196 1068
197 284
197 326
197 341
197 342
197 344
197 350
197 351
197 419
197 420
197 421
197 422
197 423
197 461
197 472
197 479
197 492
197 498
197 501
197 502
197 516
197 517
197 604
197 654
197 735
197 829
197 852
197 1031
197 1068
198 284
198 312
198 313
198 314
198 315
198 316
198 317
198 318
198 319
198 320
198 321
198 325
198 342
198 344
198 349
198 350
198 424
198 459
198 460
198 461
198 472
198 479
198 493
198 497
198 501
198 516
198 602
198 604
198 654
198 736
198 829
198 1031
198 1068
199 284
199 310
199 311
199 322
199 325
199 342
199 344
199 348
199 349
199 424
199 450
199 451
199 452
199 453
199 454
199 455
199 456
199 457
199 458
199 472
199 479
199 494
199 495
199 496
199 497
199 501
199 515
199 604
199 654
199 736
199 1031
199 1068
200 284
200 309
200 310
200 323
200 342
200 344
200 347
200 348
200 424
200 441
200 442
200 443
200 444
200 445
200 446
200 447
200 448
200 449
200 472
200 479
200 501
200 514
200 515
200 604
200 654
200 736
200 1031
200 1068
201 284
201 309
201 323
201 324
201 342
201 345
201 347
201 425
201 431
201 432
201 433
201 434
201 435
201 436
201 437
201 438
201 439
201 440
201 473
201 479
201 500
201 514
201 605
201 654
201 736
201 1031
201 1068
202 283
202 308
202 342
202 343
202 344
202 425
202 426
202 427
202 428
202 429
202 430
202 473
202 479
202 500
202 513
202 605
202 606
202 654
202 736
202 1031
202 1068
203 283
203 307
203 308
203 340
203 341
203 473
203 479
203 500
203 513
203 607
203 654
203 736
203 1031
203 1068
204 283
204 307
204 324
204 336
204 337
204 338
204 339
204 425
204 473
204 479
204 500
204 513
204 654
204 736
204 1031
204 1068
205 283
205 306
205 323
205 325
205 330
205 331
205 333
205 334
205 335
205 425
205 473
205 479
205 500
205 513
205 654
205 736
205 1031
205 1068
206 283
206 306
206 323
206 325
206 331
206 332
206 425
206 473
206 479
206 500
206 513
206 608
206 654
206 1031
206 1068
207 284
207 306
207 324
207 326
207 328
207 330
207 331
207 426
207 473
207 479
207 513
207 608
207 654
207 1031
207 1068
208 285
208 286
208 306
208 324
208 326
208 426
208 473
208 513
208 608
208 654
208 1031
208 1068
209 286
209 287
209 306
209 426
209 511
209 512
209 608
209 654
209 1031
209 1068
210 287
210 288
210 306
210 312
210 313
210 322
210 323
210 426
210 513
210 608
210 654
210 1031
210 1068
211 289
211 290
211 307
211 315
211 316
211 317
211 321
211 322
211 426
211 513
211 608
211 654
211 1031
211 1068
212 290
212 291
212 307
212 308
212 309
212 312
212 313
212 314
212 318
212 319
212 320
212 321
212 513
212 609
212 654
212 1031
212 1068
213 291
213 311
213 512
213 609
213 654
213 1031
213 1068
214 292
214 293
214 294
214 295
214 296
214 297
214 298
214 310
214 512
214 609
214 654
214 1031
214 1068
215 299
215 300
215 301
215 302
215 303
215 304
215 305
215 306
215 307
215 308
215 309
215 319
215 320
215 512
215 609
215 1031
215 1068
216 318
216 319
216 512
216 609
216 1031
216 1068
217 295
217 296
217 318
217 512
217 1031
217 1068
218 296
218 297
218 317
218 512
218 1031
218 1068
219 297
219 298
219 317
219 1031
219 1068
220 298
220 299
220 316
220 1031
220 1069
221 299
221 300
221 316
221 1031
221 1069
222 300
222 301
222 317
222 1031
222 1069
223 301
223 302
223 317
223 1031
223 1069
224 302
224 303
224 317
224 1031
224 1069
225 304
225 305
225 318
225 1031
225 1069
226 305
226 306
226 318
226 319
226 1031
226 1069
227 306
227 307
227 319
227 320
227 1031
227 1069
228 307
228 308
228 320
228 321
228 1032
228 1069
229 308
229 309
229 1032
229 1069
230 309
230 310
230 1069
231 310
231 311
231 1069
232 311
232 1069
233 311
233 1069
234 311
235 311
236 311
237 312
238 312
239 312
240 312
241 312
242 312
243 312
244 312
245 312
246 312
247 312
248 313
249 313
250 313
251 313
252 313
253 313
254 313
255 313
256 313
257 313
258 313
259 314
260 314
