0 138
0 172
0 204
0 210
0 496
1 138
1 173
1 202
1 203
1 204
1 211
1 212
1 213
1 214
1 215
1 216
1 217
1 496
2 138
2 173
2 174
2 199
2 200
2 201
2 218
2 219
2 220
2 221
2 222
2 490
2 491
2 492
2 493
2 496
2 566
3 138
3 174
3 175
3 195
3 196
3 197
3 198
3 223
3 224
3 225
3 488
3 489
3 494
3 564
3 565
3 567
4 138
4 175
4 176
4 192
4 193
4 194
4 226
4 227
4 228
4 229
4 488
4 564
4 567
5 137
5 177
5 178
5 190
5 191
5 230
5 231
5 232
5 487
5 563
5 567
6 137
6 178
6 179
6 188
6 189
6 233
6 234
6 235
6 236
6 487
6 563
6 567
7 137
7 179
7 180
7 186
7 187
7 237
7 238
7 486
7 563
7 567
8 137
8 180
8 181
8 184
8 185
8 239
8 486
8 563
8 567
9 137
9 181
9 182
9 183
9 239
9 486
9 563
9 568
10 137
10 239
10 485
10 562
10 563
10 568
10 569
11 136
11 239
11 344
11 345
11 346
11 347
11 485
11 560
11 561
11 569
11 570
12 136
12 239
12 343
12 348
12 485
12 559
12 560
12 570
13 136
13 240
13 342
13 349
13 485
13 559
13 569
13 570
14 136
14 240
14 342
14 349
14 484
14 559
14 567
14 568
15 136
15 240
15 342
15 350
15 484
15 560
15 561
15 567
16 136
16 240
16 341
16 350
16 482
16 483
16 561
16 562
16 566
17 135
17 240
17 341
17 351
17 480
17 481
17 539
17 540
17 562
17 566
18 132
18 133
18 134
18 135
18 241
18 342
18 351
18 479
18 480
18 537
18 538
18 541
18 563
18 564
18 565
19 128
19 129
19 130
19 131
19 241
19 242
19 243
19 244
19 342
19 352
19 479
19 536
19 537
19 541
19 563
19 565
20 124
20 125
20 126
20 127
20 245
20 246
20 247
20 248
20 342
20 352
20 478
20 536
20 542
20 563
20 565
21 88
21 89
21 90
21 91
21 92
21 93
21 94
21 120
21 121
21 122
21 123
21 249
21 250
21 251
21 252
21 342
21 353
21 478
21 535
21 542
22 86
22 87
22 95
22 96
22 97
22 98
22 99
22 116
22 117
22 118
22 119
22 253
22 254
22 343
22 353
22 477
22 490
22 491
22 535
22 543
23 86
23 100
23 112
23 113
23 114
23 115
23 255
23 343
23 354
23 477
23 488
23 489
23 534
23 544
23 545
24 85
24 101
24 102
24 103
24 104
24 105
24 106
24 107
24 108
24 109
24 110
24 111
24 256
24 327
24 343
24 354
24 477
24 485
24 486
24 487
24 491
24 534
25 85
25 256
25 326
25 328
25 329
25 330
25 331
25 344
25 355
25 477
25 478
25 479
25 480
25 481
25 482
25 483
25 484
25 490
25 534
25 542
25 543
26 85
26 257
26 325
26 332
26 333
26 344
26 355
26 489
26 534
26 542
27 85
27 257
27 326
27 334
27 335
27 344
27 356
27 489
27 533
27 541
28 84
28 326
28 335
28 336
28 344
28 356
28 488
28 533
28 541
28 614
28 615
28 616
29 84
29 258
29 326
29 337
29 338
29 344
29 357
29 488
29 534
29 539
29 540
29 541
29 614
29 617
30 84
30 256
30 258
30 259
30 326
30 338
30 343
30 357
30 487
30 534
30 537
30 538
30 613
30 617
31 15
31 16
31 17
31 18
31 19
31 20
31 21
31 22
31 23
31 24
31 84
31 255
31 259
31 260
31 327
31 339
31 343
31 358
31 359
31 487
31 534
31 536
31 613
31 617
32 0
32 1
32 2
32 3
32 4
32 5
32 6
32 7
32 8
32 9
32 10
32 11
32 12
32 13
32 14
32 25
32 26
32 84
32 255
32 261
32 327
32 339
32 340
32 342
32 360
32 487
32 613
32 616
32 617
33 26
33 27
33 84
33 255
33 261
33 327
33 340
33 341
33 342
33 361
33 486
33 612
33 615
33 616
34 28
34 29
34 84
34 255
34 261
34 327
34 361
34 486
34 611
34 612
34 615
35 29
35 30
35 83
35 255
35 261
35 328
35 362
35 485
35 609
35 610
35 614
36 30
36 31
36 83
36 255
36 261
36 328
36 362
36 485
36 607
36 608
36 614
37 31
37 83
37 255
37 262
37 328
37 362
37 485
37 605
37 606
37 614
38 31
38 83
38 255
38 262
38 328
38 362
38 485
38 501
38 502
38 503
38 504
38 505
38 506
38 597
38 598
38 603
38 604
38 614
39 31
39 83
39 255
39 262
39 328
39 362
39 485
39 500
39 507
39 508
39 509
39 591
39 592
39 593
39 594
39 595
39 596
39 599
39 600
39 601
39 602
39 603
39 614
39 993
39 994
39 995
39 996
39 997
39 998
39 999
39 1000
40 31
40 83
40 255
40 262
40 328
40 363
40 485
40 499
40 510
40 511
40 583
40 584
40 585
40 586
40 587
40 588
40 589
40 590
40 613
40 991
40 992
40 1001
41 31
41 83
41 255
41 262
41 263
41 328
41 363
41 486
41 499
41 512
41 513
41 582
41 595
41 596
41 598
41 599
41 613
41 990
41 991
41 1002
42 31
42 83
42 255
42 261
42 328
42 363
42 486
42 499
42 514
42 581
42 593
42 599
42 613
42 990
42 1002
43 31
43 82
43 255
43 261
43 264
43 328
43 364
43 486
43 499
43 515
43 581
43 592
43 600
43 613
43 990
43 1003
44 31
44 82
44 255
44 262
44 264
44 328
44 364
44 487
44 499
44 515
44 516
44 582
44 591
44 592
44 600
44 601
44 613
44 990
44 1003
45 30
45 82
45 255
45 262
45 265
45 328
45 364
45 487
45 488
45 489
45 490
45 491
45 498
45 516
45 582
45 590
45 591
45 601
45 613
45 991
45 1004
46 30
46 82
46 255
46 262
46 265
46 316
46 327
46 365
46 492
46 493
46 494
46 495
46 496
46 497
46 498
46 517
46 582
46 590
46 601
46 614
46 991
46 1004
46 1005
47 30
47 83
47 255
47 262
47 266
47 314
47 315
47 317
47 318
47 319
47 327
47 365
47 517
47 582
47 589
47 602
47 614
47 992
47 1005
47 1006
48 30
48 83
48 255
48 262
48 266
48 267
48 314
48 320
48 321
48 327
48 366
48 517
48 583
48 589
48 602
48 615
48 992
48 1007
49 30
49 84
49 255
49 262
49 267
49 268
49 269
49 313
49 321
49 327
49 366
49 518
49 583
49 588
49 602
49 615
49 993
49 1007
50 30
50 84
50 255
50 262
50 270
50 271
50 313
50 322
50 327
50 367
50 518
50 583
50 588
50 601
50 602
50 615
50 993
50 1007
51 30
51 85
51 255
51 262
51 272
51 273
51 312
51 322
51 327
51 367
51 368
51 518
51 584
51 587
51 601
51 615
51 758
51 759
51 760
51 994
51 1007
52 30
52 85
52 255
52 262
52 274
52 275
52 276
52 312
52 323
52 327
52 368
52 369
52 518
52 584
52 585
52 586
52 600
52 615
52 757
52 760
52 994
52 1007
53 29
53 85
53 255
53 262
53 277
53 278
53 311
53 323
53 326
53 369
53 518
53 600
53 614
53 757
53 761
53 995
53 1007
54 29
54 86
54 255
54 262
54 279
54 280
54 311
54 324
54 326
54 370
54 519
54 599
54 614
54 757
54 761
54 762
54 995
54 1007
55 29
55 86
55 255
55 262
55 281
55 282
55 293
55 294
55 295
55 296
55 297
55 310
55 324
55 371
55 372
55 519
55 534
55 535
55 536
55 537
55 538
55 539
55 540
55 599
55 614
55 747
55 748
55 749
55 750
55 751
55 757
55 762
55 763
55 996
55 1008
55 1015
55 1016
55 1017
55 1018
55 1095
55 1096
55 1097
56 29
56 47
56 48
56 49
56 50
56 51
56 52
56 87
56 255
56 262
56 283
56 284
56 285
56 286
56 287
56 288
56 289
56 290
56 291
56 292
56 298
56 299
56 310
56 372
56 373
56 519
56 532
56 533
56 541
56 542
56 599
56 614
56 746
56 752
56 753
56 757
56 763
56 996
56 1008
56 1009
56 1014
56 1015
56 1093
56 1094
56 1097
57 28
57 37
57 38
57 39
57 40
57 41
57 42
57 43
57 44
57 45
57 46
57 53
57 54
57 55
57 56
57 87
57 255
57 262
57 299
57 310
57 373
57 374
57 519
57 532
57 600
57 613
57 745
57 754
57 755
57 756
57 757
57 764
57 997
57 1009
57 1010
57 1013
57 1014
57 1017
57 1018
57 1091
57 1092
57 1097
58 29
58 30
58 31
58 32
58 33
58 34
58 35
58 36
58 57
58 58
58 88
58 255
58 262
58 300
58 310
58 374
58 375
58 520
58 521
58 531
58 540
58 541
58 600
58 613
58 746
58 764
58 997
58 1011
58 1012
58 1013
58 1016
58 1017
58 1090
58 1097
59 58
59 88
59 255
59 262
59 300
59 301
59 310
59 375
59 522
59 523
59 524
59 525
59 526
59 527
59 528
59 529
59 530
59 531
59 540
59 600
59 613
59 747
59 748
59 749
59 750
59 751
59 752
59 753
59 754
59 763
59 764
59 998
59 1016
59 1089
59 1097
60 59
60 88
60 255
60 262
60 301
60 310
60 376
60 539
60 571
60 572
60 573
60 574
60 601
60 613
60 637
60 638
60 639
60 755
60 756
60 757
60 758
60 759
60 760
60 761
60 762
60 763
60 998
60 999
60 1006
60 1007
60 1008
60 1009
60 1010
60 1011
60 1015
60 1089
60 1097
61 59
61 89
61 256
61 262
61 302
61 310
61 376
61 377
61 414
61 415
61 416
61 538
61 570
61 571
61 574
61 575
61 576
61 577
61 601
61 612
61 636
61 637
61 639
61 855
61 856
61 999
61 1000
61 1005
61 1006
61 1012
61 1013
61 1014
61 1015
61 1089
61 1097
62 59
62 89
62 256
62 262
62 302
62 303
62 310
62 377
62 378
62 413
62 417
62 537
62 570
62 578
62 601
62 612
62 635
62 636
62 639
62 853
62 854
62 857
62 858
62 1000
62 1001
62 1003
62 1004
62 1089
62 1097
63 58
63 90
63 256
63 262
63 304
63 305
63 310
63 378
63 413
63 418
63 537
63 569
63 578
63 601
63 612
63 634
63 635
63 639
63 853
63 858
63 859
63 1001
63 1002
63 1003
63 1089
63 1097
64 57
64 58
64 90
64 256
64 262
64 305
64 310
64 379
64 412
64 418
64 537
64 569
64 578
64 601
64 613
64 633
64 634
64 638
64 639
64 852
64 859
64 860
64 1089
64 1097
65 57
65 91
65 256
65 262
65 306
65 310
65 379
65 380
65 412
65 419
65 537
65 570
65 576
65 577
65 578
65 600
65 613
65 631
65 632
65 637
65 638
65 834
65 835
65 852
65 860
65 1089
65 1097
66 56
66 91
66 256
66 263
66 306
66 307
66 308
66 309
66 380
66 381
66 412
66 419
66 538
66 539
66 570
66 571
66 572
66 573
66 574
66 575
66 599
66 600
66 614
66 630
66 636
66 637
66 832
66 833
66 836
66 851
66 861
66 1089
66 1097
67 56
67 91
67 256
67 263
67 307
67 309
67 381
67 411
67 420
67 540
67 541
67 542
67 585
67 586
67 587
67 598
67 599
67 615
67 616
67 630
67 635
67 636
67 832
67 836
67 851
67 861
67 862
67 1089
67 1097
68 55
68 92
68 256
68 263
68 307
68 309
68 382
68 411
68 420
68 543
68 585
68 588
68 597
68 598
68 617
68 630
68 631
68 632
68 633
68 634
68 635
68 831
68 836
68 850
68 862
68 863
68 1089
68 1097
69 56
69 57
69 92
69 256
69 263
69 382
69 410
69 421
69 543
69 585
69 586
69 588
69 596
69 597
69 617
69 830
69 831
69 836
69 850
69 863
69 864
69 1089
69 1097
70 58
70 59
70 93
70 256
70 263
70 383
70 410
70 421
70 543
70 586
70 589
70 595
70 596
70 617
70 830
70 837
70 849
70 864
70 1089
70 1097
71 60
71 93
71 256
71 263
71 383
71 410
71 422
71 543
71 586
71 589
71 590
71 591
71 592
71 593
71 594
71 617
71 829
71 837
71 849
71 865
71 1019
71 1020
71 1021
71 1089
71 1097
72 61
72 94
72 256
72 263
72 384
72 409
72 422
72 542
72 587
72 617
72 829
72 837
72 848
72 865
72 1018
72 1021
72 1089
72 1097
73 61
73 94
73 256
73 263
73 384
73 408
73 409
73 423
73 542
73 587
73 617
73 828
73 837
73 848
73 865
73 1018
73 1021
73 1089
73 1097
74 62
74 94
74 256
74 263
74 385
74 407
74 408
74 423
74 543
74 587
74 617
74 829
74 830
74 831
74 832
74 833
74 834
74 835
74 836
74 837
74 847
74 865
74 1018
74 1021
74 1089
74 1097
75 62
75 94
75 256
75 263
75 385
75 405
75 406
75 424
75 543
75 587
75 618
75 847
75 851
75 852
75 853
75 854
75 865
75 1019
75 1089
75 1097
76 63
76 95
76 256
76 263
76 386
76 403
76 404
76 424
76 425
76 544
76 545
76 572
76 587
76 618
76 847
76 851
76 855
76 856
76 865
76 1089
76 1097
77 63
77 95
77 256
77 263
77 386
77 387
77 402
77 403
77 425
77 546
77 547
77 570
77 571
77 573
77 574
77 587
77 619
77 620
77 846
77 850
77 857
77 858
77 865
77 1089
77 1097
78 64
78 95
78 256
78 263
78 388
78 389
78 402
78 426
78 547
78 565
78 569
78 570
78 575
78 576
78 587
78 621
78 622
78 623
78 624
78 625
78 626
78 627
78 628
78 629
78 846
78 850
78 858
78 859
78 865
78 1090
78 1097
79 64
79 95
79 256
79 263
79 389
79 390
79 401
79 426
79 547
79 564
79 566
79 567
79 568
79 569
79 576
79 577
79 587
79 845
79 850
79 860
79 861
79 862
79 863
79 864
79 865
79 1090
79 1097
80 64
80 95
80 256
80 263
80 391
80 392
80 401
80 427
80 428
80 429
80 430
80 546
80 547
80 563
80 577
80 587
80 629
80 845
80 849
80 1090
80 1097
81 60
81 61
81 62
81 63
81 96
81 256
81 263
81 392
81 393
81 401
81 431
81 432
81 433
81 434
81 435
81 436
81 437
81 546
81 563
81 578
81 587
81 628
81 640
81 641
81 642
81 665
81 666
81 667
81 846
81 847
81 848
81 849
81 1090
81 1097
82 56
82 57
82 58
82 59
82 96
82 256
82 263
82 393
82 394
82 400
82 438
82 439
82 440
82 546
82 562
82 578
82 579
82 586
82 587
82 629
82 639
82 643
82 654
82 655
82 656
82 657
82 665
82 667
82 1090
82 1097
83 54
83 55
83 96
83 256
83 263
83 394
83 395
83 400
83 441
83 442
83 546
83 561
83 562
83 579
83 580
83 581
83 582
83 583
83 584
83 585
83 586
83 629
83 638
83 643
83 654
83 658
83 659
83 665
83 922
83 1090
83 1097
84 52
84 53
84 96
84 256
84 263
84 396
84 397
84 400
84 443
84 444
84 445
84 547
84 560
84 561
84 630
84 638
84 643
84 654
84 660
84 661
84 662
84 663
84 664
84 665
84 667
84 766
84 767
84 768
84 922
84 1090
84 1097
85 51
85 96
85 256
85 263
85 397
85 400
85 446
85 547
85 560
85 630
85 637
85 643
85 654
85 667
85 766
85 768
85 922
85 1090
85 1097
86 50
86 96
86 256
86 263
86 398
86 400
86 447
86 448
86 449
86 450
86 451
86 452
86 453
86 547
86 559
86 631
86 637
86 644
86 654
86 666
86 765
86 768
86 922
86 1090
86 1097
87 49
87 97
87 256
87 263
87 398
87 399
87 400
87 454
87 455
87 456
87 457
87 458
87 459
87 548
87 557
87 558
87 632
87 633
87 634
87 635
87 636
87 644
87 645
87 646
87 647
87 648
87 649
87 650
87 651
87 652
87 653
87 666
87 763
87 764
87 765
87 769
87 922
87 1090
87 1097
88 49
88 97
88 257
88 263
88 460
88 461
88 548
88 549
88 554
88 555
88 556
88 667
88 761
88 762
88 769
88 922
88 1090
88 1097
89 49
89 50
89 97
89 257
89 264
89 462
89 463
89 550
89 551
89 552
89 553
89 667
89 761
89 769
89 922
89 1090
89 1097
90 50
90 51
90 97
90 257
90 264
90 463
90 464
90 667
90 760
90 769
90 922
90 1090
90 1097
91 51
91 52
91 98
91 257
91 264
91 464
91 465
91 667
91 760
91 770
91 922
91 1090
91 1097
92 52
92 53
92 54
92 55
92 56
92 98
92 257
92 264
92 466
92 467
92 502
92 503
92 504
92 505
92 506
92 539
92 540
92 541
92 542
92 543
92 544
92 545
92 667
92 760
92 770
92 922
92 1090
92 1097
93 57
93 58
93 59
93 60
93 98
93 257
93 264
93 467
93 468
93 496
93 497
93 498
93 499
93 500
93 501
93 507
93 508
93 509
93 510
93 511
93 512
93 513
93 526
93 527
93 528
93 529
93 530
93 531
93 532
93 533
93 534
93 535
93 536
93 537
93 538
93 546
93 547
93 667
93 760
93 761
93 770
93 861
93 862
93 863
93 864
93 922
93 1090
93 1097
94 61
94 62
94 98
94 257
94 264
94 468
94 469
94 491
94 492
94 493
94 494
94 495
94 514
94 515
94 516
94 517
94 518
94 519
94 520
94 521
94 522
94 523
94 524
94 525
94 548
94 549
94 550
94 667
94 762
94 763
94 767
94 768
94 769
94 860
94 865
94 883
94 922
94 1090
94 1097
95 62
95 63
95 98
95 257
95 264
95 470
95 471
95 489
95 490
95 551
95 552
95 565
95 566
95 667
95 763
95 764
95 765
95 766
95 860
95 866
95 884
95 922
95 1090
95 1097
96 63
96 64
96 99
96 257
96 264
96 472
96 473
96 474
96 487
96 488
96 553
96 554
96 555
96 556
96 557
96 558
96 559
96 560
96 564
96 567
96 668
96 860
96 866
96 867
96 884
96 922
96 1090
96 1097
97 64
97 99
97 257
97 264
97 475
97 476
97 477
97 478
97 485
97 486
97 561
97 563
97 568
97 569
97 570
97 571
97 572
97 573
97 574
97 575
97 576
97 577
97 668
97 731
97 861
97 867
97 868
97 885
97 922
97 1090
97 1097
98 63
98 64
98 99
98 257
98 264
98 479
98 480
98 481
98 482
98 483
98 484
98 563
98 568
98 578
98 579
98 580
98 581
98 582
98 583
98 584
98 585
98 586
98 587
98 588
98 589
98 590
98 591
98 592
98 593
98 594
98 595
98 596
98 597
98 598
98 599
98 600
98 601
98 602
98 603
98 604
98 605
98 606
98 607
98 669
98 728
98 729
98 730
98 732
98 733
98 861
98 868
98 885
98 922
98 1090
98 1098
99 62
99 63
99 99
99 257
99 264
99 563
99 567
99 608
99 609
99 610
99 611
99 669
99 670
99 726
99 727
99 734
99 735
99 862
99 869
99 886
99 922
99 1090
99 1098
100 61
100 62
100 97
100 98
100 257
100 264
100 563
100 567
100 612
100 613
100 614
100 670
100 671
100 725
100 736
100 737
100 738
100 739
100 862
100 863
100 864
100 865
100 866
100 867
100 886
100 922
100 1090
100 1098
101 59
101 60
101 96
101 97
101 257
101 264
101 563
101 567
101 615
101 616
101 671
101 672
101 673
101 724
101 740
101 741
101 742
101 743
101 744
101 745
101 746
101 747
101 748
101 887
101 922
101 1090
101 1098
102 57
102 58
102 94
102 95
102 257
102 264
102 563
102 567
102 617
102 618
102 674
102 675
102 723
102 724
102 748
102 887
102 922
102 1090
102 1098
103 55
103 56
103 92
103 93
103 257
103 264
103 563
103 567
103 619
103 620
103 675
103 676
103 722
103 723
103 748
103 888
103 922
103 1090
103 1098
104 53
104 54
104 92
104 257
104 264
104 563
104 567
104 621
104 622
104 677
104 678
104 722
104 747
104 748
104 888
104 922
104 1090
104 1098
105 50
105 51
105 52
105 92
105 257
105 264
105 563
105 567
105 622
105 623
105 679
105 680
105 681
105 721
105 745
105 746
105 889
105 922
105 1090
105 1098
106 50
106 92
106 257
106 264
106 563
106 567
106 624
106 625
106 682
106 683
106 721
106 741
106 742
106 743
106 744
106 889
106 922
106 1090
106 1098
107 50
107 51
107 93
107 257
107 264
107 563
107 567
107 626
107 627
107 628
107 684
107 721
107 740
107 890
107 922
107 1090
107 1098
108 51
108 52
108 93
108 257
108 264
108 563
108 567
108 629
108 630
108 631
108 632
108 633
108 634
108 684
108 721
108 739
108 890
108 922
108 1090
108 1098
109 53
109 54
109 94
109 257
109 264
109 564
109 567
109 635
109 636
109 637
109 638
109 684
109 721
109 739
109 891
109 922
109 1090
109 1098
110 55
110 56
110 94
110 257
110 264
110 564
110 567
110 639
110 640
110 641
110 642
110 684
110 720
110 721
110 739
110 891
110 922
110 1090
110 1098
111 56
111 57
111 95
111 257
111 265
111 564
111 567
111 643
111 644
111 683
111 684
111 718
111 719
111 740
111 891
111 922
111 1090
111 1098
112 58
112 59
112 95
112 257
112 265
112 564
112 567
112 645
112 646
112 647
112 680
112 681
112 682
112 718
112 740
112 741
112 891
112 923
112 1090
112 1098
113 59
113 60
113 96
113 257
113 265
113 348
113 349
113 350
113 564
113 567
113 648
113 649
113 677
113 678
113 679
113 717
113 742
113 743
113 744
113 745
113 746
113 747
113 748
113 892
113 923
113 1090
113 1098
114 61
114 62
114 96
114 97
114 257
114 265
114 347
114 348
114 351
114 352
114 564
114 567
114 650
114 651
114 676
114 717
114 749
114 750
114 892
114 923
114 1090
114 1098
115 63
115 64
115 65
115 97
115 258
115 265
115 346
115 347
115 352
115 353
115 564
115 567
115 651
115 652
115 675
115 692
115 717
115 750
115 892
115 923
115 1090
115 1098
116 66
116 67
116 68
116 69
116 98
116 258
116 265
116 345
116 346
116 354
116 355
116 564
116 567
116 653
116 654
116 675
116 691
116 693
116 694
116 716
116 717
116 750
116 892
116 923
116 1090
116 1098
117 70
117 71
117 98
117 99
117 258
117 265
117 343
117 344
117 355
117 356
117 564
117 567
117 654
117 655
117 675
117 690
117 695
117 714
117 715
117 750
117 893
117 923
117 1090
117 1098
118 72
118 73
118 99
118 100
118 258
118 265
118 342
118 343
118 357
118 358
118 564
118 567
118 655
118 656
118 675
118 690
118 695
118 712
118 713
118 750
118 893
118 924
118 1090
118 1098
119 74
119 75
119 100
119 258
119 265
119 341
119 342
119 358
119 359
119 564
119 567
119 657
119 658
119 675
119 690
119 695
119 710
119 711
119 751
119 752
119 893
119 924
119 1090
119 1098
120 76
120 77
120 101
120 112
120 113
120 114
120 115
120 116
120 258
120 265
120 340
120 341
120 360
120 361
120 564
120 567
120 658
120 659
120 676
120 690
120 695
120 707
120 708
120 709
120 753
120 754
120 788
120 790
120 893
120 924
120 1091
120 1098
121 78
121 79
121 102
121 103
121 104
121 105
121 106
121 107
121 108
121 109
121 110
121 111
121 258
121 265
121 339
121 340
121 361
121 362
121 564
121 567
121 659
121 660
121 676
121 677
121 690
121 695
121 706
121 754
121 788
121 893
121 924
121 1091
121 1098
122 80
122 81
122 116
122 258
122 265
122 337
122 338
122 362
122 363
122 564
122 567
122 660
122 677
122 678
122 679
122 680
122 681
122 682
122 683
122 684
122 685
122 686
122 690
122 695
122 705
122 754
122 787
122 790
122 893
122 924
122 1091
122 1098
123 82
123 83
123 101
123 102
123 115
123 258
123 265
123 335
123 336
123 364
123 365
123 564
123 567
123 649
123 661
123 687
123 688
123 690
123 695
123 705
123 754
123 787
123 789
123 894
123 924
123 1091
123 1098
124 83
124 99
124 100
124 108
124 109
124 110
124 111
124 112
124 113
124 114
124 115
124 258
124 265
124 334
124 335
124 365
124 366
124 564
124 567
124 648
124 650
124 661
124 690
124 695
124 704
124 753
124 786
124 789
124 894
124 924
124 1091
124 1098
125 84
125 97
125 98
125 258
125 265
125 333
125 334
125 367
125 368
125 564
125 567
125 647
125 650
125 662
125 690
125 695
125 704
125 753
125 782
125 783
125 784
125 785
125 789
125 894
125 925
125 1091
125 1098
126 84
126 95
126 96
126 258
126 265
126 332
126 333
126 368
126 369
126 370
126 564
126 567
126 647
126 650
126 662
126 663
126 690
126 695
126 703
126 753
126 780
126 781
126 789
126 894
126 925
126 1091
126 1098
127 85
127 93
127 94
127 258
127 265
127 330
127 331
127 371
127 372
127 564
127 567
127 647
127 650
127 663
127 690
127 695
127 702
127 703
127 753
127 754
127 779
127 780
127 789
127 894
127 925
127 1091
127 1098
128 86
128 93
128 258
128 265
128 330
128 372
128 564
128 567
128 647
128 650
128 663
128 690
128 695
128 702
128 754
128 779
128 789
128 894
128 925
128 1091
128 1098
129 87
129 92
129 258
129 265
129 329
129 372
129 564
129 567
129 647
129 650
129 664
129 678
129 690
129 695
129 701
129 755
129 778
129 789
129 894
129 925
129 1091
129 1098
130 88
130 89
130 92
130 258
130 265
130 329
130 372
130 564
130 567
130 647
130 651
130 664
130 676
130 677
130 679
130 680
130 690
130 695
130 696
130 699
130 700
130 755
130 756
130 757
130 758
130 759
130 778
130 789
130 894
130 925
130 1091
130 1098
131 90
131 91
131 92
131 258
131 265
131 330
131 372
131 564
131 567
131 647
131 651
131 664
131 671
131 672
131 673
131 674
131 675
131 681
131 682
131 690
131 695
131 698
131 699
131 760
131 761
131 762
131 763
131 764
131 765
131 766
131 767
131 768
131 769
131 778
131 789
131 895
131 925
131 1091
131 1098
132 258
132 265
132 330
132 368
132 369
132 370
132 371
132 372
132 564
132 567
132 647
132 651
132 665
132 666
132 667
132 668
132 669
132 670
132 682
132 683
132 691
132 696
132 770
132 771
132 777
132 789
132 895
132 925
132 1091
132 1098
133 258
133 265
133 330
133 368
133 564
133 567
133 647
133 651
133 656
133 683
133 691
133 696
133 772
133 773
133 774
133 775
133 776
133 789
133 895
133 925
133 1091
133 1098
134 258
134 265
134 330
134 368
134 447
134 448
134 449
134 564
134 567
134 647
134 651
134 655
134 657
134 684
134 691
134 696
134 789
134 895
134 925
134 1091
134 1098
135 258
135 266
135 330
135 368
135 446
135 450
135 564
135 567
135 647
135 651
135 654
135 657
135 684
135 691
135 696
135 789
135 895
135 926
135 1091
135 1098
136 258
136 266
136 330
136 368
136 445
136 450
136 564
136 568
136 647
136 651
136 654
136 657
136 685
136 691
136 696
136 699
136 700
136 701
136 702
136 703
136 704
136 705
136 706
136 707
136 708
136 709
136 789
136 895
136 926
136 1091
136 1098
137 258
137 266
137 330
137 368
137 445
137 450
137 564
137 568
137 647
137 651
137 654
137 657
137 685
137 690
137 691
137 696
137 697
137 710
137 712
137 713
137 714
137 725
137 726
137 727
137 728
137 729
137 730
137 731
137 732
137 733
137 789
137 895
137 926
137 1091
137 1098
138 258
138 266
138 330
138 368
138 445
138 450
138 564
138 568
138 648
138 651
138 654
138 657
138 686
138 687
138 688
138 689
138 691
138 696
138 715
138 716
138 717
138 718
138 719
138 720
138 721
138 722
138 723
138 724
138 734
138 735
138 736
138 737
138 738
138 754
138 755
138 775
138 776
138 777
138 778
138 789
138 895
138 926
138 1091
138 1098
139 258
139 266
139 330
139 368
139 445
139 450
139 564
139 568
139 648
139 651
139 654
139 657
139 691
139 696
139 709
139 739
139 740
139 741
139 742
139 743
139 750
139 751
139 752
139 753
139 756
139 757
139 772
139 773
139 774
139 779
139 780
139 781
139 789
139 896
139 926
139 1091
139 1098
140 258
140 266
140 330
140 368
140 445
140 450
140 564
140 568
140 648
140 651
140 654
140 657
140 691
140 696
140 708
140 744
140 745
140 746
140 749
140 758
140 759
140 770
140 771
140 782
140 783
140 789
140 896
140 926
140 1091
140 1098
141 258
141 266
141 330
141 368
141 445
141 450
141 564
141 568
141 648
141 651
141 654
141 657
141 691
141 696
141 708
141 747
141 748
141 760
141 761
141 768
141 769
141 784
141 785
141 789
141 896
141 926
141 1091
141 1098
142 259
142 266
142 330
142 369
142 445
142 450
142 564
142 568
142 648
142 651
142 654
142 657
142 691
142 696
142 708
142 718
142 719
142 720
142 751
142 762
142 763
142 768
142 785
142 786
142 787
142 788
142 789
142 896
142 926
142 1091
142 1098
143 259
143 266
143 331
143 369
143 445
143 450
143 564
143 568
143 648
143 651
143 654
143 657
143 691
143 696
143 708
143 717
143 720
143 747
143 751
143 763
143 767
143 896
143 926
143 1091
143 1098
144 259
144 266
144 331
144 369
144 445
144 450
144 564
144 568
144 648
144 651
144 654
144 657
144 691
144 696
144 708
144 717
144 720
144 747
144 751
144 764
144 765
144 766
144 767
144 896
144 927
144 1091
144 1098
145 259
145 266
145 331
145 369
145 445
145 450
145 564
145 568
145 648
145 652
145 654
145 657
145 661
145 662
145 663
145 685
145 686
145 691
145 696
145 708
145 717
145 720
145 747
145 751
145 764
145 766
145 896
145 927
145 1091
145 1098
146 259
146 266
146 331
146 369
146 445
146 450
146 564
146 568
146 648
146 652
146 657
146 661
146 663
146 684
146 687
146 691
146 696
146 708
146 717
146 720
146 747
146 751
146 764
146 766
146 896
146 927
146 1091
146 1098
147 259
147 266
147 331
147 369
147 445
147 450
147 564
147 568
147 648
147 652
147 657
147 661
147 683
147 687
147 691
147 696
147 708
147 717
147 720
147 747
147 751
147 832
147 833
147 896
147 927
147 1091
147 1098
148 259
148 266
148 331
148 369
148 445
148 450
148 564
148 568
148 648
148 652
148 657
148 661
148 683
148 687
148 691
148 696
148 708
148 717
148 720
148 747
148 751
148 765
148 831
148 834
148 896
148 927
148 1091
148 1098
149 259
149 266
149 331
149 369
149 446
149 451
149 564
149 568
149 648
149 652
149 657
149 661
149 683
149 687
149 691
149 696
149 708
149 717
149 720
149 747
149 751
149 759
149 760
149 761
149 764
149 766
149 830
149 834
149 896
149 927
149 1091
149 1098
150 259
150 266
150 331
150 369
150 446
150 451
150 564
150 568
150 648
150 652
150 657
150 661
150 683
150 687
150 691
150 696
150 708
150 717
150 720
150 747
150 752
150 758
150 761
150 766
150 830
150 834
150 896
150 927
150 1091
150 1098
151 259
151 266
151 331
151 369
151 446
151 451
151 564
151 568
151 648
151 652
151 657
151 661
151 683
151 687
151 691
151 696
151 708
151 717
151 720
151 747
151 752
151 758
151 761
151 766
151 830
151 834
151 896
151 927
151 1091
151 1098
152 259
152 266
152 331
152 369
152 446
152 451
152 510
152 511
152 512
152 564
152 568
152 648
152 652
152 657
152 661
152 683
152 687
152 691
152 696
152 708
152 717
152 720
152 734
152 747
152 752
152 758
152 761
152 766
152 830
152 834
152 897
152 927
152 1091
152 1098
153 259
153 266
153 331
153 369
153 446
153 451
153 509
153 513
153 564
153 568
153 648
153 652
153 657
153 661
153 683
153 688
153 691
153 696
153 708
153 717
153 720
153 733
153 735
153 736
153 747
153 752
153 758
153 761
153 766
153 830
153 834
153 897
153 927
153 1091
153 1098
154 259
154 266
154 331
154 369
154 446
154 451
154 508
154 513
154 564
154 568
154 648
154 652
154 657
154 661
154 683
154 688
154 691
154 696
154 708
154 717
154 720
154 732
154 737
154 747
154 752
154 758
154 761
154 766
154 798
154 799
154 830
154 834
154 897
154 928
154 1091
154 1098
155 259
155 266
155 331
155 369
155 446
155 451
155 508
155 513
155 564
155 568
155 648
155 652
155 657
155 661
155 683
155 688
155 691
155 696
155 708
155 717
155 720
155 732
155 737
155 747
155 752
155 758
155 761
155 766
155 797
155 800
155 830
155 834
155 897
155 928
155 1091
155 1098
156 259
156 266
156 331
156 369
156 446
156 451
156 508
156 513
156 564
156 568
156 648
156 652
156 657
156 661
156 683
156 688
156 691
156 696
156 708
156 711
156 717
156 720
156 732
156 737
156 747
156 752
156 758
156 761
156 766
156 796
156 800
156 830
156 834
156 897
156 928
156 1091
156 1098
157 259
157 267
157 331
157 369
157 446
157 451
157 508
157 513
157 564
157 568
157 648
157 652
157 658
157 661
157 683
157 688
157 691
157 696
157 708
157 711
157 717
157 720
157 733
157 737
157 747
157 752
157 758
157 761
157 766
157 796
157 800
157 830
157 834
157 897
157 928
157 1091
157 1098
158 259
158 267
158 330
158 331
158 369
158 446
158 451
158 508
158 513
158 564
158 568
158 648
158 652
158 658
158 661
158 683
158 688
158 691
158 696
158 708
158 711
158 718
158 721
158 733
158 737
158 747
158 752
158 758
158 761
158 766
158 796
158 800
158 830
158 834
158 897
158 928
158 1091
158 1098
159 259
159 267
159 331
159 369
159 446
159 451
159 508
159 513
159 564
159 568
159 648
159 652
159 658
159 661
159 683
159 688
159 691
159 696
159 708
159 711
159 718
159 721
159 733
159 737
159 748
159 752
159 758
159 761
159 766
159 796
159 800
159 830
159 834
159 897
159 928
159 1091
159 1098
160 259
160 267
160 321
160 326
160 331
160 369
160 446
160 451
160 508
160 513
160 564
160 568
160 648
160 652
160 658
160 661
160 684
160 688
160 691
160 696
160 708
160 711
160 718
160 721
160 733
160 737
160 748
160 752
160 758
160 761
160 766
160 796
160 800
160 830
160 834
160 897
160 928
160 1091
160 1098
161 259
161 267
161 320
161 326
161 331
161 369
161 446
161 451
161 508
161 513
161 564
161 568
161 648
161 652
161 658
161 661
161 663
161 684
161 688
161 691
161 697
161 708
161 711
161 718
161 721
161 733
161 737
161 748
161 752
161 758
161 761
161 763
161 766
161 796
161 800
161 830
161 834
161 897
161 928
161 995
161 996
161 997
161 998
161 1091
161 1098
162 259
162 320
162 326
162 331
162 369
162 446
162 451
162 508
162 513
162 564
162 568
162 648
162 652
162 658
162 663
162 684
162 688
162 692
162 697
162 708
162 711
162 718
162 721
162 733
162 737
162 748
162 752
162 758
162 761
162 763
162 766
162 796
162 800
162 830
162 834
162 897
162 928
162 993
162 994
162 998
162 1091
162 1098
163 259
163 320
163 326
163 331
163 369
163 446
163 451
163 508
163 513
163 564
163 568
163 648
163 652
163 658
163 663
163 684
163 688
163 692
163 697
163 708
163 711
163 718
163 721
163 733
163 737
163 748
163 752
163 758
163 761
163 763
163 766
163 796
163 800
163 830
163 834
163 897
163 929
163 991
163 992
163 998
163 1092
163 1098
164 257
164 258
164 259
164 267
164 320
164 326
164 331
164 369
164 446
164 451
164 508
164 513
164 564
164 568
164 648
164 652
164 658
164 663
164 684
164 688
164 692
164 697
164 708
164 711
164 718
164 721
164 733
164 737
164 748
164 752
164 758
164 761
164 763
164 766
164 796
164 800
164 830
164 834
164 897
164 929
164 989
164 990
164 998
164 1092
164 1098
165 255
165 256
165 267
165 320
165 326
165 331
165 370
165 446
165 451
165 508
165 513
165 564
165 568
165 648
165 652
165 658
165 663
165 684
165 688
165 692
165 697
165 708
165 711
165 718
165 721
165 733
165 738
165 748
165 752
165 758
165 761
165 763
165 766
165 797
165 800
165 830
165 834
165 897
165 929
165 989
165 998
165 1092
165 1098
166 248
166 249
166 250
166 251
166 252
166 253
166 254
166 255
166 268
166 269
166 270
166 271
166 272
166 273
166 274
166 320
166 326
166 331
166 371
166 446
166 451
166 508
166 513
166 564
166 569
166 649
166 652
166 658
166 663
166 684
166 688
166 692
166 697
166 708
166 711
166 718
166 721
166 733
166 738
166 748
166 753
166 758
166 761
166 763
166 766
166 797
166 800
166 830
166 834
166 897
166 929
166 988
166 998
166 1092
166 1098
167 244
167 245
167 246
167 247
167 275
167 320
167 326
167 332
167 371
167 446
167 451
167 508
167 513
167 564
167 569
167 649
167 652
167 658
167 663
167 684
167 689
167 692
167 697
167 708
167 711
167 718
167 721
167 733
167 738
167 748
167 753
167 758
167 761
167 763
167 766
167 797
167 800
167 830
167 834
167 897
167 929
167 988
167 998
167 1092
167 1098
168 240
168 241
168 242
168 243
168 275
168 320
168 326
168 332
168 371
168 446
168 451
168 508
168 513
168 564
168 569
168 649
168 653
168 658
168 663
168 684
168 689
168 692
168 697
168 708
168 711
168 718
168 721
168 735
168 736
168 737
168 748
168 753
168 758
168 761
168 763
168 766
168 797
168 800
168 830
168 834
168 897
168 929
168 988
168 997
168 1092
168 1098
169 162
169 163
169 164
169 165
169 166
169 167
169 168
169 169
169 170
169 171
169 172
169 173
169 174
169 175
169 176
169 177
169 178
169 179
169 180
169 181
169 182
169 183
169 184
169 185
169 186
169 187
169 188
169 189
169 190
169 191
169 192
169 193
169 194
169 195
169 196
169 197
169 198
169 199
169 200
169 201
169 202
169 203
169 204
169 205
169 206
169 207
169 208
169 209
169 210
169 211
169 212
169 213
169 214
169 215
169 216
169 217
169 218
169 219
169 220
169 221
169 222
169 223
169 224
169 225
169 226
169 227
169 228
169 229
169 230
169 231
169 232
169 233
169 234
169 235
169 236
169 237
169 238
169 239
169 275
169 320
169 326
169 332
169 371
169 446
169 451
169 508
169 513
169 564
169 569
169 649
169 653
169 655
169 658
169 663
169 684
169 689
169 692
169 697
169 708
169 711
169 718
169 721
169 730
169 731
169 732
169 733
169 734
169 738
169 748
169 753
169 758
169 761
169 763
169 766
169 797
169 800
169 830
169 834
169 897
169 929
169 988
169 997
169 1092
169 1098
170 161
170 275
170 320
170 326
170 332
170 371
170 446
170 451
170 508
170 513
170 564
170 569
170 649
170 653
170 655
170 658
170 663
170 684
170 689
170 692
170 697
170 708
170 711
170 718
170 721
170 729
170 738
170 748
170 753
170 758
170 761
170 763
170 766
170 797
170 800
170 830
170 834
170 898
170 929
170 988
170 997
170 1092
170 1098
171 142
171 143
171 144
171 145
171 146
171 147
171 148
171 149
171 150
171 151
171 152
171 153
171 154
171 155
171 156
171 157
171 158
171 159
171 160
171 275
171 320
171 326
171 332
171 371
171 446
171 451
171 509
171 513
171 564
171 569
171 649
171 653
171 655
171 658
171 663
171 684
171 689
171 692
171 697
171 711
171 718
171 721
171 728
171 738
171 748
171 753
171 758
171 761
171 763
171 766
171 797
171 800
171 830
171 834
171 898
171 929
171 988
171 996
171 1092
171 1098
172 275
172 320
172 326
172 332
172 371
172 446
172 451
172 509
172 513
172 564
172 569
172 649
172 653
172 655
172 658
172 663
172 692
172 697
172 721
172 728
172 738
172 748
172 753
172 758
172 761
172 763
172 766
172 797
172 800
172 830
172 834
172 856
172 857
172 898
172 930
172 988
172 996
172 1092
172 1098
173 275
173 320
173 326
173 332
173 371
173 446
173 451
173 509
173 513
173 564
173 569
173 649
173 692
173 697
173 727
173 738
173 797
173 800
173 814
173 815
173 830
173 834
173 855
173 858
173 898
173 930
173 987
173 988
173 997
173 1092
173 1098
174 275
174 320
174 326
174 332
174 371
174 446
174 451
174 509
174 513
174 564
174 569
174 692
174 697
174 738
174 813
174 830
174 834
174 854
174 858
174 879
174 880
174 898
174 930
174 986
174 987
174 997
174 998
174 1092
174 1098
175 276
175 320
175 326
175 332
175 371
175 446
175 451
175 509
175 513
175 564
175 569
175 692
175 697
175 738
175 854
175 858
175 878
175 881
175 898
175 930
175 985
175 986
175 998
175 999
175 1092
175 1098
176 276
176 320
176 326
176 332
176 371
176 446
176 451
176 509
176 513
176 564
176 569
176 692
176 698
176 738
176 877
176 881
176 898
176 930
176 985
176 999
176 1092
176 1098
177 276
177 320
177 326
177 332
177 371
177 446
177 451
177 509
177 513
177 564
177 569
177 690
177 691
177 692
177 698
177 877
177 881
177 898
177 930
177 984
177 1000
177 1092
177 1098
178 276
178 320
178 326
178 332
178 371
178 446
178 451
178 509
178 513
178 564
178 569
178 692
178 697
178 875
178 876
178 877
178 898
178 930
178 984
178 1000
178 1001
178 1092
178 1098
179 276
179 320
179 326
179 332
179 371
179 447
179 451
179 509
179 513
179 564
179 569
179 692
179 697
179 877
179 898
179 930
179 983
179 1001
179 1002
179 1092
179 1098
180 276
180 320
180 326
180 332
180 371
180 447
180 452
180 509
180 513
180 564
180 569
180 692
180 697
180 877
180 881
180 898
180 931
180 983
180 1002
180 1092
180 1098
181 276
181 320
181 325
181 332
181 371
181 447
181 452
181 509
181 513
181 564
181 569
181 692
181 697
181 728
181 877
181 881
181 898
181 931
181 983
181 1002
181 1092
181 1098
182 276
182 320
182 325
182 332
182 371
182 447
182 452
182 509
182 513
182 685
182 686
182 692
182 697
182 877
182 881
182 898
182 931
182 983
182 1092
182 1098
183 276
183 320
183 325
183 332
183 371
183 447
183 452
183 509
183 513
183 684
183 687
183 692
183 697
183 877
183 881
183 898
183 931
183 982
183 1092
183 1098
184 276
184 320
184 325
184 332
184 371
184 447
184 452
184 509
184 513
184 683
184 687
184 692
184 697
184 832
184 833
184 834
184 877
184 881
184 898
184 931
184 982
184 1002
184 1092
184 1099
185 276
185 320
185 325
185 332
185 371
185 447
185 452
185 683
185 687
185 692
185 697
185 878
185 881
185 898
185 931
185 982
185 1002
185 1092
185 1099
186 276
186 320
186 325
186 332
186 371
186 447
186 452
186 575
186 576
186 577
186 578
186 579
186 580
186 683
186 687
186 692
186 697
186 878
186 881
186 898
186 931
186 982
186 1002
186 1092
186 1099
187 276
187 320
187 325
187 332
187 371
187 536
187 538
187 574
187 581
187 683
187 687
187 692
187 697
187 878
187 881
187 898
187 931
187 982
187 1002
187 1092
187 1099
188 276
188 320
188 325
188 332
188 372
188 534
188 535
188 540
188 573
188 581
188 682
188 683
188 685
188 686
188 688
188 689
188 692
188 697
188 878
188 881
188 898
188 931
188 1002
188 1092
188 1099
189 276
189 320
189 325
189 332
189 372
189 535
189 539
189 573
189 581
189 681
189 690
189 692
189 697
189 897
189 931
189 982
189 983
189 1002
189 1092
189 1099
190 276
190 320
190 325
190 332
190 372
190 533
190 534
190 535
190 537
190 540
190 541
190 573
190 581
190 680
190 690
190 692
190 697
190 897
190 931
190 981
190 983
190 1002
190 1092
190 1099
191 277
191 320
191 325
191 532
191 542
191 573
191 581
191 680
191 690
191 692
191 698
191 897
191 931
191 983
191 1002
191 1092
191 1099
192 277
192 320
192 325
192 532
192 542
192 573
192 581
192 680
192 690
192 692
192 698
192 897
192 931
192 983
192 1002
192 1092
192 1099
193 277
193 320
193 325
193 446
193 532
193 542
193 573
193 581
193 680
193 690
193 693
193 698
193 897
193 931
193 983
193 1002
193 1092
193 1099
194 277
194 463
194 464
194 465
194 466
194 467
194 468
194 469
194 470
194 471
194 472
194 473
194 474
194 475
194 476
194 477
194 478
194 479
194 480
194 481
194 482
194 483
194 484
194 485
194 486
194 487
194 488
194 489
194 490
194 491
194 492
194 493
194 494
194 495
194 496
194 497
194 498
194 499
194 500
194 501
194 502
194 503
194 504
194 505
194 506
194 507
194 508
194 509
194 510
194 511
194 512
194 513
194 514
194 532
194 542
194 573
194 581
194 680
194 690
194 693
194 698
194 897
194 931
194 984
194 1001
194 1092
194 1099
195 277
195 450
195 451
195 452
195 454
195 455
195 456
195 457
195 458
195 459
195 460
195 461
195 462
195 515
195 516
195 517
195 518
195 519
195 520
195 521
195 522
195 523
195 524
195 525
195 526
195 527
195 528
195 532
195 542
195 573
195 581
195 680
195 690
195 693
195 698
195 897
195 931
195 984
195 1001
195 1092
195 1099
196 277
196 449
196 450
196 451
196 452
196 453
196 529
196 530
196 532
196 542
196 574
196 581
196 680
196 690
196 693
196 698
196 897
196 931
196 985
196 1001
196 1092
196 1099
197 277
197 445
197 446
197 447
197 448
197 532
197 542
197 574
197 581
197 680
197 690
197 693
197 698
197 897
197 931
197 985
197 1000
197 1001
197 1092
197 1099
198 277
198 443
198 444
198 533
198 542
198 574
198 581
198 680
198 690
198 693
198 698
198 897
198 931
198 986
198 1000
198 1092
198 1099
199 277
199 441
199 442
199 533
199 534
199 542
199 574
199 581
199 680
199 690
199 693
199 698
199 897
199 931
199 986
199 999
199 1092
199 1099
200 277
200 440
200 441
200 534
200 542
200 574
200 581
200 680
200 690
200 693
200 698
200 897
200 931
200 987
200 999
200 1092
200 1099
201 277
201 439
201 440
201 535
201 542
201 680
201 690
201 897
201 931
201 987
201 999
201 1092
201 1099
202 277
202 437
202 438
202 439
202 535
202 536
202 542
202 680
202 690
202 897
202 931
202 988
202 999
202 1092
202 1099
203 277
203 278
203 279
203 280
203 281
203 282
203 283
203 284
203 285
203 286
203 435
203 436
203 536
203 537
203 542
203 680
203 690
203 897
203 932
203 988
203 999
203 1092
203 1099
204 277
204 287
204 288
204 434
204 435
204 537
204 542
204 681
204 690
204 897
204 932
204 987
204 988
204 999
204 1092
204 1099
205 276
205 289
205 290
205 433
205 434
205 538
205 542
205 681
205 690
205 897
205 932
205 987
205 998
205 1093
205 1099
206 276
206 291
206 292
206 432
206 433
206 539
206 540
206 542
206 681
206 690
206 896
206 932
206 986
206 998
206 1093
206 1099
207 276
207 293
207 294
207 432
207 540
207 541
207 681
207 690
207 896
207 932
207 986
207 998
207 1093
207 1099
208 276
208 295
208 296
208 297
208 431
208 541
208 543
208 681
208 690
208 896
208 932
208 985
208 998
208 1099
209 276
209 296
209 297
209 430
209 431
209 541
209 543
209 681
209 690
209 932
210 276
210 430
210 681
210 690
210 932
211 276
211 297
211 429
211 543
211 544
211 681
211 690
211 932
212 276
212 297
212 428
212 429
212 544
212 681
212 690
213 276
213 297
213 428
213 544
213 681
213 690
214 276
214 297
214 427
214 545
214 681
214 690
215 276
215 298
215 427
215 545
215 546
216 276
216 298
216 426
216 427
216 546
217 277
217 299
217 425
217 426
217 547
218 277
218 299
218 300
218 425
218 547
219 277
219 300
219 424
219 548
220 277
220 300
220 423
220 424
220 548
221 277
221 423
221 549
222 277
222 422
222 549
223 277
223 421
223 422
223 550
224 277
224 421
224 550
225 277
225 413
225 414
225 415
225 416
225 417
225 418
225 419
225 420
225 551
226 411
226 412
226 551
227 409
227 410
227 552
228 408
228 552
229 407
229 552
230 407
230 553
231 407
231 553
232 406
232 553
233 406
233 553
234 407
234 408
234 553
235 409
235 410
235 411
235 554
236 412
236 413
236 554
237 554
238 411
238 412
238 554
239 49
239 50
239 51
239 52
239 53
239 54
239 55
239 56
239 57
239 410
239 411
239 554
240 30
240 31
240 32
240 33
240 34
240 35
240 36
240 37
240 38
240 39
240 40
240 41
240 42
240 43
240 44
240 45
240 46
240 47
240 48
240 408
240 409
240 555
241 7
241 8
241 9
241 10
241 11
241 12
241 13
241 14
241 15
241 16
241 17
241 18
241 19
241 20
241 21
241 22
241 23
241 24
241 25
241 26
241 27
241 28
241 29
241 407
241 408
241 555
242 0
242 1
242 2
242 3
242 4
242 5
242 6
242 405
242 406
242 555
243 403
243 404
243 555
244 402
244 403
244 555
245 400
245 401
245 555
245 1278
245 1279
246 399
246 400
246 555
247 397
247 398
247 555
248 396
248 397
248 555
249 394
249 395
249 555
250 393
250 394
250 555
251 393
251 555
252 392
252 555
253 391
253 392
253 555
254 390
254 391
254 555
255 390
255 555
256 389
256 555
257 389
257 555
258 388
258 389
258 555
259 388
259 555
260 387
260 555
261 387
261 555
262 386
262 555
263 386
263 555
264 386
264 555
265 386
266 385
267 385
268 385
269 385
270 385
271 385
272 385
273 385
274 384
275 384
276 384
277 384
278 384
