0 41
0 133
0 140
0 282
0 289
0 308
0 408
0 427
0 458
0 771
0 782
0 959
0 965
0 1087
0 1209
0 1224
1 42
1 129
1 130
1 131
1 132
1 133
1 141
1 142
1 143
1 282
1 289
1 308
1 409
1 427
1 458
1 769
1 770
1 771
1 782
1 959
1 965
1 1087
1 1209
1 1224
2 42
2 43
2 44
2 128
2 144
2 145
2 146
2 147
2 282
2 289
2 308
2 409
2 426
2 427
2 458
2 766
2 767
2 768
2 778
2 779
2 780
2 781
2 956
2 957
2 958
2 963
2 964
2 1087
2 1209
2 1224
3 45
3 46
3 129
3 130
3 131
3 132
3 134
3 135
3 148
3 149
3 150
3 151
3 152
3 282
3 289
3 308
3 410
3 425
3 426
3 459
3 762
3 763
3 764
3 765
3 773
3 774
3 775
3 776
3 777
3 954
3 955
3 961
3 962
3 1088
3 1209
3 1224
4 47
4 48
4 49
4 50
4 136
4 137
4 138
4 139
4 153
4 154
4 155
4 156
4 282
4 289
4 308
4 410
4 411
4 424
4 425
4 460
4 461
4 759
4 760
4 761
4 769
4 770
4 771
4 772
4 952
4 953
4 959
4 960
4 1089
4 1090
4 1091
4 1209
4 1224
5 140
5 141
5 142
5 143
5 144
5 157
5 158
5 159
5 160
5 161
5 282
5 289
5 308
5 411
5 412
5 424
5 461
5 462
5 755
5 756
5 757
5 758
5 765
5 766
5 767
5 768
5 949
5 950
5 951
5 956
5 957
5 958
5 1209
5 1224
6 50
6 145
6 146
6 147
6 148
6 162
6 163
6 164
6 165
6 282
6 289
6 309
6 412
6 423
6 462
6 751
6 752
6 753
6 754
6 761
6 762
6 763
6 764
6 947
6 948
6 954
6 955
6 1090
6 1091
6 1209
6 1224
7 149
7 150
7 151
7 152
7 166
7 167
7 168
7 169
7 170
7 282
7 289
7 309
7 413
7 422
7 423
7 462
7 748
7 749
7 750
7 758
7 759
7 760
7 943
7 944
7 945
7 946
7 952
7 953
7 1090
7 1209
7 1224
8 49
8 50
8 51
8 52
8 53
8 153
8 154
8 155
8 156
8 157
8 171
8 172
8 173
8 174
8 175
8 282
8 289
8 309
8 413
8 420
8 421
8 422
8 461
8 462
8 744
8 745
8 746
8 747
8 754
8 755
8 756
8 757
8 941
8 942
8 950
8 951
8 1089
8 1209
8 1224
9 48
9 54
9 55
9 56
9 57
9 58
9 158
9 159
9 160
9 161
9 176
9 177
9 178
9 179
9 282
9 289
9 310
9 408
9 413
9 416
9 417
9 418
9 419
9 459
9 460
9 683
9 684
9 685
9 686
9 687
9 688
9 689
9 690
9 691
9 692
9 740
9 741
9 742
9 743
9 750
9 751
9 752
9 753
9 938
9 939
9 940
9 947
9 948
9 949
9 1090
9 1209
9 1224
10 47
10 59
10 60
10 61
10 62
10 63
10 162
10 163
10 164
10 165
10 180
10 181
10 182
10 183
10 184
10 282
10 289
10 310
10 406
10 407
10 409
10 410
10 411
10 412
10 413
10 416
10 457
10 458
10 681
10 682
10 693
10 694
10 736
10 737
10 738
10 739
10 747
10 748
10 749
10 936
10 937
10 944
10 945
10 946
10 1084
10 1090
10 1091
10 1209
10 1224
11 47
11 64
11 65
11 66
11 67
11 68
11 69
11 70
11 166
11 167
11 168
11 169
11 170
11 171
11 185
11 186
11 187
11 188
11 282
11 289
11 311
11 406
11 416
11 455
11 456
11 679
11 680
11 694
11 695
11 732
11 733
11 734
11 735
11 743
11 744
11 745
11 934
11 935
11 942
11 943
11 1082
11 1083
11 1085
11 1086
11 1087
11 1088
11 1209
11 1224
12 46
12 71
12 72
12 73
12 74
12 75
12 172
12 173
12 174
12 175
12 189
12 190
12 191
12 192
12 193
12 282
12 289
12 311
12 406
12 416
12 453
12 454
12 677
12 678
12 695
12 696
12 728
12 729
12 730
12 731
12 739
12 740
12 932
12 933
12 940
12 941
12 1082
12 1089
12 1091
12 1209
12 1224
13 47
13 76
13 77
13 78
13 79
13 80
13 81
13 176
13 177
13 178
13 179
13 194
13 195
13 196
13 197
13 282
13 289
13 312
13 407
13 415
13 416
13 451
13 452
13 676
13 677
13 696
13 697
13 724
13 725
13 726
13 727
13 735
13 736
13 929
13 930
13 931
13 937
13 938
13 939
13 1081
13 1209
13 1224
14 48
14 49
14 50
14 51
14 52
14 82
14 83
14 84
14 85
14 86
14 180
14 181
14 182
14 183
14 184
14 198
14 199
14 200
14 201
14 202
14 203
14 282
14 289
14 312
14 313
14 314
14 315
14 326
14 327
14 328
14 407
14 408
14 415
14 451
14 676
14 697
14 720
14 721
14 722
14 723
14 731
14 732
14 733
14 927
14 928
14 935
14 936
14 1081
14 1209
14 1223
15 45
15 46
15 53
15 54
15 55
15 56
15 57
15 58
15 87
15 88
15 89
15 90
15 91
15 185
15 186
15 187
15 188
15 204
15 205
15 206
15 207
15 282
15 289
15 316
15 317
15 318
15 319
15 320
15 321
15 322
15 323
15 324
15 325
15 329
15 330
15 408
15 414
15 451
15 675
15 698
15 716
15 717
15 718
15 719
15 727
15 728
15 729
15 925
15 926
15 933
15 934
15 1081
15 1209
15 1223
16 44
16 45
16 59
16 60
16 61
16 62
16 63
16 92
16 93
16 94
16 95
16 96
16 97
16 189
16 190
16 191
16 192
16 193
16 208
16 209
16 210
16 211
16 212
16 282
16 289
16 330
16 331
16 409
16 413
16 414
16 451
16 675
16 698
16 712
16 713
16 714
16 715
16 723
16 724
16 725
16 754
16 923
16 924
16 931
16 932
16 1081
16 1209
16 1223
17 44
17 64
17 65
17 66
17 67
17 68
17 69
17 98
17 99
17 100
17 101
17 102
17 103
17 194
17 195
17 196
17 197
17 213
17 214
17 215
17 216
17 282
17 289
17 331
17 410
17 411
17 412
17 413
17 451
17 674
17 699
17 707
17 708
17 709
17 710
17 711
17 719
17 720
17 721
17 752
17 753
17 755
17 920
17 921
17 922
17 929
17 930
17 1081
17 1209
17 1223
18 43
18 70
18 71
18 72
18 73
18 74
18 104
18 105
18 106
18 107
18 108
18 109
18 198
18 199
18 200
18 201
18 202
18 217
18 218
18 219
18 220
18 282
18 289
18 330
18 331
18 410
18 451
18 674
18 699
18 703
18 704
18 705
18 706
18 715
18 716
18 717
18 751
18 755
18 918
18 919
18 926
18 927
18 928
18 1081
18 1209
18 1223
19 44
19 75
19 76
19 77
19 78
19 79
19 110
19 111
19 112
19 113
19 114
19 203
19 204
19 205
19 206
19 207
19 221
19 222
19 223
19 224
19 225
19 282
19 289
19 329
19 330
19 410
19 412
19 452
19 674
19 701
19 702
19 711
19 712
19 713
19 750
19 755
19 916
19 917
19 924
19 925
19 1080
19 1209
19 1223
20 45
20 46
20 47
20 48
20 49
20 50
20 80
20 81
20 82
20 83
20 84
20 85
20 115
20 116
20 117
20 118
20 119
20 120
20 208
20 209
20 210
20 211
20 226
20 227
20 228
20 229
20 282
20 289
20 328
20 329
20 410
20 411
20 412
20 452
20 674
20 701
20 706
20 707
20 708
20 709
20 710
20 747
20 748
20 749
20 750
20 755
20 914
20 915
20 922
20 923
20 1080
20 1209
20 1223
21 51
21 52
21 60
21 61
21 62
21 86
21 87
21 88
21 89
21 90
21 121
21 122
21 123
21 124
21 125
21 212
21 213
21 214
21 215
21 230
21 231
21 232
21 233
21 234
21 235
21 273
21 274
21 275
21 276
21 282
21 289
21 327
21 328
21 453
21 466
21 467
21 468
21 469
21 470
21 471
21 472
21 473
21 474
21 475
21 476
21 477
21 478
21 479
21 674
21 701
21 702
21 703
21 704
21 705
21 747
21 756
21 757
21 758
21 759
21 760
21 910
21 911
21 912
21 913
21 920
21 921
21 1079
21 1209
21 1223
22 53
22 54
22 55
22 56
22 57
22 58
22 59
22 63
22 64
22 65
22 91
22 92
22 93
22 94
22 95
22 126
22 127
22 128
22 129
22 130
22 216
22 217
22 218
22 219
22 220
22 236
22 237
22 238
22 239
22 270
22 271
22 272
22 277
22 278
22 282
22 289
22 326
22 327
22 454
22 455
22 456
22 457
22 458
22 459
22 460
22 461
22 462
22 463
22 464
22 465
22 480
22 481
22 674
22 746
22 760
22 761
22 908
22 909
22 917
22 918
22 919
22 1079
22 1209
22 1223
23 66
23 67
23 68
23 69
23 96
23 97
23 98
23 99
23 100
23 101
23 131
23 132
23 133
23 134
23 135
23 136
23 137
23 221
23 222
23 223
23 224
23 240
23 241
23 242
23 243
23 244
23 267
23 268
23 269
23 279
23 280
23 282
23 289
23 325
23 326
23 482
23 483
23 674
23 700
23 746
23 761
23 906
23 907
23 915
23 916
23 1079
23 1209
23 1223
24 70
24 71
24 102
24 103
24 104
24 105
24 106
24 138
24 139
24 140
24 141
24 142
24 225
24 226
24 227
24 228
24 245
24 246
24 247
24 248
24 260
24 261
24 262
24 263
24 264
24 265
24 266
24 280
24 282
24 289
24 323
24 324
24 483
24 484
24 674
24 700
24 744
24 745
24 746
24 762
24 904
24 905
24 913
24 914
24 1079
24 1209
24 1223
25 72
25 73
25 107
25 108
25 109
25 110
25 111
25 112
25 143
25 144
25 145
25 146
25 147
25 148
25 229
25 230
25 231
25 232
25 233
25 249
25 250
25 251
25 252
25 253
25 258
25 259
25 282
25 290
25 322
25 323
25 485
25 486
25 674
25 700
25 742
25 743
25 762
25 763
25 901
25 902
25 903
25 910
25 911
25 912
25 1079
25 1208
25 1223
26 73
26 113
26 114
26 115
26 116
26 117
26 149
26 150
26 151
26 152
26 153
26 234
26 235
26 236
26 237
26 238
26 254
26 255
26 256
26 257
26 258
26 282
26 290
26 292
26 321
26 322
26 486
26 487
26 496
26 497
26 498
26 499
26 670
26 671
26 701
26 740
26 741
26 763
26 764
26 899
26 900
26 907
26 908
26 909
26 1079
26 1208
26 1223
27 73
27 118
27 119
27 120
27 121
27 122
27 154
27 155
27 156
27 157
27 158
27 239
27 240
27 241
27 242
27 257
27 282
27 290
27 293
27 294
27 320
27 321
27 487
27 488
27 489
27 490
27 491
27 492
27 493
27 494
27 495
27 500
27 666
27 667
27 668
27 669
27 672
27 701
27 739
27 740
27 764
27 765
27 766
27 767
27 768
27 897
27 898
27 905
27 906
27 1078
27 1208
27 1223
28 73
28 123
28 124
28 125
28 126
28 127
28 159
28 160
28 161
28 162
28 163
28 164
28 243
28 244
28 245
28 246
28 247
28 257
28 282
28 295
28 296
28 320
28 501
28 662
28 663
28 664
28 665
28 672
28 701
28 730
28 731
28 738
28 739
28 768
28 769
28 895
28 896
28 903
28 904
28 1078
28 1208
28 1223
29 73
29 128
29 129
29 130
29 131
29 132
29 165
29 166
29 167
29 168
29 169
29 170
29 248
29 249
29 250
29 251
29 252
29 256
29 282
29 290
29 296
29 319
29 501
29 658
29 659
29 660
29 661
29 670
29 671
29 672
29 701
29 728
29 729
29 732
29 733
29 738
29 769
29 770
29 892
29 893
29 894
29 901
29 902
29 1078
29 1208
29 1223
30 73
30 120
30 133
30 134
30 135
30 136
30 137
30 138
30 139
30 171
30 172
30 173
30 174
30 175
30 176
30 253
30 254
30 255
30 256
30 282
30 290
30 296
30 319
30 501
30 654
30 655
30 656
30 657
30 667
30 668
30 669
30 701
30 727
30 728
30 734
30 735
30 770
30 890
30 891
30 898
30 899
30 900
30 1078
30 1208
30 1223
31 74
31 119
31 125
31 126
31 140
31 141
31 142
31 143
31 144
31 177
31 178
31 179
31 180
31 181
31 282
31 290
31 296
31 318
31 502
31 651
31 652
31 653
31 663
31 664
31 665
31 666
31 702
31 725
31 726
31 736
31 771
31 888
31 889
31 896
31 897
31 1078
31 1208
31 1223
32 74
32 75
32 119
32 126
32 127
32 145
32 146
32 147
32 148
32 149
32 182
32 183
32 184
32 185
32 186
32 282
32 290
32 296
32 318
32 502
32 647
32 648
32 649
32 650
32 659
32 660
32 661
32 662
32 671
32 702
32 724
32 771
32 886
32 887
32 894
32 895
32 1076
32 1077
32 1208
32 1223
33 75
33 76
33 118
33 127
33 150
33 151
33 152
33 153
33 154
33 187
33 188
33 189
33 190
33 191
33 192
33 254
33 282
33 290
33 296
33 317
33 503
33 643
33 644
33 645
33 646
33 655
33 656
33 657
33 658
33 671
33 672
33 703
33 723
33 772
33 883
33 884
33 885
33 892
33 893
33 1074
33 1075
33 1208
33 1223
34 77
34 78
34 79
34 118
34 128
34 155
34 156
34 157
34 158
34 159
34 193
34 194
34 195
34 196
34 197
34 254
34 282
34 290
34 295
34 317
34 503
34 504
34 638
34 639
34 640
34 641
34 642
34 651
34 652
34 653
34 654
34 672
34 703
34 704
34 723
34 772
34 881
34 882
34 889
34 890
34 891
34 1072
34 1073
34 1208
34 1223
35 80
35 81
35 82
35 90
35 91
35 92
35 93
35 94
35 95
35 96
35 97
35 98
35 117
35 128
35 129
35 160
35 161
35 162
35 163
35 164
35 165
35 198
35 199
35 200
35 201
35 202
35 203
35 204
35 253
35 282
35 290
35 297
35 298
35 317
35 504
35 505
35 634
35 635
35 636
35 637
35 647
35 648
35 649
35 650
35 672
35 704
35 723
35 772
35 879
35 880
35 887
35 888
35 1072
35 1208
35 1223
36 83
36 84
36 85
36 86
36 87
36 88
36 89
36 99
36 100
36 101
36 116
36 117
36 129
36 130
36 166
36 167
36 168
36 169
36 170
36 171
36 205
36 206
36 207
36 208
36 209
36 253
36 282
36 290
36 296
36 299
36 300
36 301
36 302
36 303
36 304
36 317
36 506
36 507
36 630
36 631
36 632
36 633
36 644
36 645
36 646
36 670
36 671
36 704
36 723
36 771
36 876
36 877
36 878
36 885
36 886
36 1071
36 1208
36 1222
37 102
37 103
37 115
37 116
37 130
37 131
37 172
37 173
37 174
37 175
37 176
37 210
37 211
37 212
37 213
37 214
37 215
37 247
37 253
37 282
37 290
37 296
37 305
37 306
37 307
37 308
37 317
37 508
37 509
37 626
37 627
37 628
37 629
37 639
37 640
37 641
37 642
37 643
37 670
37 704
37 722
37 771
37 873
37 874
37 875
37 882
37 883
37 884
37 1071
37 1208
37 1222
38 104
38 105
38 114
38 115
38 131
38 132
38 177
38 178
38 179
38 180
38 181
38 216
38 217
38 218
38 219
38 220
38 245
38 246
38 248
38 249
38 250
38 251
38 282
38 290
38 296
38 297
38 299
38 309
38 310
38 311
38 312
38 313
38 316
38 317
38 509
38 510
38 572
38 573
38 574
38 575
38 576
38 577
38 578
38 579
38 622
38 623
38 624
38 625
38 635
38 636
38 637
38 638
38 669
38 705
38 722
38 771
38 871
38 872
38 880
38 881
38 1070
38 1208
38 1222
39 106
39 107
39 108
39 109
39 110
39 111
39 112
39 113
39 132
39 133
39 147
39 148
39 149
39 150
39 151
39 152
39 153
39 182
39 183
39 184
39 185
39 186
39 221
39 222
39 223
39 224
39 225
39 243
39 244
39 252
39 282
39 290
39 298
39 300
39 301
39 302
39 303
39 304
39 305
39 314
39 315
39 316
39 511
39 512
39 566
39 567
39 568
39 569
39 570
39 571
39 580
39 581
39 618
39 619
39 620
39 621
39 631
39 632
39 633
39 634
39 669
39 705
39 722
39 771
39 869
39 870
39 876
39 877
39 878
39 879
39 1069
39 1208
39 1222
40 133
40 134
40 135
40 136
40 137
40 138
40 139
40 140
40 141
40 142
40 143
40 144
40 145
40 146
40 154
40 155
40 187
40 188
40 189
40 190
40 191
40 192
40 226
40 227
40 228
40 229
40 230
40 231
40 243
40 282
40 290
40 306
40 307
40 308
40 309
40 512
40 564
40 565
40 582
40 583
40 584
40 614
40 615
40 616
40 617
40 627
40 628
40 629
40 630
40 668
40 706
40 711
40 722
40 771
40 867
40 868
40 874
40 875
40 1069
40 1208
40 1222
41 156
41 157
41 169
41 170
41 193
41 194
41 195
41 196
41 197
41 232
41 233
41 234
41 235
41 236
41 237
41 242
41 282
41 289
41 290
41 298
41 311
41 312
41 313
41 314
41 315
41 512
41 562
41 563
41 585
41 586
41 610
41 611
41 612
41 613
41 623
41 624
41 625
41 626
41 668
41 706
41 707
41 708
41 709
41 710
41 712
41 713
41 722
41 771
41 864
41 865
41 866
41 872
41 873
41 1070
41 1208
41 1222
42 158
42 168
42 171
42 198
42 238
42 242
42 282
42 289
42 298
42 512
42 561
42 587
42 609
42 622
42 667
42 713
42 722
42 770
42 863
42 871
42 1071
42 1208
42 1222
43 159
43 160
43 161
43 162
43 163
43 164
43 165
43 166
43 167
43 171
43 199
43 200
43 201
43 202
43 203
43 239
43 240
43 241
43 283
43 284
43 285
43 286
43 287
43 288
43 299
43 311
43 513
43 560
43 588
43 605
43 606
43 607
43 608
43 620
43 621
43 667
43 714
43 722
43 770
43 862
43 869
43 870
43 1071
43 1208
43 1222
44 171
44 204
44 205
44 206
44 207
44 208
44 242
44 299
44 300
44 309
44 310
44 513
44 521
44 559
44 560
44 589
44 590
44 591
44 592
44 593
44 594
44 601
44 602
44 603
44 604
44 615
44 616
44 617
44 618
44 619
44 667
44 714
44 715
44 722
44 769
44 770
44 774
44 775
44 776
44 777
44 778
44 779
44 780
44 781
44 860
44 861
44 867
44 868
44 1071
44 1208
44 1222
45 171
45 209
45 210
45 211
45 212
45 213
45 242
45 300
45 306
45 307
45 308
45 514
45 518
45 519
45 520
45 522
45 523
45 559
45 595
45 596
45 598
45 599
45 600
45 611
45 612
45 613
45 614
45 666
45 716
45 717
45 722
45 773
45 782
45 858
45 859
45 865
45 866
45 1071
45 1208
45 1222
46 171
46 214
46 215
46 216
46 217
46 218
46 219
46 242
46 301
46 302
46 303
46 304
46 305
46 514
46 515
46 516
46 517
46 524
46 525
46 558
46 606
46 607
46 608
46 609
46 610
46 666
46 717
46 718
46 722
46 767
46 769
46 770
46 771
46 772
46 782
46 855
46 856
46 857
46 862
46 863
46 864
46 1071
46 1208
46 1222
47 170
47 220
47 221
47 222
47 223
47 224
47 243
47 525
47 526
47 558
47 598
47 599
47 602
47 603
47 604
47 605
47 665
47 719
47 720
47 781
47 782
47 853
47 854
47 860
47 861
47 1070
47 1208
47 1222
48 171
48 225
48 226
48 227
48 228
48 229
48 243
48 526
48 527
48 558
48 599
48 600
48 601
48 665
48 721
48 780
48 781
48 851
48 852
48 858
48 859
48 1070
48 1208
48 1223
49 171
49 230
49 231
49 232
49 233
49 234
49 235
49 244
49 527
49 528
49 558
49 655
49 656
49 664
49 780
49 849
49 850
49 855
49 856
49 857
49 1069
49 1207
49 1223
50 172
50 173
50 174
50 175
50 236
50 237
50 238
50 239
50 240
50 244
50 528
50 558
50 601
50 654
50 655
50 657
50 664
50 780
50 846
50 847
50 848
50 853
50 854
50 1067
50 1068
50 1207
50 1223
51 176
51 241
51 242
51 243
51 244
51 529
51 535
51 536
51 537
51 538
51 539
51 540
51 541
51 558
51 602
51 603
51 615
51 616
51 617
51 618
51 654
51 657
51 664
51 781
51 782
51 783
51 784
51 843
51 844
51 845
51 850
51 851
51 852
51 1066
51 1206
51 1223
52 177
52 246
52 529
52 533
52 534
52 542
52 543
52 558
52 604
52 605
52 613
52 614
52 618
52 653
52 657
52 664
52 841
52 842
52 848
52 849
52 1065
52 1206
52 1223
53 177
53 247
53 248
53 530
53 531
53 532
53 533
53 543
53 558
53 605
53 613
53 618
53 653
53 657
53 664
53 784
53 839
53 840
53 846
53 847
53 1065
53 1205
53 1223
54 177
54 249
54 250
54 543
54 558
54 559
54 560
54 605
54 612
54 619
54 652
54 658
54 664
54 784
54 836
54 837
54 838
54 842
54 843
54 844
54 845
54 1060
54 1061
54 1064
54 1205
54 1223
55 177
55 250
55 544
55 556
55 557
55 558
55 560
55 605
55 612
55 619
55 652
55 658
55 659
55 664
55 784
55 834
55 835
55 840
55 841
55 1058
55 1059
55 1062
55 1063
55 1064
55 1205
55 1223
56 177
56 251
56 545
56 546
56 554
56 555
56 559
56 560
56 605
56 612
56 619
56 651
56 659
56 660
56 664
56 784
56 831
56 832
56 833
56 838
56 839
56 1057
56 1058
56 1205
56 1223
57 176
57 251
57 547
57 548
57 552
57 553
57 606
57 607
57 611
57 619
57 651
57 660
57 661
57 664
57 782
57 783
57 829
57 830
57 835
57 836
57 837
57 1057
57 1205
57 1223
58 176
58 228
58 229
58 230
58 251
58 548
58 549
58 550
58 551
58 552
58 608
58 609
58 611
58 619
58 651
58 661
58 664
58 778
58 779
58 780
58 781
58 826
58 827
58 828
58 833
58 834
58 1056
58 1205
58 1223
59 177
59 226
59 227
59 231
59 251
59 609
59 610
59 611
59 619
59 625
59 651
59 662
59 663
59 664
59 774
59 775
59 776
59 777
59 824
59 825
59 831
59 832
59 1054
59 1055
59 1205
59 1223
60 177
60 224
60 225
60 232
60 251
60 620
60 621
60 622
60 623
60 624
60 626
60 650
60 772
60 773
60 822
60 823
60 828
60 829
60 830
60 1054
60 1205
60 1223
61 178
61 223
61 224
61 232
61 234
61 235
61 236
61 247
61 248
61 251
61 626
61 650
61 772
61 819
61 820
61 821
61 826
61 827
61 1053
61 1205
61 1223
62 178
62 222
62 223
62 232
62 234
62 237
62 245
62 246
62 249
62 250
62 251
62 626
62 632
62 633
62 634
62 635
62 650
62 771
62 817
62 818
62 823
62 824
62 825
62 1053
62 1205
62 1223
63 178
63 221
63 222
63 237
63 244
63 626
63 630
63 631
63 636
63 637
63 650
63 771
63 785
63 786
63 787
63 788
63 814
63 815
63 816
63 821
63 822
63 1052
63 1205
63 1223
64 178
64 221
64 237
64 243
64 627
64 628
64 629
64 637
64 638
64 651
64 768
64 771
64 779
64 780
64 781
64 782
64 783
64 784
64 789
64 812
64 813
64 819
64 820
64 1051
64 1205
64 1223
65 178
65 220
65 237
65 243
65 638
65 647
65 648
65 649
65 767
65 769
65 770
65 771
65 777
65 778
65 790
65 808
65 809
65 810
65 811
65 816
65 817
65 818
65 1040
65 1041
65 1042
65 1043
65 1044
65 1045
65 1046
65 1047
65 1048
65 1049
65 1050
65 1052
65 1053
65 1205
65 1223
66 178
66 220
66 237
66 243
66 638
66 646
66 766
66 773
66 774
66 775
66 776
66 790
66 806
66 807
66 814
66 815
66 1030
66 1031
66 1032
66 1033
66 1034
66 1035
66 1036
66 1037
66 1038
66 1039
66 1053
66 1054
66 1205
66 1223
67 178
67 220
67 237
67 244
67 638
67 645
67 767
67 770
67 771
67 790
67 803
67 804
67 805
67 812
67 813
67 1020
67 1021
67 1022
67 1023
67 1024
67 1025
67 1026
67 1027
67 1028
67 1029
67 1054
67 1055
67 1205
67 1223
68 179
68 220
68 237
68 244
68 637
68 638
68 645
68 767
68 768
68 769
68 790
68 801
68 802
68 808
68 809
68 810
68 811
68 1010
68 1011
68 1012
68 1013
68 1014
68 1015
68 1016
68 1017
68 1018
68 1019
68 1039
68 1053
68 1054
68 1056
68 1205
68 1223
69 179
69 217
69 218
69 219
69 220
69 237
69 244
69 637
69 645
69 790
69 799
69 800
69 806
69 807
69 1000
69 1001
69 1002
69 1003
69 1004
69 1005
69 1006
69 1007
69 1008
69 1009
69 1029
69 1030
69 1036
69 1040
69 1041
69 1048
69 1049
69 1053
69 1056
69 1205
69 1223
70 179
70 213
70 214
70 215
70 216
70 237
70 244
70 637
70 638
70 639
70 640
70 645
70 790
70 796
70 797
70 798
70 804
70 805
70 990
70 991
70 992
70 993
70 994
70 995
70 996
70 997
70 998
70 999
70 1019
70 1020
70 1021
70 1032
70 1033
70 1034
70 1035
70 1036
70 1042
70 1043
70 1044
70 1045
70 1053
70 1054
70 1055
70 1056
70 1205
70 1223
71 180
71 211
71 212
71 238
71 239
71 244
71 641
71 642
71 646
71 786
71 787
71 788
71 794
71 795
71 801
71 802
71 803
71 980
71 981
71 982
71 983
71 984
71 985
71 986
71 987
71 988
71 989
71 1009
71 1010
71 1011
71 1012
71 1026
71 1027
71 1028
71 1029
71 1030
71 1037
71 1038
71 1039
71 1045
71 1048
71 1049
71 1057
71 1058
71 1059
71 1060
71 1205
71 1223
72 180
72 209
72 210
72 240
72 241
72 242
72 643
72 644
72 647
72 648
72 785
72 791
72 792
72 793
72 799
72 800
72 969
72 970
72 971
72 972
72 973
72 974
72 975
72 976
72 977
72 978
72 979
72 999
72 1000
72 1001
72 1021
72 1022
72 1032
72 1033
72 1034
72 1039
72 1041
72 1042
72 1043
72 1044
72 1045
72 1050
72 1051
72 1057
72 1060
72 1063
72 1205
72 1223
73 181
73 182
73 208
73 209
73 243
73 645
73 785
73 788
73 789
73 790
73 796
73 797
73 798
73 956
73 957
73 958
73 959
73 960
73 961
73 962
73 963
73 964
73 965
73 966
73 967
73 968
73 989
73 990
73 991
73 1012
73 1013
73 1014
73 1015
73 1016
73 1017
73 1027
73 1028
73 1035
73 1036
73 1037
73 1038
73 1039
73 1046
73 1047
73 1055
73 1056
73 1057
73 1058
73 1059
73 1060
73 1064
73 1065
73 1205
73 1223
74 183
74 184
74 197
74 198
74 199
74 200
74 208
74 647
74 788
74 794
74 795
74 937
74 938
74 939
74 940
74 941
74 942
74 943
74 944
74 945
74 946
74 947
74 948
74 949
74 950
74 951
74 952
74 953
74 954
74 955
74 979
74 980
74 981
74 982
74 1004
74 1005
74 1006
74 1007
74 1008
74 1009
74 1010
74 1022
74 1023
74 1030
74 1031
74 1032
74 1033
74 1034
74 1040
74 1041
74 1042
74 1043
74 1052
74 1053
74 1054
74 1066
74 1067
74 1205
74 1223
75 185
75 186
75 192
75 193
75 194
75 195
75 196
75 200
75 207
75 623
75 624
75 788
75 792
75 793
75 919
75 920
75 921
75 922
75 923
75 924
75 925
75 926
75 927
75 928
75 929
75 930
75 931
75 932
75 933
75 934
75 935
75 936
75 968
75 969
75 970
75 971
75 997
75 998
75 999
75 1000
75 1001
75 1002
75 1003
75 1016
75 1017
75 1025
75 1026
75 1027
75 1028
75 1035
75 1036
75 1037
75 1038
75 1039
75 1043
75 1048
75 1049
75 1050
75 1051
75 1067
75 1068
75 1205
75 1223
76 186
76 187
76 188
76 189
76 190
76 191
76 201
76 202
76 203
76 204
76 205
76 206
76 207
76 622
76 625
76 788
76 790
76 791
76 901
76 902
76 903
76 904
76 905
76 906
76 907
76 908
76 909
76 910
76 911
76 912
76 913
76 914
76 915
76 916
76 917
76 918
76 955
76 956
76 957
76 958
76 990
76 991
76 992
76 993
76 994
76 995
76 996
76 1009
76 1010
76 1020
76 1021
76 1022
76 1031
76 1032
76 1033
76 1034
76 1040
76 1041
76 1044
76 1045
76 1046
76 1047
76 1068
76 1205
76 1223
77 621
77 625
77 789
77 790
77 883
77 884
77 885
77 886
77 887
77 888
77 889
77 890
77 891
77 892
77 893
77 894
77 895
77 896
77 897
77 898
77 899
77 900
77 936
77 937
77 938
77 939
77 983
77 984
77 985
77 986
77 987
77 988
77 989
77 1003
77 1004
77 1015
77 1016
77 1026
77 1027
77 1028
77 1029
77 1030
77 1036
77 1037
77 1038
77 1042
77 1043
77 1067
77 1068
77 1205
77 1223
78 621
78 625
78 864
78 865
78 866
78 867
78 868
78 869
78 870
78 871
78 872
78 873
78 874
78 875
78 876
78 877
78 878
78 879
78 880
78 881
78 882
78 918
78 919
78 920
78 921
78 976
78 977
78 978
78 979
78 980
78 981
78 982
78 996
78 997
78 998
78 1010
78 1011
78 1012
78 1022
78 1023
78 1024
78 1025
78 1032
78 1033
78 1034
78 1039
78 1040
78 1056
78 1057
78 1058
78 1059
78 1060
78 1061
78 1062
78 1063
78 1064
78 1065
78 1066
78 1205
78 1223
79 621
79 625
79 790
79 823
79 824
79 825
79 826
79 827
79 828
79 829
79 830
79 831
79 832
79 833
79 834
79 835
79 836
79 837
79 838
79 839
79 840
79 841
79 842
79 843
79 844
79 845
79 846
79 847
79 848
79 849
79 850
79 851
79 852
79 853
79 854
79 855
79 856
79 857
79 858
79 859
79 860
79 861
79 862
79 863
79 900
79 901
79 902
79 969
79 970
79 971
79 972
79 973
79 974
79 975
79 989
79 990
79 991
79 992
79 1004
79 1005
79 1006
79 1017
79 1018
79 1019
79 1020
79 1021
79 1028
79 1029
79 1035
79 1036
79 1050
79 1051
79 1052
79 1053
79 1054
79 1055
79 1205
79 1223
80 621
80 625
80 792
80 793
80 794
80 795
80 796
80 797
80 798
80 799
80 800
80 801
80 802
80 803
80 804
80 805
80 806
80 807
80 808
80 809
80 810
80 811
80 812
80 813
80 814
80 815
80 816
80 817
80 818
80 819
80 820
80 821
80 822
80 882
80 883
80 884
80 962
80 963
80 964
80 965
80 966
80 967
80 968
80 982
80 983
80 984
80 985
80 986
80 998
80 999
80 1000
80 1001
80 1012
80 1013
80 1014
80 1015
80 1016
80 1025
80 1026
80 1032
80 1033
80 1048
80 1049
80 1205
80 1223
81 621
81 625
81 791
81 863
81 864
81 865
81 955
81 956
81 957
81 958
81 959
81 960
81 961
81 975
81 976
81 977
81 978
81 979
81 980
81 993
81 994
81 995
81 996
81 1006
81 1007
81 1008
81 1009
81 1010
81 1021
81 1022
81 1028
81 1029
81 1040
81 1041
81 1042
81 1047
81 1048
81 1205
81 1223
82 621
82 625
82 790
82 822
82 823
82 824
82 825
82 826
82 827
82 828
82 829
82 830
82 831
82 832
82 833
82 834
82 835
82 836
82 837
82 838
82 839
82 840
82 841
82 842
82 843
82 844
82 845
82 846
82 847
82 948
82 949
82 950
82 951
82 952
82 953
82 954
82 968
82 969
82 970
82 971
82 972
82 973
82 988
82 989
82 990
82 991
82 992
82 1001
82 1002
82 1003
82 1004
82 1005
82 1016
82 1017
82 1018
82 1019
82 1025
82 1026
82 1043
82 1047
82 1204
82 1223
83 621
83 625
83 791
83 793
83 794
83 795
83 796
83 797
83 798
83 799
83 800
83 801
83 802
83 803
83 804
83 805
83 806
83 807
83 808
83 809
83 810
83 811
83 812
83 813
83 814
83 939
83 940
83 941
83 942
83 943
83 944
83 945
83 946
83 947
83 961
83 962
83 963
83 964
83 965
83 966
83 967
83 983
83 984
83 985
83 986
83 987
83 997
83 998
83 999
83 1000
83 1013
83 1014
83 1015
83 1022
83 1023
83 1031
83 1044
83 1204
83 1223
84 621
84 625
84 792
84 930
84 931
84 932
84 933
84 934
84 935
84 936
84 937
84 938
84 956
84 960
84 977
84 978
84 979
84 980
84 981
84 982
84 992
84 993
84 994
84 995
84 996
84 1008
84 1009
84 1010
84 1011
84 1012
84 1018
84 1019
84 1030
84 1031
84 1045
84 1047
84 1204
84 1223
85 621
85 625
85 791
85 929
85 955
85 957
85 961
85 962
85 963
85 964
85 965
85 966
85 972
85 976
85 991
85 1007
85 1016
85 1030
85 1045
85 1204
85 1223
86 621
86 625
86 791
86 921
86 922
86 923
86 924
86 925
86 926
86 927
86 928
86 955
86 957
86 973
86 974
86 975
86 987
86 988
86 989
86 990
86 1004
86 1005
86 1006
86 1013
86 1014
86 1015
86 1028
86 1029
86 1047
86 1204
86 1223
87 621
87 625
87 791
87 910
87 911
87 912
87 913
87 914
87 915
87 916
87 917
87 918
87 919
87 920
87 982
87 983
87 984
87 985
87 986
87 1001
87 1002
87 1003
87 1009
87 1010
87 1011
87 1012
87 1026
87 1027
87 1204
87 1223
88 621
88 625
88 790
88 901
88 902
88 903
88 904
88 905
88 906
88 907
88 908
88 909
88 934
88 935
88 936
88 937
88 938
88 939
88 940
88 976
88 977
88 978
88 979
88 980
88 981
88 997
88 998
88 999
88 1000
88 1007
88 1008
88 1025
88 1026
88 1204
88 1223
89 621
89 625
89 790
89 892
89 893
89 894
89 895
89 896
89 897
89 898
89 899
89 900
89 922
89 923
89 924
89 925
89 926
89 927
89 928
89 929
89 930
89 931
89 932
89 933
89 941
89 971
89 972
89 973
89 974
89 975
89 994
89 995
89 996
89 1003
89 1004
89 1005
89 1024
89 1025
89 1204
89 1223
90 621
90 625
90 789
90 863
90 864
90 865
90 866
90 867
90 868
90 869
90 870
90 871
90 872
90 873
90 874
90 875
90 876
90 877
90 878
90 879
90 880
90 881
90 882
90 883
90 884
90 885
90 886
90 887
90 888
90 889
90 890
90 891
90 909
90 910
90 911
90 912
90 913
90 914
90 915
90 916
90 917
90 918
90 919
90 920
90 921
90 941
90 967
90 968
90 969
90 970
90 990
90 991
90 992
90 993
90 1000
90 1001
90 1023
90 1024
90 1204
90 1223
91 621
91 625
91 814
91 815
91 816
91 817
91 818
91 819
91 820
91 821
91 822
91 823
91 824
91 825
91 826
91 827
91 828
91 829
91 830
91 831
91 832
91 833
91 834
91 835
91 836
91 837
91 838
91 839
91 840
91 841
91 842
91 843
91 844
91 845
91 846
91 847
91 848
91 849
91 850
91 851
91 852
91 853
91 854
91 855
91 856
91 857
91 858
91 859
91 860
91 861
91 862
91 900
91 901
91 902
91 903
91 904
91 905
91 906
91 907
91 941
91 962
91 963
91 964
91 965
91 966
91 987
91 988
91 989
91 996
91 997
91 998
91 1022
91 1023
91 1204
91 1223
92 621
92 625
92 789
92 790
92 791
92 792
92 793
92 794
92 795
92 796
92 797
92 798
92 799
92 800
92 801
92 802
92 803
92 804
92 805
92 806
92 807
92 808
92 809
92 810
92 811
92 812
92 813
92 891
92 892
92 893
92 894
92 941
92 957
92 958
92 959
92 960
92 961
92 983
92 984
92 985
92 986
92 993
92 994
92 995
92 1022
92 1204
92 1223
93 621
93 625
93 788
93 869
93 870
93 871
93 872
93 873
93 874
93 875
93 876
93 877
93 878
93 879
93 880
93 881
93 882
93 939
93 940
93 941
93 952
93 953
93 954
93 955
93 956
93 980
93 981
93 982
93 989
93 990
93 991
93 1021
93 1204
93 1223
94 621
94 625
94 788
94 856
94 857
94 858
94 859
94 860
94 861
94 862
94 863
94 864
94 865
94 866
94 867
94 868
94 934
94 935
94 936
94 937
94 938
94 947
94 948
94 949
94 950
94 951
94 975
94 976
94 977
94 978
94 979
94 986
94 987
94 988
94 1021
94 1204
94 1223
95 621
95 625
95 788
95 792
95 793
95 794
95 795
95 796
95 843
95 844
95 845
95 846
95 847
95 848
95 849
95 850
95 851
95 852
95 853
95 854
95 855
95 929
95 930
95 931
95 932
95 933
95 942
95 943
95 944
95 945
95 946
95 972
95 973
95 974
95 982
95 983
95 984
95 985
95 1021
95 1204
95 1223
96 621
96 625
96 788
96 789
96 790
96 791
96 797
96 798
96 799
96 800
96 801
96 802
96 803
96 804
96 805
96 839
96 840
96 841
96 842
96 924
96 925
96 926
96 927
96 928
96 938
96 939
96 940
96 968
96 969
96 970
96 971
96 979
96 980
96 981
96 1021
96 1204
96 1223
97 621
97 625
97 806
97 807
97 808
97 809
97 810
97 811
97 838
97 920
97 921
97 922
97 923
97 933
97 934
97 935
97 936
97 965
97 966
97 967
97 975
97 976
97 977
97 978
97 1021
97 1204
97 1223
98 621
98 625
98 797
98 812
98 837
98 915
98 916
98 917
98 918
98 919
98 928
98 929
98 930
98 931
98 961
98 962
98 963
98 964
98 972
98 973
98 974
98 1021
98 1204
98 1223
99 621
99 625
99 797
99 812
99 827
99 828
99 829
99 830
99 831
99 832
99 833
99 834
99 835
99 836
99 837
99 909
99 910
99 911
99 912
99 913
99 914
99 923
99 924
99 925
99 926
99 958
99 959
99 960
99 968
99 969
99 970
99 971
99 1021
99 1204
99 1223
100 621
100 625
100 797
100 813
100 814
100 815
100 816
100 817
100 818
100 819
100 820
100 821
100 822
100 823
100 824
100 825
100 826
100 904
100 905
100 906
100 907
100 908
100 919
100 920
100 921
100 954
100 955
100 956
100 957
100 965
100 966
100 967
100 1015
100 1016
100 1017
100 1018
100 1019
100 1020
100 1021
100 1204
100 1223
101 621
101 625
101 797
101 899
101 900
101 901
101 902
101 903
101 914
101 915
101 916
101 951
101 952
101 953
101 962
101 963
101 964
101 1013
101 1014
101 1204
101 1223
102 621
102 625
102 797
102 894
102 895
102 896
102 897
102 898
102 908
102 909
102 910
102 911
102 947
102 948
102 949
102 950
102 959
102 960
102 961
102 1012
102 1013
102 1204
102 1223
103 621
103 625
103 797
103 889
103 890
103 891
103 892
103 893
103 903
103 904
103 905
103 906
103 943
103 944
103 945
103 946
103 955
103 956
103 957
103 958
103 1012
103 1204
103 1223
104 621
104 625
104 797
104 884
104 885
104 886
104 887
104 888
104 898
104 899
104 900
104 901
104 939
104 940
104 941
104 942
104 952
104 953
104 954
104 1011
104 1204
104 1222
105 621
105 625
105 796
105 797
105 880
105 881
105 882
105 883
105 893
105 894
105 895
105 896
105 935
105 936
105 937
105 938
105 949
105 950
105 951
105 1012
105 1204
105 1222
106 621
106 625
106 796
106 874
106 875
106 876
106 877
106 878
106 879
106 888
106 889
106 890
106 891
106 932
106 933
106 934
106 946
106 947
106 948
106 1012
106 1204
106 1222
107 621
107 626
107 796
107 869
107 870
107 871
107 872
107 873
107 883
107 884
107 885
107 886
107 928
107 929
107 930
107 931
107 941
107 942
107 943
107 944
107 945
107 1013
107 1204
107 1222
108 621
108 626
108 797
108 864
108 865
108 866
108 867
108 868
108 879
108 880
108 881
108 925
108 926
108 927
108 938
108 939
108 940
108 1204
108 1222
109 621
109 626
109 797
109 798
109 799
109 800
109 859
109 860
109 861
109 862
109 863
109 873
109 874
109 875
109 921
109 922
109 923
109 924
109 935
109 936
109 937
109 1014
109 1204
109 1222
110 621
110 626
110 724
110 725
110 726
110 801
110 802
110 854
110 855
110 856
110 857
110 858
110 868
110 869
110 870
110 871
110 918
110 919
110 920
110 931
110 932
110 933
110 934
110 1005
110 1006
110 1007
110 1008
110 1009
110 1010
110 1011
110 1012
110 1013
110 1204
110 1206
110 1207
110 1208
110 1209
110 1210
110 1222
111 621
111 626
111 723
111 726
111 802
111 849
111 850
111 851
111 852
111 853
111 863
111 864
111 865
111 866
111 914
111 915
111 916
111 917
111 927
111 928
111 929
111 930
111 998
111 999
111 1000
111 1001
111 1002
111 1003
111 1004
111 1014
111 1015
111 1202
111 1203
111 1211
111 1212
111 1213
111 1214
111 1222
112 621
112 626
112 723
112 726
112 802
112 843
112 844
112 845
112 846
112 847
112 848
112 858
112 859
112 860
112 861
112 910
112 911
112 912
112 913
112 923
112 924
112 925
112 926
112 990
112 991
112 992
112 993
112 994
112 995
112 996
112 997
112 1012
112 1013
112 1200
112 1201
112 1215
112 1222
113 621
113 626
113 723
113 726
113 801
113 838
113 839
113 840
113 841
113 842
113 853
113 854
113 855
113 856
113 906
113 907
113 908
113 909
113 919
113 920
113 921
113 922
113 983
113 984
113 985
113 986
113 987
113 988
113 989
113 1004
113 1005
113 1006
113 1198
113 1199
113 1216
113 1222
114 621
114 626
114 723
114 726
114 801
114 833
114 834
114 835
114 836
114 837
114 848
114 849
114 850
114 851
114 903
114 904
114 905
114 916
114 917
114 918
114 974
114 975
114 976
114 977
114 978
114 979
114 980
114 981
114 982
114 997
114 998
114 999
114 1000
114 1198
114 1216
114 1222
115 621
115 626
115 723
115 726
115 801
115 828
115 829
115 830
115 831
115 832
115 842
115 843
115 844
115 845
115 846
115 899
115 900
115 901
115 902
115 912
115 913
115 914
115 915
115 964
115 965
115 966
115 967
115 968
115 969
115 970
115 971
115 972
115 973
115 989
115 990
115 991
115 992
115 993
115 1012
115 1197
115 1217
115 1222
116 621
116 626
116 723
116 726
116 801
116 824
116 825
116 826
116 827
116 837
116 838
116 839
116 840
116 841
116 896
116 897
116 898
116 907
116 908
116 909
116 910
116 911
116 950
116 951
116 952
116 953
116 954
116 955
116 956
116 957
116 958
116 959
116 960
116 961
116 962
116 963
116 982
116 983
116 984
116 985
116 986
116 987
116 1007
116 1008
116 1009
116 1010
116 1011
116 1012
116 1197
116 1217
116 1222
117 621
117 626
117 723
117 726
117 819
117 820
117 821
117 822
117 823
117 832
117 833
117 834
117 835
117 836
117 892
117 893
117 894
117 895
117 903
117 904
117 905
117 906
117 935
117 936
117 937
117 938
117 939
117 940
117 941
117 942
117 943
117 944
117 945
117 946
117 947
117 948
117 949
117 973
117 974
117 975
117 976
117 977
117 978
117 979
117 980
117 1005
117 1006
117 1196
117 1218
117 1222
118 621
118 626
118 723
118 726
118 802
118 803
118 804
118 805
118 806
118 807
118 808
118 809
118 810
118 811
118 812
118 813
118 814
118 815
118 816
118 817
118 818
118 827
118 828
118 829
118 830
118 831
118 888
118 889
118 890
118 891
118 899
118 900
118 901
118 902
118 919
118 920
118 921
118 922
118 923
118 924
118 925
118 926
118 927
118 928
118 929
118 930
118 931
118 932
118 933
118 934
118 972
118 992
118 993
118 1004
118 1005
118 1196
118 1218
118 1222
119 621
119 626
119 723
119 726
119 801
119 825
119 836
119 837
119 838
119 839
119 840
119 841
119 842
119 843
119 844
119 845
119 846
119 847
119 848
119 849
119 850
119 851
119 852
119 853
119 854
119 855
119 856
119 857
119 858
119 859
119 860
119 861
119 862
119 863
119 864
119 865
119 884
119 885
119 886
119 887
119 895
119 896
119 897
119 898
119 906
119 907
119 908
119 909
119 910
119 911
119 912
119 913
119 914
119 915
119 916
119 917
119 918
119 951
119 952
119 972
119 982
119 983
119 994
119 995
119 996
119 997
119 998
119 1004
119 1195
119 1218
119 1222
120 621
120 626
120 723
120 726
120 801
120 826
120 827
120 828
120 829
120 830
120 866
120 867
120 868
120 869
120 870
120 871
120 872
120 873
120 874
120 875
120 876
120 877
120 878
120 879
120 880
120 881
120 882
120 883
120 894
120 900
120 901
120 936
120 937
120 938
120 939
120 940
120 941
120 942
120 943
120 944
120 945
120 946
120 947
120 948
120 949
120 950
120 972
120 981
120 982
120 999
120 1000
120 1001
120 1002
120 1003
120 1195
120 1218
120 1222
121 621
121 626
121 723
121 726
121 801
121 813
121 814
121 815
121 816
121 817
121 818
121 819
121 820
121 821
121 822
121 823
121 824
121 825
121 895
121 896
121 897
121 898
121 919
121 920
121 921
121 922
121 923
121 924
121 925
121 926
121 927
121 928
121 929
121 930
121 931
121 932
121 933
121 934
121 935
121 952
121 972
121 980
121 981
121 1194
121 1219
121 1222
122 621
122 626
122 723
122 726
122 799
122 800
122 801
122 807
122 808
122 809
122 810
122 811
122 812
122 830
122 831
122 832
122 833
122 834
122 835
122 836
122 837
122 838
122 839
122 840
122 841
122 842
122 843
122 844
122 845
122 846
122 847
122 848
122 849
122 901
122 902
122 903
122 904
122 905
122 906
122 907
122 908
122 909
122 910
122 911
122 912
122 913
122 914
122 915
122 916
122 917
122 918
122 951
122 964
122 965
122 966
122 967
122 968
122 969
122 970
122 971
122 972
122 979
122 980
122 1194
122 1219
122 1222
123 621
123 626
123 723
123 726
123 802
123 803
123 804
123 805
123 806
123 850
123 851
123 852
123 853
123 854
123 855
123 856
123 857
123 858
123 881
123 882
123 883
123 884
123 885
123 886
123 887
123 888
123 889
123 890
123 891
123 892
123 893
123 894
123 895
123 896
123 897
123 898
123 899
123 900
123 952
123 953
123 954
123 955
123 956
123 957
123 958
123 959
123 960
123 961
123 962
123 963
123 974
123 975
123 976
123 977
123 978
123 979
123 1194
123 1219
123 1222
124 621
124 626
124 723
124 726
124 799
124 800
124 801
124 859
124 880
124 1194
124 1219
124 1222
125 621
125 626
125 723
125 726
125 859
125 879
125 972
125 1194
125 1219
125 1222
126 621
126 626
126 723
126 726
126 797
126 802
126 803
126 855
126 856
126 857
126 858
126 871
126 872
126 873
126 874
126 875
126 876
126 877
126 878
126 879
126 972
126 1195
126 1219
126 1222
127 621
127 626
127 723
127 726
127 797
127 798
127 799
127 804
127 851
127 852
127 853
127 854
127 864
127 865
127 866
127 867
127 868
127 869
127 870
127 972
127 1195
127 1218
127 1222
128 621
128 626
128 723
128 726
128 795
128 804
128 850
128 863
128 971
128 1195
128 1218
128 1222
129 621
129 626
129 723
129 726
129 793
129 805
129 847
129 848
129 849
129 861
129 862
129 970
129 1196
129 1217
129 1222
130 621
130 626
130 723
130 726
130 793
130 795
130 806
130 807
130 808
130 842
130 843
130 844
130 845
130 846
130 857
130 858
130 859
130 860
130 969
130 1196
130 1216
130 1217
130 1222
131 621
131 626
131 723
131 726
131 809
131 838
131 839
131 840
131 841
131 853
131 854
131 855
131 856
131 968
131 1197
131 1215
131 1216
131 1222
132 621
132 626
132 723
132 726
132 809
132 834
132 835
132 836
132 837
132 849
132 850
132 851
132 852
132 968
132 1198
132 1199
132 1214
132 1215
132 1222
133 621
133 626
133 723
133 726
133 809
133 830
133 831
133 832
133 833
133 845
133 846
133 847
133 848
133 968
133 1200
133 1201
133 1202
133 1212
133 1213
133 1214
133 1222
134 621
134 626
134 723
134 726
134 809
134 826
134 827
134 828
134 829
134 841
134 842
134 843
134 844
134 968
134 1203
134 1204
134 1206
134 1207
134 1208
134 1209
134 1210
134 1211
134 1222
135 621
135 626
135 723
135 726
135 808
135 822
135 823
135 824
135 825
135 837
135 838
135 839
135 840
135 968
135 1203
135 1222
136 621
136 626
136 723
136 726
136 807
136 818
136 819
136 820
136 821
136 833
136 834
136 835
136 836
136 1203
136 1222
137 621
137 626
137 723
137 726
137 814
137 815
137 816
137 817
137 829
137 830
137 831
137 832
137 958
137 959
137 960
137 961
137 962
137 963
137 964
137 965
137 966
137 967
137 968
137 1203
137 1222
138 621
138 626
138 723
138 726
138 809
138 810
138 811
138 812
138 813
138 826
138 827
138 828
138 957
138 969
138 1203
138 1222
139 621
139 626
139 723
139 726
139 807
139 808
139 822
139 823
139 824
139 825
139 885
139 886
139 887
139 888
139 889
139 890
139 891
139 892
139 893
139 894
139 895
139 896
139 897
139 957
139 969
139 1203
139 1222
140 621
140 626
140 723
140 726
140 807
140 818
140 819
140 820
140 821
140 884
140 898
140 957
140 958
140 959
140 960
140 961
140 962
140 963
140 966
140 967
140 968
140 969
140 1029
140 1030
140 1031
140 1032
140 1033
140 1034
140 1035
140 1036
140 1037
140 1038
140 1039
140 1040
140 1041
140 1042
140 1043
140 1044
140 1045
140 1046
140 1047
140 1048
140 1049
140 1050
140 1051
140 1052
140 1053
140 1054
140 1055
140 1056
140 1057
140 1058
140 1059
140 1060
140 1061
140 1062
140 1203
140 1222
141 620
141 626
141 723
141 726
141 806
141 814
141 815
141 816
141 817
141 883
141 898
141 964
141 965
141 1028
141 1063
141 1203
141 1222
142 620
142 626
142 723
142 726
142 807
142 809
142 810
142 811
142 812
142 813
142 884
142 885
142 886
142 887
142 888
142 889
142 890
142 891
142 892
142 893
142 894
142 895
142 896
142 897
142 898
142 964
142 1027
142 1063
142 1203
142 1222
143 620
143 626
143 723
143 726
143 808
143 964
143 1027
143 1063
143 1203
143 1222
144 620
144 626
144 723
144 726
144 964
144 1027
144 1063
144 1203
144 1222
145 620
145 626
145 723
145 726
145 810
145 811
145 961
145 962
145 963
145 964
145 1027
145 1063
145 1203
145 1222
146 620
146 626
146 723
146 726
146 773
146 774
146 812
146 813
146 958
146 959
146 960
146 1027
146 1063
146 1203
146 1222
147 620
147 626
147 723
147 726
147 772
147 775
147 809
147 810
147 814
147 815
147 943
147 944
147 945
147 946
147 947
147 948
147 949
147 950
147 954
147 955
147 956
147 957
147 1027
147 1063
147 1203
147 1222
148 620
148 626
148 688
148 689
148 723
148 726
148 771
148 775
148 808
148 811
148 816
148 817
148 942
148 951
148 952
148 953
148 1027
148 1063
148 1203
148 1222
149 620
149 626
149 687
149 723
149 726
149 771
149 775
149 807
149 811
149 817
149 818
149 819
149 820
149 941
149 1027
149 1063
149 1203
149 1222
150 620
150 626
150 686
150 689
150 723
150 726
150 771
150 775
150 807
150 811
150 821
150 822
150 941
150 1027
150 1063
150 1074
150 1075
150 1203
150 1222
151 620
151 626
151 685
151 686
151 687
151 688
151 689
151 690
151 723
151 726
151 771
151 775
151 807
151 811
151 823
151 824
151 936
151 937
151 938
151 939
151 940
151 941
151 1027
151 1063
151 1073
151 1076
151 1203
151 1222
152 620
152 626
152 684
152 690
152 723
152 726
152 771
152 775
152 807
152 811
152 825
152 826
152 827
152 828
152 829
152 830
152 831
152 832
152 833
152 834
152 835
152 836
152 837
152 838
152 839
152 840
152 841
152 842
152 843
152 934
152 935
152 1027
152 1063
152 1072
152 1076
152 1203
152 1222
153 620
153 626
153 683
153 690
153 723
153 726
153 771
153 775
153 807
153 811
153 844
153 933
153 934
153 1027
153 1063
153 1072
153 1076
153 1203
153 1222
154 620
154 626
154 683
154 690
154 723
154 726
154 771
154 775
154 807
154 811
154 844
154 931
154 932
154 933
154 1027
154 1063
154 1072
154 1076
154 1078
154 1079
154 1080
154 1081
154 1082
154 1083
154 1084
154 1085
154 1086
154 1087
154 1203
154 1222
155 620
155 626
155 683
155 690
155 723
155 727
155 771
155 775
155 807
155 811
155 844
155 929
155 930
155 1027
155 1063
155 1072
155 1075
155 1088
155 1203
155 1222
156 620
156 626
156 683
156 690
156 723
156 727
156 771
156 775
156 807
156 811
156 819
156 844
156 850
156 851
156 852
156 853
156 928
156 929
156 1027
156 1063
156 1072
156 1088
156 1203
156 1222
157 620
157 626
157 683
157 690
157 723
157 727
157 771
157 775
157 807
157 811
157 818
157 820
157 845
157 846
157 847
157 848
157 849
157 854
157 855
157 928
157 1027
157 1063
157 1072
157 1088
157 1203
157 1222
158 620
158 626
158 683
158 690
158 723
158 727
158 771
158 775
158 807
158 811
158 817
158 820
158 855
158 856
158 927
158 1027
158 1063
158 1072
158 1088
158 1203
158 1222
159 290
159 620
159 626
159 683
159 690
159 723
159 727
159 771
159 775
159 807
159 811
159 817
159 820
159 827
159 856
159 927
159 1027
159 1063
159 1072
159 1075
159 1076
159 1078
159 1079
159 1080
159 1081
159 1082
159 1083
159 1084
159 1085
159 1086
159 1087
159 1088
159 1203
159 1222
160 285
160 289
160 291
160 620
160 626
160 684
160 685
160 688
160 690
160 723
160 727
160 771
160 775
160 807
160 811
160 817
160 820
160 826
160 828
160 856
160 927
160 1028
160 1064
160 1072
160 1076
160 1203
160 1222
161 284
161 286
161 289
161 291
161 620
161 626
161 686
161 687
161 689
161 690
161 723
161 727
161 771
161 775
161 807
161 811
161 817
161 820
161 825
161 828
161 857
161 927
161 1028
161 1064
161 1072
161 1073
161 1074
161 1076
161 1203
161 1222
162 284
162 286
162 289
162 291
162 620
162 626
162 686
162 689
162 723
162 727
162 771
162 775
162 807
162 811
162 817
162 820
162 825
162 828
162 857
162 858
162 927
162 1028
162 1064
162 1072
162 1077
162 1079
162 1080
162 1081
162 1082
162 1083
162 1084
162 1085
162 1086
162 1087
162 1088
162 1203
162 1222
163 284
163 286
163 289
163 291
163 620
163 626
163 686
163 689
163 723
163 727
163 771
163 775
163 807
163 811
163 817
163 820
163 825
163 828
163 840
163 841
163 842
163 843
163 844
163 845
163 858
163 859
163 927
163 1028
163 1064
163 1071
163 1072
163 1089
163 1090
163 1091
163 1092
163 1093
163 1094
163 1095
163 1096
163 1097
163 1098
163 1099
163 1100
163 1101
163 1203
163 1222
163 1278
163 1279
164 284
164 287
164 289
164 620
164 626
164 686
164 689
164 723
164 727
164 771
164 775
164 807
164 811
164 817
164 820
164 825
164 828
164 839
164 846
164 859
164 925
164 926
164 1028
164 1064
164 1069
164 1070
164 1079
164 1080
164 1203
164 1222
165 283
165 287
165 289
165 620
165 626
165 686
165 689
165 723
165 727
165 771
165 775
165 807
165 811
165 817
165 820
165 825
165 828
165 838
165 846
165 860
165 923
165 924
165 1028
165 1064
165 1068
165 1069
165 1081
165 1082
165 1101
165 1203
165 1222
166 283
166 287
166 289
166 620
166 626
166 686
166 689
166 723
166 727
166 771
166 775
166 807
166 811
166 817
166 820
166 825
166 828
166 838
166 846
166 860
166 923
166 1028
166 1064
166 1067
166 1068
166 1082
166 1083
166 1102
166 1203
166 1222
167 283
167 291
167 620
167 626
167 686
167 689
167 723
167 727
167 771
167 775
167 807
167 811
167 817
167 820
167 825
167 828
167 838
167 846
167 861
167 922
167 1028
167 1064
167 1067
167 1083
167 1102
167 1203
167 1222
168 282
168 291
168 620
168 626
168 686
168 689
168 723
168 727
168 771
168 775
168 807
168 811
168 817
168 820
168 825
168 828
168 838
168 846
168 861
168 922
168 1028
168 1064
168 1067
168 1068
168 1083
168 1084
168 1085
168 1086
168 1087
168 1088
168 1102
168 1203
168 1222
169 282
169 291
169 620
169 626
169 686
169 689
169 723
169 727
169 771
169 775
169 808
169 812
169 817
169 820
169 825
169 828
169 838
169 846
169 861
169 921
169 922
169 1028
169 1064
169 1068
169 1069
169 1081
169 1089
169 1090
169 1091
169 1092
169 1096
169 1097
169 1098
169 1099
169 1100
169 1101
169 1102
169 1203
169 1222
170 282
170 291
170 620
170 626
170 686
170 689
170 723
170 727
170 771
170 775
170 809
170 812
170 817
170 820
170 825
170 828
170 838
170 846
170 861
170 903
170 904
170 920
170 1028
170 1064
170 1069
170 1081
170 1090
170 1093
170 1094
170 1095
170 1203
170 1222
171 282
171 291
171 620
171 627
171 686
171 689
171 723
171 727
171 771
171 775
171 809
171 812
171 817
171 820
171 825
171 828
171 838
171 846
171 861
171 902
171 905
171 916
171 917
171 918
171 919
171 1028
171 1064
171 1070
171 1080
171 1089
171 1095
171 1203
171 1221
172 282
172 291
172 620
172 627
172 686
172 689
172 723
172 727
172 771
172 775
172 809
172 812
172 817
172 820
172 825
172 828
172 838
172 846
172 862
172 900
172 901
172 905
172 906
172 909
172 912
172 913
172 914
172 915
172 1028
172 1064
172 1070
172 1071
172 1078
172 1079
172 1080
172 1089
172 1095
172 1203
172 1221
173 282
173 291
173 620
173 627
173 686
173 689
173 723
173 727
173 771
173 775
173 809
173 812
173 817
173 820
173 825
173 828
173 838
173 846
173 862
173 865
173 873
173 874
173 875
173 876
173 894
173 895
173 896
173 897
173 898
173 899
173 906
173 907
173 908
173 910
173 911
173 1028
173 1064
173 1071
173 1072
173 1077
173 1089
173 1095
173 1203
173 1221
174 282
174 291
174 620
174 627
174 686
174 689
174 723
174 727
174 771
174 775
174 798
174 809
174 812
174 817
174 820
174 825
174 828
174 838
174 846
174 862
174 864
174 866
174 867
174 868
174 869
174 870
174 871
174 872
174 877
174 878
174 879
174 880
174 881
174 882
174 883
174 884
174 885
174 886
174 887
174 888
174 889
174 890
174 891
174 892
174 893
174 910
174 914
174 974
174 975
174 976
174 977
174 978
174 979
174 980
174 981
174 982
174 983
174 1028
174 1064
174 1072
174 1076
174 1089
174 1095
174 1203
174 1221
175 282
175 291
175 620
175 627
175 686
175 689
175 723
175 727
175 771
175 775
175 797
175 799
175 809
175 812
175 817
175 820
175 825
175 828
175 838
175 847
175 848
175 849
175 850
175 851
175 910
175 914
175 973
175 1028
175 1064
175 1072
175 1073
175 1074
175 1076
175 1089
175 1093
175 1095
175 1203
175 1221
176 282
176 291
176 620
176 627
176 686
176 689
176 723
176 727
176 771
176 775
176 796
176 799
176 809
176 814
176 815
176 816
176 825
176 828
176 832
176 833
176 838
176 852
176 853
176 910
176 914
176 972
176 982
176 983
176 984
176 1028
176 1064
176 1072
176 1076
176 1089
176 1093
176 1095
176 1203
176 1221
177 282
177 291
177 620
177 627
177 686
177 689
177 723
177 727
177 796
177 799
177 809
177 813
177 817
177 821
177 822
177 823
177 824
177 830
177 831
177 834
177 838
177 853
177 910
177 914
177 972
177 981
177 985
177 1028
177 1064
177 1072
177 1076
177 1089
177 1093
177 1095
177 1203
177 1221
178 282
178 291
178 620
178 627
178 686
178 690
178 723
178 727
178 796
178 799
178 809
178 812
178 817
178 820
178 825
178 829
178 834
178 838
178 854
178 855
178 856
178 857
178 910
178 914
178 972
178 981
178 985
178 1028
178 1064
178 1072
178 1076
178 1089
178 1093
178 1095
178 1203
178 1221
179 282
179 291
179 618
179 619
179 620
179 627
179 686
179 690
179 723
179 727
179 796
179 799
179 809
179 812
179 817
179 820
179 825
179 828
179 834
179 838
179 858
179 859
179 860
179 861
179 862
179 863
179 864
179 910
179 914
179 973
179 974
179 975
179 976
179 977
179 978
179 979
179 980
179 981
179 985
179 1028
179 1064
179 1072
179 1076
179 1089
179 1093
179 1203
179 1221
180 282
180 291
180 628
180 686
180 690
180 723
180 727
180 796
180 799
180 809
180 812
180 817
180 820
180 825
180 828
180 834
180 838
180 865
180 910
180 914
180 985
180 1029
180 1030
180 1031
180 1032
180 1033
180 1034
180 1037
180 1040
180 1041
180 1042
180 1043
180 1044
180 1045
180 1046
180 1047
180 1048
180 1049
180 1052
180 1053
180 1054
180 1055
180 1056
180 1057
180 1058
180 1059
180 1060
180 1061
180 1062
180 1063
180 1064
180 1072
180 1076
180 1089
180 1093
180 1203
180 1221
181 27
181 28
181 29
181 30
181 31
181 32
181 33
181 34
181 35
181 36
181 37
181 38
181 39
181 40
181 41
181 42
181 43
181 44
181 45
181 46
181 47
181 282
181 291
181 620
181 685
181 690
181 723
181 727
181 796
181 799
181 803
181 804
181 805
181 806
181 807
181 808
181 812
181 817
181 820
181 825
181 828
181 835
181 838
181 865
181 910
181 914
181 981
181 985
181 1035
181 1036
181 1038
181 1039
181 1050
181 1051
181 1072
181 1076
181 1089
181 1093
181 1203
181 1221
182 11
182 12
182 13
182 14
182 15
182 16
182 17
182 18
182 19
182 20
182 21
182 22
182 23
182 24
182 25
182 26
182 48
182 49
182 50
182 51
182 52
182 53
182 54
182 55
182 56
182 57
182 58
182 59
182 60
182 61
182 62
182 63
182 64
182 65
182 66
182 67
182 68
182 69
182 282
182 291
182 620
182 627
182 685
182 690
182 723
182 727
182 796
182 801
182 802
182 809
182 812
182 817
182 820
182 825
182 828
182 835
182 838
182 865
182 911
182 914
182 981
182 985
182 1035
182 1038
182 1050
182 1072
182 1076
182 1089
182 1093
182 1203
182 1221
183 0
183 1
183 2
183 3
183 4
183 5
183 6
183 7
183 8
183 9
183 10
183 70
183 71
183 72
183 73
183 74
183 75
183 76
183 77
183 78
183 79
183 80
183 81
183 82
183 83
183 84
183 282
183 291
183 620
183 627
183 685
183 690
183 723
183 727
183 800
183 801
183 809
183 812
183 817
183 820
183 825
183 828
183 835
183 838
183 865
183 884
183 885
183 911
183 914
183 981
183 985
183 1035
183 1038
183 1050
183 1058
183 1072
183 1076
183 1089
183 1093
183 1203
183 1221
184 85
184 86
184 87
184 88
184 89
184 90
184 91
184 92
184 93
184 94
184 95
184 96
184 97
184 98
184 282
184 291
184 620
184 627
184 685
184 690
184 723
184 727
184 794
184 795
184 796
184 800
184 809
184 812
184 817
184 820
184 825
184 828
184 835
184 838
184 865
184 879
184 880
184 881
184 882
184 883
184 886
184 901
184 902
184 903
184 904
184 905
184 911
184 914
184 981
184 985
184 1035
184 1038
184 1050
184 1058
184 1072
184 1076
184 1089
184 1093
184 1203
184 1221
185 99
185 100
185 101
185 102
185 103
185 104
185 105
185 106
185 107
185 108
185 109
185 110
185 282
185 291
185 620
185 627
185 685
185 690
185 723
185 727
185 793
185 797
185 809
185 812
185 817
185 820
185 825
185 828
185 835
185 838
185 865
185 878
185 886
185 893
185 894
185 895
185 896
185 897
185 899
185 900
185 906
185 911
185 914
185 982
185 986
185 1035
185 1038
185 1050
185 1058
185 1072
185 1076
185 1089
185 1093
185 1203
185 1221
186 111
186 112
186 113
186 114
186 115
186 116
186 117
186 118
186 282
186 291
186 620
186 627
186 685
186 690
186 722
186 723
186 728
186 748
186 749
186 750
186 751
186 752
186 797
186 809
186 812
186 817
186 820
186 825
186 828
186 836
186 866
186 877
186 886
186 891
186 892
186 898
186 907
186 911
186 914
186 982
186 986
186 1035
186 1038
186 1050
186 1058
186 1072
186 1076
186 1089
186 1093
186 1203
186 1221
187 119
187 120
187 121
187 122
187 123
187 124
187 125
187 126
187 282
187 291
187 620
187 627
187 685
187 690
187 721
187 741
187 742
187 797
187 809
187 812
187 817
187 820
187 825
187 828
187 837
187 866
187 877
187 886
187 891
187 907
187 982
187 986
187 1035
187 1038
187 1050
187 1058
187 1072
187 1076
187 1089
187 1093
187 1203
187 1221
188 127
188 128
188 129
188 130
188 131
188 132
188 133
188 134
188 135
188 282
188 291
188 594
188 595
188 596
188 597
188 598
188 599
188 600
188 601
188 602
188 603
188 604
188 605
188 606
188 607
188 608
188 609
188 610
188 611
188 612
188 613
188 614
188 615
188 616
188 617
188 618
188 619
188 620
188 621
188 622
188 623
188 624
188 625
188 626
188 627
188 685
188 690
188 723
188 727
188 745
188 746
188 747
188 748
188 749
188 750
188 751
188 752
188 753
188 754
188 755
188 756
188 757
188 758
188 797
188 809
188 812
188 817
188 820
188 825
188 828
188 867
188 868
188 869
188 870
188 878
188 886
188 890
188 907
188 982
188 986
188 1035
188 1039
188 1050
188 1058
188 1072
188 1076
188 1089
188 1093
188 1203
188 1221
189 136
189 137
189 138
189 139
189 140
189 141
189 142
189 143
189 282
189 291
189 578
189 579
189 580
189 581
189 582
189 583
189 584
189 585
189 586
189 587
189 588
189 589
189 590
189 591
189 592
189 593
189 627
189 628
189 629
189 630
189 631
189 632
189 685
189 690
189 723
189 727
189 740
189 741
189 742
189 743
189 744
189 759
189 760
189 761
189 762
189 763
189 764
189 765
189 766
189 767
189 768
189 769
189 798
189 800
189 801
189 802
189 803
189 804
189 805
189 806
189 807
189 808
189 809
189 810
189 811
189 812
189 813
189 814
189 815
189 816
189 817
189 820
189 825
189 826
189 827
189 828
189 829
189 830
189 831
189 832
189 833
189 834
189 835
189 836
189 837
189 838
189 839
189 840
189 841
189 842
189 843
189 844
189 845
189 846
189 847
189 851
189 852
189 853
189 854
189 855
189 856
189 857
189 858
189 859
189 860
189 861
189 862
189 863
189 864
189 865
189 866
189 872
189 873
189 874
189 875
189 876
189 878
189 908
189 954
189 955
189 956
189 957
189 958
189 959
189 960
189 961
189 962
189 963
189 964
189 965
189 966
189 967
189 968
189 982
189 986
189 1035
189 1039
189 1050
189 1058
189 1072
189 1076
189 1089
189 1093
189 1203
189 1221
190 144
190 145
190 146
190 147
190 148
190 149
190 282
190 291
190 576
190 577
190 633
190 634
190 685
190 690
190 723
190 727
190 735
190 736
190 737
190 738
190 739
190 770
190 771
190 797
190 798
190 818
190 819
190 820
190 821
190 822
190 823
190 824
190 825
190 848
190 849
190 850
190 867
190 868
190 869
190 870
190 878
190 879
190 932
190 933
190 934
190 935
190 936
190 937
190 938
190 939
190 940
190 941
190 942
190 943
190 944
190 945
190 946
190 947
190 948
190 949
190 950
190 951
190 952
190 953
190 969
190 970
190 982
190 986
190 1035
190 1039
190 1050
190 1058
190 1072
190 1076
190 1089
190 1093
190 1203
190 1221
191 150
191 151
191 152
191 153
191 154
191 282
191 291
191 573
191 574
191 575
191 635
191 636
191 685
191 690
191 723
191 727
191 733
191 734
191 772
191 773
191 792
191 793
191 795
191 796
191 879
191 880
191 922
191 923
191 924
191 925
191 926
191 927
191 928
191 929
191 930
191 931
191 971
191 972
191 982
191 986
191 1035
191 1039
191 1050
191 1058
191 1072
191 1076
191 1089
191 1094
191 1203
191 1221
192 155
192 156
192 157
192 158
192 282
192 291
192 571
192 572
192 637
192 638
192 685
192 690
192 732
192 733
192 773
192 794
192 795
192 826
192 827
192 881
192 882
192 972
192 973
192 974
192 975
192 976
192 977
192 978
192 979
192 980
192 981
192 982
192 983
192 984
192 985
192 986
192 987
192 988
192 989
192 990
192 991
192 1039
192 1050
192 1058
192 1072
192 1076
192 1089
192 1094
192 1203
192 1221
193 159
193 160
193 161
193 282
193 291
193 569
193 570
193 639
193 640
193 683
193 690
193 731
193 732
193 774
193 794
193 827
193 883
193 890
193 893
193 894
193 895
193 902
193 903
193 904
193 905
193 906
193 907
193 992
193 993
193 994
193 995
193 1050
193 1058
193 1072
193 1076
193 1088
193 1094
193 1203
193 1221
194 162
194 282
194 292
194 567
194 568
194 641
194 642
194 684
194 685
194 691
194 731
194 775
194 793
194 794
194 828
194 922
194 923
194 996
194 997
194 1050
194 1058
194 1072
194 1076
194 1088
194 1094
194 1203
194 1221
195 163
195 282
195 292
195 565
195 566
195 642
195 643
195 685
195 730
195 776
195 792
195 793
195 828
195 880
195 881
195 882
195 883
195 884
195 885
195 886
195 887
195 888
195 889
195 890
195 893
195 894
195 895
195 896
195 897
195 898
195 899
195 900
195 922
195 975
195 998
195 999
195 1050
195 1058
195 1072
195 1076
195 1088
195 1094
195 1203
195 1221
196 163
196 282
196 292
196 563
196 564
196 643
196 685
196 690
196 727
196 730
196 776
196 788
196 789
196 790
196 791
196 792
196 829
196 856
196 857
196 858
196 859
196 860
196 861
196 862
196 863
196 864
196 865
196 866
196 867
196 868
196 869
196 870
196 871
196 872
196 873
196 874
196 875
196 876
196 877
196 878
196 879
196 891
196 892
196 900
196 921
196 998
196 1050
196 1058
196 1072
196 1076
196 1088
196 1094
196 1203
196 1221
197 164
197 282
197 292
197 561
197 562
197 644
197 685
197 690
197 727
197 729
197 777
197 779
197 780
197 781
197 782
197 783
197 784
197 785
197 786
197 787
197 829
197 843
197 844
197 845
197 846
197 847
197 848
197 849
197 850
197 851
197 852
197 853
197 854
197 855
197 900
197 921
197 976
197 1050
197 1058
197 1072
197 1076
197 1088
197 1094
197 1203
197 1221
198 164
198 282
198 292
198 559
198 560
198 644
198 645
198 685
198 690
198 723
198 729
198 778
198 830
198 831
198 832
198 833
198 834
198 835
198 836
198 837
198 838
198 839
198 840
198 841
198 842
198 900
198 920
198 977
198 998
198 1051
198 1052
198 1053
198 1058
198 1072
198 1076
198 1088
198 1094
198 1203
198 1221
199 164
199 282
199 292
199 557
199 558
199 645
199 646
199 685
199 690
199 721
199 722
199 728
199 729
199 787
199 817
199 818
199 819
199 820
199 821
199 822
199 823
199 824
199 825
199 826
199 827
199 828
199 829
199 830
199 900
199 920
199 978
199 999
199 1054
199 1058
199 1072
199 1076
199 1088
199 1094
199 1203
199 1221
200 165
200 282
200 292
200 556
200 557
200 646
200 683
200 684
200 723
200 724
200 725
200 726
200 727
200 728
200 778
200 779
200 801
200 802
200 803
200 804
200 805
200 806
200 807
200 808
200 809
200 810
200 811
200 812
200 813
200 814
200 815
200 816
200 901
200 919
200 978
200 999
200 1054
200 1058
200 1072
200 1076
200 1088
200 1094
200 1203
200 1221
201 165
201 282
201 292
201 555
201 556
201 647
201 685
201 691
201 786
201 787
201 788
201 789
201 790
201 791
201 792
201 793
201 794
201 795
201 796
201 797
201 798
201 799
201 800
201 901
201 919
201 979
201 999
201 1072
201 1076
201 1088
201 1094
201 1203
201 1221
202 166
202 282
202 292
202 554
202 555
202 647
202 648
202 685
202 690
202 722
202 723
202 770
202 771
202 772
202 773
202 774
202 775
202 776
202 777
202 778
202 779
202 780
202 781
202 782
202 783
202 784
202 785
202 829
202 830
202 833
202 834
202 835
202 836
202 837
202 838
202 839
202 840
202 841
202 842
202 918
202 979
202 999
202 1072
202 1076
202 1088
202 1094
202 1203
202 1220
203 166
203 167
203 553
203 554
203 649
203 685
203 690
203 720
203 721
203 755
203 756
203 757
203 758
203 759
203 760
203 761
203 762
203 763
203 764
203 765
203 766
203 767
203 768
203 769
203 803
203 804
203 805
203 806
203 813
203 814
203 815
203 816
203 817
203 818
203 819
203 820
203 821
203 822
203 823
203 824
203 825
203 826
203 827
203 828
203 831
203 832
203 843
203 918
203 980
203 999
203 1072
203 1076
203 1088
203 1094
203 1203
203 1220
204 167
204 168
204 552
204 553
204 685
204 690
204 718
204 719
204 738
204 739
204 740
204 741
204 742
204 743
204 744
204 745
204 746
204 747
204 748
204 749
204 750
204 751
204 752
204 753
204 754
204 789
204 790
204 796
204 797
204 798
204 799
204 800
204 801
204 802
204 807
204 812
204 831
204 843
204 917
204 980
204 999
204 1072
204 1076
204 1088
204 1094
204 1203
204 1220
205 169
205 170
205 551
205 552
205 649
205 685
205 690
205 723
205 724
205 725
205 726
205 727
205 728
205 729
205 730
205 731
205 732
205 733
205 734
205 735
205 736
205 737
205 781
205 782
205 783
205 784
205 785
205 786
205 787
205 788
205 791
205 795
205 807
205 811
205 831
205 843
205 917
205 981
205 999
205 1072
205 1076
205 1094
205 1203
205 1220
206 170
206 171
206 546
206 547
206 548
206 549
206 550
206 551
206 650
206 685
206 690
206 707
206 708
206 709
206 710
206 711
206 712
206 713
206 714
206 715
206 716
206 717
206 718
206 719
206 720
206 721
206 722
206 777
206 778
206 779
206 780
206 791
206 794
206 807
206 811
206 831
206 841
206 842
206 843
206 916
206 981
206 999
206 1072
206 1076
206 1203
206 1220
207 171
207 172
207 650
207 685
207 691
207 692
207 693
207 694
207 695
207 696
207 697
207 698
207 699
207 700
207 701
207 702
207 703
207 704
207 705
207 706
207 764
207 765
207 766
207 767
207 768
207 769
207 770
207 776
207 788
207 791
207 794
207 807
207 811
207 832
207 833
207 834
207 835
207 836
207 837
207 838
207 839
207 840
207 916
207 982
207 999
207 1076
207 1203
207 1220
208 172
208 173
208 651
208 677
208 678
208 679
208 680
208 681
208 682
208 683
208 684
208 685
208 686
208 687
208 688
208 689
208 745
208 746
208 747
208 748
208 755
208 756
208 757
208 758
208 759
208 760
208 761
208 762
208 763
208 771
208 775
208 788
208 791
208 794
208 807
208 811
208 824
208 825
208 826
208 827
208 828
208 829
208 830
208 831
208 832
208 916
208 982
208 999
208 1070
208 1071
208 1072
208 1076
208 1203
208 1220
209 173
209 174
209 545
209 662
209 663
209 664
209 665
209 666
209 667
209 668
209 669
209 670
209 671
209 672
209 673
209 674
209 675
209 676
209 732
209 733
209 734
209 735
209 736
209 737
209 738
209 739
209 740
209 741
209 742
209 743
209 744
209 749
209 754
209 771
209 775
209 788
209 791
209 794
209 807
209 811
209 815
209 816
209 817
209 818
209 819
209 820
209 821
209 822
209 823
209 916
209 983
209 1000
209 1072
209 1077
209 1078
209 1203
209 1220
210 174
210 175
210 545
210 648
210 649
210 650
210 651
210 652
210 653
210 654
210 655
210 656
210 657
210 658
210 659
210 660
210 661
210 717
210 718
210 719
210 726
210 727
210 728
210 729
210 730
210 731
210 749
210 753
210 771
210 775
210 788
210 791
210 794
210 806
210 807
210 812
210 813
210 814
210 916
210 983
210 1000
210 1072
210 1077
210 1203
210 1220
211 175
211 176
211 544
211 633
211 634
211 635
211 636
211 637
211 638
211 639
211 640
211 641
211 642
211 643
211 644
211 645
211 646
211 647
211 699
211 700
211 701
211 702
211 703
211 704
211 705
211 706
211 707
211 708
211 709
211 710
211 711
211 712
211 713
211 714
211 715
211 716
211 720
211 725
211 749
211 753
211 771
211 775
211 788
211 791
211 794
211 797
211 798
211 799
211 800
211 801
211 802
211 803
211 804
211 805
211 809
211 916
211 984
211 1000
211 1072
211 1076
211 1203
211 1220
212 176
212 177
212 542
212 543
212 619
212 620
212 621
212 622
212 623
212 624
212 625
212 626
212 627
212 628
212 629
212 630
212 631
212 632
212 683
212 684
212 692
212 693
212 694
212 695
212 696
212 697
212 698
212 720
212 724
212 749
212 753
212 771
212 775
212 788
212 789
212 790
212 791
212 794
212 796
212 807
212 916
212 984
212 1000
212 1072
212 1076
212 1203
212 1220
213 177
213 541
213 618
213 682
213 685
213 691
213 715
213 720
213 724
213 749
213 753
213 771
213 775
213 788
213 915
213 984
213 1072
213 1076
213 1203
213 1220
214 178
214 539
214 540
214 604
214 605
214 606
214 607
214 608
214 609
214 610
214 611
214 612
214 613
214 614
214 615
214 616
214 617
214 672
214 673
214 674
214 675
214 676
214 677
214 678
214 679
214 680
214 681
214 685
214 690
214 715
214 720
214 724
214 749
214 753
214 771
214 775
214 781
214 782
214 783
214 784
214 785
214 786
214 787
214 793
214 794
214 915
214 985
214 1072
214 1076
214 1203
214 1220
215 178
215 179
215 537
215 538
215 590
215 591
215 592
215 593
215 594
215 595
215 596
215 597
215 598
215 599
215 600
215 601
215 602
215 603
215 662
215 663
215 664
215 665
215 666
215 667
215 668
215 669
215 670
215 671
215 685
215 690
215 715
215 720
215 724
215 749
215 753
215 771
215 776
215 777
215 778
215 779
215 780
215 792
215 915
215 985
215 1072
215 1076
215 1203
215 1220
216 179
216 535
216 536
216 576
216 577
216 578
216 579
216 580
216 581
216 582
216 583
216 584
216 585
216 586
216 587
216 588
216 589
216 652
216 655
216 656
216 657
216 658
216 659
216 660
216 661
216 685
216 690
216 715
216 720
216 724
216 749
216 753
216 763
216 764
216 765
216 766
216 767
216 768
216 769
216 770
216 773
216 790
216 797
216 915
216 986
216 1072
216 1076
216 1203
216 1220
217 180
217 533
217 534
217 561
217 562
217 563
217 564
217 565
217 566
217 567
217 568
217 569
217 570
217 571
217 572
217 573
217 574
217 575
217 634
217 635
217 636
217 637
217 647
217 648
217 649
217 650
217 651
217 653
217 654
217 685
217 690
217 715
217 720
217 724
217 749
217 754
217 755
217 756
217 757
217 758
217 759
217 760
217 761
217 762
217 772
217 774
217 782
217 915
217 987
217 1072
217 1076
217 1203
217 1220
218 180
218 181
218 547
218 548
218 549
218 550
218 551
218 552
218 553
218 554
218 555
218 556
218 557
218 558
218 559
218 560
218 620
218 621
218 622
218 623
218 624
218 625
218 626
218 627
218 628
218 629
218 630
218 631
218 632
218 633
218 638
218 646
218 653
218 685
218 690
218 716
218 720
218 724
218 746
218 747
218 748
218 749
218 773
218 777
218 915
218 986
218 1076
218 1203
218 1220
219 181
219 182
219 531
219 532
219 533
219 534
219 535
219 536
219 537
219 538
219 539
219 540
219 541
219 542
219 543
219 544
219 545
219 546
219 605
219 606
219 607
219 608
219 609
219 610
219 611
219 612
219 613
219 614
219 615
219 616
219 617
219 618
219 619
219 638
219 645
219 653
219 685
219 690
219 716
219 717
219 720
219 724
219 737
219 738
219 739
219 740
219 741
219 742
219 743
219 744
219 745
219 751
219 915
219 986
219 1203
219 1220
220 182
220 183
220 518
220 519
220 520
220 521
220 522
220 523
220 524
220 525
220 526
220 527
220 528
220 529
220 530
220 531
220 591
220 592
220 593
220 594
220 595
220 596
220 597
220 598
220 599
220 600
220 601
220 602
220 603
220 604
220 638
220 645
220 653
220 685
220 690
220 718
220 720
220 724
220 728
220 729
220 730
220 731
220 732
220 733
220 734
220 735
220 736
220 750
220 752
220 756
220 757
220 758
220 759
220 760
220 761
220 762
220 763
220 764
220 915
220 986
220 1203
220 1220
221 183
221 184
221 502
221 503
221 504
221 505
221 506
221 507
221 508
221 509
221 510
221 511
221 512
221 513
221 514
221 515
221 516
221 517
221 575
221 576
221 577
221 585
221 586
221 587
221 588
221 589
221 590
221 638
221 645
221 653
221 685
221 690
221 719
221 720
221 725
221 726
221 727
221 747
221 751
221 754
221 755
221 915
221 986
221 1203
221 1220
222 184
222 185
222 488
222 489
222 490
222 491
222 492
222 493
222 494
222 495
222 496
222 497
222 498
222 499
222 500
222 501
222 564
222 565
222 566
222 567
222 568
222 569
222 570
222 571
222 572
222 573
222 574
222 578
222 584
222 638
222 645
222 653
222 685
222 690
222 712
222 713
222 714
222 715
222 716
222 717
222 718
222 719
222 722
222 723
222 744
222 745
222 746
222 748
222 749
222 914
222 986
222 1203
222 1220
223 185
223 186
223 187
223 188
223 189
223 474
223 475
223 476
223 477
223 478
223 479
223 480
223 481
223 482
223 483
223 484
223 485
223 486
223 487
223 553
223 554
223 555
223 556
223 557
223 558
223 559
223 560
223 561
223 562
223 563
223 578
223 583
223 638
223 645
223 653
223 685
223 690
223 702
223 703
223 704
223 705
223 706
223 707
223 708
223 709
223 710
223 711
223 721
223 730
223 731
223 732
223 733
223 734
223 735
223 736
223 737
223 738
223 739
223 740
223 741
223 742
223 743
223 914
223 986
223 1203
223 1220
224 187
224 459
224 460
224 461
224 462
224 463
224 464
224 465
224 466
224 467
224 468
224 469
224 470
224 471
224 472
224 473
224 543
224 544
224 545
224 546
224 547
224 548
224 549
224 550
224 551
224 552
224 578
224 583
224 638
224 645
224 653
224 685
224 690
224 694
224 695
224 696
224 697
224 698
224 699
224 700
224 701
224 722
224 723
224 726
224 728
224 729
224 914
224 986
224 1203
224 1220
225 445
225 446
225 447
225 448
225 449
225 450
225 451
225 452
225 453
225 454
225 455
225 456
225 457
225 458
225 532
225 533
225 534
225 535
225 536
225 537
225 538
225 539
225 540
225 541
225 542
225 578
225 583
225 638
225 645
225 653
225 685
225 691
225 692
225 693
225 713
225 714
225 715
225 716
225 717
225 718
225 719
225 725
225 727
225 728
225 914
225 986
225 1203
225 1220
226 188
226 189
226 430
226 431
226 432
226 433
226 434
226 435
226 436
226 437
226 438
226 439
226 440
226 441
226 442
226 443
226 444
226 521
226 522
226 523
226 524
226 525
226 526
226 527
226 528
226 529
226 530
226 531
226 578
226 583
226 638
226 645
226 653
226 677
226 678
226 679
226 680
226 681
226 682
226 683
226 684
226 687
226 688
226 704
226 705
226 706
226 707
226 708
226 709
226 710
226 711
226 712
226 720
226 724
226 914
226 986
226 1203
226 1220
227 189
227 190
227 416
227 417
227 418
227 419
227 420
227 421
227 422
227 423
227 424
227 425
227 426
227 427
227 428
227 429
227 511
227 512
227 513
227 514
227 515
227 516
227 517
227 518
227 519
227 520
227 578
227 583
227 638
227 645
227 653
227 668
227 669
227 670
227 671
227 672
227 673
227 674
227 675
227 676
227 686
227 696
227 697
227 698
227 699
227 700
227 701
227 702
227 703
227 720
227 725
227 727
227 914
227 986
227 1203
227 1220
228 190
228 191
228 401
228 402
228 403
228 404
228 405
228 406
228 407
228 408
228 409
228 410
228 411
228 412
228 413
228 414
228 415
228 493
228 494
228 495
228 496
228 505
228 506
228 507
228 508
228 509
228 510
228 578
228 583
228 638
228 645
228 653
228 659
228 660
228 661
228 662
228 663
228 664
228 665
228 666
228 667
228 687
228 688
228 691
228 692
228 693
228 694
228 695
228 720
228 725
228 914
228 986
228 1203
228 1220
229 191
229 192
229 387
229 388
229 389
229 390
229 391
229 392
229 393
229 394
229 395
229 396
229 397
229 398
229 399
229 400
229 481
229 482
229 483
229 484
229 485
229 486
229 487
229 488
229 489
229 490
229 491
229 492
229 497
229 504
229 521
229 578
229 583
229 638
229 645
229 651
229 652
229 653
229 654
229 655
229 656
229 657
229 658
229 680
229 681
229 682
229 683
229 684
229 690
229 914
229 986
229 1203
229 1220
230 192
230 373
230 374
230 375
230 376
230 377
230 378
230 379
230 380
230 381
230 382
230 383
230 384
230 385
230 386
230 467
230 468
230 469
230 470
230 471
230 472
230 473
230 474
230 475
230 476
230 477
230 478
230 479
230 480
230 497
230 503
230 519
230 578
230 583
230 638
230 646
230 647
230 648
230 649
230 650
230 671
230 672
230 673
230 674
230 675
230 676
230 677
230 678
230 679
230 685
230 689
230 913
230 986
231 192
231 358
231 359
231 360
231 361
231 362
231 363
231 364
231 365
231 366
231 367
231 368
231 369
231 370
231 371
231 372
231 455
231 456
231 457
231 458
231 459
231 460
231 461
231 462
231 463
231 464
231 465
231 466
231 497
231 503
231 519
231 578
231 583
231 633
231 634
231 635
231 636
231 637
231 638
231 663
231 664
231 665
231 666
231 667
231 668
231 669
231 670
231 685
231 689
231 913
231 986
232 192
232 344
232 345
232 346
232 347
232 348
232 349
232 350
232 351
232 352
232 353
232 354
232 355
232 356
232 357
232 442
232 443
232 444
232 445
232 446
232 447
232 448
232 449
232 450
232 451
232 452
232 453
232 454
232 497
232 503
232 519
232 578
232 583
232 625
232 626
232 627
232 628
232 629
232 630
232 631
232 632
232 655
232 656
232 657
232 658
232 659
232 660
232 661
232 662
232 685
232 689
232 913
232 986
233 192
233 328
233 329
233 330
233 331
233 332
233 333
233 334
233 335
233 336
233 337
233 338
233 339
233 340
233 341
233 342
233 343
233 428
233 429
233 430
233 431
233 432
233 433
233 434
233 435
233 436
233 437
233 438
233 439
233 440
233 441
233 497
233 503
233 519
233 578
233 583
233 616
233 617
233 618
233 619
233 620
233 621
233 622
233 623
233 624
233 647
233 648
233 649
233 653
233 654
233 986
234 192
234 314
234 315
234 316
234 317
234 318
234 319
234 320
234 321
234 322
234 323
234 324
234 325
234 326
234 327
234 416
234 417
234 418
234 419
234 420
234 421
234 422
234 423
234 424
234 425
234 426
234 427
234 497
234 503
234 519
234 578
234 583
234 607
234 608
234 609
234 610
234 611
234 612
234 613
234 614
234 615
234 638
234 645
234 646
234 650
234 651
234 652
234 986
235 193
235 299
235 300
235 301
235 302
235 303
235 304
235 305
235 306
235 307
235 308
235 309
235 310
235 311
235 312
235 313
235 402
235 403
235 404
235 405
235 406
235 407
235 408
235 409
235 410
235 411
235 412
235 413
235 414
235 415
235 497
235 503
235 519
235 578
235 583
235 599
235 600
235 601
235 602
235 603
235 604
235 605
235 606
235 630
235 631
235 632
235 633
235 634
235 635
235 636
235 637
235 639
235 645
235 986
236 193
236 285
236 286
236 287
236 288
236 289
236 290
236 291
236 292
236 293
236 294
236 295
236 296
236 297
236 298
236 390
236 391
236 392
236 393
236 394
236 395
236 396
236 397
236 398
236 399
236 400
236 401
236 497
236 503
236 519
236 578
236 583
236 590
236 591
236 592
236 593
236 594
236 595
236 596
236 597
236 598
236 622
236 623
236 624
236 625
236 626
236 627
236 628
236 629
236 639
236 644
237 193
237 270
237 271
237 272
237 273
237 274
237 275
237 276
237 277
237 278
237 279
237 280
237 281
237 282
237 283
237 284
237 384
237 385
237 386
237 387
237 388
237 389
237 497
237 503
237 520
237 578
237 584
237 585
237 586
237 587
237 588
237 589
237 614
237 615
237 616
237 617
237 618
237 619
237 620
237 621
238 193
238 256
238 257
238 258
238 259
238 260
238 261
238 262
238 263
238 264
238 265
238 266
238 267
238 268
238 269
238 368
238 369
238 370
238 371
238 372
238 383
238 497
238 503
238 520
238 573
238 574
238 575
238 576
238 577
238 578
238 605
238 606
238 607
238 608
238 609
238 610
238 611
238 612
238 613
239 193
239 242
239 243
239 244
239 245
239 246
239 247
239 248
239 249
239 250
239 251
239 252
239 253
239 254
239 255
239 356
239 357
239 358
239 359
239 360
239 361
239 362
239 363
239 364
239 365
239 366
239 367
239 373
239 382
239 497
239 503
239 520
239 564
239 565
239 566
239 567
239 568
239 569
239 570
239 571
239 572
239 580
239 582
239 597
239 598
239 599
239 600
239 601
239 602
239 603
239 604
240 193
240 227
240 228
240 229
240 230
240 231
240 232
240 233
240 234
240 235
240 236
240 237
240 238
240 239
240 240
240 241
240 343
240 344
240 345
240 346
240 347
240 348
240 349
240 350
240 351
240 352
240 353
240 354
240 355
240 373
240 382
240 497
240 503
240 520
240 556
240 557
240 558
240 559
240 560
240 561
240 562
240 563
240 580
240 589
240 590
240 591
240 592
240 593
240 594
240 595
240 596
241 193
241 213
241 214
241 215
241 216
241 217
241 218
241 219
241 220
241 221
241 222
241 223
241 224
241 225
241 226
241 329
241 330
241 331
241 332
241 333
241 334
241 335
241 336
241 337
241 338
241 339
241 340
241 341
241 342
241 373
241 382
241 497
241 503
241 520
241 547
241 548
241 549
241 550
241 551
241 552
241 553
241 554
241 555
241 586
241 587
241 588
241 1278
241 1279
242 193
242 198
242 199
242 200
242 201
242 202
242 203
242 204
242 205
242 206
242 207
242 208
242 209
242 210
242 211
242 212
242 317
242 318
242 319
242 320
242 321
242 322
242 323
242 324
242 325
242 326
242 327
242 328
242 373
242 382
242 497
242 503
242 520
242 538
242 539
242 540
242 541
242 542
242 543
242 544
242 545
242 546
242 572
242 573
242 574
242 575
242 576
242 585
243 184
243 185
243 186
243 187
243 188
243 189
243 190
243 191
243 192
243 193
243 194
243 195
243 196
243 197
243 303
243 304
243 305
243 306
243 307
243 308
243 309
243 310
243 311
243 312
243 313
243 314
243 315
243 316
243 373
243 382
243 497
243 503
243 530
243 531
243 532
243 533
243 534
243 535
243 536
243 537
243 570
243 571
243 577
243 578
243 579
243 584
244 168
244 169
244 170
244 171
244 172
244 173
244 174
244 175
244 176
244 177
244 178
244 179
244 180
244 181
244 182
244 183
244 290
244 291
244 292
244 293
244 294
244 295
244 296
244 297
244 298
244 299
244 300
244 301
244 302
244 373
244 382
244 497
244 503
244 521
244 522
244 523
244 524
244 525
244 526
244 527
244 528
244 529
244 562
244 563
244 564
244 565
244 566
244 567
244 568
244 569
244 579
244 584
245 154
245 155
245 156
245 157
245 158
245 159
245 160
245 161
245 162
245 163
245 164
245 165
245 166
245 167
245 278
245 279
245 280
245 281
245 282
245 283
245 284
245 285
245 286
245 287
245 288
245 289
245 373
245 382
245 497
245 503
245 513
245 514
245 515
245 516
245 517
245 518
245 519
245 520
245 553
245 554
245 555
245 556
245 557
245 558
245 559
245 560
245 561
245 579
245 584
246 140
246 141
246 142
246 143
246 144
246 145
246 146
246 147
246 148
246 149
246 150
246 151
246 152
246 153
246 264
246 265
246 266
246 267
246 268
246 269
246 270
246 271
246 272
246 273
246 274
246 275
246 276
246 277
246 373
246 382
246 497
246 504
246 505
246 506
246 507
246 508
246 509
246 510
246 511
246 512
246 539
246 540
246 541
246 542
246 543
246 546
246 547
246 548
246 549
246 550
246 551
246 552
246 579
246 584
247 125
247 126
247 127
247 128
247 129
247 130
247 131
247 132
247 133
247 134
247 135
247 136
247 137
247 138
247 139
247 251
247 252
247 253
247 254
247 255
247 256
247 257
247 258
247 259
247 260
247 261
247 262
247 263
247 373
247 382
247 495
247 496
247 497
247 531
247 532
247 533
247 534
247 535
247 536
247 537
247 538
247 544
247 545
247 579
248 111
248 112
248 113
248 114
248 115
248 116
248 117
248 118
248 119
248 120
248 121
248 122
248 123
248 124
248 239
248 240
248 241
248 242
248 243
248 244
248 245
248 246
248 247
248 248
248 249
248 250
248 373
248 382
248 487
248 488
248 489
248 490
248 491
248 492
248 493
248 494
248 500
248 501
248 502
248 523
248 524
248 525
248 529
248 530
249 96
249 97
249 98
249 99
249 100
249 101
249 102
249 103
249 104
249 105
249 106
249 107
249 108
249 109
249 110
249 225
249 226
249 227
249 228
249 229
249 230
249 231
249 232
249 233
249 234
249 235
249 236
249 237
249 238
249 373
249 382
249 478
249 479
249 480
249 481
249 482
249 483
249 484
249 485
249 486
249 499
249 515
249 516
249 517
249 518
249 519
249 520
249 521
249 522
249 526
249 527
249 528
250 82
250 83
250 84
250 85
250 86
250 87
250 88
250 89
250 90
250 91
250 92
250 93
250 94
250 95
250 212
250 213
250 214
250 215
250 216
250 217
250 218
250 219
250 220
250 221
250 222
250 223
250 224
250 373
250 382
250 469
250 470
250 471
250 472
250 473
250 474
250 475
250 476
250 477
250 499
250 502
250 506
250 507
250 508
250 509
250 510
250 511
250 512
250 513
250 514
251 67
251 68
251 69
251 70
251 71
251 72
251 73
251 74
251 75
251 76
251 77
251 78
251 79
251 80
251 81
251 199
251 200
251 201
251 202
251 203
251 204
251 205
251 206
251 207
251 208
251 209
251 210
251 211
251 373
251 382
251 460
251 461
251 462
251 463
251 464
251 465
251 466
251 467
251 468
251 504
251 505
252 53
252 54
252 55
252 56
252 57
252 58
252 59
252 60
252 61
252 62
252 63
252 64
252 65
252 66
252 186
252 187
252 188
252 189
252 190
252 191
252 192
252 193
252 196
252 197
252 198
252 373
252 382
252 452
252 453
252 454
252 455
252 456
252 457
252 458
252 459
252 490
252 491
252 492
252 493
252 494
252 495
252 496
252 497
252 498
252 504
253 39
253 40
253 41
253 42
253 43
253 44
253 45
253 46
253 47
253 48
253 49
253 50
253 51
253 52
253 162
253 163
253 164
253 165
253 180
253 181
253 182
253 183
253 184
253 185
253 194
253 195
253 373
253 381
253 444
253 445
253 446
253 447
253 448
253 449
253 450
253 451
253 482
253 483
253 484
253 485
253 486
253 487
253 488
253 489
253 498
253 503
254 24
254 25
254 26
254 27
254 28
254 29
254 30
254 31
254 32
254 33
254 34
254 35
254 36
254 37
254 38
254 148
254 149
254 150
254 151
254 152
254 153
254 154
254 155
254 156
254 157
254 158
254 159
254 160
254 161
254 166
254 179
254 194
254 373
254 381
254 434
254 435
254 436
254 437
254 438
254 439
254 440
254 441
254 442
254 443
254 474
254 475
254 476
254 477
254 478
254 479
254 480
254 481
254 498
254 503
255 10
255 11
255 12
255 13
255 14
255 15
255 16
255 17
255 18
255 19
255 20
255 21
255 22
255 23
255 134
255 135
255 136
255 137
255 138
255 139
255 140
255 141
255 142
255 143
255 144
255 145
255 146
255 147
255 166
255 178
255 195
255 373
255 381
255 426
255 427
255 428
255 429
255 430
255 431
255 432
255 433
255 465
255 466
255 467
255 468
255 469
255 470
255 471
255 472
255 473
255 498
255 503
256 9
256 133
256 166
256 178
256 195
256 373
256 381
256 425
256 464
256 498
256 503
257 0
257 1
257 2
257 3
257 4
257 5
257 6
257 7
257 8
257 120
257 121
257 122
257 123
257 124
257 125
257 126
257 127
257 128
257 129
257 130
257 131
257 132
257 166
257 178
257 195
257 373
257 381
257 417
257 418
257 419
257 420
257 421
257 422
257 423
257 424
257 458
257 459
257 460
257 461
257 462
257 463
257 498
257 503
258 107
258 108
258 109
258 110
258 111
258 112
258 113
258 114
258 115
258 116
258 117
258 118
258 119
258 166
258 178
258 195
258 373
258 381
258 409
258 410
258 411
258 412
258 413
258 414
258 415
258 416
258 450
258 451
258 452
258 453
258 454
258 455
258 456
258 457
258 498
258 503
259 92
259 93
259 94
259 95
259 96
259 97
259 98
259 99
259 100
259 101
259 102
259 103
259 104
259 105
259 106
259 166
259 178
259 195
259 373
259 381
259 400
259 401
259 402
259 403
259 404
259 405
259 406
259 407
259 408
259 442
259 443
259 444
259 445
259 446
259 447
259 448
259 449
259 498
260 79
260 80
260 81
260 82
260 83
260 84
260 85
260 86
260 87
260 88
260 89
260 90
260 91
260 166
260 178
260 195
260 373
260 381
260 391
260 392
260 393
260 394
260 395
260 396
260 397
260 398
260 399
260 434
260 435
260 436
260 437
260 438
260 439
260 440
260 441
261 64
261 65
261 66
261 67
261 68
261 69
261 70
261 71
261 72
261 73
261 74
261 75
261 76
261 77
261 78
261 166
261 178
261 195
261 373
261 382
261 383
261 384
261 385
261 386
261 387
261 388
261 389
261 390
261 426
261 427
261 428
261 429
261 430
261 431
261 432
261 433
262 51
262 52
262 53
262 54
262 55
262 56
262 57
262 58
262 59
262 60
262 61
262 62
262 63
262 166
262 178
262 196
262 373
262 419
262 420
262 421
262 422
262 423
262 424
262 425
263 37
263 38
263 39
263 40
263 41
263 42
263 43
263 44
263 45
263 46
263 47
263 48
263 49
263 50
263 166
263 178
263 197
263 198
263 365
263 366
263 367
263 368
263 369
263 370
263 371
263 372
263 373
263 376
263 377
263 378
263 379
263 411
263 412
263 413
263 414
263 415
263 416
263 417
263 418
264 23
264 24
264 25
264 26
264 27
264 28
264 29
264 30
264 31
264 32
264 33
264 34
264 35
264 36
264 166
264 178
264 198
264 199
264 357
264 358
264 359
264 360
264 361
264 362
264 363
264 364
264 375
264 380
264 402
264 403
264 404
264 405
264 406
264 407
264 408
264 409
264 410
265 9
265 10
265 11
265 12
265 13
265 14
265 15
265 16
265 17
265 18
265 19
265 20
265 21
265 22
265 166
265 178
265 199
265 200
265 348
265 349
265 350
265 351
265 352
265 353
265 354
265 355
265 356
265 374
265 380
265 395
265 396
265 397
265 398
265 399
265 400
265 401
266 0
266 1
266 2
266 3
266 4
266 5
266 6
266 7
266 8
266 166
266 178
266 201
266 202
266 340
266 341
266 342
266 343
266 344
266 345
266 346
266 347
266 374
266 380
266 387
266 388
266 389
266 390
266 391
266 392
266 393
266 394
267 166
267 178
267 203
267 330
267 331
267 332
267 333
267 334
267 335
267 336
267 337
267 338
267 339
267 374
267 376
267 377
267 378
267 379
267 383
267 384
267 385
267 386
268 166
268 178
268 203
268 322
268 323
268 324
268 325
268 326
268 327
268 328
268 329
268 371
268 382
269 166
269 178
269 203
269 314
269 315
269 316
269 317
269 318
269 319
269 320
269 321
269 363
269 364
269 365
269 366
269 367
269 368
269 369
269 370
269 372
269 381
270 166
270 178
270 203
270 304
270 305
270 306
270 307
270 308
270 309
270 310
270 311
270 312
270 313
270 356
270 357
270 358
270 359
270 360
270 361
270 362
270 372
270 381
271 167
271 178
271 203
271 296
271 297
271 298
271 299
271 300
271 301
271 302
271 303
271 348
271 349
271 350
271 351
271 352
271 353
271 354
271 355
271 372
271 381
272 167
272 178
272 203
272 287
272 288
272 289
272 290
272 291
272 292
272 293
272 294
272 295
272 341
272 342
272 343
272 344
272 345
272 346
272 347
272 372
272 381
273 167
273 178
273 203
273 279
273 280
273 281
273 282
273 283
273 284
273 285
273 286
273 332
273 333
273 334
273 335
273 336
273 337
273 338
273 339
273 340
273 372
273 381
274 167
274 178
274 203
274 270
274 271
274 272
274 273
274 274
274 275
274 276
274 277
274 278
274 324
274 325
274 326
274 327
274 328
274 329
274 330
274 331
274 372
274 381
275 167
275 178
275 202
275 261
275 262
275 263
275 264
275 265
275 266
275 267
275 268
275 269
275 317
275 318
275 319
275 320
275 321
275 322
275 323
275 372
275 381
276 167
276 178
276 201
276 253
276 254
276 255
276 256
276 257
276 258
276 259
276 260
276 309
276 310
276 311
276 312
276 313
276 314
276 315
276 316
276 372
276 381
277 167
277 178
277 201
277 244
277 245
277 246
277 247
277 248
277 249
277 250
277 251
277 252
277 300
277 301
277 302
277 303
277 304
277 305
277 306
277 307
277 308
277 372
278 167
278 178
278 201
278 235
278 236
278 237
278 238
278 239
278 240
278 241
278 242
278 243
278 293
278 294
278 295
278 296
278 297
278 298
278 299
279 167
279 178
279 201
279 227
279 228
279 229
279 230
279 231
279 232
279 233
279 234
279 285
279 286
279 287
279 288
279 289
279 290
279 291
279 292
280 167
280 178
280 201
280 218
280 219
280 220
280 221
280 222
280 223
280 224
280 225
280 226
280 278
280 279
280 280
280 281
280 282
280 283
280 284
281 167
281 178
281 201
281 210
281 211
281 212
281 213
281 214
281 215
281 216
281 217
281 269
281 270
281 271
281 272
281 273
281 274
281 275
281 276
281 277
282 167
282 178
282 200
282 201
282 202
282 203
282 204
282 205
282 206
282 207
282 208
282 209
282 261
282 262
282 263
282 264
282 265
282 266
282 267
282 268
283 167
283 178
283 192
283 193
283 194
283 195
283 196
283 197
283 198
283 199
283 254
283 255
283 256
283 257
283 258
283 259
283 260
284 167
284 178
284 184
284 185
284 186
284 187
284 188
284 189
284 190
284 191
284 246
284 247
284 248
284 249
284 250
284 251
284 252
284 253
285 167
285 179
285 180
285 181
285 182
285 183
285 239
285 240
285 241
285 242
285 243
285 244
285 245
286 167
286 230
286 231
286 232
286 233
286 234
286 235
286 236
286 237
286 238
287 165
287 166
287 167
287 222
287 223
287 224
287 225
287 226
287 227
287 228
287 229
288 157
288 158
288 159
288 160
288 161
288 162
288 163
288 164
288 215
288 216
288 217
288 218
288 219
288 220
288 221
289 149
289 150
289 151
289 152
289 153
289 154
289 155
289 156
289 207
289 208
289 209
289 210
289 211
289 212
289 213
289 214
290 141
290 142
290 143
290 144
290 145
290 146
290 147
290 148
290 200
290 201
290 202
290 203
290 204
290 205
290 206
291 132
291 133
291 134
291 135
291 136
291 137
291 138
291 139
291 140
291 191
291 192
291 193
291 194
291 195
291 196
291 198
291 199
292 124
292 125
292 126
292 127
292 128
292 129
292 130
292 131
292 183
292 184
292 185
292 186
292 187
292 188
292 189
292 190
292 197
292 198
293 116
293 117
293 118
293 119
293 120
293 121
293 122
293 123
293 180
293 181
293 182
294 107
294 108
294 109
294 110
294 111
294 112
294 113
294 114
294 115
294 165
294 166
294 179
294 197
295 98
295 99
295 100
295 101
295 102
295 103
295 104
295 105
295 106
295 157
295 158
295 159
295 160
295 161
295 162
295 163
295 164
295 167
295 178
295 196
295 197
296 90
296 91
296 92
296 93
296 94
296 95
296 96
296 97
296 149
296 150
296 151
296 152
296 153
296 154
296 155
296 156
296 167
296 178
297 82
297 83
297 84
297 85
297 86
297 87
297 88
297 89
297 141
297 142
297 143
297 144
297 145
297 146
297 147
297 148
297 167
297 178
298 81
298 140
298 167
298 178
299 74
299 75
299 76
299 77
299 78
299 79
299 80
299 132
299 133
299 134
299 135
299 136
299 137
299 138
299 139
299 167
300 65
300 66
300 67
300 68
300 69
300 70
300 71
300 72
300 73
300 124
300 125
300 126
300 127
300 128
300 129
300 130
300 131
301 56
301 57
301 58
301 59
301 60
301 61
301 62
301 63
301 64
301 116
301 117
301 118
301 119
301 120
301 121
301 122
301 123
302 48
302 49
302 50
302 51
302 52
302 53
302 54
302 55
302 107
302 108
302 109
302 110
302 111
302 112
302 113
302 114
302 115
303 40
303 41
303 42
303 43
303 44
303 45
303 46
303 47
303 98
303 99
303 100
303 101
303 102
303 103
303 104
303 105
303 106
304 31
304 32
304 33
304 34
304 35
304 36
304 37
304 38
304 39
304 90
304 91
304 92
304 93
304 94
304 95
304 96
304 97
305 23
305 24
305 25
305 26
305 27
305 28
305 29
305 30
305 82
305 83
305 84
305 85
305 86
305 87
305 88
305 89
306 15
306 16
306 17
306 18
306 19
306 20
306 21
306 22
306 74
306 75
306 76
306 77
306 78
306 79
306 80
306 81
307 7
307 8
307 9
307 10
307 11
307 12
307 13
307 14
307 65
307 66
307 67
307 68
307 69
307 70
307 71
307 72
307 73
308 0
308 1
308 2
308 3
308 4
308 5
308 6
308 56
308 57
308 58
308 59
308 60
308 61
308 62
308 63
308 64
309 48
309 49
309 50
309 51
309 52
309 53
309 54
309 55
310 40
310 41
310 42
310 43
310 44
310 45
310 46
310 47
311 31
311 32
311 33
311 34
311 35
311 36
311 37
311 38
311 39
312 23
312 24
312 25
312 26
312 27
312 28
312 29
312 30
313 15
313 16
313 17
313 18
313 19
313 20
313 21
313 22
314 7
314 8
314 9
314 10
314 11
314 12
314 13
314 14
315 0
315 1
315 2
315 3
315 4
315 5
315 6
