0 1
0 522
0 667
1 1
1 523
1 667
2 1
2 523
2 524
2 667
3 1
3 524
3 667
4 1
4 525
4 666
5 1
5 525
5 526
5 666
6 1
6 526
6 527
6 665
7 1
7 527
7 528
7 664
8 1
8 528
8 529
8 663
9 1
9 529
9 663
10 1
10 530
10 663
10 676
11 1
11 530
11 531
11 664
11 665
11 666
11 667
11 673
11 674
11 675
12 1
12 531
12 668
12 669
12 670
12 671
12 672
13 1
13 531
13 673
13 674
13 675
14 1
14 529
14 530
14 531
14 671
14 672
15 1
15 529
15 668
16 1
16 529
16 530
16 531
16 532
16 533
16 534
16 535
16 536
16 537
16 538
16 539
16 540
16 667
17 1
17 541
17 667
18 1
18 541
18 667
19 1
19 542
19 543
19 662
19 663
19 664
19 665
19 666
19 667
20 1
20 544
20 545
20 546
20 662
21 1
21 547
21 661
22 1
22 547
22 661
23 1
23 547
23 660
24 1
24 548
24 660
25 1
25 548
25 549
25 660
26 1
26 549
26 550
26 660
27 1
27 550
27 551
27 660
28 0
28 1
28 551
28 552
28 661
29 552
29 553
29 661
30 554
30 661
31 555
31 556
31 661
32 557
32 558
32 661
33 558
33 559
33 661
34 559
34 560
34 661
35 560
35 660
36 559
36 560
36 660
37 558
37 559
37 660
38 556
38 557
38 660
39 556
39 661
40 556
40 557
40 661
40 662
41 557
41 558
41 663
41 664
41 665
42 558
42 666
43 559
43 667
44 559
44 560
44 667
45 560
45 561
45 668
46 562
46 563
46 668
47 564
47 565
47 667
47 668
48 566
48 666
48 667
49 566
49 666
50 406
50 566
50 665
51 406
51 566
51 665
52 406
52 566
52 664
53 406
53 566
53 661
53 662
53 663
54 406
54 566
54 660
55 406
55 566
55 659
56 406
56 567
56 659
57 407
57 567
57 568
57 655
57 656
57 657
57 658
58 407
58 568
58 569
58 655
59 407
59 570
59 571
59 653
59 654
60 407
60 571
60 572
60 573
60 652
61 407
61 574
61 575
61 651
62 407
62 575
62 651
63 407
63 576
63 651
64 407
64 576
64 577
64 578
64 579
64 580
64 581
64 651
65 407
65 582
65 583
65 652
66 407
66 583
66 652
67 407
67 583
67 652
68 407
68 583
68 652
69 408
69 582
69 651
70 408
70 582
70 651
71 408
71 582
71 651
72 408
72 582
72 650
73 408
73 582
73 648
73 649
74 408
74 583
74 648
75 408
75 583
75 647
76 408
76 583
76 647
77 408
77 583
77 647
77 648
78 408
78 583
78 649
78 650
79 408
79 583
79 651
80 408
80 584
80 651
81 409
81 584
81 651
82 409
82 584
82 651
83 409
83 584
83 651
84 409
84 585
84 586
84 587
84 588
84 651
85 409
85 588
85 651
86 409
86 588
86 650
87 588
87 650
88 588
88 649
88 650
89 588
89 649
90 588
90 649
91 588
91 649
91 650
91 826
92 588
92 650
92 826
93 590
93 650
93 826
94 590
94 650
94 826
95 591
95 650
95 826
96 591
96 592
96 650
96 826
97 401
97 592
97 650
97 826
98 401
98 592
98 650
98 826
99 401
99 593
99 650
99 826
100 401
100 593
100 594
100 649
100 826
101 401
101 594
101 595
101 596
101 647
101 648
101 826
102 402
102 597
102 646
102 826
103 402
103 598
103 645
103 826
104 402
104 598
104 645
104 826
105 402
105 599
105 646
105 826
106 402
106 599
106 600
106 646
106 826
107 402
107 600
107 601
107 647
107 826
108 402
108 601
108 602
108 647
108 826
109 402
109 602
109 647
109 826
110 402
110 602
110 646
110 647
110 826
111 403
111 602
111 645
111 826
112 403
112 602
112 644
112 826
113 403
113 602
113 644
113 826
114 403
114 603
114 644
114 826
115 403
115 603
115 644
115 826
116 403
116 603
116 644
116 826
117 403
117 603
117 644
117 826
118 403
118 603
118 644
118 826
119 403
119 604
119 644
119 826
120 404
120 604
120 643
120 826
121 404
121 543
121 605
121 643
121 826
122 404
122 543
122 605
122 643
122 826
123 404
123 543
123 605
123 642
123 826
124 404
124 543
124 605
124 642
124 826
125 404
125 543
125 606
125 642
125 826
126 404
126 543
126 607
126 642
126 826
127 404
127 544
127 607
127 629
127 630
127 631
127 632
127 641
127 826
128 404
128 544
128 607
128 629
128 632
128 640
128 826
129 390
129 391
129 392
129 393
129 394
129 395
129 405
129 544
129 608
129 628
129 632
129 638
129 639
129 826
130 389
130 396
130 397
130 398
130 399
130 400
130 401
130 402
130 403
130 404
130 405
130 544
130 608
130 627
130 628
130 632
130 637
130 826
131 388
131 405
131 544
131 606
131 607
131 608
131 625
131 626
131 633
131 636
131 826
132 388
132 405
132 544
132 605
132 624
132 625
132 633
132 634
132 635
132 636
132 826
133 388
133 405
133 544
133 606
133 607
133 608
133 623
133 624
133 826
134 388
134 405
134 544
134 609
134 622
134 623
134 826
135 388
135 405
135 544
135 609
135 622
135 826
136 388
136 405
136 544
136 610
136 621
136 826
137 388
137 405
137 544
137 611
137 612
137 613
137 621
137 826
138 388
138 405
138 406
138 543
138 614
138 615
138 620
138 826
139 388
139 405
139 406
139 543
139 615
139 620
139 826
140 388
140 405
140 406
140 543
140 616
140 619
140 826
141 388
141 405
141 406
141 543
141 616
141 617
141 619
141 827
142 388
142 405
142 406
142 543
142 617
142 827
143 388
143 405
143 406
143 543
143 827
144 388
144 405
144 406
144 543
144 827
145 388
145 405
145 406
145 543
145 827
146 388
146 405
146 406
146 543
146 827
147 388
147 405
147 407
147 543
147 827
148 388
148 405
148 407
148 543
148 827
149 388
149 405
149 407
149 542
149 827
150 388
150 405
150 407
150 542
150 827
151 388
151 405
151 407
151 542
151 827
152 388
152 405
152 407
152 542
152 827
153 388
153 405
153 407
153 542
153 827
154 388
154 405
154 407
154 542
154 827
155 388
155 405
155 407
155 542
155 827
156 388
156 405
156 408
156 542
156 827
157 388
157 405
157 408
157 541
157 827
158 388
158 405
158 408
158 541
158 827
159 388
159 405
159 408
159 541
159 827
160 388
160 405
160 408
160 487
160 541
160 827
161 388
161 405
161 408
161 487
161 541
161 827
162 388
162 405
162 408
162 487
162 695
162 827
163 388
163 405
163 408
163 487
163 695
163 827
164 388
164 395
164 399
164 405
164 408
164 487
164 695
164 827
165 388
165 395
165 399
165 405
165 409
165 487
165 695
165 827
166 389
166 390
166 391
166 392
166 393
166 394
166 395
166 400
166 401
166 402
166 403
166 404
166 405
166 409
166 487
166 696
166 827
167 409
167 487
167 696
167 827
168 395
168 399
168 409
168 486
168 487
168 696
168 827
169 395
169 399
169 409
169 446
169 487
169 494
169 696
169 827
170 395
170 399
170 418
170 447
170 456
170 487
170 494
170 696
170 783
170 827
171 395
171 399
171 409
171 418
171 447
171 456
171 487
171 494
171 696
171 783
171 827
172 394
172 395
172 410
172 418
172 447
172 456
172 487
172 494
172 696
172 783
172 827
173 395
173 400
173 410
173 419
173 447
173 456
173 487
173 494
173 697
173 783
173 827
174 395
174 399
174 410
174 419
174 447
174 456
174 488
174 494
174 697
174 783
174 827
175 395
175 399
175 411
175 419
175 447
175 456
175 488
175 494
175 697
175 783
175 827
176 395
176 399
176 411
176 419
176 447
176 456
176 488
176 494
176 697
176 783
176 827
177 395
177 399
177 411
177 419
177 447
177 456
177 488
177 494
177 697
177 783
177 827
178 395
178 399
178 411
178 419
178 447
178 456
178 488
178 494
178 618
178 619
178 620
178 621
178 622
178 623
178 624
178 625
178 626
178 697
178 783
178 827
179 395
179 399
179 411
179 419
179 447
179 456
179 488
179 495
179 614
179 615
179 616
179 617
179 626
179 627
179 628
179 629
179 630
179 631
179 697
179 784
179 827
180 395
180 399
180 411
180 419
180 447
180 456
180 488
180 495
180 612
180 613
180 618
180 619
180 620
180 621
180 622
180 623
180 624
180 625
180 626
180 627
180 628
180 629
180 698
180 784
180 827
181 395
181 399
181 411
181 419
181 447
181 456
181 488
181 495
181 610
181 611
181 612
181 618
181 619
181 630
181 698
181 784
181 827
182 395
182 399
182 411
182 419
182 447
182 456
182 488
182 495
182 597
182 598
182 599
182 600
182 601
182 602
182 603
182 604
182 605
182 606
182 607
182 608
182 609
182 617
182 618
182 631
182 698
182 784
182 827
183 395
183 399
183 412
183 420
183 447
183 456
183 488
183 495
183 595
183 596
183 617
183 632
183 698
183 784
183 827
184 395
184 399
184 412
184 420
184 447
184 456
184 488
184 495
184 595
184 610
184 616
184 632
184 784
184 827
185 395
185 399
185 412
185 420
185 447
185 455
185 489
185 495
185 592
185 594
185 610
185 632
185 784
185 827
186 395
186 399
186 412
186 420
186 447
186 455
186 489
186 495
186 593
186 611
186 784
186 827
187 395
187 399
187 412
187 420
187 446
187 455
187 489
187 495
187 593
187 611
187 827
188 395
188 399
188 412
188 420
188 446
188 489
188 495
188 508
188 509
188 510
188 511
188 512
188 513
188 514
188 517
188 593
188 611
188 827
189 395
189 400
189 412
189 420
189 446
189 480
189 489
189 496
189 506
189 507
189 515
189 517
189 546
189 547
189 548
189 549
189 593
189 612
189 827
190 395
190 400
190 412
190 420
190 476
190 477
190 478
190 479
190 481
190 482
190 483
190 484
190 485
190 486
190 487
190 488
190 490
190 491
190 492
190 493
190 494
190 495
190 496
190 498
190 499
190 500
190 501
190 502
190 503
190 504
190 505
190 518
190 545
190 550
190 592
190 612
191 395
191 400
191 413
191 420
191 474
191 475
191 518
191 519
191 544
191 550
191 592
191 612
192 395
192 400
192 413
192 421
192 471
192 472
192 473
192 519
192 544
192 550
193 395
193 400
193 413
193 421
193 469
193 470
193 520
193 522
193 544
193 550
194 395
194 400
194 413
194 421
194 467
194 468
194 520
194 544
194 550
195 395
195 400
195 413
195 421
195 466
195 467
195 544
195 550
196 395
196 400
196 413
196 421
196 465
196 466
196 544
196 550
197 395
197 400
197 413
197 421
197 464
197 465
197 523
197 524
197 544
197 550
198 395
198 400
198 413
198 421
198 464
198 524
198 525
198 545
198 550
199 395
199 400
199 414
199 421
199 463
199 525
199 545
199 551
200 395
200 400
200 414
200 421
200 462
200 463
200 526
200 545
200 551
201 395
201 400
201 414
201 461
201 462
201 526
201 545
201 551
202 395
202 400
202 414
202 460
202 461
202 527
203 395
203 400
203 459
203 460
203 527
204 395
204 400
204 458
204 459
204 528
205 395
205 400
205 457
205 458
205 528
206 395
206 400
206 457
206 529
207 395
207 400
207 456
207 529
208 395
208 400
208 449
208 450
208 455
208 456
208 530
209 395
209 400
209 447
209 448
209 451
209 452
209 453
209 454
209 455
209 530
210 395
210 400
210 446
210 531
211 395
211 400
211 446
211 531
212 395
212 400
212 446
212 531
213 395
213 400
213 446
213 531
214 395
214 400
214 447
214 531
215 395
215 400
215 447
215 448
215 449
215 531
216 394
216 400
216 531
217 394
217 396
217 400
217 448
217 449
217 531
218 394
218 396
218 400
218 447
218 448
218 532
219 394
219 396
219 400
219 447
219 532
220 394
220 395
220 396
220 400
220 446
220 532
221 400
221 445
221 446
221 532
222 395
222 400
223 395
223 400
224 395
224 400
225 395
225 400
226 395
307 1278
309 1278
309 1279
342 0
