0 100
0 110
0 175
0 194
0 277
0 618
0 720
0 736
0 1147
1 100
1 110
1 175
1 194
1 277
1 618
1 720
1 736
1 1147
2 100
2 110
2 175
2 195
2 239
2 240
2 241
2 242
2 243
2 244
2 245
2 246
2 247
2 248
2 249
2 250
2 251
2 252
2 253
2 277
2 618
2 720
2 736
2 1147
3 100
3 110
3 175
3 195
3 222
3 223
3 224
3 225
3 226
3 227
3 228
3 229
3 230
3 231
3 232
3 233
3 234
3 235
3 236
3 237
3 238
3 254
3 255
3 277
3 618
3 720
3 736
3 1147
4 100
4 110
4 175
4 196
4 221
4 255
4 256
4 277
4 619
4 720
4 736
4 1147
5 100
5 110
5 175
5 196
5 220
5 256
5 277
5 619
5 620
5 720
5 736
5 1146
5 1147
6 100
6 110
6 114
6 115
6 116
6 117
6 174
6 196
6 220
6 256
6 277
6 621
6 720
6 736
6 1145
7 100
7 110
7 113
7 114
7 118
7 174
7 196
7 220
7 256
7 277
7 621
7 720
7 735
7 1144
8 100
8 110
8 113
8 118
8 174
8 196
8 220
8 256
8 277
8 622
8 720
8 735
8 1145
9 100
9 110
9 112
9 118
9 175
9 195
9 219
9 256
9 277
9 622
9 720
9 735
9 1146
10 100
10 110
10 112
10 118
10 175
10 176
10 195
10 219
10 256
10 277
10 622
10 720
10 735
10 1146
11 100
11 110
11 112
11 118
11 176
11 177
11 193
11 194
11 218
11 256
11 277
11 622
11 720
11 735
11 1147
12 100
12 110
12 112
12 118
12 177
12 178
12 192
12 193
12 217
12 218
12 256
12 277
12 622
12 719
12 736
12 1147
13 100
13 110
13 111
13 112
13 117
13 178
13 179
13 192
13 217
13 256
13 277
13 621
13 719
13 736
13 737
13 1148
14 92
14 93
14 100
14 108
14 109
14 111
14 117
14 179
14 180
14 191
14 216
14 256
14 277
14 621
14 719
14 737
14 1148
14 1149
15 90
15 91
15 94
15 95
15 100
15 106
15 107
15 108
15 117
15 180
15 181
15 190
15 191
15 211
15 212
15 213
15 214
15 215
15 216
15 256
15 277
15 620
15 621
15 719
15 737
15 1149
15 1150
16 88
16 89
16 96
16 97
16 101
16 102
16 103
16 104
16 105
16 108
16 118
16 119
16 181
16 182
16 187
16 188
16 189
16 210
16 256
16 277
16 617
16 618
16 619
16 620
16 719
16 738
16 1151
16 1152
17 87
17 88
17 98
17 99
17 100
17 101
17 108
17 119
17 182
17 183
17 185
17 186
17 209
17 256
17 277
17 617
17 719
17 738
17 1153
18 86
18 87
18 101
18 108
18 120
18 209
18 256
18 277
18 617
18 618
18 719
18 738
18 1154
19 86
19 101
19 108
19 120
19 177
19 178
19 179
19 180
19 181
19 209
19 256
19 277
19 618
19 619
19 719
19 738
19 1154
20 86
20 101
20 108
20 121
20 175
20 176
20 184
20 208
20 209
20 256
20 277
20 620
20 621
20 719
20 738
20 1155
21 83
21 84
21 85
21 86
21 101
21 108
21 121
21 174
21 184
21 207
21 208
21 256
21 277
21 621
21 622
21 719
21 738
21 1155
22 81
22 82
22 101
22 108
22 122
22 173
22 184
22 206
22 255
22 256
22 277
22 622
22 623
22 719
22 737
22 1155
23 80
23 101
23 108
23 123
23 124
23 173
23 184
23 205
23 255
23 256
23 277
23 623
23 719
23 737
23 1155
24 79
24 101
24 108
24 124
24 125
24 173
24 184
24 205
24 255
24 256
24 277
24 623
24 719
24 737
24 1154
25 39
25 54
25 55
25 79
25 101
25 108
25 125
25 126
25 173
25 184
25 205
25 253
25 254
25 255
25 256
25 277
25 623
25 719
25 737
25 1154
26 38
26 40
26 41
26 42
26 43
26 44
26 45
26 51
26 52
26 53
26 56
26 57
26 80
26 101
26 108
26 126
26 127
26 173
26 185
26 199
26 200
26 201
26 202
26 203
26 204
26 250
26 251
26 252
26 255
26 277
26 622
26 719
26 737
26 1153
27 37
27 46
27 47
27 48
27 49
27 50
27 57
27 58
27 71
27 72
27 73
27 74
27 80
27 101
27 108
27 127
27 128
27 173
27 185
27 186
27 196
27 197
27 198
27 249
27 255
27 277
27 622
27 719
27 737
27 1153
28 37
28 58
28 70
28 75
28 76
28 77
28 78
28 81
28 101
28 108
28 128
28 129
28 173
28 186
28 187
28 194
28 195
28 248
28 255
28 277
28 621
28 622
28 719
28 736
28 737
28 1153
29 37
29 59
29 69
29 79
29 80
29 101
29 108
29 129
29 130
29 173
29 187
29 188
29 194
29 248
29 255
29 277
29 621
29 719
29 736
29 1153
30 37
30 59
30 60
30 70
30 81
30 101
30 108
30 130
30 131
30 173
30 189
30 190
30 193
30 200
30 201
30 202
30 247
30 255
30 277
30 621
30 719
30 735
30 1151
30 1152
31 38
31 60
31 61
31 70
31 101
31 108
31 132
31 133
31 134
31 135
31 173
31 191
31 192
31 193
31 197
31 198
31 199
31 203
31 204
31 248
31 255
31 277
31 621
31 719
31 735
31 1132
31 1133
31 1134
31 1135
31 1136
31 1137
31 1138
31 1149
31 1150
32 38
32 39
32 61
32 62
32 71
32 101
32 108
32 136
32 137
32 138
32 173
32 195
32 196
32 205
32 206
32 227
32 228
32 229
32 230
32 238
32 239
32 240
32 241
32 248
32 255
32 277
32 622
32 718
32 734
32 1130
32 1131
32 1138
32 1139
32 1149
33 39
33 62
33 63
33 71
33 72
33 101
33 108
33 139
33 140
33 141
33 173
33 193
33 194
33 207
33 208
33 226
33 230
33 231
33 236
33 237
33 242
33 243
33 249
33 255
33 277
33 622
33 623
33 628
33 629
33 630
33 631
33 718
33 734
33 1129
33 1130
33 1140
33 1141
33 1142
33 1143
33 1144
33 1145
33 1146
33 1147
33 1148
34 40
34 64
34 65
34 72
34 73
34 101
34 108
34 142
34 143
34 173
34 191
34 192
34 208
34 213
34 214
34 215
34 216
34 217
34 225
34 232
34 233
34 234
34 235
34 243
34 244
34 249
34 255
34 277
34 624
34 625
34 626
34 627
34 631
34 632
34 718
34 734
34 1129
35 40
35 65
35 66
35 74
35 75
35 101
35 108
35 143
35 173
35 189
35 190
35 208
35 211
35 212
35 218
35 219
35 220
35 221
35 222
35 223
35 244
35 245
35 248
35 249
35 255
35 277
35 632
35 633
35 718
35 735
35 1129
36 40
36 66
36 67
36 76
36 101
36 108
36 144
36 173
36 187
36 188
36 208
36 210
36 224
36 245
36 246
36 247
36 255
36 277
36 633
36 718
36 735
36 1129
37 40
37 68
37 69
37 70
37 76
37 101
37 108
37 144
37 145
37 173
37 185
37 186
37 255
37 277
37 633
37 718
37 736
37 1129
38 40
38 71
38 72
38 73
38 74
38 75
38 101
38 108
38 146
38 147
38 173
38 183
38 184
38 255
38 277
38 633
38 718
38 736
38 1128
38 1129
39 41
39 101
39 108
39 148
39 149
39 163
39 173
39 182
39 183
39 255
39 277
39 633
39 718
39 736
39 1127
40 41
40 101
40 108
40 149
40 150
40 155
40 161
40 162
40 164
40 165
40 173
40 181
40 182
40 255
40 277
40 579
40 580
40 632
40 718
40 736
40 1126
41 42
41 101
41 108
41 150
41 151
41 152
41 153
41 154
41 156
41 157
41 158
41 159
41 160
41 166
41 167
41 173
41 179
41 180
41 255
41 277
41 565
41 573
41 574
41 575
41 576
41 577
41 578
41 581
41 582
41 631
41 632
41 718
41 736
41 1126
42 42
42 101
42 108
42 167
42 173
42 179
42 255
42 277
42 564
42 566
42 572
42 582
42 631
42 718
42 735
42 1125
43 43
43 101
43 108
43 167
43 173
43 178
43 255
43 277
43 564
43 566
43 571
43 582
43 630
43 718
43 735
43 1125
44 44
44 45
44 101
44 108
44 167
44 173
44 175
44 176
44 177
44 178
44 255
44 277
44 564
44 567
44 568
44 569
44 570
44 571
44 582
44 597
44 598
44 599
44 629
44 630
44 718
44 735
44 1126
45 46
45 101
45 108
45 167
45 173
45 255
45 277
45 564
45 565
45 582
45 596
45 601
45 623
45 624
45 627
45 628
45 718
45 735
45 1126
45 1127
46 46
46 101
46 108
46 166
46 172
46 255
46 277
46 566
46 567
46 582
46 597
46 598
46 601
46 602
46 623
46 625
46 626
46 627
46 718
46 735
46 1127
46 1128
47 46
47 101
47 108
47 166
47 172
47 255
47 277
47 567
47 568
47 582
47 599
47 603
47 604
47 623
47 718
47 735
47 1129
47 1130
48 46
48 101
48 108
48 165
48 166
48 172
48 255
48 277
48 568
48 569
48 582
48 583
48 599
48 604
48 605
48 623
48 718
48 736
48 1131
48 1132
49 45
49 101
49 108
49 163
49 164
49 172
49 255
49 277
49 569
49 570
49 583
49 584
49 599
49 605
49 606
49 623
49 718
49 736
49 1132
50 45
50 101
50 108
50 162
50 172
50 255
50 277
50 570
50 584
50 599
50 607
50 608
50 623
50 718
50 736
50 1132
51 44
51 101
51 108
51 161
51 172
51 255
51 277
51 571
51 585
51 598
51 599
51 608
51 609
51 623
51 718
51 736
51 1133
51 1134
52 45
52 101
52 108
52 161
52 172
52 255
52 277
52 571
52 585
52 597
52 598
52 610
52 611
52 623
52 718
52 736
52 922
52 923
52 1135
52 1136
53 45
53 101
53 108
53 160
53 172
53 255
53 277
53 571
53 586
53 596
53 597
53 611
53 612
53 623
53 717
53 736
53 920
53 921
53 924
53 1136
54 46
54 55
54 56
54 101
54 108
54 160
54 172
54 255
54 277
54 570
54 587
54 588
54 596
54 612
54 613
54 623
54 717
54 736
54 910
54 911
54 912
54 913
54 914
54 920
54 925
54 1136
55 47
55 48
55 49
55 50
55 51
55 52
55 53
55 54
55 57
55 58
55 101
55 108
55 160
55 172
55 255
55 277
55 570
55 589
55 590
55 591
55 595
55 613
55 614
55 623
55 717
55 735
55 908
55 909
55 915
55 916
55 919
55 925
55 1136
56 29
56 30
56 31
56 58
56 59
56 101
56 108
56 161
56 172
56 255
56 277
56 569
56 592
56 593
56 594
56 595
56 614
56 615
56 616
56 622
56 637
56 638
56 639
56 640
56 641
56 642
56 643
56 644
56 645
56 646
56 647
56 648
56 717
56 736
56 908
56 917
56 918
56 919
56 926
56 1134
56 1135
57 28
57 32
57 33
57 34
57 59
57 60
57 101
57 108
57 161
57 162
57 172
57 255
57 277
57 569
57 617
57 618
57 619
57 620
57 621
57 622
57 636
57 649
57 717
57 736
57 737
57 907
57 926
57 927
57 932
57 933
57 934
57 1133
58 27
58 35
58 36
58 37
58 38
58 39
58 40
58 41
58 42
58 43
58 61
58 62
58 101
58 108
58 162
58 163
58 172
58 254
58 277
58 570
58 635
58 649
58 717
58 738
58 739
58 907
58 928
58 929
58 930
58 931
58 935
58 1132
59 27
59 44
59 45
59 46
59 47
59 48
59 62
59 63
59 101
59 108
59 163
59 164
59 172
59 254
59 277
59 570
59 571
59 635
59 649
59 717
59 739
59 907
59 936
59 1132
60 27
60 49
60 50
60 51
60 52
60 64
60 65
60 101
60 108
60 164
60 165
60 172
60 254
60 277
60 571
60 572
60 636
60 637
60 638
60 639
60 640
60 648
60 649
60 717
60 740
60 907
60 936
60 1132
61 27
61 53
61 54
61 55
61 65
61 66
61 67
61 101
61 108
61 165
61 166
61 172
61 254
61 277
61 573
61 574
61 641
61 642
61 643
61 644
61 645
61 646
61 647
61 717
61 740
61 741
61 907
61 936
61 1132
61 1133
62 27
62 56
62 57
62 58
62 68
62 69
62 101
62 108
62 167
62 168
62 172
62 254
62 277
62 574
62 717
62 742
62 907
62 936
62 1133
63 28
63 59
63 60
63 61
63 62
63 69
63 101
63 108
63 169
63 170
63 171
63 172
63 254
63 277
63 574
63 717
63 742
63 907
63 936
63 1132
63 1133
64 28
64 63
64 64
64 65
64 66
64 67
64 68
64 69
64 101
64 108
64 254
64 277
64 574
64 717
64 742
64 907
64 936
64 937
64 1112
64 1113
64 1114
64 1115
64 1129
64 1130
64 1131
65 28
65 101
65 108
65 254
65 277
65 574
65 717
65 742
65 907
65 938
65 939
65 1110
65 1111
65 1115
65 1116
65 1127
65 1128
66 28
66 101
66 108
66 254
66 277
66 574
66 717
66 742
66 855
66 856
66 857
66 858
66 907
66 939
66 1109
66 1110
66 1116
66 1117
66 1125
66 1126
67 28
67 101
67 108
67 254
67 277
67 574
67 717
67 741
67 853
67 854
67 859
67 860
67 907
67 940
67 941
67 942
67 943
67 1108
67 1109
67 1117
67 1118
67 1124
67 1125
68 28
68 101
68 108
68 254
68 277
68 574
68 717
68 740
68 851
68 852
68 860
68 907
68 944
68 945
68 1108
68 1119
68 1120
68 1121
68 1122
68 1123
68 1124
69 28
69 101
69 254
69 277
69 459
69 574
69 717
69 740
69 846
69 847
69 848
69 849
69 850
69 851
69 861
69 907
69 946
69 947
69 1107
70 28
70 101
70 254
70 277
70 458
70 573
70 717
70 739
70 844
70 845
70 861
70 907
70 947
70 985
70 986
70 987
70 988
70 989
70 990
70 1107
71 28
71 254
71 277
71 456
71 457
71 458
71 573
71 717
71 739
71 837
71 838
71 839
71 840
71 841
71 842
71 843
71 844
71 861
71 907
71 948
71 983
71 984
71 991
71 1106
72 27
72 254
72 277
72 454
72 455
72 458
72 573
72 717
72 739
72 835
72 836
72 861
72 907
72 948
72 983
72 992
72 1105
73 24
73 25
73 26
73 27
73 254
73 277
73 454
73 458
73 571
73 572
73 716
73 738
73 833
73 834
73 860
73 907
73 948
73 982
73 992
73 1104
74 22
74 23
74 254
74 277
74 435
74 453
74 458
74 570
74 716
74 738
74 806
74 807
74 808
74 809
74 810
74 811
74 833
74 860
74 862
74 863
74 864
74 907
74 948
74 982
74 992
74 1105
75 22
75 254
75 277
75 434
75 436
75 437
75 453
75 458
75 570
75 716
75 737
75 804
75 805
75 812
75 813
75 832
75 865
75 900
75 901
75 902
75 903
75 907
75 948
75 982
75 993
75 994
75 995
75 996
75 997
75 1105
75 1106
76 21
76 254
76 277
76 433
76 438
76 439
76 440
76 452
76 453
76 457
76 570
76 716
76 737
76 803
76 804
76 813
76 832
76 866
76 898
76 899
76 904
76 905
76 906
76 907
76 948
76 981
76 998
76 999
76 1106
77 20
77 21
77 254
77 277
77 433
77 441
77 452
77 453
77 457
77 571
77 572
77 716
77 735
77 736
77 803
77 814
77 832
77 866
77 896
77 897
77 947
77 981
77 999
77 1105
77 1106
78 19
78 20
78 254
78 277
78 433
78 441
78 452
78 458
78 573
78 574
78 716
78 735
78 802
78 814
78 820
78 821
78 822
78 823
78 824
78 832
78 866
78 896
78 946
78 947
78 981
78 999
78 1104
78 1105
79 18
79 19
79 254
79 277
79 433
79 441
79 452
79 458
79 574
79 716
79 735
79 802
79 815
79 816
79 817
79 818
79 819
79 825
79 826
79 832
79 866
79 895
79 946
79 982
79 999
79 1030
79 1031
79 1032
79 1102
79 1103
80 18
80 254
80 277
80 433
80 441
80 452
80 458
80 575
80 716
80 735
80 801
80 826
80 827
80 831
80 865
80 895
80 945
80 982
80 999
80 1028
80 1029
80 1033
80 1034
80 1035
80 1101
81 17
81 254
81 276
81 433
81 441
81 452
81 455
81 456
81 457
81 458
81 575
81 716
81 735
81 801
81 827
81 831
81 864
81 865
81 895
81 946
81 981
81 982
81 999
81 1027
81 1028
81 1036
81 1037
81 1100
82 17
82 254
82 276
82 433
82 441
82 452
82 454
82 455
82 575
82 716
82 735
82 801
82 828
82 829
82 830
82 863
82 864
82 896
82 946
82 980
82 981
82 999
82 1027
82 1037
82 1038
82 1100
83 17
83 254
83 276
83 433
83 441
83 452
83 454
83 576
83 716
83 735
83 801
83 862
83 865
83 866
83 896
83 947
83 980
83 999
83 1005
83 1006
83 1026
83 1038
83 1039
83 1040
83 1041
83 1100
84 16
84 17
84 254
84 276
84 433
84 441
84 451
84 576
84 716
84 735
84 802
84 862
84 864
84 867
84 868
84 897
84 947
84 948
84 979
84 999
84 1002
84 1003
84 1004
84 1007
84 1008
84 1009
84 1010
84 1011
84 1012
84 1013
84 1014
84 1015
84 1016
84 1017
84 1024
84 1025
84 1042
84 1043
84 1044
84 1045
84 1046
84 1075
84 1076
84 1077
84 1078
84 1100
85 15
85 254
85 276
85 433
85 441
85 451
85 576
85 716
85 735
85 802
85 868
85 897
85 948
85 979
85 1001
85 1018
85 1024
85 1047
85 1074
85 1079
85 1100
86 13
86 14
86 254
86 276
86 433
86 441
86 451
86 577
86 716
86 735
86 802
86 868
86 898
86 899
86 900
86 901
86 902
86 949
86 979
86 997
86 999
86 1019
86 1023
86 1048
86 1065
86 1066
86 1067
86 1072
86 1073
86 1080
86 1100
87 10
87 11
87 12
87 254
87 276
87 433
87 441
87 451
87 577
87 716
87 735
87 803
87 868
87 903
87 949
87 950
87 979
87 996
87 1019
87 1020
87 1023
87 1048
87 1049
87 1064
87 1068
87 1069
87 1070
87 1071
87 1080
87 1081
87 1100
88 8
88 9
88 254
88 276
88 433
88 441
88 451
88 578
88 716
88 735
88 803
88 868
88 889
88 890
88 903
88 951
88 952
88 980
88 996
88 998
88 1020
88 1021
88 1022
88 1049
88 1050
88 1057
88 1058
88 1059
88 1060
88 1063
88 1081
88 1093
88 1094
88 1095
88 1096
88 1101
89 6
89 7
89 254
89 276
89 433
89 441
89 451
89 578
89 579
89 605
89 606
89 607
89 716
89 735
89 803
89 812
89 813
89 868
89 887
89 888
89 891
89 892
89 903
89 953
89 954
89 955
89 956
89 957
89 958
89 959
89 960
89 981
89 982
89 1050
89 1051
89 1052
89 1053
89 1054
89 1055
89 1056
89 1061
89 1062
89 1063
89 1081
89 1091
89 1092
89 1097
89 1101
89 1102
90 6
90 254
90 276
90 433
90 441
90 451
90 579
90 603
90 604
90 608
90 609
90 716
90 735
90 802
90 812
90 814
90 867
90 868
90 885
90 886
90 893
90 894
90 901
90 902
90 903
90 961
90 962
90 983
90 1081
90 1091
90 1098
90 1102
91 5
91 254
91 276
91 433
91 441
91 451
91 579
91 597
91 598
91 599
91 600
91 601
91 602
91 603
91 609
91 613
91 656
91 716
91 735
91 802
91 811
91 814
91 867
91 879
91 880
91 881
91 882
91 883
91 884
91 894
91 895
91 896
91 897
91 898
91 899
91 900
91 963
91 964
91 983
91 1081
91 1090
91 1098
91 1103
92 4
92 5
92 254
92 276
92 434
92 440
92 451
92 579
92 594
92 595
92 596
92 610
92 611
92 612
92 614
92 615
92 616
92 620
92 621
92 622
92 623
92 624
92 625
92 626
92 627
92 628
92 629
92 630
92 631
92 632
92 654
92 655
92 657
92 658
92 716
92 734
92 735
92 802
92 812
92 815
92 866
92 874
92 875
92 876
92 877
92 878
92 965
92 966
92 984
92 1081
92 1090
92 1098
92 1103
93 0
93 1
93 2
93 3
93 4
93 254
93 276
93 434
93 439
93 440
93 451
93 579
93 592
93 593
93 617
93 618
93 619
93 632
93 633
93 652
93 653
93 658
93 715
93 716
93 734
93 735
93 802
93 812
93 815
93 866
93 871
93 872
93 873
93 966
93 974
93 975
93 976
93 985
93 986
93 987
93 1081
93 1089
93 1099
93 1100
93 1101
93 1102
93 1103
94 254
94 276
94 435
94 439
94 440
94 451
94 579
94 592
94 633
94 650
94 651
94 659
94 715
94 716
94 734
94 735
94 802
94 812
94 815
94 862
94 863
94 866
94 869
94 870
94 967
94 971
94 972
94 973
94 977
94 978
94 979
94 980
94 981
94 982
94 983
94 988
94 1081
94 1088
94 1089
95 254
95 276
95 435
95 439
95 440
95 451
95 580
95 591
95 634
95 648
95 649
95 659
95 674
95 701
95 702
95 703
95 715
95 716
95 734
95 735
95 803
95 812
95 815
95 861
95 864
95 868
95 967
95 968
95 969
95 970
95 984
95 985
95 988
95 1082
95 1083
95 1084
95 1085
95 1086
95 1087
96 254
96 276
96 436
96 439
96 440
96 451
96 580
96 590
96 591
96 634
96 648
96 659
96 672
96 673
96 675
96 676
96 700
96 704
96 715
96 734
96 735
96 758
96 759
96 803
96 804
96 812
96 815
96 860
96 867
96 986
96 987
96 988
97 254
97 276
97 436
97 439
97 451
97 581
97 588
97 589
97 634
97 647
97 660
97 661
97 662
97 663
97 664
97 665
97 666
97 667
97 668
97 669
97 670
97 671
97 677
97 699
97 704
97 715
97 734
97 735
97 756
97 757
97 760
97 761
97 804
97 805
97 814
97 815
97 861
97 867
98 254
98 276
98 437
98 438
98 439
98 451
98 581
98 582
98 587
98 588
98 634
98 641
98 642
98 643
98 647
98 678
98 679
98 680
98 681
98 682
98 683
98 684
98 685
98 699
98 705
98 711
98 712
98 713
98 714
98 715
98 734
98 736
98 741
98 742
98 743
98 754
98 755
98 762
98 763
98 806
98 807
98 808
98 809
98 810
98 811
98 862
98 863
98 866
99 254
99 276
99 438
99 451
99 582
99 583
99 586
99 587
99 634
99 639
99 640
99 644
99 645
99 646
99 686
99 687
99 699
99 705
99 706
99 707
99 708
99 709
99 710
99 715
99 734
99 736
99 739
99 740
99 744
99 745
99 754
99 763
99 764
99 812
99 864
99 865
99 866
100 254
100 276
100 438
100 450
100 583
100 584
100 585
100 635
100 636
100 637
100 638
100 639
100 688
100 689
100 690
100 691
100 692
100 693
100 694
100 695
100 696
100 697
100 698
100 699
100 715
100 734
100 736
100 738
100 746
100 747
100 753
100 764
100 765
100 812
100 831
101 254
101 276
101 438
101 450
101 715
101 734
101 736
101 738
101 747
101 748
101 749
101 750
101 751
101 752
101 753
101 765
101 812
101 827
101 828
101 829
101 830
101 832
101 833
102 254
102 276
102 438
102 450
102 715
102 734
102 736
102 738
102 766
102 813
102 825
102 826
102 833
103 254
103 276
103 438
103 450
103 715
103 734
103 736
103 737
103 738
103 766
103 814
103 815
103 824
103 825
103 834
104 254
104 276
104 438
104 450
104 715
104 734
104 766
104 815
104 816
104 824
104 834
105 254
105 276
105 438
105 450
105 715
105 734
105 767
105 768
105 816
105 823
105 835
105 878
105 879
105 880
106 254
106 276
106 438
106 450
106 714
106 734
106 769
106 770
106 817
106 824
106 825
106 826
106 836
106 837
106 875
106 876
106 877
106 881
107 254
107 276
107 438
107 450
107 714
107 734
107 770
107 817
107 827
107 828
107 829
107 837
107 873
107 874
107 881
108 254
108 276
108 438
108 450
108 714
108 734
108 736
108 737
108 771
108 803
108 804
108 805
108 806
108 807
108 808
108 817
108 830
108 831
108 837
108 871
108 872
108 880
108 881
109 254
109 276
109 438
109 450
109 714
109 734
109 736
109 771
109 801
109 802
109 809
109 810
109 817
109 832
109 833
109 834
109 835
109 836
109 837
109 868
109 869
109 870
109 878
109 879
110 254
110 276
110 437
110 450
110 714
110 734
110 770
110 771
110 801
110 811
110 812
110 817
110 865
110 866
110 867
110 877
110 878
111 254
111 276
111 437
111 450
111 714
111 734
111 770
111 800
111 812
111 816
111 864
111 875
111 876
111 877
112 254
112 276
112 437
112 450
112 714
112 734
112 770
112 800
112 813
112 814
112 815
112 816
112 864
112 873
112 874
113 254
113 276
113 437
113 450
113 714
113 734
113 771
113 772
113 800
113 864
113 865
113 872
113 873
114 254
114 276
114 437
114 450
114 714
114 734
114 772
114 773
114 800
114 866
114 867
114 871
114 872
115 254
115 276
115 437
115 450
115 714
115 734
115 773
115 800
115 868
115 869
115 870
116 0
116 254
116 276
116 437
116 449
116 714
116 734
116 774
116 800
117 254
117 276
117 437
117 449
117 714
117 734
117 775
117 800
117 1076
117 1077
117 1078
117 1079
117 1080
117 1081
117 1082
117 1083
117 1084
117 1085
117 1086
117 1087
117 1088
118 254
118 276
118 437
118 449
118 714
118 734
118 775
118 801
118 1061
118 1062
118 1063
118 1064
118 1065
118 1066
118 1067
118 1068
118 1069
118 1070
118 1071
118 1072
118 1073
118 1074
118 1075
118 1089
119 254
119 276
119 437
119 449
119 714
119 734
119 773
119 801
119 802
119 803
119 1060
119 1089
120 254
120 276
120 437
120 449
120 714
120 734
120 772
120 804
120 1059
120 1089
121 254
121 276
121 436
121 449
121 714
121 734
121 773
121 774
121 775
121 776
121 777
121 804
121 1059
121 1089
122 0
122 1
122 254
122 276
122 436
122 449
122 714
122 734
122 778
122 779
122 804
122 1059
122 1089
123 254
123 276
123 379
123 380
123 381
123 436
123 449
123 714
123 734
123 780
123 803
123 1059
123 1089
124 254
124 276
124 378
124 381
124 436
124 449
124 664
124 690
124 691
124 714
124 734
124 780
124 803
124 1059
124 1089
125 254
125 276
125 377
125 381
125 436
125 449
125 663
125 665
125 689
125 714
125 734
125 780
125 803
125 1059
125 1089
126 254
126 276
126 377
126 381
126 436
126 449
126 662
126 665
126 689
126 714
126 734
126 780
126 802
126 803
126 1059
126 1089
127 254
127 276
127 377
127 381
127 436
127 449
127 662
127 665
127 689
127 714
127 734
127 780
127 800
127 801
127 1059
127 1089
128 254
128 276
128 377
128 381
128 436
128 449
128 662
128 665
128 689
128 714
128 734
128 780
128 799
128 1059
128 1089
129 254
129 276
129 377
129 381
129 436
129 449
129 662
129 665
129 689
129 714
129 733
129 781
129 798
129 1059
129 1088
129 1270
129 1271
129 1272
129 1273
129 1274
129 1275
129 1276
129 1277
129 1278
129 1279
130 253
130 276
130 377
130 381
130 436
130 449
130 662
130 665
130 689
130 713
130 733
130 781
130 785
130 786
130 797
130 798
130 1059
130 1088
130 1250
130 1251
130 1252
130 1253
130 1254
130 1255
130 1256
130 1257
130 1258
130 1259
130 1260
130 1261
130 1262
130 1263
130 1264
130 1265
130 1266
130 1267
130 1268
130 1269
131 253
131 276
131 377
131 381
131 436
131 449
131 662
131 665
131 689
131 713
131 733
131 781
131 783
131 784
131 787
131 788
131 797
131 1058
131 1088
131 1207
131 1208
131 1209
131 1210
131 1211
131 1212
131 1213
131 1214
131 1215
131 1216
131 1229
131 1230
131 1231
131 1232
131 1233
131 1234
131 1235
131 1236
131 1237
131 1238
131 1239
131 1240
131 1241
131 1242
131 1243
131 1244
131 1245
131 1246
131 1247
131 1248
131 1249
132 253
132 276
132 377
132 381
132 435
132 448
132 662
132 665
132 689
132 713
132 733
132 781
132 783
132 789
132 790
132 796
132 1058
132 1088
132 1206
132 1217
132 1218
132 1219
132 1220
132 1221
132 1222
132 1223
132 1224
132 1225
132 1226
132 1227
132 1228
133 253
133 276
133 377
133 381
133 435
133 448
133 662
133 665
133 689
133 713
133 733
133 791
133 792
133 796
133 1058
133 1088
133 1201
133 1202
133 1203
133 1204
133 1205
134 253
134 276
134 377
134 381
134 435
134 448
134 662
134 665
134 689
134 713
134 733
134 793
134 794
134 795
134 1058
134 1088
134 1185
134 1186
134 1187
134 1188
134 1189
134 1190
134 1191
134 1192
134 1193
134 1194
134 1195
134 1196
134 1197
134 1198
134 1199
134 1200
135 253
135 276
135 377
135 381
135 435
135 448
135 662
135 665
135 689
135 713
135 733
135 1058
135 1088
135 1168
135 1169
135 1170
135 1171
135 1172
135 1173
135 1174
135 1175
135 1176
135 1177
135 1178
135 1179
135 1180
135 1181
135 1182
135 1183
135 1184
136 253
136 276
136 377
136 381
136 427
136 428
136 429
136 430
136 431
136 432
136 433
136 434
136 435
136 448
136 662
136 665
136 689
136 713
136 733
136 1058
136 1088
136 1152
136 1153
136 1154
136 1155
136 1156
136 1157
136 1158
136 1159
136 1160
136 1161
136 1162
136 1163
136 1164
136 1165
136 1166
136 1167
137 253
137 276
137 377
137 381
137 389
137 390
137 391
137 392
137 393
137 394
137 395
137 396
137 397
137 398
137 399
137 400
137 401
137 402
137 403
137 404
137 405
137 406
137 407
137 408
137 409
137 410
137 411
137 412
137 413
137 414
137 415
137 416
137 417
137 418
137 419
137 420
137 421
137 422
137 423
137 424
137 425
137 426
137 435
137 448
137 450
137 451
137 452
137 453
137 454
137 455
137 456
137 457
137 458
137 459
137 460
137 461
137 462
137 463
137 464
137 465
137 466
137 467
137 468
137 469
137 470
137 471
137 472
137 473
137 474
137 475
137 476
137 477
137 478
137 479
137 480
137 481
137 482
137 483
137 484
137 485
137 486
137 487
137 488
137 489
137 490
137 491
137 492
137 493
137 494
137 662
137 665
137 689
137 713
137 733
137 1058
137 1088
137 1135
137 1136
137 1137
137 1138
137 1139
137 1140
137 1141
137 1142
137 1143
137 1144
137 1145
137 1146
137 1147
137 1148
137 1149
137 1150
137 1151
138 253
138 276
138 378
138 379
138 380
138 381
138 382
138 383
138 384
138 385
138 386
138 387
138 388
138 435
138 448
138 449
138 495
138 501
138 662
138 665
138 689
138 713
138 733
138 1058
138 1071
138 1072
138 1073
138 1074
138 1088
138 1119
138 1120
138 1121
138 1122
138 1123
138 1124
138 1125
138 1126
138 1127
138 1128
138 1129
138 1130
138 1131
138 1132
138 1133
138 1134
139 253
139 276
139 378
139 435
139 448
139 495
139 500
139 588
139 589
139 590
139 591
139 592
139 593
139 594
139 595
139 596
139 597
139 598
139 599
139 600
139 601
139 602
139 662
139 665
139 689
139 713
139 733
139 1058
139 1070
139 1075
139 1076
139 1077
139 1078
139 1079
139 1080
139 1081
139 1082
139 1083
139 1084
139 1102
139 1103
139 1104
139 1105
139 1106
139 1107
139 1108
139 1109
139 1110
139 1111
139 1112
139 1113
139 1114
139 1115
139 1116
139 1117
139 1118
140 253
140 276
140 377
140 435
140 448
140 495
140 500
140 603
140 604
140 605
140 606
140 607
140 608
140 609
140 610
140 611
140 612
140 613
140 614
140 615
140 616
140 617
140 618
140 619
140 662
140 665
140 689
140 713
140 733
140 1059
140 1060
140 1061
140 1062
140 1063
140 1064
140 1065
140 1066
140 1067
140 1068
140 1069
140 1089
140 1090
140 1091
140 1092
140 1093
140 1094
140 1095
140 1096
140 1097
140 1098
140 1099
140 1100
140 1101
141 253
141 276
141 377
141 435
141 448
141 495
141 500
141 620
141 621
141 622
141 623
141 624
141 625
141 626
141 627
141 628
141 629
141 662
141 665
141 689
141 713
141 733
141 1076
141 1077
141 1078
141 1079
141 1080
141 1081
141 1082
141 1083
141 1084
141 1085
141 1086
141 1087
141 1088
142 253
142 276
142 376
142 377
142 435
142 448
142 495
142 501
142 630
142 631
142 632
142 633
142 634
142 635
142 636
142 637
142 638
142 639
142 640
142 662
142 665
142 689
142 713
142 733
142 1061
142 1062
142 1063
142 1064
142 1065
142 1066
142 1067
142 1068
142 1069
143 218
143 219
143 220
143 221
143 222
143 253
143 276
143 375
143 376
143 434
143 435
143 448
143 495
143 501
143 641
143 642
143 643
143 644
143 645
143 646
143 647
143 648
143 649
143 650
143 662
143 665
143 689
143 713
143 733
143 1051
143 1052
143 1053
143 1054
143 1055
143 1056
143 1057
143 1058
143 1059
143 1060
143 1075
144 217
144 223
144 224
144 225
144 226
144 227
144 253
144 276
144 374
144 375
144 434
144 448
144 495
144 501
144 651
144 652
144 653
144 654
144 655
144 656
144 657
144 658
144 659
144 660
144 665
144 689
144 713
144 733
144 1039
144 1040
144 1041
144 1042
144 1043
144 1044
144 1045
144 1046
144 1047
144 1048
144 1049
144 1050
144 1069
144 1075
145 215
145 216
145 228
145 229
145 253
145 276
145 371
145 372
145 373
145 434
145 447
145 448
145 495
145 501
145 661
145 662
145 689
145 713
145 733
145 1028
145 1029
145 1030
145 1031
145 1032
145 1033
145 1034
145 1035
145 1036
145 1037
145 1038
145 1069
145 1075
146 214
146 230
146 231
146 253
146 276
146 369
146 370
146 434
146 447
146 448
146 495
146 501
146 512
146 662
146 666
146 667
146 668
146 669
146 670
146 671
146 672
146 673
146 674
146 675
146 676
146 677
146 678
146 679
146 680
146 681
146 682
146 683
146 684
146 685
146 686
146 687
146 688
146 689
146 713
146 733
146 983
146 984
146 985
146 986
146 987
146 1017
146 1018
146 1019
146 1020
146 1021
146 1022
146 1023
146 1024
146 1025
146 1026
146 1027
146 1069
146 1075
147 213
147 232
147 233
147 253
147 276
147 369
147 434
147 447
147 448
147 495
147 501
147 512
147 513
147 662
147 665
147 690
147 713
147 733
147 982
147 988
147 1006
147 1007
147 1008
147 1009
147 1010
147 1011
147 1012
147 1013
147 1014
147 1015
147 1016
147 1069
147 1075
148 211
148 212
148 234
148 235
148 253
148 276
148 368
148 434
148 447
148 481
148 482
148 483
148 484
148 485
148 486
148 487
148 488
148 489
148 490
148 491
148 492
148 493
148 494
148 495
148 500
148 502
148 503
148 504
148 505
148 506
148 507
148 508
148 509
148 510
148 511
148 572
148 573
148 662
148 664
148 691
148 693
148 694
148 695
148 696
148 697
148 698
148 699
148 700
148 713
148 733
148 981
148 988
148 995
148 996
148 997
148 998
148 999
148 1000
148 1001
148 1002
148 1003
148 1004
148 1005
148 1069
148 1075
149 210
149 236
149 237
149 253
149 276
149 331
149 332
149 333
149 361
149 362
149 363
149 364
149 365
149 366
149 367
149 368
149 434
149 447
149 448
149 449
149 450
149 451
149 452
149 453
149 454
149 455
149 456
149 457
149 458
149 459
149 460
149 461
149 462
149 463
149 464
149 465
149 466
149 467
149 468
149 469
149 470
149 471
149 472
149 473
149 474
149 475
149 476
149 477
149 478
149 479
149 480
149 495
149 500
149 574
149 662
149 664
149 691
149 701
149 702
149 703
149 704
149 705
149 706
149 707
149 708
149 709
149 710
149 713
149 733
149 974
149 975
149 976
149 977
149 978
149 979
149 980
149 981
149 989
149 990
149 991
149 992
149 993
149 994
149 1069
149 1075
150 208
150 209
150 238
150 239
150 253
150 276
150 329
150 330
150 334
150 335
150 336
150 353
150 354
150 355
150 356
150 357
150 358
150 359
150 360
150 434
150 447
150 495
150 500
150 575
150 576
150 577
150 578
150 579
150 580
150 581
150 582
150 583
150 584
150 585
150 586
150 587
150 662
150 664
150 690
150 711
150 712
150 713
150 733
150 923
150 924
150 925
150 926
150 956
150 957
150 958
150 959
150 960
150 961
150 962
150 963
150 964
150 965
150 966
150 967
150 968
150 969
150 970
150 971
150 972
150 973
150 1069
150 1075
151 206
151 207
151 240
151 253
151 276
151 327
151 328
151 337
151 349
151 350
151 351
151 352
151 399
151 400
151 401
151 402
151 403
151 404
151 405
151 406
151 407
151 408
151 409
151 410
151 411
151 412
151 413
151 414
151 415
151 416
151 417
151 418
151 419
151 420
151 421
151 422
151 423
151 424
151 425
151 426
151 427
151 428
151 429
151 430
151 431
151 432
151 433
151 434
151 447
151 495
151 500
151 588
151 589
151 590
151 591
151 592
151 593
151 594
151 595
151 596
151 597
151 598
151 599
151 662
151 664
151 690
151 713
151 714
151 733
151 922
151 927
151 937
151 938
151 939
151 940
151 941
151 942
151 943
151 944
151 945
151 946
151 947
151 948
151 949
151 950
151 951
151 952
151 953
151 954
151 955
151 1069
151 1075
152 200
152 201
152 202
152 203
152 204
152 205
152 241
152 242
152 253
152 276
152 327
152 337
152 347
152 348
152 385
152 386
152 387
152 388
152 389
152 390
152 391
152 392
152 393
152 394
152 395
152 396
152 397
152 398
152 434
152 447
152 495
152 500
152 600
152 601
152 602
152 603
152 604
152 605
152 606
152 607
152 608
152 609
152 610
152 611
152 612
152 613
152 662
152 664
152 690
152 713
152 714
152 733
152 918
152 919
152 920
152 921
152 928
152 929
152 930
152 931
152 932
152 933
152 934
152 935
152 936
152 1069
152 1075
153 193
153 194
153 195
153 196
153 197
153 198
153 199
153 243
153 253
153 276
153 311
153 312
153 313
153 326
153 337
153 346
153 370
153 371
153 372
153 373
153 374
153 375
153 376
153 379
153 380
153 383
153 384
153 434
153 447
153 495
153 500
153 614
153 615
153 616
153 617
153 618
153 619
153 620
153 621
153 622
153 623
153 624
153 662
153 664
153 690
153 713
153 714
153 733
153 874
153 875
153 876
153 877
153 878
153 879
153 880
153 881
153 882
153 905
153 906
153 907
153 908
153 909
153 910
153 911
153 912
153 913
153 914
153 915
153 916
153 917
153 1069
153 1075
154 172
154 173
154 253
154 276
154 311
154 313
154 326
154 337
154 345
154 357
154 358
154 359
154 360
154 361
154 362
154 363
154 364
154 365
154 366
154 367
154 368
154 369
154 377
154 381
154 382
154 434
154 447
154 495
154 500
154 625
154 626
154 627
154 628
154 629
154 630
154 631
154 632
154 633
154 662
154 664
154 690
154 712
154 714
154 733
154 873
154 883
154 884
154 893
154 894
154 895
154 896
154 897
154 898
154 899
154 900
154 901
154 902
154 903
154 904
154 1069
154 1075
155 171
155 172
155 253
155 276
155 311
155 313
155 326
155 337
155 346
155 347
155 348
155 349
155 350
155 381
155 433
155 447
155 495
155 500
155 634
155 635
155 636
155 637
155 662
155 664
155 690
155 712
155 714
155 733
155 870
155 871
155 872
155 884
155 885
155 886
155 887
155 888
155 889
155 890
155 891
155 892
155 1069
155 1075
156 168
156 169
156 170
156 173
156 253
156 276
156 310
156 314
156 326
156 332
156 333
156 334
156 335
156 336
156 356
156 357
156 358
156 359
156 360
156 361
156 362
156 363
156 364
156 365
156 377
156 381
156 433
156 447
156 495
156 500
156 638
156 662
156 664
156 690
156 712
156 714
156 733
156 861
156 862
156 863
156 864
156 865
156 866
156 867
156 868
156 869
156 1069
156 1075
157 166
157 167
157 173
157 253
157 276
157 310
157 314
157 327
157 328
157 329
157 330
157 331
157 351
157 352
157 353
157 354
157 355
157 366
157 376
157 381
157 433
157 447
157 495
157 500
157 638
157 662
157 664
157 690
157 712
157 714
157 733
157 839
157 840
157 841
157 842
157 843
157 851
157 852
157 853
157 854
157 855
157 856
157 857
157 858
157 859
157 860
157 1069
157 1075
158 164
158 165
158 173
158 253
158 276
158 278
158 310
158 311
158 312
158 313
158 314
158 350
158 366
158 376
158 381
158 433
158 447
158 495
158 500
158 638
158 662
158 664
158 690
158 712
158 714
158 733
158 816
158 817
158 818
158 835
158 836
158 837
158 838
158 844
158 845
158 846
158 847
158 848
158 849
158 850
158 1069
158 1075
159 162
159 163
159 173
159 253
159 276
159 277
159 279
159 350
159 366
159 376
159 381
159 433
159 447
159 495
159 500
159 522
159 639
159 664
159 690
159 712
159 714
159 733
159 796
159 815
159 819
159 825
159 826
159 827
159 828
159 829
159 830
159 831
159 832
159 833
159 834
159 1069
159 1075
160 162
160 173
160 253
160 276
160 277
160 279
160 350
160 366
160 376
160 381
160 433
160 447
160 495
160 500
160 522
160 639
160 661
160 662
160 664
160 691
160 693
160 694
160 695
160 696
160 712
160 714
160 733
160 795
160 797
160 808
160 809
160 810
160 811
160 812
160 813
160 814
160 820
160 821
160 822
160 823
160 824
160 1069
160 1075
161 161
161 173
161 253
161 276
161 350
161 366
161 374
161 375
161 381
161 433
161 447
161 495
161 500
161 522
161 639
161 660
161 664
161 691
161 697
161 698
161 699
161 700
161 701
161 702
161 703
161 704
161 712
161 713
161 733
161 779
161 780
161 781
161 790
161 791
161 792
161 793
161 794
161 798
161 799
161 800
161 801
161 802
161 803
161 804
161 805
161 806
161 807
161 1069
161 1075
162 161
162 173
162 253
162 276
162 278
162 279
162 350
162 367
162 368
162 369
162 370
162 371
162 372
162 373
162 376
162 381
162 433
162 447
162 495
162 500
162 522
162 579
162 639
162 660
162 664
162 691
162 705
162 706
162 707
162 708
162 709
162 710
162 711
162 712
162 713
162 733
162 763
162 764
162 773
162 774
162 775
162 776
162 777
162 778
162 782
162 783
162 784
162 785
162 786
162 787
162 788
162 789
162 1069
162 1075
163 162
163 173
163 253
163 277
163 279
163 350
163 376
163 381
163 433
163 447
163 495
163 500
163 522
163 575
163 576
163 577
163 578
163 580
163 583
163 584
163 585
163 639
163 660
163 665
163 667
163 668
163 669
163 670
163 671
163 672
163 673
163 674
163 675
163 676
163 677
163 691
163 712
163 733
163 756
163 757
163 758
163 759
163 760
163 761
163 762
163 765
163 766
163 767
163 768
163 769
163 770
163 771
163 772
163 1069
163 1075
164 162
164 173
164 253
164 277
164 350
164 376
164 381
164 433
164 446
164 495
164 500
164 521
164 562
164 563
164 564
164 565
164 566
164 567
164 568
164 574
164 580
164 582
164 586
164 639
164 660
164 666
164 678
164 679
164 680
164 681
164 682
164 683
164 684
164 685
164 686
164 687
164 688
164 690
164 712
164 733
164 740
164 741
164 742
164 743
164 744
164 745
164 746
164 747
164 748
164 749
164 750
164 751
164 752
164 753
164 754
164 755
164 1069
164 1075
165 162
165 173
165 253
165 277
165 350
165 376
165 381
165 433
165 446
165 495
165 500
165 521
165 526
165 561
165 569
165 573
165 580
165 582
165 586
165 639
165 660
165 665
165 689
165 711
165 712
165 733
165 735
165 736
165 737
165 738
165 739
165 1069
165 1075
166 162
166 173
166 234
166 235
166 236
166 237
166 238
166 239
166 240
166 241
166 242
166 243
166 244
166 245
166 246
166 247
166 248
166 249
166 253
166 278
166 279
166 280
166 350
166 376
166 381
166 432
166 446
166 495
166 500
166 521
166 526
166 560
166 569
166 573
166 580
166 582
166 586
166 639
166 660
166 665
166 689
166 710
166 712
166 713
166 734
166 1069
166 1075
167 162
167 172
167 233
167 250
167 251
167 252
167 253
167 280
167 350
167 376
167 381
167 432
167 446
167 495
167 500
167 521
167 526
167 560
167 569
167 573
167 580
167 582
167 586
167 640
167 660
167 665
167 689
167 709
167 713
167 733
167 1069
167 1075
168 162
168 172
168 232
168 254
168 277
168 281
168 350
168 376
168 381
168 432
168 446
168 495
168 500
168 521
168 526
168 560
168 569
168 573
168 580
168 582
168 586
168 621
168 622
168 623
168 624
168 625
168 626
168 627
168 628
168 629
168 630
168 631
168 660
168 665
168 689
168 709
168 713
168 733
168 1069
168 1075
169 162
169 172
169 232
169 254
169 278
169 281
169 350
169 376
169 381
169 432
169 446
169 495
169 500
169 521
169 526
169 560
169 569
169 573
169 580
169 582
169 586
169 620
169 632
169 639
169 640
169 641
169 642
169 643
169 644
169 645
169 646
169 647
169 648
169 649
169 650
169 651
169 652
169 653
169 654
169 655
169 656
169 657
169 658
169 659
169 660
169 661
169 667
169 668
169 669
169 670
169 671
169 672
169 673
169 674
169 675
169 676
169 677
169 689
169 709
169 713
169 733
169 1069
169 1075
170 162
170 172
170 232
170 254
170 278
170 281
170 350
170 376
170 381
170 432
170 446
170 495
170 500
170 521
170 526
170 560
170 568
170 573
170 580
170 582
170 586
170 619
170 632
170 638
170 662
170 666
170 678
170 689
170 708
170 713
170 733
170 1069
170 1075
171 162
171 171
171 232
171 254
171 278
171 282
171 350
171 376
171 381
171 432
171 446
171 495
171 500
171 521
171 526
171 560
171 568
171 573
171 580
171 582
171 586
171 619
171 632
171 637
171 662
171 665
171 679
171 680
171 681
171 682
171 683
171 684
171 685
171 686
171 687
171 688
171 693
171 694
171 695
171 696
171 697
171 698
171 699
171 700
171 701
171 702
171 703
171 704
171 705
171 706
171 707
171 708
171 713
171 733
171 1069
171 1075
172 96
172 97
172 98
172 99
172 108
172 109
172 110
172 111
172 114
172 115
172 161
172 162
172 171
172 232
172 254
172 278
172 282
172 350
172 376
172 381
172 427
172 428
172 429
172 430
172 431
172 446
172 495
172 500
172 521
172 526
172 560
172 568
172 573
172 580
172 582
172 586
172 619
172 632
172 635
172 636
172 662
172 665
172 689
172 692
172 713
172 733
172 1069
172 1075
173 95
173 100
173 101
173 107
173 112
173 113
173 116
173 117
173 161
173 171
173 232
173 254
173 278
173 283
173 350
173 376
173 381
173 426
173 432
173 495
173 500
173 521
173 526
173 560
173 566
173 567
173 568
173 573
173 580
173 582
173 586
173 619
173 632
173 633
173 662
173 665
173 689
173 713
173 733
173 1069
173 1075
174 94
174 102
174 103
174 106
174 112
174 117
174 160
174 171
174 232
174 254
174 278
174 283
174 350
174 376
174 381
174 425
174 432
174 447
174 495
174 500
174 520
174 526
174 561
174 562
174 563
174 564
174 565
174 574
174 575
174 576
174 577
174 578
174 579
174 580
174 581
174 582
174 583
174 584
174 585
174 619
174 632
174 662
174 665
174 689
174 713
174 733
174 1069
174 1075
175 93
175 94
175 103
175 105
175 106
175 112
175 118
175 160
175 171
175 232
175 254
175 278
175 284
175 351
175 376
175 381
175 425
175 432
175 446
175 448
175 495
175 500
175 520
175 526
175 619
175 632
175 662
175 665
175 689
175 713
175 733
175 1069
175 1075
176 92
176 93
176 102
176 112
176 118
176 119
176 159
176 171
176 232
176 254
176 278
176 284
176 351
176 352
176 353
176 376
176 381
176 425
176 432
176 446
176 448
176 449
176 450
176 451
176 452
176 453
176 495
176 500
176 520
176 526
176 619
176 632
176 662
176 665
176 689
176 713
176 733
176 1069
176 1076
177 92
177 94
177 95
177 96
177 97
177 98
177 99
177 100
177 101
177 102
177 112
177 119
177 120
177 156
177 157
177 158
177 171
177 231
177 254
177 278
177 285
177 354
177 355
177 356
177 357
177 358
177 359
177 376
177 383
177 384
177 385
177 425
177 432
177 446
177 448
177 454
177 455
177 495
177 500
177 520
177 526
177 567
177 568
177 569
177 570
177 619
177 632
177 662
177 665
177 689
177 713
177 733
177 1069
177 1076
178 112
178 120
178 121
178 155
178 160
178 161
178 162
178 163
178 164
178 165
178 166
178 167
178 168
178 169
178 170
178 171
178 231
178 254
178 278
178 285
178 360
178 361
178 376
178 382
178 385
178 425
178 432
178 446
178 455
178 456
178 495
178 500
178 520
178 526
178 566
178 571
178 572
178 573
178 574
178 575
178 576
178 577
178 578
178 579
178 580
178 581
178 620
178 621
178 622
178 623
178 626
178 629
178 632
178 662
178 665
178 689
178 713
178 733
178 1069
178 1076
179 102
179 113
179 114
179 115
179 116
179 117
179 118
179 119
179 156
179 157
179 231
179 254
179 278
179 361
179 376
179 381
179 385
179 425
179 432
179 446
179 448
179 456
179 457
179 495
179 500
179 582
179 583
179 584
179 585
179 586
179 587
179 588
179 589
179 590
179 591
179 624
179 625
179 627
179 628
179 630
179 631
179 662
179 665
179 689
179 713
179 733
179 1069
179 1076
180 102
180 231
180 254
180 279
180 280
180 281
180 282
180 283
180 284
180 285
180 286
180 288
180 289
180 290
180 291
180 292
180 293
180 294
180 295
180 361
180 376
180 381
180 385
180 426
180 432
180 446
180 449
180 457
180 495
180 500
180 592
180 593
180 594
180 595
180 596
180 597
180 598
180 599
180 600
180 601
180 627
180 630
180 662
180 665
180 689
180 713
180 733
180 1069
180 1076
181 102
181 112
181 231
181 248
181 249
181 250
181 251
181 252
181 253
181 254
181 296
181 297
181 361
181 376
181 381
181 385
181 426
181 432
181 445
181 449
181 457
181 495
181 602
181 603
181 604
181 605
181 606
181 607
181 608
181 609
181 610
181 611
181 612
181 662
181 665
181 689
181 713
181 733
181 1069
181 1076
182 0
182 1
182 102
182 112
182 231
182 232
182 233
182 234
182 235
182 236
182 237
182 238
182 239
182 240
182 241
182 242
182 243
182 244
182 245
182 246
182 247
182 278
182 297
182 360
182 376
182 381
182 385
182 426
182 431
182 445
182 449
182 458
182 459
182 460
182 613
182 614
182 615
182 616
182 617
182 618
182 619
182 662
182 665
182 689
182 713
182 733
182 1069
182 1076
183 1
183 102
183 112
183 229
183 230
183 254
183 278
183 298
183 361
183 376
183 381
183 385
183 426
183 431
183 445
183 449
183 458
183 662
183 665
183 689
183 713
183 733
183 1069
183 1076
184 0
184 1
184 102
184 112
184 227
184 228
184 254
184 278
184 298
184 299
184 361
184 362
184 376
184 381
184 385
184 417
184 418
184 419
184 420
184 421
184 422
184 423
184 424
184 425
184 426
184 431
184 445
184 449
184 662
184 665
184 689
184 713
184 732
184 1069
184 1076
185 102
185 112
185 226
185 227
185 254
185 278
185 299
185 362
185 376
185 381
185 385
185 404
185 405
185 406
185 407
185 408
185 409
185 410
185 411
185 412
185 413
185 414
185 415
185 416
185 431
185 445
185 449
185 458
185 662
185 665
185 689
185 713
185 732
185 1069
185 1076
186 102
186 112
186 225
186 226
186 254
186 278
186 300
186 363
186 376
186 381
186 385
186 390
186 391
186 392
186 393
186 394
186 395
186 396
186 397
186 398
186 399
186 426
186 431
186 445
186 449
186 458
186 662
186 665
186 689
186 713
186 732
186 1069
186 1076
187 102
187 112
187 223
187 224
187 254
187 278
187 300
187 363
187 364
187 365
187 366
187 376
187 381
187 385
187 389
187 416
187 417
187 418
187 419
187 420
187 421
187 426
187 431
187 445
187 450
187 451
187 458
187 689
187 713
187 732
187 1069
187 1076
188 102
188 112
188 222
188 223
188 254
188 278
188 300
188 367
188 368
188 369
188 370
188 371
188 372
188 373
188 374
188 375
188 376
188 377
188 378
188 379
188 421
188 426
188 431
188 445
188 452
188 453
188 454
188 455
188 456
188 457
188 458
188 689
188 713
188 732
188 1069
188 1076
189 102
189 112
189 221
189 222
189 254
189 278
189 300
189 417
189 418
189 419
189 420
189 421
189 427
189 431
189 446
189 449
189 689
189 713
189 732
189 1069
189 1076
190 102
190 112
190 219
190 220
190 254
190 278
190 301
190 427
190 428
190 429
190 431
190 446
190 448
190 449
190 689
190 713
190 732
190 1069
190 1076
191 102
191 112
191 218
191 219
191 254
191 278
191 301
191 431
191 445
191 713
191 732
191 1069
191 1076
192 102
192 112
192 217
192 218
192 254
192 278
192 301
192 431
192 445
192 713
192 732
192 1069
192 1076
193 102
193 112
193 216
193 217
193 254
193 278
193 301
193 431
193 445
193 713
193 732
193 1069
193 1076
194 102
194 112
194 216
194 254
194 278
194 301
194 431
194 445
194 713
194 732
194 1069
194 1076
195 102
195 112
195 215
195 254
195 278
195 301
195 430
195 445
195 714
195 732
195 1069
195 1076
196 210
196 211
196 212
196 214
196 215
196 254
196 278
196 430
196 445
196 732
196 1069
196 1076
197 213
197 254
197 278
197 430
197 445
197 732
197 1069
197 1076
198 213
198 254
198 278
198 732
198 1069
198 1076
199 213
199 254
199 278
199 909
199 910
199 911
199 912
199 913
199 914
199 915
199 916
199 917
199 918
199 919
199 920
199 921
199 922
199 923
199 924
199 925
199 926
199 927
199 928
199 1001
199 1002
199 1003
199 1004
199 1005
199 1006
199 1007
199 1008
199 1009
199 1010
199 1011
199 1012
199 1013
199 1069
199 1076
200 213
200 253
200 278
200 905
200 906
200 907
200 908
200 929
200 930
200 931
200 932
200 933
200 934
200 935
200 936
200 937
200 938
200 995
200 996
200 997
200 998
200 999
200 1000
200 1014
200 1015
200 1016
200 1017
200 1018
200 1019
200 1020
200 1021
200 1022
200 1023
200 1024
200 1025
200 1026
200 1027
200 1028
200 1029
200 1030
200 1031
200 1032
200 1069
200 1076
201 213
201 253
201 278
201 902
201 903
201 904
201 939
201 940
201 941
201 942
201 943
201 944
201 945
201 946
201 947
201 948
201 949
201 992
201 993
201 994
201 1033
201 1034
201 1035
201 1036
201 1037
201 1038
201 1039
201 1040
201 1041
201 1042
201 1043
201 1044
201 1045
201 1046
201 1047
201 1069
201 1076
202 211
202 212
202 253
202 278
202 900
202 901
202 950
202 951
202 952
202 953
202 954
202 955
202 956
202 957
202 958
202 959
202 979
202 980
202 981
202 982
202 983
202 984
202 985
202 986
202 987
202 988
202 989
202 990
202 991
202 1048
202 1049
202 1050
202 1051
202 1052
202 1053
202 1054
202 1055
202 1056
202 1069
202 1076
203 253
203 278
203 898
203 899
203 960
203 961
203 962
203 963
203 964
203 965
203 966
203 967
203 968
203 969
203 970
203 971
203 972
203 973
203 974
203 975
203 976
203 977
203 978
203 1057
203 1058
203 1059
203 1060
203 1061
203 1069
203 1076
204 252
204 253
204 278
204 896
204 897
204 1062
204 1063
204 1069
204 1076
205 251
205 253
205 278
205 894
205 895
205 1063
205 1064
205 1065
205 1066
205 1076
206 253
206 279
206 892
206 893
206 1067
206 1068
206 1069
206 1070
206 1076
207 253
207 279
207 890
207 891
207 1071
207 1072
207 1073
208 253
208 278
208 888
208 889
208 1074
208 1075
208 1076
208 1077
208 1078
209 253
209 279
209 887
209 888
209 1079
209 1080
210 253
210 279
210 885
210 886
210 1081
210 1082
211 253
211 279
211 884
211 885
211 1083
211 1084
212 253
212 279
212 882
212 883
212 1085
212 1086
213 279
213 882
213 1087
214 279
214 881
214 1088
215 879
215 880
215 1089
215 1090
216 878
216 879
216 1091
216 1092
217 877
217 878
217 1093
217 1094
218 875
218 876
218 877
218 1095
218 1096
219 873
219 874
219 1097
219 1098
220 872
220 873
220 1099
220 1100
221 871
221 872
221 1101
221 1102
222 870
222 871
222 1102
222 1103
223 869
223 870
223 1103
223 1104
224 868
224 869
224 1105
224 1106
225 866
225 867
225 1106
225 1107
226 865
226 866
226 1107
226 1108
227 858
227 859
227 860
227 861
227 864
227 865
227 1108
227 1109
228 862
228 863
228 864
228 1109
228 1110
228 1111
229 1112
229 1113
230 860
230 861
230 1113
230 1114
231 859
231 860
231 1114
231 1115
232 841
232 842
232 843
232 844
232 845
232 846
232 847
232 848
232 849
232 850
232 858
232 859
232 1115
232 1116
233 839
233 840
233 851
233 852
233 857
233 858
233 1116
233 1117
234 838
234 839
234 852
234 853
234 856
234 857
234 1118
234 1119
235 837
235 838
235 853
235 854
235 855
235 856
235 1119
235 1120
236 837
236 1120
236 1121
237 836
237 1121
237 1122
238 836
238 1122
238 1123
239 836
239 1124
239 1125
240 836
240 1125
240 1126
241 837
241 1126
241 1127
242 837
242 838
242 1127
242 1128
243 838
243 1128
243 1129
244 838
244 1129
245 834
245 835
245 836
245 837
245 1130
246 832
246 833
246 1130
246 1131
247 830
247 831
247 1131
247 1132
248 828
248 829
248 1132
248 1133
249 826
249 827
249 1133
250 825
250 826
250 1134
251 824
251 825
251 1134
251 1135
252 823
252 824
252 1135
252 1136
253 821
253 822
253 1136
253 1137
254 820
254 821
254 1137
255 819
255 820
255 1138
256 819
256 1138
257 818
257 1139
258 818
258 1139
258 1140
259 818
259 1140
259 1141
260 818
260 1141
260 1142
261 818
261 1142
262 818
262 1143
263 818
263 1143
263 1144
264 818
264 1144
264 1145
265 818
265 1146
265 1147
266 818
266 1147
267 818
267 1148
268 818
268 1148
268 1149
269 818
269 1149
270 818
270 1150
271 818
271 1150
272 818
272 1151
273 818
273 1151
274 818
274 1150
274 1151
275 818
275 1150
276 818
276 1150
277 818
277 1151
278 817
278 1151
279 817
279 1152
280 817
280 1152
280 1153
281 817
281 1153
282 817
282 1154
283 1154
283 1155
284 1155
285 1156
286 1156
286 1157
286 1158
289 1157
290 1157
291 1157
292 1157
293 1157
293 1196
294 1157
294 1197
294 1198
294 1199
294 1200
294 1201
295 1157
295 1202
295 1203
295 1204
295 1205
295 1206
296 1157
296 1207
296 1208
296 1209
296 1210
296 1211
296 1212
297 1157
297 1213
297 1214
297 1215
297 1216
297 1217
298 1157
298 1218
299 1156
299 1219
299 1220
299 1221
299 1222
299 1223
300 1156
300 1224
300 1225
300 1226
300 1227
300 1228
301 1156
301 1229
301 1230
301 1231
301 1232
301 1233
302 1156
302 1234
302 1235
302 1236
302 1237
302 1238
303 1156
303 1239
303 1240
303 1241
303 1242
303 1243
304 1156
304 1244
304 1245
304 1246
304 1247
304 1248
304 1249
305 1156
305 1250
305 1251
305 1252
305 1253
305 1254
306 1156
306 1255
306 1256
306 1257
306 1258
306 1259
306 1260
307 1156
307 1261
307 1262
307 1263
307 1264
307 1265
308 1157
308 1266
308 1267
308 1268
308 1269
308 1270
309 1158
309 1159
309 1271
309 1272
309 1273
309 1274
309 1275
310 1159
310 1160
310 1276
310 1277
310 1278
310 1279
311 1160
311 1161
312 1162
312 1163
313 1163
313 1164
314 1164
315 1164
316 1164
317 1164
318 1164
319 1164
320 1164
321 1164
322 1164
323 1163
324 1163
325 1163
326 1163
327 1162
328 1162
329 1162
330 1162
331 1161
332 1161
333 1161
334 1161
335 1160
336 1160
337 1160
338 1160
339 1159
340 1158
340 1159
341 1158
342 1157
343 1157
