0 110
0 185
0 226
0 250
0 256
0 373
0 394
0 591
0 663
0 829
0 902
0 908
0 1039
0 1073
0 1087
1 110
1 185
1 226
1 250
1 256
1 374
1 394
1 591
1 663
1 829
1 902
1 908
1 1039
1 1073
1 1087
2 111
2 185
2 226
2 250
2 256
2 374
2 375
2 394
2 592
2 663
2 829
2 902
2 908
2 1038
2 1073
2 1087
3 111
3 185
3 226
3 250
3 256
3 375
3 376
3 394
3 662
3 828
3 902
3 908
3 1037
3 1073
3 1087
4 112
4 181
4 185
4 226
4 250
4 256
4 376
4 377
4 394
4 590
4 591
4 662
4 827
4 828
4 902
4 908
4 1037
4 1073
4 1087
4 1207
4 1208
4 1209
4 1210
4 1211
4 1212
4 1213
4 1214
5 112
5 179
5 180
5 182
5 183
5 184
5 185
5 226
5 229
5 230
5 231
5 250
5 256
5 377
5 394
5 589
5 590
5 661
5 827
5 902
5 908
5 1037
5 1073
5 1087
5 1192
5 1193
5 1194
5 1195
5 1196
5 1197
5 1198
5 1199
5 1200
5 1201
5 1202
5 1203
5 1204
5 1205
5 1206
5 1215
5 1216
6 112
6 179
6 226
6 228
6 231
6 232
6 250
6 256
6 378
6 394
6 588
6 589
6 661
6 822
6 826
6 902
6 908
6 1036
6 1073
6 1087
6 1176
6 1177
6 1178
6 1179
6 1180
6 1181
6 1182
6 1183
6 1184
6 1185
6 1186
6 1187
6 1188
6 1189
6 1190
6 1191
6 1217
7 110
7 111
7 178
7 232
7 233
7 250
7 256
7 378
7 379
7 394
7 588
7 660
7 817
7 820
7 821
7 823
7 824
7 826
7 902
7 908
7 1036
7 1073
7 1087
7 1162
7 1163
7 1164
7 1165
7 1166
7 1167
7 1168
7 1169
7 1170
7 1171
7 1172
7 1173
7 1174
7 1175
7 1217
8 110
8 179
8 233
8 250
8 256
8 379
8 380
8 394
8 588
8 660
8 816
8 818
8 819
8 820
8 824
8 902
8 909
8 1036
8 1073
8 1086
8 1125
8 1126
8 1127
8 1128
8 1129
8 1130
8 1131
8 1146
8 1147
8 1148
8 1149
8 1150
8 1151
8 1152
8 1153
8 1154
8 1155
8 1156
8 1157
8 1158
8 1159
8 1160
8 1161
8 1217
9 110
9 111
9 179
9 234
9 250
9 256
9 380
9 381
9 394
9 588
9 659
9 815
9 902
9 909
9 1036
9 1073
9 1086
9 1110
9 1111
9 1112
9 1113
9 1114
9 1115
9 1116
9 1117
9 1118
9 1119
9 1120
9 1121
9 1122
9 1123
9 1124
9 1132
9 1133
9 1134
9 1135
9 1136
9 1137
9 1138
9 1139
9 1140
9 1141
9 1142
9 1143
9 1144
9 1145
9 1216
10 111
10 112
10 180
10 234
10 235
10 250
10 256
10 381
10 395
10 588
10 658
10 659
10 815
10 902
10 908
10 911
10 1035
10 1036
10 1038
10 1073
10 1086
10 1095
10 1096
10 1097
10 1098
10 1099
10 1100
10 1101
10 1102
10 1103
10 1104
10 1105
10 1106
10 1107
10 1108
10 1109
10 1216
11 112
11 180
11 236
11 237
11 250
11 256
11 381
11 395
11 588
11 657
11 658
11 815
11 816
11 902
11 908
11 1032
11 1033
11 1034
11 1039
11 1073
11 1087
11 1088
11 1089
11 1090
11 1091
11 1092
11 1093
11 1094
11 1122
11 1123
11 1215
12 113
12 181
12 237
12 238
12 250
12 256
12 381
12 395
12 588
12 657
12 902
12 909
12 911
12 1023
12 1030
12 1031
12 1036
12 1073
12 1122
12 1214
12 1215
13 113
13 181
13 238
13 250
13 257
13 381
13 395
13 416
13 417
13 418
13 419
13 587
13 656
13 813
13 815
13 816
13 902
13 910
13 911
13 1021
13 1022
13 1024
13 1025
13 1029
13 1030
13 1037
13 1073
13 1214
14 114
14 169
14 170
14 171
14 172
14 173
14 182
14 238
14 239
14 240
14 250
14 257
14 381
14 395
14 415
14 416
14 419
14 420
14 586
14 656
14 812
14 902
14 911
14 1021
14 1025
14 1026
14 1028
14 1029
14 1073
14 1118
14 1119
14 1120
14 1121
14 1122
14 1123
14 1213
15 114
15 167
15 168
15 174
15 175
15 182
15 241
15 242
15 250
15 257
15 381
15 395
15 413
15 414
15 421
15 422
15 586
15 655
15 812
15 902
15 910
15 913
15 1020
15 1026
15 1027
15 1028
15 1073
15 1095
15 1096
15 1097
15 1098
15 1099
15 1100
15 1101
15 1102
15 1103
15 1104
15 1105
15 1106
15 1107
15 1108
15 1109
15 1110
15 1111
15 1112
15 1113
15 1114
15 1115
15 1116
15 1117
15 1124
15 1212
16 115
16 166
16 167
16 175
16 176
16 183
16 243
16 244
16 250
16 257
16 368
16 369
16 370
16 371
16 372
16 373
16 374
16 375
16 376
16 377
16 378
16 379
16 380
16 381
16 383
16 384
16 385
16 386
16 387
16 388
16 389
16 390
16 391
16 392
16 393
16 394
16 396
16 397
16 413
16 422
16 423
16 586
16 655
16 812
16 902
16 910
16 914
16 915
16 1020
16 1073
16 1090
16 1091
16 1092
16 1093
16 1094
16 1124
16 1125
16 1211
17 115
17 166
17 176
17 183
17 244
17 245
17 250
17 257
17 367
17 398
17 412
17 423
17 424
17 587
17 655
17 656
17 792
17 793
17 812
17 902
17 910
17 916
17 917
17 1019
17 1073
17 1088
17 1089
17 1125
17 1210
17 1211
18 116
18 165
18 177
18 184
18 245
18 250
18 257
18 366
18 398
18 412
18 424
18 425
18 587
18 588
18 589
18 656
18 657
18 790
18 791
18 794
18 812
18 903
18 910
18 918
18 919
18 1018
18 1019
18 1073
18 1088
18 1126
18 1210
19 116
19 165
19 177
19 178
19 184
19 246
19 250
19 257
19 366
19 398
19 412
19 425
19 426
19 657
19 790
19 794
19 903
19 910
19 920
19 1016
19 1017
19 1073
19 1087
19 1126
19 1209
20 116
20 159
20 160
20 165
20 178
20 179
20 184
20 246
20 250
20 257
20 366
20 398
20 413
20 427
20 428
20 583
20 584
20 585
20 586
20 587
20 588
20 589
20 657
20 789
20 794
20 799
20 800
20 810
20 811
20 903
20 910
20 921
20 1015
20 1016
20 1073
20 1087
20 1127
20 1208
20 1209
21 116
21 151
21 152
21 153
21 154
21 155
21 156
21 157
21 158
21 161
21 162
21 179
21 183
21 246
21 250
21 257
21 366
21 398
21 413
21 428
21 429
21 583
21 658
21 663
21 664
21 665
21 789
21 794
21 797
21 798
21 801
21 809
21 903
21 910
21 921
21 922
21 1014
21 1015
21 1073
21 1087
21 1127
21 1128
21 1208
22 116
22 149
22 150
22 163
22 165
22 180
22 181
22 182
22 183
22 246
22 250
22 257
22 366
22 398
22 413
22 429
22 430
22 583
22 658
22 659
22 661
22 662
22 666
22 667
22 788
22 795
22 797
22 801
22 809
22 903
22 910
22 923
22 924
22 1013
22 1014
22 1073
22 1087
22 1128
22 1207
23 116
23 149
23 246
23 250
23 257
23 366
23 398
23 413
23 431
23 432
23 584
23 659
23 660
23 661
23 668
23 669
23 787
23 788
23 795
23 802
23 808
23 903
23 910
23 924
23 925
23 938
23 939
23 940
23 1010
23 1011
23 1012
23 1073
23 1087
23 1129
23 1207
24 116
24 148
24 245
24 250
24 257
24 366
24 398
24 413
24 432
24 433
24 584
24 669
24 786
24 787
24 802
24 807
24 903
24 910
24 925
24 937
24 941
24 1009
24 1073
24 1087
24 1129
24 1206
25 96
25 97
25 116
25 147
25 148
25 246
25 247
25 248
25 250
25 257
25 365
25 398
25 412
25 413
25 433
25 434
25 585
25 669
25 785
25 786
25 802
25 807
25 903
25 910
25 925
25 936
25 941
25 1008
25 1073
25 1087
25 1107
25 1108
25 1136
25 1137
25 1138
25 1139
25 1140
25 1141
25 1205
25 1206
26 95
26 98
26 99
26 116
26 146
26 147
26 250
26 257
26 365
26 398
26 412
26 434
26 435
26 585
26 669
26 784
26 785
26 802
26 806
26 903
26 910
26 925
26 927
26 928
26 929
26 930
26 931
26 936
26 942
26 1008
26 1073
26 1087
26 1100
26 1101
26 1102
26 1103
26 1104
26 1105
26 1106
26 1109
26 1122
26 1123
26 1124
26 1125
26 1126
26 1127
26 1128
26 1129
26 1130
26 1132
26 1133
26 1134
26 1135
26 1142
26 1205
27 96
27 97
27 100
27 101
27 115
27 116
27 146
27 250
27 258
27 365
27 398
27 411
27 435
27 436
27 586
27 670
27 671
27 672
27 673
27 783
27 784
27 802
27 805
27 903
27 910
27 925
27 927
27 932
27 933
27 934
27 935
27 942
27 1008
27 1073
27 1087
27 1092
27 1093
27 1094
27 1095
27 1096
27 1097
27 1098
27 1099
27 1109
27 1114
27 1115
27 1116
27 1117
27 1118
27 1119
27 1120
27 1121
27 1142
27 1204
28 98
28 102
28 103
28 114
28 115
28 145
28 250
28 258
28 260
28 365
28 398
28 407
28 408
28 409
28 436
28 437
28 438
28 586
28 674
28 783
28 803
28 804
28 805
28 903
28 910
28 942
28 1008
28 1073
28 1085
28 1086
28 1088
28 1089
28 1090
28 1091
28 1109
28 1113
28 1142
28 1203
28 1204
29 84
29 85
29 86
29 87
29 98
29 104
29 105
29 113
29 114
29 145
29 251
29 257
29 260
29 261
29 365
29 398
29 407
29 410
29 439
29 440
29 587
29 674
29 782
29 903
29 910
29 942
29 1008
29 1073
29 1081
29 1082
29 1083
29 1084
29 1109
29 1112
29 1142
29 1203
30 84
30 89
30 98
30 106
30 107
30 108
30 109
30 110
30 111
30 112
30 113
30 145
30 146
30 251
30 257
30 261
30 262
30 366
30 398
30 406
30 440
30 441
30 587
30 674
30 783
30 903
30 910
30 941
30 945
30 946
30 947
30 1008
30 1073
30 1080
30 1109
30 1112
30 1142
30 1202
31 86
31 90
31 91
31 92
31 93
31 94
31 95
31 96
31 97
31 98
31 146
31 147
31 148
31 251
31 257
31 262
31 263
31 366
31 399
31 406
31 441
31 587
31 674
31 783
31 903
31 910
31 942
31 943
31 944
31 945
31 947
31 948
31 1009
31 1073
31 1079
31 1109
31 1112
31 1142
31 1202
32 87
32 88
32 251
32 257
32 263
32 264
32 367
32 399
32 405
32 442
32 586
32 674
32 783
32 903
32 910
32 948
32 1009
32 1073
32 1079
32 1109
32 1112
32 1143
32 1201
33 88
33 142
33 143
33 144
33 145
33 146
33 147
33 148
33 251
33 257
33 264
33 367
33 399
33 404
33 442
33 443
33 673
33 781
33 782
33 903
33 910
33 949
33 1010
33 1073
33 1079
33 1109
33 1112
33 1143
33 1200
33 1201
34 89
34 140
34 141
34 251
34 257
34 265
34 367
34 399
34 403
34 443
34 562
34 563
34 564
34 565
34 582
34 583
34 584
34 672
34 781
34 903
34 910
34 949
34 1011
34 1012
34 1013
34 1073
34 1079
34 1109
34 1112
34 1143
34 1200
35 76
35 89
35 140
35 251
35 257
35 265
35 367
35 399
35 403
35 444
35 562
35 566
35 567
35 582
35 672
35 780
35 903
35 910
35 949
35 1011
35 1073
35 1079
35 1109
35 1112
35 1143
35 1199
36 75
36 89
36 139
36 251
36 257
36 265
36 367
36 399
36 403
36 444
36 561
36 568
36 569
36 573
36 671
36 773
36 774
36 775
36 776
36 780
36 903
36 911
36 948
36 1010
36 1011
36 1012
36 1013
36 1073
36 1079
36 1109
36 1112
36 1143
36 1198
36 1199
37 76
37 78
37 89
37 139
37 251
37 257
37 266
37 368
37 399
37 402
37 444
37 561
37 569
37 570
37 571
37 572
37 574
37 578
37 579
37 580
37 671
37 673
37 674
37 675
37 772
37 777
37 780
37 903
37 911
37 948
37 1008
37 1009
37 1073
37 1079
37 1109
37 1112
37 1143
37 1198
38 76
38 79
38 80
38 87
38 88
38 139
38 251
38 257
38 266
38 368
38 399
38 400
38 444
38 445
38 446
38 560
38 574
38 577
38 578
38 675
38 676
38 772
38 778
38 781
38 903
38 911
38 948
38 949
38 1008
38 1073
38 1079
38 1109
38 1112
38 1143
38 1197
39 76
39 81
39 82
39 83
39 84
39 85
39 86
39 139
39 251
39 258
39 266
39 368
39 399
39 447
39 448
39 449
39 560
39 575
39 576
39 577
39 676
39 677
39 772
39 773
39 778
39 779
39 903
39 911
39 949
39 950
39 1007
39 1073
39 1079
39 1109
39 1112
39 1143
39 1197
40 75
40 76
40 123
40 124
40 125
40 126
40 127
40 140
40 251
40 258
40 266
40 368
40 399
40 450
40 451
40 559
40 678
40 679
40 773
40 903
40 911
40 950
40 1005
40 1006
40 1073
40 1079
40 1109
40 1112
40 1143
40 1196
41 73
41 74
41 122
41 128
41 129
41 138
41 140
41 251
41 258
41 266
41 368
41 399
41 413
41 451
41 452
41 559
41 680
41 681
41 773
41 903
41 911
41 950
41 1005
41 1073
41 1079
41 1109
41 1113
41 1143
41 1195
41 1196
42 72
42 121
42 129
42 137
42 139
42 141
42 251
42 258
42 265
42 368
42 399
42 412
42 414
42 452
42 559
42 681
42 772
42 903
42 911
42 950
42 1004
42 1073
42 1079
42 1109
42 1113
42 1143
42 1195
43 72
43 121
43 130
43 136
43 139
43 141
43 251
43 258
43 265
43 368
43 399
43 412
43 414
43 452
43 559
43 681
43 772
43 903
43 911
43 950
43 1004
43 1073
43 1079
43 1109
43 1113
43 1143
43 1194
44 72
44 73
44 74
44 75
44 76
44 77
44 78
44 79
44 80
44 121
44 131
44 132
44 136
44 251
44 258
44 265
44 368
44 399
44 410
44 411
44 415
44 416
44 452
44 560
44 681
44 772
44 903
44 911
44 950
44 1004
44 1073
44 1079
44 1109
44 1113
44 1143
44 1194
45 80
45 81
45 121
45 133
45 134
45 135
45 251
45 258
45 265
45 358
45 359
45 360
45 361
45 362
45 363
45 364
45 365
45 366
45 367
45 368
45 400
45 409
45 410
45 417
45 418
45 453
45 454
45 560
45 680
45 686
45 687
45 688
45 772
45 903
45 911
45 949
45 1004
45 1073
45 1079
45 1109
45 1113
45 1143
45 1193
45 1194
46 81
46 120
46 251
46 258
46 265
46 267
46 268
46 269
46 357
46 401
46 402
46 403
46 404
46 405
46 406
46 407
46 408
46 419
46 420
46 455
46 456
46 560
46 681
46 685
46 686
46 688
46 689
46 771
46 903
46 911
46 949
46 1005
46 1073
46 1079
46 1110
46 1113
46 1143
46 1193
47 82
47 120
47 251
47 258
47 270
47 357
47 421
47 422
47 457
47 458
47 560
47 682
47 683
47 684
47 685
47 689
47 690
47 771
47 903
47 911
47 948
47 1005
47 1006
47 1073
47 1079
47 1110
47 1113
47 1144
47 1192
48 82
48 120
48 251
48 258
48 270
48 351
48 352
48 353
48 354
48 355
48 423
48 424
48 459
48 460
48 557
48 558
48 559
48 690
48 771
48 903
48 911
48 948
48 1007
48 1008
48 1073
48 1079
48 1110
48 1113
48 1144
48 1191
48 1192
49 82
49 120
49 251
49 258
49 270
49 350
49 424
49 460
49 461
49 556
49 690
49 772
49 903
49 911
49 947
49 999
49 1000
49 1001
49 1002
49 1009
49 1010
49 1073
49 1079
49 1110
49 1113
49 1144
49 1191
50 82
50 120
50 251
50 258
50 271
50 349
50 424
50 461
50 555
50 690
50 772
50 903
50 911
50 947
50 997
50 998
50 1003
50 1004
50 1005
50 1006
50 1007
50 1073
50 1080
50 1110
50 1113
50 1145
50 1190
51 81
51 120
51 251
51 258
51 271
51 349
51 425
51 462
51 555
51 690
51 772
51 903
51 911
51 948
51 995
51 996
51 1009
51 1011
51 1073
51 1080
51 1110
51 1113
51 1145
51 1190
52 82
52 116
52 119
52 251
52 258
52 271
52 349
52 401
52 402
52 425
52 462
52 463
52 555
52 690
52 772
52 903
52 911
52 948
52 994
52 995
52 1013
52 1073
52 1080
52 1110
52 1113
52 1144
52 1147
52 1189
53 83
53 84
53 114
53 115
53 117
53 118
53 119
53 251
53 258
53 271
53 349
53 400
53 403
53 426
53 427
53 428
53 429
53 463
53 554
53 690
53 772
53 903
53 911
53 948
53 994
53 1011
53 1013
53 1074
53 1080
53 1110
53 1113
53 1144
53 1147
53 1188
53 1189
54 84
54 85
54 113
54 114
54 251
54 258
54 271
54 345
54 346
54 347
54 348
54 399
54 403
54 430
54 431
54 432
54 433
54 434
54 435
54 436
54 437
54 438
54 439
54 440
54 463
54 555
54 690
54 772
54 904
54 911
54 949
54 993
54 1074
54 1080
54 1110
54 1113
54 1131
54 1132
54 1133
54 1134
54 1135
54 1136
54 1137
54 1138
54 1139
54 1140
54 1141
54 1142
54 1143
54 1144
54 1148
54 1188
55 85
55 86
55 112
55 113
55 251
55 258
55 270
55 340
55 341
55 342
55 343
55 344
55 399
55 403
55 441
55 442
55 443
55 444
55 445
55 463
55 555
55 690
55 773
55 774
55 775
55 904
55 911
55 949
55 994
55 1074
55 1080
55 1110
55 1114
55 1115
55 1116
55 1117
55 1118
55 1119
55 1120
55 1121
55 1122
55 1123
55 1124
55 1125
55 1126
55 1127
55 1128
55 1129
55 1130
55 1148
55 1149
55 1187
56 86
56 112
56 251
56 258
56 268
56 269
56 335
56 336
56 337
56 338
56 339
56 399
56 403
56 446
56 463
56 556
56 690
56 904
56 911
56 950
56 994
56 1074
56 1080
56 1110
56 1149
56 1186
56 1187
57 87
57 111
57 251
57 258
57 268
57 271
57 272
57 273
57 274
57 332
57 333
57 334
57 399
57 403
57 446
57 463
57 556
57 689
57 774
57 775
57 904
57 911
57 951
57 952
57 995
57 1070
57 1071
57 1072
57 1073
57 1074
57 1076
57 1080
57 1110
57 1150
57 1186
58 87
58 111
58 251
58 258
58 275
58 276
58 331
58 399
58 404
58 446
58 463
58 464
58 556
58 689
58 773
58 904
58 911
58 952
58 995
58 1065
58 1066
58 1067
58 1068
58 1069
58 1076
58 1080
58 1110
58 1150
58 1185
59 87
59 111
59 251
59 258
59 277
59 278
59 279
59 280
59 281
59 330
59 399
59 405
59 446
59 465
59 466
59 555
59 689
59 773
59 904
59 911
59 953
59 996
59 1061
59 1062
59 1063
59 1064
59 1076
59 1080
59 1110
59 1151
59 1185
60 80
60 81
60 82
60 83
60 84
60 85
60 86
60 87
60 112
60 251
60 258
60 281
60 330
60 399
60 405
60 446
60 467
60 468
60 469
60 555
60 689
60 772
60 904
60 912
60 953
60 996
60 1057
60 1058
60 1059
60 1060
60 1076
60 1080
60 1110
60 1151
60 1152
60 1184
61 77
61 78
61 79
61 112
61 251
61 258
61 281
61 330
61 400
61 405
61 446
61 470
61 471
61 472
61 555
61 689
61 772
61 904
61 912
61 953
61 997
61 1053
61 1054
61 1055
61 1056
61 1076
61 1080
61 1110
61 1152
61 1183
61 1184
62 76
62 112
62 251
62 258
62 281
62 330
62 400
62 405
62 446
62 473
62 474
62 475
62 476
62 477
62 478
62 554
62 689
62 772
62 904
62 912
62 953
62 997
62 1050
62 1051
62 1052
62 1076
62 1080
62 1110
62 1153
62 1183
63 76
63 112
63 251
63 258
63 281
63 330
63 400
63 405
63 445
63 478
63 554
63 690
63 773
63 774
63 775
63 904
63 912
63 952
63 998
63 1048
63 1049
63 1076
63 1080
63 1110
63 1153
63 1154
63 1182
64 77
64 78
64 113
64 251
64 258
64 281
64 330
64 400
64 405
64 445
64 479
64 553
64 690
64 776
64 777
64 904
64 912
64 950
64 951
64 952
64 998
64 1047
64 1048
64 1076
64 1080
64 1110
64 1154
64 1181
64 1182
65 78
65 79
65 114
65 115
65 251
65 259
65 281
65 330
65 400
65 405
65 445
65 479
65 552
65 553
65 690
65 778
65 904
65 912
65 949
65 997
65 998
65 1046
65 1047
65 1076
65 1080
65 1110
65 1155
65 1181
66 79
66 116
66 117
66 251
66 259
66 281
66 330
66 400
66 405
66 445
66 479
66 552
66 689
66 690
66 778
66 904
66 912
66 948
66 997
66 1046
66 1076
66 1080
66 1110
66 1155
66 1180
67 79
67 117
67 251
67 259
67 281
67 330
67 400
67 405
67 445
67 480
67 551
67 688
67 689
67 778
67 904
67 912
67 948
67 996
67 1045
67 1076
67 1080
67 1110
67 1156
67 1180
68 79
68 118
68 251
68 259
68 281
68 282
68 283
68 284
68 330
68 400
68 405
68 445
68 480
68 551
68 682
68 683
68 684
68 685
68 686
68 687
68 688
68 778
68 781
68 858
68 859
68 860
68 904
68 912
68 948
68 995
68 996
68 1043
68 1044
68 1076
68 1080
68 1110
68 1156
68 1157
68 1179
69 79
69 118
69 251
69 259
69 285
69 286
69 331
69 332
69 333
69 400
69 405
69 443
69 444
69 480
69 549
69 681
69 779
69 780
69 857
69 861
69 904
69 912
69 947
69 995
69 1043
69 1076
69 1080
69 1110
69 1157
69 1177
69 1178
70 79
70 119
70 251
70 259
70 286
70 334
70 335
70 336
70 337
70 338
70 339
70 340
70 400
70 405
70 440
70 441
70 442
70 480
70 548
70 550
70 679
70 681
70 683
70 684
70 856
70 861
70 904
70 912
70 941
70 942
70 943
70 944
70 945
70 946
70 995
70 1042
70 1076
70 1080
70 1110
70 1158
70 1177
71 78
71 79
71 119
71 120
71 121
71 122
71 123
71 124
71 125
71 126
71 127
71 128
71 129
71 130
71 251
71 259
71 287
71 341
71 342
71 343
71 344
71 345
71 346
71 400
71 405
71 437
71 438
71 439
71 480
71 547
71 684
71 780
71 856
71 861
71 904
71 912
71 938
71 939
71 940
71 995
71 996
71 1042
71 1076
71 1080
71 1110
71 1158
71 1176
72 74
72 75
72 76
72 77
72 131
72 132
72 133
72 134
72 251
72 259
72 287
72 347
72 348
72 400
72 406
72 435
72 436
72 480
72 547
72 677
72 679
72 685
72 779
72 856
72 861
72 862
72 904
72 912
72 937
72 997
72 998
72 1042
72 1076
72 1080
72 1110
72 1159
72 1175
72 1176
73 72
73 73
73 135
73 136
73 251
73 259
73 287
73 349
73 400
73 406
73 432
73 433
73 434
73 480
73 548
73 676
73 685
73 778
73 779
73 857
73 859
73 860
73 862
73 904
73 912
73 936
73 998
73 1042
73 1076
73 1080
73 1110
73 1159
73 1160
73 1175
74 70
74 71
74 137
74 138
74 139
74 140
74 251
74 259
74 287
74 349
74 400
74 406
74 430
74 431
74 479
74 548
74 549
74 676
74 678
74 685
74 778
74 857
74 862
74 904
74 912
74 936
74 998
74 1042
74 1076
74 1080
74 1110
74 1160
74 1174
75 67
75 68
75 69
75 141
75 142
75 251
75 259
75 287
75 288
75 291
75 292
75 293
75 349
75 400
75 406
75 428
75 429
75 479
75 549
75 550
75 686
75 778
75 779
75 856
75 857
75 862
75 904
75 912
75 936
75 996
75 997
75 1042
75 1076
75 1080
75 1110
75 1161
75 1174
76 66
76 132
76 133
76 134
76 135
76 136
76 137
76 251
76 259
76 289
76 290
76 291
76 294
76 349
76 400
76 406
76 428
76 478
76 550
76 551
76 686
76 687
76 780
76 781
76 855
76 856
76 862
76 904
76 912
76 936
76 996
76 1043
76 1076
76 1080
76 1110
76 1161
76 1173
77 67
77 68
77 69
77 70
77 128
77 129
77 130
77 131
77 142
77 251
77 259
77 294
77 350
77 400
77 406
77 427
77 477
77 478
77 552
77 553
77 687
77 781
77 782
77 853
77 854
77 860
77 862
77 904
77 912
77 936
77 995
77 1043
77 1076
77 1080
77 1110
77 1162
77 1172
77 1173
78 70
78 71
78 127
78 251
78 259
78 295
78 350
78 400
78 406
78 427
78 477
78 479
78 480
78 481
78 553
78 688
78 689
78 690
78 691
78 782
78 852
78 853
78 858
78 859
78 862
78 904
78 912
78 936
78 995
78 1043
78 1076
78 1080
78 1110
78 1162
78 1163
78 1172
79 71
79 126
79 251
79 259
79 295
79 350
79 400
79 406
79 427
79 482
79 483
79 484
79 553
79 692
79 693
79 779
79 780
79 781
79 782
79 851
79 852
79 857
79 862
79 904
79 912
79 937
79 938
79 939
79 940
79 941
79 995
79 1043
79 1076
79 1080
79 1110
79 1164
79 1165
79 1166
79 1167
79 1171
80 72
80 126
80 251
80 259
80 296
80 350
80 400
80 406
80 428
80 429
80 430
80 431
80 485
80 486
80 553
80 694
80 695
80 778
80 850
80 851
80 856
80 862
80 904
80 912
80 942
80 943
80 995
80 1043
80 1076
80 1080
80 1110
80 1168
80 1169
80 1170
80 1171
81 72
81 126
81 251
81 259
81 296
81 350
81 400
81 406
81 432
81 433
81 434
81 435
81 436
81 437
81 438
81 439
81 440
81 441
81 442
81 443
81 486
81 553
81 695
81 696
81 778
81 848
81 849
81 854
81 855
81 862
81 904
81 912
81 944
81 945
81 995
81 1043
81 1076
81 1080
81 1110
82 72
82 127
82 251
82 259
82 297
82 347
82 348
82 349
82 350
82 400
82 406
82 444
82 445
82 446
82 447
82 448
82 449
82 487
82 553
82 697
82 698
82 778
82 847
82 848
82 853
82 854
82 857
82 862
82 904
82 912
82 945
82 951
82 952
82 953
82 954
82 996
82 1043
82 1076
82 1080
82 1110
83 72
83 127
83 251
83 259
83 297
83 340
83 341
83 342
83 343
83 344
83 345
83 346
83 400
83 406
83 450
83 487
83 488
83 554
83 555
83 556
83 699
83 700
83 778
83 779
83 846
83 847
83 852
83 853
83 857
83 862
83 904
83 912
83 945
83 948
83 949
83 950
83 954
83 996
83 1044
83 1045
83 1046
83 1047
83 1048
83 1049
83 1050
83 1051
83 1052
83 1053
83 1054
83 1076
83 1080
83 1110
84 71
84 72
84 127
84 251
84 259
84 298
84 335
84 336
84 337
84 338
84 339
84 400
84 406
84 450
84 488
84 557
84 558
84 700
84 845
84 846
84 850
84 851
84 857
84 862
84 904
84 913
84 945
84 947
84 955
84 996
84 1077
84 1080
84 1110
85 70
85 127
85 251
85 259
85 298
85 334
85 400
85 406
85 450
85 488
85 558
85 700
85 778
85 844
85 850
85 857
85 862
85 904
85 913
85 955
85 996
85 1054
85 1078
85 1110
86 67
86 68
86 69
86 127
86 251
86 259
86 298
86 333
86 400
86 407
86 450
86 487
86 558
86 700
86 774
86 777
86 843
86 849
86 857
86 862
86 904
86 913
86 955
86 996
86 1053
86 1078
86 1111
87 66
87 125
87 126
87 127
87 251
87 259
87 298
87 332
87 400
87 407
87 450
87 487
87 558
87 700
87 772
87 773
87 775
87 776
87 777
87 841
87 842
87 848
87 849
87 857
87 862
87 904
87 913
87 955
87 996
87 1053
87 1078
87 1112
87 1127
87 1128
88 67
88 68
88 69
88 70
88 124
88 252
88 259
88 298
88 331
88 400
88 407
88 450
88 488
88 489
88 557
88 700
88 770
88 771
88 840
88 841
88 846
88 847
88 857
88 862
88 879
88 880
88 904
88 913
88 954
88 955
88 995
88 996
88 1053
88 1078
88 1112
88 1125
88 1126
88 1129
88 1130
89 70
89 123
89 252
89 259
89 297
89 331
89 400
89 407
89 450
89 489
89 557
89 700
89 769
89 838
89 839
89 845
89 846
89 857
89 862
89 878
89 904
89 913
89 953
89 954
89 994
89 995
89 1045
89 1046
89 1047
89 1048
89 1049
89 1050
89 1051
89 1052
89 1053
89 1078
89 1112
89 1121
89 1122
89 1123
89 1124
89 1131
89 1132
90 70
90 123
90 252
90 259
90 297
90 331
90 400
90 407
90 450
90 490
90 557
90 700
90 768
90 837
90 838
90 843
90 844
90 845
90 858
90 859
90 862
90 878
90 880
90 905
90 913
90 953
90 992
90 993
90 1044
90 1078
90 1081
90 1112
90 1117
90 1118
90 1119
90 1120
90 1132
90 1133
91 70
91 123
91 252
91 260
91 296
91 331
91 401
91 407
91 450
91 490
91 558
91 700
91 768
91 836
91 837
91 841
91 842
91 860
91 861
91 862
91 877
91 880
91 905
91 913
91 952
91 991
91 1043
91 1078
91 1081
91 1113
91 1114
91 1115
91 1116
91 1134
91 1135
92 71
92 123
92 252
92 260
92 296
92 299
92 300
92 301
92 331
92 401
92 407
92 450
92 491
92 559
92 560
92 701
92 769
92 835
92 836
92 840
92 841
92 877
92 880
92 905
92 913
92 951
92 952
92 990
92 1043
92 1078
92 1081
92 1113
92 1135
92 1224
92 1225
92 1226
92 1227
93 71
93 72
93 123
93 252
93 260
93 296
93 297
93 299
93 301
93 331
93 401
93 407
93 450
93 491
93 701
93 765
93 766
93 767
93 769
93 833
93 834
93 839
93 840
93 877
93 880
93 905
93 913
93 950
93 951
93 991
93 1043
93 1078
93 1081
93 1113
93 1116
93 1117
93 1118
93 1119
93 1120
93 1121
93 1122
93 1123
93 1124
93 1125
93 1126
93 1127
93 1128
93 1129
93 1130
93 1131
93 1132
93 1136
93 1222
93 1223
93 1228
93 1229
93 1230
93 1231
93 1232
93 1233
93 1234
94 72
94 73
94 99
94 100
94 101
94 102
94 103
94 104
94 105
94 106
94 107
94 108
94 109
94 124
94 252
94 260
94 297
94 302
94 331
94 401
94 407
94 449
94 450
94 491
94 557
94 558
94 559
94 701
94 765
94 768
94 832
94 833
94 837
94 838
94 877
94 878
94 879
94 880
94 905
94 913
94 949
94 950
94 991
94 992
94 993
94 994
94 995
94 1043
94 1078
94 1081
94 1113
94 1133
94 1134
94 1219
94 1220
94 1221
94 1235
94 1236
94 1237
94 1238
94 1239
94 1240
95 73
95 74
95 98
95 110
95 111
95 112
95 113
95 114
95 115
95 124
95 125
95 252
95 260
95 302
95 331
95 401
95 407
95 447
95 448
95 491
95 556
95 702
95 765
95 831
95 832
95 836
95 837
95 905
95 913
95 947
95 948
95 964
95 965
95 966
95 967
95 968
95 969
95 970
95 971
95 972
95 973
95 974
95 1042
95 1078
95 1081
95 1112
95 1136
95 1214
95 1215
95 1216
95 1217
95 1218
95 1241
95 1242
95 1243
95 1244
95 1245
96 74
96 97
96 116
96 117
96 118
96 119
96 125
96 252
96 260
96 303
96 332
96 401
96 407
96 446
96 447
96 491
96 555
96 702
96 765
96 829
96 830
96 835
96 836
96 876
96 877
96 905
96 913
96 943
96 944
96 945
96 946
96 955
96 956
96 957
96 958
96 959
96 960
96 961
96 962
96 963
96 975
96 976
96 977
96 978
96 979
96 980
96 981
96 982
96 983
96 995
96 1042
96 1078
96 1081
96 1112
96 1214
97 73
97 74
97 97
97 120
97 121
97 124
97 125
97 252
97 260
97 304
97 332
97 333
97 334
97 401
97 407
97 445
97 446
97 491
97 555
97 702
97 764
97 828
97 829
97 833
97 834
97 875
97 905
97 913
97 942
97 945
97 951
97 952
97 953
97 954
97 984
97 985
97 995
97 1042
97 1078
97 1081
97 1112
97 1203
97 1204
97 1205
97 1214
97 1244
97 1245
98 72
98 73
98 97
98 122
98 123
98 124
98 252
98 260
98 304
98 335
98 336
98 337
98 338
98 339
98 401
98 407
98 443
98 444
98 491
98 555
98 702
98 764
98 827
98 828
98 832
98 833
98 875
98 905
98 913
98 943
98 944
98 945
98 946
98 949
98 950
98 986
98 987
98 988
98 989
98 990
98 991
98 992
98 993
98 1042
98 1078
98 1081
98 1112
98 1201
98 1202
98 1205
98 1214
98 1242
98 1243
99 71
99 72
99 97
99 252
99 260
99 305
99 340
99 341
99 342
99 343
99 401
99 407
99 438
99 439
99 440
99 441
99 442
99 491
99 554
99 702
99 765
99 826
99 827
99 831
99 832
99 876
99 878
99 887
99 888
99 901
99 902
99 903
99 905
99 913
99 946
99 947
99 948
99 949
99 1042
99 1078
99 1081
99 1112
99 1200
99 1205
99 1214
99 1240
99 1241
100 65
100 66
100 67
100 68
100 69
100 70
100 71
100 97
100 252
100 260
100 305
100 344
100 345
100 346
100 347
100 401
100 408
100 435
100 436
100 437
100 491
100 554
100 702
100 766
100 767
100 768
100 769
100 770
100 771
100 825
100 826
100 830
100 876
100 878
100 886
100 889
100 900
100 901
100 905
100 913
100 1042
100 1078
100 1081
100 1112
100 1200
100 1205
100 1214
100 1239
100 1240
101 65
101 97
101 252
101 260
101 305
101 308
101 347
101 348
101 349
101 401
101 408
101 431
101 432
101 433
101 434
101 491
101 555
101 702
101 772
101 825
101 829
101 885
101 889
101 900
101 905
101 913
101 1042
101 1078
101 1081
101 1112
101 1200
101 1205
101 1214
101 1237
101 1238
102 65
102 66
102 98
102 99
102 252
102 260
102 305
102 306
102 307
102 309
102 310
102 350
102 351
102 401
102 408
102 429
102 430
102 490
102 491
102 555
102 556
102 702
102 772
102 824
102 829
102 885
102 890
102 900
102 905
102 913
102 1042
102 1078
102 1081
102 1112
102 1200
102 1205
102 1214
102 1235
102 1236
103 66
103 67
103 100
103 101
103 252
103 260
103 310
103 346
103 351
103 401
103 408
103 429
103 490
103 557
103 558
103 566
103 567
103 568
103 569
103 702
103 772
103 824
103 828
103 829
103 830
103 831
103 877
103 878
103 879
103 880
103 881
103 882
103 883
103 884
103 885
103 890
103 891
103 900
103 905
103 913
103 1041
103 1078
103 1081
103 1112
103 1161
103 1162
103 1163
103 1200
103 1205
103 1214
103 1234
103 1235
104 68
104 69
104 102
104 252
104 260
104 311
104 346
104 352
104 401
104 408
104 428
104 489
104 559
104 560
104 564
104 702
104 772
104 824
104 828
104 832
104 833
104 834
104 835
104 836
104 837
104 876
104 877
104 891
104 892
104 899
104 900
104 905
104 913
104 930
104 931
104 1041
104 1078
104 1081
104 1112
104 1160
104 1164
104 1199
104 1200
104 1205
104 1214
104 1232
104 1233
105 69
105 70
105 103
105 252
105 260
105 311
105 347
105 352
105 402
105 408
105 428
105 489
105 561
105 562
105 563
105 567
105 701
105 718
105 719
105 720
105 771
105 823
105 827
105 838
105 839
105 840
105 841
105 842
105 843
105 844
105 845
105 846
105 847
105 848
105 849
105 875
105 893
105 894
105 895
105 896
105 897
105 898
105 905
105 913
105 929
105 932
105 933
105 934
105 935
105 936
105 937
105 1042
105 1078
105 1081
105 1112
105 1161
105 1162
105 1166
105 1198
105 1199
105 1205
105 1214
105 1230
105 1231
106 70
106 103
106 252
106 260
106 310
106 311
106 343
106 353
106 376
106 377
106 378
106 379
106 380
106 381
106 382
106 383
106 386
106 387
106 388
106 389
106 390
106 391
106 392
106 393
106 394
106 395
106 396
106 397
106 398
106 403
106 404
106 405
106 406
106 407
106 408
106 428
106 489
106 566
106 700
106 701
106 716
106 717
106 721
106 771
106 823
106 827
106 850
106 851
106 874
106 905
106 913
106 928
106 1043
106 1044
106 1045
106 1046
106 1047
106 1078
106 1081
106 1109
106 1110
106 1111
106 1112
106 1163
106 1167
106 1182
106 1183
106 1184
106 1185
106 1186
106 1187
106 1188
106 1189
106 1190
106 1191
106 1192
106 1193
106 1194
106 1195
106 1196
106 1197
106 1198
106 1205
106 1214
106 1229
106 1230
107 70
107 104
107 252
107 260
107 309
107 310
107 341
107 342
107 344
107 345
107 353
107 354
107 375
107 384
107 399
107 424
107 425
107 426
107 427
107 428
107 489
107 566
107 652
107 699
107 703
107 704
107 705
107 706
107 707
107 708
107 709
107 710
107 711
107 712
107 714
107 715
107 716
107 721
107 726
107 727
107 728
107 771
107 820
107 821
107 823
107 827
107 851
107 852
107 857
107 874
107 905
107 913
107 929
107 930
107 931
107 933
107 936
107 937
107 1048
107 1049
107 1078
107 1081
107 1102
107 1103
107 1104
107 1105
107 1106
107 1107
107 1108
107 1165
107 1179
107 1180
107 1181
107 1205
107 1214
107 1227
107 1228
108 70
108 105
108 106
108 252
108 260
108 309
108 339
108 340
108 346
108 354
108 355
108 374
108 384
108 399
108 423
108 489
108 566
108 651
108 653
108 654
108 655
108 700
108 701
108 713
108 715
108 722
108 725
108 726
108 729
108 730
108 772
108 820
108 823
108 826
108 853
108 854
108 855
108 856
108 858
108 873
108 874
108 905
108 914
108 916
108 917
108 918
108 933
108 935
108 1050
108 1078
108 1081
108 1094
108 1095
108 1096
108 1097
108 1098
108 1099
108 1100
108 1101
108 1166
108 1168
108 1177
108 1178
108 1205
108 1213
108 1225
108 1226
109 70
109 71
109 72
109 73
109 74
109 106
109 107
109 252
109 260
109 308
109 336
109 337
109 338
109 356
109 357
109 374
109 384
109 399
109 422
109 490
109 567
109 602
109 603
109 604
109 651
109 656
109 713
109 715
109 722
109 723
109 724
109 730
109 731
109 773
109 774
109 775
109 809
109 810
109 818
109 819
109 823
109 826
109 859
109 872
109 873
109 905
109 914
109 916
109 918
109 919
109 933
109 935
109 1051
109 1078
109 1081
109 1087
109 1090
109 1091
109 1092
109 1093
109 1173
109 1174
109 1175
109 1176
109 1205
109 1213
109 1224
109 1225
110 75
110 76
110 107
110 252
110 260
110 307
110 308
110 334
110 335
110 345
110 346
110 357
110 358
110 374
110 384
110 400
110 422
110 490
110 560
110 561
110 562
110 563
110 564
110 601
110 652
110 653
110 656
110 732
110 733
110 776
110 777
110 794
110 795
110 796
110 807
110 808
110 816
110 817
110 823
110 826
110 859
110 872
110 905
110 915
110 919
110 920
110 933
110 935
110 1051
110 1052
110 1078
110 1082
110 1083
110 1084
110 1085
110 1086
110 1089
110 1172
110 1205
110 1213
110 1223
110 1224
111 76
111 77
111 107
111 252
111 260
111 306
111 307
111 333
111 334
111 345
111 358
111 359
111 374
111 384
111 400
111 422
111 490
111 559
111 565
111 567
111 601
111 602
111 603
111 654
111 733
111 778
111 779
111 780
111 781
111 782
111 794
111 796
111 805
111 806
111 807
111 810
111 816
111 823
111 826
111 859
111 871
111 905
111 914
111 920
111 921
111 933
111 934
111 935
111 1052
111 1053
111 1054
111 1055
111 1056
111 1078
111 1088
111 1172
111 1205
111 1213
111 1221
111 1222
112 77
112 78
112 105
112 106
112 252
112 260
112 304
112 305
112 306
112 331
112 332
112 345
112 346
112 360
112 361
112 373
112 374
112 384
112 400
112 422
112 490
112 558
112 597
112 598
112 632
112 641
112 642
112 643
112 654
112 657
112 733
112 783
112 784
112 785
112 786
112 787
112 795
112 796
112 804
112 808
112 809
112 815
112 823
112 826
112 859
112 870
112 871
112 905
112 914
112 922
112 923
112 1057
112 1058
112 1059
112 1060
112 1061
112 1062
112 1063
112 1064
112 1065
112 1066
112 1067
112 1068
112 1078
112 1088
112 1172
112 1205
112 1213
112 1220
112 1221
113 79
113 80
113 105
113 252
113 260
113 302
113 303
113 329
113 330
113 347
113 348
113 361
113 366
113 367
113 368
113 369
113 370
113 371
113 372
113 384
113 401
113 402
113 403
113 404
113 405
113 406
113 407
113 408
113 409
113 410
113 411
113 412
113 413
113 414
113 415
113 416
113 417
113 418
113 419
113 420
113 421
113 422
113 490
113 558
113 596
113 599
113 630
113 631
113 633
113 634
113 635
113 636
113 637
113 638
113 639
113 640
113 644
113 645
113 654
113 657
113 658
113 734
113 735
113 736
113 737
113 738
113 791
113 792
113 804
113 806
113 815
113 823
113 859
113 869
113 870
113 905
113 914
113 923
113 924
113 1069
113 1070
113 1071
113 1072
113 1073
113 1076
113 1077
113 1078
113 1088
113 1173
113 1205
113 1213
113 1219
113 1220
114 80
114 106
114 107
114 108
114 109
114 252
114 260
114 302
114 327
114 328
114 349
114 350
114 362
114 363
114 364
114 365
114 384
114 401
114 430
114 431
114 490
114 558
114 595
114 599
114 630
114 645
114 646
114 654
114 658
114 739
114 787
114 791
114 793
114 815
114 823
114 859
114 867
114 868
114 905
114 914
114 924
114 925
114 933
114 1074
114 1088
114 1173
114 1174
114 1205
114 1213
114 1217
114 1218
115 79
115 80
115 110
115 111
115 252
115 260
115 301
115 326
115 327
115 351
115 352
115 384
115 400
115 428
115 429
115 489
115 558
115 595
115 599
115 629
115 647
115 648
115 653
115 654
115 658
115 740
115 741
115 742
115 743
115 744
115 745
115 786
115 791
115 792
115 793
115 814
115 823
115 859
115 867
115 905
115 914
115 925
115 926
115 927
115 928
115 929
115 930
115 931
115 932
115 934
115 1074
115 1088
115 1174
115 1205
115 1213
115 1216
115 1217
116 78
116 79
116 112
116 113
116 229
116 230
116 231
116 232
116 252
116 260
116 300
116 301
116 324
116 325
116 352
116 353
116 384
116 400
116 428
116 431
116 489
116 559
116 594
116 599
116 629
116 631
116 649
116 650
116 651
116 652
116 653
116 659
116 746
116 786
116 814
116 823
116 859
116 866
116 905
116 914
116 934
116 1074
116 1088
116 1175
116 1184
116 1185
116 1186
116 1187
116 1188
116 1189
116 1190
116 1191
116 1192
116 1205
116 1213
116 1215
116 1216
117 76
117 77
117 113
117 227
117 228
117 233
117 234
117 235
117 252
117 261
117 298
117 299
117 322
117 323
117 354
117 355
117 384
117 400
117 427
117 431
117 488
117 559
117 560
117 592
117 593
117 596
117 597
117 598
117 599
117 632
117 633
117 634
117 635
117 659
117 746
117 786
117 802
117 804
117 805
117 814
117 823
117 859
117 866
117 905
117 914
117 934
117 1074
117 1088
117 1175
117 1176
117 1183
117 1193
117 1194
117 1195
117 1196
117 1197
117 1198
117 1199
117 1200
117 1201
117 1202
117 1203
117 1205
117 1213
117 1215
118 75
118 76
118 112
118 113
118 225
118 226
118 236
118 237
118 252
118 261
118 297
118 298
118 320
118 321
118 356
118 357
118 384
118 400
118 427
118 432
118 433
118 434
118 488
118 560
118 561
118 562
118 563
118 564
118 595
118 636
118 637
118 638
118 639
118 640
118 659
118 747
118 786
118 814
118 823
118 859
118 866
118 905
118 914
118 934
118 1074
118 1088
118 1176
118 1177
118 1182
118 1204
118 1205
118 1206
118 1213
119 74
119 75
119 112
119 223
119 224
119 238
119 239
119 252
119 261
119 296
119 297
119 318
119 319
119 320
119 323
119 324
119 325
119 357
119 358
119 384
119 400
119 427
119 435
119 436
119 437
119 438
119 439
119 440
119 488
119 590
119 592
119 593
119 641
119 642
119 643
119 644
119 660
119 747
119 752
119 787
119 788
119 789
119 790
119 791
119 792
119 793
119 794
119 795
119 796
119 814
119 823
119 826
119 859
119 866
119 881
119 882
119 883
119 884
119 885
119 905
119 914
119 928
119 934
119 1074
119 1088
119 1177
119 1181
119 1182
119 1205
119 1207
119 1213
120 72
120 73
120 111
120 221
120 222
120 239
120 252
120 261
120 294
120 295
120 316
120 317
120 318
120 325
120 326
120 359
120 360
120 384
120 400
120 427
120 488
120 536
120 537
120 538
120 560
120 562
120 563
120 564
120 645
120 646
120 647
120 648
120 660
120 661
120 748
120 749
120 750
120 751
120 753
120 797
120 798
120 814
120 823
120 826
120 859
120 866
120 879
120 880
120 886
120 887
120 905
120 914
120 927
120 929
120 930
120 931
120 932
120 933
120 1074
120 1088
120 1178
120 1179
120 1180
120 1181
120 1205
120 1207
120 1213
121 72
121 110
121 111
121 219
121 220
121 240
121 252
121 261
121 293
121 294
121 314
121 315
121 316
121 319
121 320
121 326
121 327
121 361
121 362
121 384
121 400
121 429
121 430
121 431
121 432
121 433
121 434
121 435
121 436
121 437
121 438
121 439
121 440
121 441
121 445
121 487
121 534
121 535
121 539
121 540
121 541
121 542
121 559
121 649
121 650
121 651
121 661
121 753
121 798
121 799
121 815
121 822
121 826
121 859
121 866
121 874
121 875
121 876
121 877
121 878
121 888
121 889
121 890
121 891
121 905
121 914
121 919
121 920
121 921
121 922
121 923
121 924
121 1074
121 1088
121 1205
121 1213
122 72
122 73
122 107
122 108
122 109
122 110
122 218
122 219
122 240
122 241
122 252
122 261
122 292
122 293
122 311
122 312
122 313
122 314
122 317
122 318
122 327
122 328
122 329
122 330
122 363
122 364
122 365
122 384
122 400
122 428
122 442
122 443
122 444
122 446
122 447
122 482
122 483
122 484
122 485
122 493
122 494
122 495
122 496
122 497
122 498
122 499
122 500
122 501
122 502
122 503
122 504
122 505
122 506
122 507
122 533
122 534
122 543
122 544
122 559
122 652
122 653
122 660
122 661
122 754
122 799
122 815
122 822
122 826
122 860
122 866
122 872
122 873
122 890
122 892
122 893
122 894
122 895
122 896
122 897
122 898
122 899
122 900
122 901
122 902
122 903
122 904
122 905
122 915
122 916
122 917
122 918
122 925
122 926
122 1074
122 1088
122 1205
122 1213
123 73
123 74
123 75
123 76
123 77
123 78
123 79
123 80
123 81
123 82
123 83
123 84
123 107
123 217
123 218
123 241
123 252
123 261
123 289
123 290
123 291
123 301
123 302
123 303
123 304
123 305
123 306
123 307
123 308
123 309
123 310
123 314
123 315
123 316
123 331
123 332
123 333
123 334
123 335
123 336
123 337
123 338
123 366
123 367
123 368
123 369
123 370
123 380
123 381
123 384
123 402
123 403
123 404
123 419
123 427
123 448
123 449
123 480
123 481
123 486
123 487
123 490
123 491
123 492
123 508
123 509
123 522
123 523
123 524
123 525
123 526
123 532
123 533
123 545
123 546
123 559
123 653
123 654
123 659
123 660
123 754
123 755
123 800
123 815
123 822
123 826
123 860
123 866
123 872
123 926
123 927
123 1074
123 1088
123 1205
123 1213
124 85
124 86
124 107
124 216
124 217
124 242
124 252
124 261
124 287
124 288
124 293
124 294
124 295
124 296
124 297
124 298
124 299
124 300
124 339
124 340
124 341
124 342
124 343
124 344
124 345
124 371
124 372
124 373
124 378
124 379
124 382
124 405
124 406
124 418
124 420
124 421
124 427
124 450
124 451
124 478
124 479
124 487
124 510
124 511
124 521
124 522
124 527
124 528
124 529
124 530
124 531
124 547
124 548
124 560
124 654
124 655
124 658
124 659
124 755
124 756
124 800
124 815
124 822
124 826
124 860
124 866
124 871
124 905
124 914
124 928
124 929
124 1074
124 1088
124 1205
124 1213
125 87
125 88
125 108
125 214
125 215
125 242
125 243
125 252
125 261
125 286
125 290
125 346
125 347
125 348
125 349
125 350
125 351
125 352
125 353
125 374
125 375
125 378
125 383
125 400
125 407
125 408
125 417
125 422
125 427
125 451
125 452
125 477
125 478
125 486
125 487
125 512
125 513
125 514
125 515
125 516
125 517
125 518
125 519
125 520
125 521
125 549
125 550
125 560
125 656
125 657
125 658
125 756
125 794
125 795
125 796
125 797
125 798
125 799
125 800
125 814
125 815
125 822
125 826
125 860
125 866
125 869
125 870
125 895
125 896
125 905
125 914
125 929
125 1074
125 1088
125 1205
125 1213
126 89
126 90
126 108
126 109
126 213
126 214
126 243
126 244
126 252
126 261
126 287
126 288
126 354
126 355
126 356
126 357
126 358
126 376
126 383
126 385
126 400
126 409
126 410
126 411
126 412
126 413
126 414
126 415
126 416
126 417
126 422
126 427
126 453
126 454
126 455
126 476
126 477
126 486
126 551
126 552
126 561
126 756
126 784
126 785
126 786
126 787
126 788
126 789
126 790
126 791
126 792
126 793
126 812
126 813
126 822
126 826
126 860
126 867
126 868
126 869
126 897
126 898
126 906
126 914
126 929
126 1074
126 1088
126 1205
126 1214
127 91
127 92
127 109
127 110
127 213
127 244
127 245
127 252
127 261
127 359
127 360
127 361
127 362
127 383
127 385
127 400
127 422
127 427
127 456
127 457
127 458
127 459
127 460
127 461
127 470
127 471
127 472
127 473
127 474
127 475
127 485
127 552
127 553
127 561
127 757
127 783
127 812
127 822
127 827
127 860
127 899
127 900
127 901
127 902
127 906
127 915
127 916
127 917
127 918
127 919
127 920
127 921
127 928
127 1074
127 1088
127 1205
127 1214
128 93
128 110
128 212
128 246
128 252
128 261
128 363
128 400
128 422
128 427
128 462
128 469
128 485
128 553
128 561
128 757
128 782
128 811
128 822
128 827
128 860
128 869
128 903
128 906
128 922
128 928
128 1074
128 1088
128 1205
128 1214
129 94
129 110
129 163
129 164
129 165
129 166
129 212
129 236
129 237
129 238
129 239
129 240
129 241
129 242
129 243
129 244
129 246
129 252
129 261
129 364
129 365
129 366
129 384
129 400
129 422
129 427
129 463
129 464
129 465
129 466
129 467
129 468
129 484
129 554
129 561
129 757
129 782
129 812
129 822
129 827
129 860
129 867
129 904
129 905
129 914
129 923
129 924
129 925
129 926
129 927
129 928
129 1074
129 1088
129 1206
129 1214
130 95
130 96
130 111
130 152
130 153
130 154
130 155
130 156
130 157
130 158
130 159
130 160
130 161
130 162
130 167
130 168
130 169
130 170
130 171
130 172
130 212
130 226
130 227
130 228
130 229
130 230
130 231
130 232
130 233
130 234
130 235
130 252
130 261
130 367
130 368
130 384
130 401
130 422
130 427
130 484
130 555
130 556
130 559
130 560
130 758
130 759
130 760
130 761
130 762
130 763
130 764
130 780
130 781
130 782
130 813
130 814
130 815
130 822
130 827
130 860
130 867
130 869
130 906
130 914
130 929
130 1074
130 1088
130 1206
130 1214
131 97
131 98
131 111
131 112
131 113
131 114
131 115
131 116
131 117
131 118
131 119
131 120
131 149
131 150
131 151
131 173
131 174
131 175
131 176
131 211
131 215
131 216
131 217
131 218
131 219
131 220
131 221
131 222
131 223
131 224
131 225
131 252
131 261
131 369
131 384
131 401
131 422
131 427
131 484
131 556
131 557
131 558
131 765
131 778
131 779
131 816
131 817
131 822
131 827
131 860
131 906
131 914
131 929
131 1074
131 1088
131 1206
131 1214
132 99
132 100
132 101
132 121
132 122
132 123
132 124
132 125
132 126
132 127
132 149
132 177
132 178
132 179
132 180
132 212
132 213
132 214
132 252
132 261
132 369
132 384
132 401
132 422
132 427
132 483
132 766
132 777
132 818
132 819
132 822
132 827
132 860
132 906
132 915
132 926
132 929
132 1074
132 1088
132 1206
132 1214
133 102
133 103
133 104
133 105
133 128
133 129
133 149
133 150
133 180
133 252
133 261
133 369
133 384
133 401
133 422
133 427
133 483
133 766
133 776
133 819
133 820
133 822
133 827
133 857
133 858
133 859
133 906
133 915
133 925
133 927
133 1074
133 1088
133 1206
133 1214
134 90
134 106
134 107
134 108
134 109
134 130
134 150
134 154
134 155
134 156
134 157
134 158
134 159
134 160
134 161
134 162
134 163
134 164
134 165
134 166
134 167
134 168
134 169
134 170
134 171
134 172
134 173
134 174
134 175
134 176
134 177
134 178
134 179
134 180
134 252
134 261
134 369
134 384
134 401
134 422
134 427
134 482
134 767
134 776
134 820
134 822
134 827
134 855
134 856
134 906
134 915
134 925
134 927
134 1074
134 1088
134 1206
134 1214
135 89
135 91
135 92
135 110
135 131
135 151
135 152
135 153
135 252
135 261
135 370
135 384
135 401
135 422
135 427
135 441
135 442
135 482
135 768
135 769
135 776
135 822
135 827
135 855
135 906
135 915
135 925
135 927
135 1074
135 1088
135 1206
135 1214
136 88
136 93
136 110
136 131
136 252
136 261
136 371
136 384
136 401
136 422
136 427
136 435
136 436
136 437
136 438
136 439
136 440
136 443
136 444
136 445
136 481
136 770
136 776
136 822
136 827
136 854
136 906
136 915
136 928
136 1074
136 1088
136 1206
136 1214
137 88
137 93
137 111
137 130
137 131
137 252
137 261
137 371
137 384
137 401
137 414
137 415
137 416
137 417
137 422
137 427
137 432
137 433
137 434
137 446
137 447
137 448
137 480
137 481
137 771
137 772
137 773
137 774
137 775
137 776
137 822
137 827
137 854
137 906
137 915
137 929
137 1074
137 1088
137 1206
137 1214
138 88
138 93
138 111
138 112
138 130
138 252
138 261
138 372
138 385
138 401
138 413
138 414
138 418
138 419
138 422
138 427
138 430
138 431
138 449
138 450
138 480
138 822
138 828
138 853
138 906
138 915
138 929
138 1074
138 1088
138 1206
138 1214
139 88
139 93
139 98
139 99
139 100
139 101
139 102
139 103
139 104
139 112
139 113
139 114
139 129
139 252
139 261
139 372
139 373
139 374
139 385
139 401
139 412
139 413
139 420
139 421
139 422
139 427
139 429
139 451
139 452
139 453
139 479
139 822
139 828
139 830
139 831
139 832
139 833
139 834
139 853
139 906
139 915
139 929
139 1074
139 1088
139 1206
139 1214
140 88
140 93
140 96
140 97
140 105
140 115
140 116
140 117
140 118
140 129
140 252
140 261
140 375
140 376
140 385
140 401
140 411
140 412
140 454
140 455
140 456
140 479
140 822
140 827
140 835
140 836
140 837
140 838
140 839
140 840
140 841
140 842
140 852
140 906
140 915
140 928
140 929
140 1074
140 1088
140 1206
140 1214
141 81
141 82
141 83
141 84
141 88
141 93
141 96
141 106
141 119
141 120
141 121
141 128
141 252
141 261
141 377
141 378
141 385
141 401
141 409
141 410
141 457
141 458
141 459
141 478
141 822
141 827
141 843
141 844
141 845
141 846
141 847
141 848
141 852
141 906
141 915
141 925
141 927
141 1074
141 1088
141 1206
141 1214
142 78
142 79
142 80
142 85
142 86
142 87
142 88
142 93
142 106
142 122
142 123
142 128
142 252
142 261
142 379
142 380
142 385
142 401
142 408
142 409
142 460
142 461
142 478
142 822
142 828
142 829
142 830
142 833
142 834
142 849
142 850
142 906
142 915
142 925
142 927
142 1074
142 1088
142 1206
142 1214
143 77
143 90
143 93
143 107
143 124
143 128
143 252
143 262
143 380
143 381
143 385
143 401
143 407
143 408
143 462
143 463
143 464
143 477
143 822
143 828
143 834
143 850
143 906
143 915
143 925
143 927
143 928
143 1074
143 1088
143 1206
143 1215
144 76
144 90
144 93
144 107
144 125
144 126
144 127
144 252
144 262
144 381
144 382
144 385
144 401
144 405
144 406
144 407
144 465
144 466
144 477
144 822
144 827
144 832
144 835
144 850
144 906
144 915
144 929
144 1074
144 1088
144 1206
144 1215
145 76
145 90
145 93
145 108
145 252
145 262
145 382
145 383
145 403
145 404
145 467
145 468
145 469
145 476
145 822
145 827
145 832
145 835
145 836
145 850
145 906
145 915
145 929
145 1074
145 1088
145 1206
145 1215
146 71
146 72
146 73
146 74
146 75
146 76
146 90
146 93
146 108
146 253
146 262
146 383
146 402
146 470
146 471
146 472
146 476
146 822
146 827
146 832
146 836
146 837
146 849
146 906
146 915
146 929
146 1074
146 1088
146 1206
146 1215
147 70
147 90
147 93
147 109
147 253
147 262
147 384
147 401
147 473
147 474
147 475
147 822
147 827
147 832
147 837
147 838
147 849
147 906
147 915
147 929
147 1074
147 1088
147 1206
147 1215
148 69
148 90
148 94
148 109
148 238
148 239
148 240
148 241
148 242
148 243
148 244
148 245
148 246
148 247
148 248
148 249
148 250
148 251
148 254
148 262
148 384
148 385
148 401
148 822
148 827
148 832
148 838
148 839
148 848
148 906
148 915
148 927
148 928
148 1074
148 1088
148 1206
148 1215
149 70
149 90
149 94
149 109
149 210
149 211
149 212
149 237
149 254
149 262
149 385
149 401
149 822
149 827
149 832
149 839
149 840
149 848
149 906
149 915
149 926
149 1074
149 1088
149 1206
149 1215
150 70
150 90
150 94
150 109
150 209
150 213
150 236
150 254
150 262
150 385
150 402
150 822
150 828
150 832
150 841
150 842
150 847
150 906
150 915
150 922
150 923
150 924
150 925
150 1074
150 1088
150 1206
150 1215
151 71
151 72
151 73
151 74
151 75
151 90
151 94
151 100
151 101
151 102
151 109
151 208
151 213
151 236
151 254
151 262
151 385
151 402
151 823
151 828
151 832
151 843
151 844
151 847
151 906
151 916
151 917
151 918
151 919
151 920
151 921
151 1074
151 1088
151 1206
151 1215
152 76
152 90
152 93
152 94
152 96
152 97
152 98
152 99
152 103
152 109
152 208
152 213
152 236
152 254
152 262
152 385
152 402
152 823
152 828
152 832
152 844
152 845
152 846
152 906
152 916
152 1074
152 1088
152 1206
152 1215
153 76
153 90
153 92
153 103
153 108
153 208
153 213
153 236
153 254
153 262
153 385
153 402
153 823
153 828
153 832
153 906
153 915
153 1074
153 1088
153 1207
153 1215
154 70
154 71
154 72
154 73
154 74
154 75
154 76
154 103
154 108
154 208
154 213
154 236
154 254
154 262
154 385
154 402
154 823
154 828
154 832
154 906
154 915
154 1074
154 1088
154 1207
154 1215
155 69
155 103
155 108
155 208
155 213
155 236
155 247
155 248
155 249
155 250
155 251
155 252
155 254
155 262
155 385
155 402
155 823
155 828
155 832
155 906
155 915
155 1074
155 1088
155 1207
155 1215
156 68
156 103
156 108
156 208
156 213
156 237
156 238
156 239
156 240
156 241
156 242
156 243
156 244
156 245
156 246
156 254
156 262
156 385
156 402
156 823
156 828
156 832
156 906
156 916
156 1074
156 1088
156 1207
156 1215
157 68
157 103
157 107
157 108
157 209
157 213
157 253
157 262
157 385
157 402
157 823
157 828
157 832
157 906
157 916
157 1074
157 1088
157 1207
157 1215
158 68
158 103
158 106
158 107
158 209
158 213
158 253
158 262
158 385
158 402
158 823
158 828
158 832
158 906
158 916
158 1075
158 1088
158 1207
158 1215
159 68
159 75
159 92
159 93
159 104
159 105
159 106
159 209
159 213
159 253
159 262
159 385
159 402
159 823
159 828
159 832
159 906
159 916
159 1075
159 1088
159 1207
159 1215
160 69
160 70
160 71
160 72
160 73
160 74
160 76
160 91
160 104
160 209
160 213
160 253
160 262
160 302
160 303
160 304
160 385
160 402
160 601
160 602
160 823
160 829
160 830
160 831
160 832
160 906
160 916
160 1075
160 1088
160 1207
160 1215
161 76
161 91
161 93
161 104
161 209
161 214
161 253
161 262
161 301
161 305
161 385
161 402
161 600
161 823
161 829
161 906
161 916
161 1075
161 1088
161 1207
161 1216
162 76
162 104
162 209
162 214
162 253
162 262
162 300
162 305
162 385
162 402
162 599
162 603
162 823
162 828
162 907
162 916
162 1075
162 1088
162 1207
162 1216
163 76
163 104
163 209
163 214
163 253
163 262
163 300
163 305
163 385
163 402
163 599
163 603
163 823
163 828
163 907
163 916
163 1075
163 1088
163 1207
163 1216
164 71
164 72
164 73
164 74
164 75
164 76
164 104
164 209
164 214
164 253
164 262
164 300
164 305
164 385
164 402
164 598
164 603
164 823
164 828
164 907
164 916
164 1075
164 1088
164 1207
164 1216
165 70
165 104
165 201
165 202
165 203
165 204
165 205
165 206
165 207
165 208
165 209
165 210
165 211
165 214
165 253
165 262
165 300
165 305
165 385
165 402
165 598
165 602
165 823
165 828
165 907
165 916
165 1075
165 1089
165 1207
165 1216
166 70
166 104
166 200
166 212
166 253
166 262
166 300
166 305
166 385
166 402
166 598
166 602
166 823
166 828
166 907
166 916
166 1075
166 1089
166 1207
166 1216
167 70
167 104
167 199
167 212
167 253
167 262
167 300
167 305
167 385
167 402
167 599
167 601
167 602
167 823
167 828
167 907
167 916
167 1075
167 1089
167 1207
167 1216
168 71
168 72
168 73
168 104
168 199
168 212
168 253
168 263
168 300
168 305
168 385
168 402
168 599
168 600
168 601
168 823
168 828
168 907
168 916
168 1075
168 1089
168 1207
168 1216
169 74
169 75
169 92
169 93
169 104
169 199
169 212
169 253
169 263
169 300
169 305
169 385
169 403
169 599
169 602
169 823
169 828
169 907
169 916
169 1075
169 1089
169 1207
169 1216
170 76
170 91
170 104
170 199
170 212
170 253
170 263
170 300
170 305
170 385
170 403
170 599
170 602
170 823
170 828
170 907
170 916
170 1075
170 1089
170 1207
170 1216
171 76
171 91
171 94
171 104
171 199
171 212
171 253
171 263
171 296
171 297
171 298
171 299
171 300
171 305
171 385
171 403
171 599
171 602
171 823
171 828
171 907
171 916
171 1075
171 1089
171 1207
171 1216
172 76
172 91
172 95
172 96
172 97
172 98
172 99
172 100
172 101
172 102
172 103
172 104
172 199
172 212
172 253
172 263
172 295
172 305
172 385
172 403
172 599
172 602
172 823
172 828
172 907
172 916
172 1075
172 1089
172 1207
172 1216
173 77
173 78
173 79
173 91
173 95
173 199
173 212
173 253
173 263
173 295
173 306
173 307
173 308
173 309
173 310
173 311
173 385
173 403
173 599
173 602
173 823
173 828
173 907
173 916
173 1075
173 1089
173 1207
173 1216
174 80
174 81
174 82
174 83
174 84
174 85
174 86
174 87
174 88
174 91
174 95
174 200
174 212
174 253
174 263
174 295
174 312
174 385
174 403
174 599
174 602
174 823
174 828
174 907
174 916
174 1075
174 1089
174 1207
174 1216
175 89
175 95
175 200
175 212
175 253
175 263
175 296
175 297
175 298
175 299
175 312
175 386
175 403
175 599
175 602
175 823
175 828
175 907
175 916
175 1075
175 1089
175 1207
175 1216
176 89
176 95
176 200
176 212
176 253
176 263
176 300
176 312
176 386
176 403
176 599
176 602
176 823
176 828
176 907
176 916
176 1075
176 1089
176 1207
176 1216
177 89
177 95
177 200
177 212
177 253
177 263
177 300
177 312
177 386
177 403
177 599
177 602
177 798
177 799
177 800
177 801
177 802
177 803
177 804
177 805
177 806
177 807
177 808
177 809
177 810
177 823
177 828
177 907
177 916
177 1075
177 1089
177 1208
177 1216
178 89
178 95
178 200
178 212
178 253
178 263
178 300
178 308
178 309
178 310
178 311
178 312
178 386
178 403
178 599
178 603
178 771
178 772
178 773
178 774
178 775
178 776
178 777
178 778
178 779
178 780
178 781
178 782
178 783
178 784
178 785
178 786
178 787
178 788
178 789
178 790
178 791
178 792
178 793
178 794
178 795
178 796
178 797
178 811
178 823
178 828
178 907
178 916
178 1075
178 1089
178 1208
178 1217
179 89
179 95
179 200
179 212
179 253
179 263
179 300
179 307
179 386
179 403
179 599
179 603
179 757
179 758
179 759
179 760
179 761
179 762
179 763
179 764
179 765
179 766
179 767
179 768
179 769
179 770
179 811
179 823
179 828
179 907
179 916
179 969
179 1075
179 1089
179 1208
179 1217
179 1278
179 1279
180 89
180 95
180 200
180 212
180 253
180 263
180 300
180 306
180 386
180 403
180 599
180 603
180 756
180 811
180 823
180 828
180 907
180 917
180 968
180 970
180 971
180 972
180 1075
180 1089
180 1208
180 1217
181 89
181 95
181 200
181 212
181 253
181 263
181 300
181 306
181 386
181 403
181 599
181 603
181 755
181 811
181 823
181 828
181 907
181 917
181 967
181 973
181 1075
181 1089
181 1208
181 1217
182 89
182 95
182 201
182 202
182 203
182 204
182 205
182 206
182 212
182 253
182 263
182 300
182 306
182 386
182 403
182 599
182 603
182 755
182 811
182 823
182 828
182 907
182 917
182 967
182 973
182 1075
182 1089
182 1208
182 1217
183 89
183 95
183 207
183 208
183 211
183 212
183 253
183 263
183 299
183 306
183 386
183 403
183 599
183 603
183 755
183 811
183 823
183 828
183 907
183 917
183 967
183 973
183 1075
183 1089
183 1208
183 1217
184 89
184 95
184 209
184 210
184 215
184 253
184 263
184 299
184 306
184 386
184 403
184 599
184 603
184 755
184 811
184 823
184 828
184 907
184 917
184 967
184 973
184 1075
184 1089
184 1208
184 1217
185 89
185 95
185 209
185 215
185 253
185 263
185 300
185 306
185 386
185 403
185 599
185 603
185 755
185 811
185 823
185 828
185 907
185 917
185 967
185 973
185 1075
185 1089
185 1208
185 1217
186 89
186 95
186 209
186 215
186 253
186 263
186 300
186 306
186 386
186 403
186 599
186 603
186 755
186 811
186 823
186 828
186 907
186 917
186 967
186 973
186 1075
186 1089
186 1208
186 1217
187 89
187 95
187 209
187 215
187 253
187 263
187 300
187 306
187 387
187 388
187 389
187 390
187 391
187 392
187 393
187 394
187 395
187 396
187 397
187 398
187 399
187 400
187 403
187 599
187 603
187 755
187 811
187 824
187 829
187 907
187 917
187 967
187 973
187 1075
187 1089
187 1208
188 89
188 95
188 209
188 215
188 253
188 263
188 300
188 306
188 384
188 385
188 401
188 403
188 405
188 406
188 407
188 599
188 603
188 755
188 811
188 824
188 829
188 907
188 917
188 967
188 973
188 1075
188 1090
188 1208
189 89
189 95
189 209
189 215
189 253
189 263
189 300
189 306
189 381
189 382
189 383
189 408
189 409
189 600
189 603
189 755
189 811
189 824
189 829
189 907
189 917
189 967
189 973
189 1073
189 1074
189 1075
189 1090
189 1208
190 89
190 95
190 209
190 215
190 253
190 263
190 300
190 306
190 379
190 380
190 410
190 411
190 600
190 603
190 755
190 812
190 824
190 829
190 907
190 917
190 967
190 973
190 1075
190 1089
191 89
191 95
191 209
191 215
191 253
191 263
191 300
191 306
191 377
191 378
191 412
191 413
191 600
191 603
191 755
191 812
191 824
191 829
191 907
191 917
191 967
191 973
191 1075
191 1089
192 90
192 95
192 210
192 211
192 212
192 213
192 215
192 253
192 263
192 300
192 306
192 375
192 376
192 414
192 415
192 600
192 603
192 755
192 812
192 824
192 829
192 905
192 906
192 907
192 918
192 965
192 966
192 967
192 974
192 1075
192 1089
193 90
193 95
193 210
193 214
193 215
193 253
193 263
193 301
193 306
193 374
193 375
193 416
193 417
193 477
193 478
193 479
193 480
193 481
193 482
193 483
193 484
193 485
193 486
193 487
193 488
193 489
193 600
193 603
193 756
193 812
193 824
193 829
193 907
193 918
193 967
193 974
193 1075
193 1089
194 90
194 95
194 209
194 215
194 253
194 263
194 301
194 306
194 373
194 374
194 418
194 419
194 475
194 476
194 490
194 491
194 492
194 600
194 603
194 756
194 812
194 824
194 907
194 917
194 967
194 973
194 1075
194 1089
195 90
195 95
195 209
195 215
195 253
195 264
195 301
195 306
195 371
195 372
195 419
195 420
195 473
195 474
195 493
195 494
195 600
195 603
195 756
195 812
195 907
195 917
195 967
195 973
195 1075
195 1089
196 90
196 95
196 209
196 215
196 253
196 264
196 301
196 306
196 369
196 370
196 421
196 422
196 472
196 473
196 495
196 496
196 600
196 603
196 756
196 907
196 917
196 967
196 973
196 1075
196 1089
197 90
197 96
197 209
197 215
197 253
197 264
197 301
197 306
197 368
197 369
197 422
197 423
197 470
197 471
197 496
197 497
197 600
197 603
197 756
197 907
197 917
197 967
197 973
197 1075
197 1089
198 90
198 96
198 209
198 215
198 253
198 264
198 301
198 306
198 316
198 317
198 318
198 319
198 320
198 321
198 322
198 323
198 324
198 325
198 326
198 327
198 328
198 367
198 368
198 423
198 424
198 469
198 470
198 497
198 498
198 600
198 603
198 908
198 917
198 967
198 973
198 1075
198 1089
199 90
199 96
199 210
199 215
199 253
199 264
199 298
199 299
199 300
199 301
199 302
199 303
199 304
199 305
199 306
199 307
199 308
199 309
199 310
199 311
199 312
199 313
199 314
199 315
199 329
199 330
199 366
199 367
199 424
199 425
199 468
199 469
199 498
199 499
199 600
199 603
199 908
199 917
199 968
199 973
199 1075
199 1089
200 90
200 96
200 210
200 215
200 253
200 264
200 294
200 295
200 296
200 297
200 331
200 332
200 333
200 334
200 335
200 336
200 337
200 365
200 366
200 425
200 467
200 468
200 499
200 500
200 600
200 603
200 908
200 917
200 968
200 973
200 1075
200 1089
201 90
201 96
201 210
201 215
201 253
201 264
201 289
201 290
201 291
201 292
201 293
201 338
201 339
201 340
201 341
201 342
201 343
201 344
201 345
201 364
201 365
201 426
201 466
201 467
201 500
201 600
201 603
201 908
201 917
201 969
201 973
201 1075
201 1089
202 90
202 94
202 95
202 96
202 97
202 98
202 210
202 215
202 253
202 264
202 285
202 286
202 287
202 288
202 346
202 347
202 348
202 349
202 350
202 351
202 352
202 353
202 363
202 364
202 426
202 427
202 466
202 501
202 600
202 604
202 908
202 917
202 969
202 973
202 1075
202 1089
203 90
203 93
203 99
203 210
203 215
203 253
203 264
203 280
203 281
203 282
203 283
203 284
203 354
203 355
203 356
203 357
203 358
203 359
203 362
203 363
203 427
203 465
203 501
203 600
203 604
203 908
203 917
203 969
203 973
203 1075
203 1089
204 90
204 92
204 99
204 210
204 215
204 254
204 264
204 275
204 276
204 277
204 278
204 279
204 360
204 361
204 428
204 465
204 502
204 908
204 918
204 969
204 973
204 1075
204 1089
205 90
205 92
205 99
205 209
205 210
205 215
205 254
205 264
205 270
205 271
205 272
205 273
205 274
205 361
205 428
205 429
205 464
205 502
205 918
205 969
205 973
205 1075
205 1089
206 90
206 93
206 99
206 209
206 214
206 215
206 254
206 265
206 266
206 267
206 268
206 269
206 361
206 429
206 464
206 503
206 969
206 973
206 1075
206 1089
207 90
207 93
207 99
207 208
207 213
207 216
207 254
207 262
207 263
207 264
207 265
207 360
207 430
207 463
207 503
207 969
207 973
207 1075
207 1089
208 90
208 93
208 99
208 208
208 213
208 216
208 254
208 258
208 259
208 260
208 261
208 360
208 430
208 463
208 503
208 969
208 973
208 1075
208 1089
209 90
209 94
209 95
209 96
209 99
209 208
209 213
209 216
209 255
209 256
209 257
209 359
209 431
209 463
209 503
209 969
209 973
209 1075
209 1089
210 89
210 97
210 98
210 209
210 213
210 216
210 253
210 359
210 431
210 463
210 503
210 969
210 973
210 1075
210 1089
211 88
211 97
211 209
211 210
211 211
211 212
211 213
211 216
211 252
211 253
211 358
211 431
211 463
211 504
211 505
211 969
211 973
211 1075
211 1089
212 88
212 97
212 210
212 216
212 251
212 252
212 358
212 431
212 463
212 504
212 973
212 1075
212 1089
213 88
213 97
213 209
213 216
213 250
213 358
213 431
213 463
213 503
213 1074
213 1089
214 88
214 97
214 209
214 216
214 249
214 358
214 432
214 435
214 460
214 461
214 462
214 463
214 503
214 1074
214 1089
215 88
215 97
215 209
215 216
215 248
215 249
215 358
215 433
215 434
215 463
215 503
215 1074
215 1090
216 88
216 97
216 209
216 216
216 247
216 248
216 357
216 433
216 463
216 503
216 1073
216 1090
216 1091
217 88
217 97
217 209
217 216
217 246
217 247
217 357
217 432
217 463
217 503
217 1073
217 1091
217 1092
218 88
218 97
218 209
218 216
218 245
218 246
218 357
218 432
218 463
218 503
218 1073
218 1092
219 88
219 97
219 209
219 216
219 243
219 244
219 357
219 432
219 464
219 503
219 1073
219 1092
220 89
220 97
220 210
220 216
220 242
220 243
220 356
220 433
220 464
220 503
220 1073
220 1092
221 89
221 97
221 210
221 217
221 218
221 236
221 237
221 238
221 239
221 240
221 241
221 242
221 356
221 433
221 465
221 503
221 1073
221 1092
222 89
222 97
222 206
222 207
222 208
222 209
222 210
222 217
222 356
222 433
222 465
222 503
222 1073
222 1092
223 89
223 97
223 210
223 216
223 356
223 433
223 466
223 503
223 1073
223 1092
224 89
224 97
224 210
224 216
224 237
224 238
224 356
224 433
224 466
224 502
224 1073
224 1092
225 89
225 97
225 210
225 216
225 236
225 237
225 356
225 433
225 467
225 501
225 502
225 1073
225 1092
226 86
226 87
226 88
226 89
226 98
226 210
226 216
226 228
226 229
226 230
226 231
226 232
226 233
226 234
226 235
226 356
226 433
226 467
226 499
226 500
226 1073
226 1092
227 89
227 98
227 210
227 216
227 226
227 227
227 356
227 433
227 468
227 498
227 499
227 1073
227 1092
228 89
228 97
228 210
228 216
228 225
228 226
228 356
228 433
228 469
228 470
228 485
228 486
228 497
228 498
228 1073
228 1092
229 89
229 97
229 210
229 217
229 225
229 356
229 433
229 470
229 471
229 484
229 487
229 496
229 497
229 1073
229 1093
230 89
230 97
230 210
230 217
230 224
230 356
230 432
230 472
230 473
230 483
230 487
230 495
230 496
230 1073
230 1093
231 89
231 97
231 210
231 217
231 224
231 356
231 432
231 473
231 474
231 483
231 487
231 493
231 494
231 1073
231 1093
232 89
232 97
232 210
232 217
232 224
232 225
232 356
232 432
232 475
232 476
232 477
232 483
232 487
232 491
232 492
232 493
232 1073
232 1093
233 89
233 97
233 225
233 226
233 227
233 357
233 432
233 478
233 479
233 480
233 481
233 482
233 489
233 490
233 1073
233 1093
234 89
234 97
234 225
234 357
234 432
234 483
234 488
234 1073
234 1093
235 89
235 97
235 217
235 225
235 226
235 227
235 357
235 432
235 483
235 487
235 1073
235 1093
236 89
236 97
236 217
236 222
236 223
236 224
236 357
236 431
236 483
236 487
236 1073
236 1093
237 89
237 97
237 218
237 219
237 220
237 221
237 358
237 431
237 483
237 487
237 1073
237 1093
238 210
238 216
238 217
238 358
238 430
238 483
238 487
238 1073
238 1093
239 211
239 212
239 213
239 214
239 215
239 359
239 430
239 483
239 487
239 1073
239 1093
240 209
240 211
240 359
240 430
240 483
240 487
240 1073
240 1093
241 206
241 207
241 208
241 360
241 429
241 483
241 487
241 1073
241 1093
242 202
242 203
242 204
242 205
242 360
242 361
242 429
242 483
242 487
242 1073
242 1093
243 199
243 200
243 201
243 361
243 428
243 483
243 487
243 1073
243 1093
244 196
244 197
244 198
244 362
244 427
244 428
244 483
244 487
244 1074
244 1093
245 193
245 194
245 195
245 362
245 426
245 427
245 483
245 487
245 1074
245 1093
246 189
246 190
246 191
246 192
246 363
246 426
246 483
246 487
246 1074
246 1093
247 186
247 187
247 188
247 363
247 364
247 425
247 483
247 487
247 1074
247 1093
248 183
248 184
248 185
248 364
248 424
248 425
248 483
248 487
248 1074
248 1093
249 180
249 181
249 182
249 365
249 423
249 424
249 483
249 487
249 1074
249 1093
250 178
250 179
250 365
250 366
250 422
250 423
250 483
250 487
250 1074
250 1093
251 176
251 177
251 366
251 367
251 421
251 422
251 483
251 487
251 1074
251 1094
252 174
252 175
252 368
252 369
252 370
252 420
252 421
252 483
252 487
252 1074
252 1094
253 172
253 173
253 371
253 372
253 418
253 419
253 483
253 487
253 1074
253 1094
254 171
254 172
254 373
254 374
254 417
254 418
254 483
254 487
254 1074
254 1094
255 171
255 375
255 376
255 416
255 417
255 483
255 487
255 1074
255 1094
256 170
256 377
256 415
256 1074
256 1094
257 170
257 378
257 379
257 414
257 1074
257 1094
258 170
258 380
258 381
258 382
258 412
258 413
258 1074
258 1094
259 169
259 383
259 384
259 385
259 386
259 410
259 411
259 1074
259 1094
260 169
260 387
260 388
260 390
260 399
260 400
260 401
260 402
260 403
260 404
260 405
260 406
260 409
260 1074
260 1094
261 168
261 388
261 391
261 392
261 393
261 394
261 395
261 396
261 397
261 398
261 408
261 1074
261 1094
262 167
262 388
262 408
262 1074
262 1094
263 167
263 388
263 408
263 1074
263 1094
264 166
264 388
264 408
264 1074
264 1094
265 166
265 388
265 408
265 1074
265 1094
266 166
266 388
266 408
266 1074
266 1094
267 166
267 388
267 408
267 1074
267 1094
268 166
268 388
268 408
268 1074
268 1094
269 166
269 388
269 409
269 1074
269 1094
270 166
270 388
270 409
270 1074
270 1094
271 166
271 388
271 409
271 1074
271 1094
272 166
272 388
272 409
272 1074
272 1094
273 166
273 385
273 386
273 387
273 388
273 409
273 1074
273 1094
274 166
274 388
274 409
274 1074
274 1094
275 166
275 388
275 409
275 1074
275 1095
276 166
276 388
276 409
276 1074
276 1095
277 166
277 388
277 409
277 1074
277 1095
278 167
278 388
278 409
278 1074
278 1095
279 167
279 388
279 409
279 1074
279 1095
280 167
280 388
280 409
280 1074
280 1095
281 167
281 388
281 409
281 1074
281 1095
282 167
282 388
282 409
282 1074
282 1095
283 167
283 388
283 409
283 1074
283 1095
284 167
284 388
284 409
284 1074
284 1095
285 167
285 389
285 409
285 1074
285 1095
286 167
286 389
286 409
286 1074
286 1095
287 167
287 389
287 409
287 1074
287 1095
288 167
288 389
288 409
288 1074
288 1095
289 167
289 389
289 410
289 1074
289 1095
290 389
290 410
290 1074
290 1095
291 389
291 410
291 1074
291 1095
292 389
292 410
292 1074
292 1095
293 389
293 410
293 1074
293 1095
294 389
294 410
294 1074
294 1095
295 389
295 410
295 1074
295 1095
296 389
296 410
296 1074
296 1095
297 389
297 410
297 1074
297 1096
298 389
298 410
298 1074
298 1096
299 389
299 410
299 1074
299 1096
300 389
300 410
300 1074
300 1096
301 389
301 410
301 1074
301 1096
302 389
302 410
302 1075
302 1096
303 389
303 410
303 1075
303 1096
304 389
304 410
304 1075
304 1096
305 389
305 410
305 1096
306 389
306 410
306 1096
307 389
307 410
308 389
308 410
309 411
