0 127
0 174
0 511
1 128
1 174
1 512
1 513
1 514
1 515
1 516
1 517
1 518
1 519
1 520
2 128
2 129
2 174
2 521
2 522
2 926
2 927
3 129
3 130
3 173
3 523
3 524
3 923
3 924
3 925
3 928
3 929
4 130
4 173
4 525
4 526
4 921
4 922
4 929
5 131
5 172
5 526
5 527
5 921
5 930
6 131
6 132
6 172
6 527
6 528
6 920
6 930
6 931
7 132
7 172
7 528
7 529
7 920
7 931
7 932
8 133
8 171
8 529
8 530
8 921
8 933
9 133
9 134
9 171
9 530
9 921
9 934
10 135
10 136
10 169
10 170
10 171
10 530
10 922
10 934
10 935
11 136
11 137
11 138
11 139
11 140
11 141
11 167
11 168
11 531
11 890
11 891
11 892
11 893
11 935
11 936
12 142
12 165
12 166
12 531
12 889
12 893
12 920
12 921
12 937
12 938
13 143
13 164
13 532
13 888
13 894
13 920
13 938
13 939
14 143
14 164
14 532
14 888
14 894
14 919
14 939
14 940
15 143
15 164
15 165
15 210
15 532
15 887
15 894
15 919
15 940
16 144
16 165
16 166
16 208
16 209
16 211
16 212
16 532
16 603
16 604
16 605
16 606
16 607
16 608
16 609
16 887
16 894
16 919
16 940
17 144
17 145
17 166
17 167
17 206
17 207
17 213
17 214
17 532
17 601
17 602
17 610
17 611
17 887
17 894
17 918
17 940
18 144
18 145
18 146
18 167
18 206
18 209
18 210
18 215
18 216
18 532
18 601
18 611
18 612
18 886
18 895
18 919
18 939
18 940
19 144
19 147
19 148
19 149
19 150
19 151
19 167
19 211
19 217
19 218
19 531
19 600
19 612
19 613
19 886
19 895
19 896
19 897
19 898
19 899
19 919
19 920
19 939
20 144
20 151
20 167
20 211
20 218
20 219
20 530
20 600
20 613
20 614
20 886
20 900
20 901
20 938
21 144
21 151
21 168
21 212
21 220
21 221
21 529
21 599
21 614
21 886
21 901
21 914
21 915
21 916
21 917
21 918
21 919
21 938
22 144
22 151
22 169
22 212
22 213
22 214
22 215
22 216
22 222
22 223
22 530
22 598
22 599
22 615
22 886
22 901
22 912
22 913
22 937
23 144
23 152
23 170
23 171
23 172
23 173
23 217
23 224
23 225
23 530
23 598
23 615
23 886
23 901
23 911
23 937
23 943
23 944
23 945
23 946
24 144
24 152
24 168
24 173
24 217
24 225
24 531
24 597
24 615
24 885
24 901
24 910
24 937
24 941
24 942
24 947
24 948
25 144
25 152
25 166
25 167
25 170
25 171
25 172
25 173
25 217
25 226
25 531
25 598
25 614
25 615
25 884
25 885
25 901
25 909
25 936
25 941
25 949
25 950
26 144
26 152
26 164
26 165
26 218
26 531
26 599
26 600
26 601
26 602
26 603
26 604
26 605
26 606
26 607
26 608
26 609
26 610
26 611
26 612
26 613
26 614
26 884
26 901
26 908
26 936
26 940
26 950
27 144
27 153
27 163
27 164
27 218
27 219
27 224
27 225
27 531
27 883
27 902
27 909
27 935
27 940
27 950
28 126
28 127
28 144
28 154
28 155
28 156
28 157
28 162
28 163
28 219
28 220
28 222
28 223
28 531
28 883
28 902
28 903
28 910
28 936
28 939
28 951
29 126
29 128
29 129
29 130
29 131
29 144
29 158
29 159
29 160
29 161
29 162
29 220
29 221
29 222
29 531
29 534
29 535
29 536
29 882
29 903
29 911
29 937
29 938
29 939
29 951
30 127
30 132
30 133
30 134
30 135
30 144
30 531
30 533
30 537
30 538
30 539
30 883
30 904
30 911
30 951
31 127
31 136
31 137
31 138
31 144
31 540
31 541
31 883
31 884
31 885
31 904
31 911
31 951
32 128
32 139
32 140
32 141
32 142
32 144
32 541
32 883
32 905
32 911
32 951
33 129
33 130
33 143
33 144
33 541
33 883
33 884
33 885
33 905
33 910
33 952
34 131
34 542
34 632
34 883
34 906
34 910
34 952
35 132
35 542
35 543
35 629
35 630
35 631
35 633
35 634
35 882
35 906
35 910
35 953
36 133
36 543
36 544
36 627
36 628
36 634
36 635
36 881
36 882
36 906
36 911
36 953
37 134
37 135
37 545
37 546
37 623
37 624
37 627
37 635
37 881
37 906
37 911
37 954
38 136
38 546
38 610
38 611
38 612
38 621
38 622
38 625
38 635
38 674
38 881
38 906
38 910
38 911
38 954
38 1167
38 1168
38 1169
38 1170
39 137
39 547
39 609
39 613
39 614
39 618
39 619
39 620
39 635
39 672
39 673
39 675
39 676
39 881
39 882
39 906
39 908
39 909
39 955
39 1164
39 1165
39 1166
39 1171
39 1172
39 1173
39 1174
39 1175
40 138
40 139
40 547
40 608
40 615
40 616
40 617
40 635
40 672
40 676
40 677
40 882
40 906
40 908
40 955
40 1162
40 1163
40 1176
40 1177
40 1197
40 1198
40 1199
40 1200
41 140
41 548
41 608
41 634
41 669
41 670
41 671
41 677
41 882
41 906
41 908
41 955
41 1162
41 1177
41 1195
41 1196
41 1201
42 141
42 548
42 608
42 634
42 668
42 677
42 881
42 955
42 1161
42 1177
42 1195
42 1201
43 142
43 548
43 551
43 607
43 635
43 662
43 663
43 664
43 665
43 666
43 667
43 677
43 880
43 905
43 956
43 962
43 963
43 964
43 965
43 966
43 967
43 1161
43 1178
43 1201
44 143
44 144
44 548
44 549
44 550
44 552
44 553
44 607
44 635
44 659
44 660
44 661
44 678
44 880
44 905
44 907
44 956
44 957
44 960
44 961
44 968
44 969
44 1160
44 1161
44 1179
44 1191
44 1192
44 1193
44 1201
44 1232
44 1233
44 1234
44 1240
44 1241
44 1242
44 1243
44 1244
44 1245
44 1246
45 145
45 554
45 555
45 608
45 636
45 657
45 658
45 678
45 679
45 879
45 957
45 958
45 959
45 969
45 1159
45 1160
45 1180
45 1189
45 1190
45 1202
45 1230
45 1231
45 1235
45 1236
45 1237
45 1238
45 1239
45 1247
45 1248
46 146
46 555
46 608
46 609
46 636
46 637
46 656
46 680
46 681
46 879
46 970
46 1158
46 1159
46 1180
46 1181
46 1188
46 1189
46 1202
46 1230
46 1248
46 1249
47 147
47 556
47 637
47 655
47 681
47 682
47 687
47 688
47 689
47 690
47 879
47 970
47 1132
47 1133
47 1134
47 1157
47 1158
47 1181
47 1187
47 1188
47 1202
47 1229
47 1249
47 1250
48 148
48 556
48 557
48 558
48 559
48 597
48 598
48 599
48 600
48 601
48 608
48 637
48 655
48 682
48 683
48 687
48 690
48 691
48 880
48 970
48 1129
48 1130
48 1131
48 1135
48 1136
48 1157
48 1181
48 1186
48 1187
48 1202
48 1218
48 1219
48 1226
48 1227
48 1228
48 1229
48 1250
48 1255
48 1256
48 1278
48 1279
49 149
49 309
49 560
49 561
49 594
49 595
49 596
49 602
49 603
49 604
49 605
49 606
49 607
49 637
49 654
49 684
49 685
49 686
49 691
49 836
49 837
49 838
49 880
49 881
49 969
49 1127
49 1128
49 1136
49 1137
49 1138
49 1139
49 1140
49 1141
49 1142
49 1143
49 1156
49 1180
49 1185
49 1186
49 1203
49 1216
49 1217
49 1220
49 1221
49 1222
49 1223
49 1224
49 1225
49 1250
49 1253
49 1254
49 1257
49 1258
49 1275
49 1276
49 1277
50 150
50 219
50 220
50 221
50 222
50 223
50 224
50 225
50 309
50 561
50 562
50 591
50 592
50 593
50 637
50 655
50 692
50 835
50 836
50 839
50 840
50 881
50 968
50 969
50 1125
50 1126
50 1144
50 1145
50 1156
50 1181
50 1182
50 1183
50 1184
50 1203
50 1204
50 1205
50 1206
50 1207
50 1208
50 1209
50 1210
50 1211
50 1212
50 1213
50 1214
50 1215
50 1216
50 1249
50 1253
50 1259
50 1260
50 1273
50 1274
51 151
51 152
51 218
51 310
51 562
51 563
51 590
51 638
51 649
51 650
51 651
51 652
51 653
51 656
51 692
51 828
51 829
51 830
51 831
51 832
51 833
51 834
51 840
51 881
51 968
51 1123
51 1124
51 1146
51 1147
51 1156
51 1246
51 1247
51 1248
51 1249
51 1252
51 1260
51 1261
51 1272
51 1273
52 153
52 218
52 225
52 310
52 563
52 589
52 638
52 647
52 648
52 654
52 692
52 826
52 827
52 840
52 880
52 967
52 1122
52 1123
52 1147
52 1156
52 1245
52 1250
52 1251
52 1252
52 1261
52 1272
53 154
53 218
53 224
53 311
53 563
53 589
53 638
53 645
53 646
53 647
53 692
53 734
53 824
53 825
53 841
53 880
53 967
53 1121
53 1147
53 1154
53 1155
53 1156
53 1246
53 1247
53 1248
53 1262
53 1266
53 1271
54 155
54 218
54 224
54 311
54 563
54 588
54 639
54 643
54 644
54 692
54 732
54 733
54 735
54 736
54 737
54 738
54 799
54 800
54 801
54 802
54 803
54 804
54 805
54 806
54 807
54 808
54 809
54 824
54 841
54 842
54 880
54 967
54 1115
54 1116
54 1120
54 1148
54 1152
54 1153
54 1262
54 1263
54 1264
54 1265
54 1267
54 1268
54 1269
54 1270
54 1271
55 156
55 218
55 224
55 312
55 563
55 588
55 639
55 642
55 643
55 692
55 732
55 739
55 740
55 797
55 798
55 810
55 811
55 823
55 843
55 844
55 881
55 967
55 1112
55 1113
55 1114
55 1117
55 1118
55 1148
55 1149
55 1150
55 1151
56 157
56 218
56 224
56 312
56 564
56 588
56 640
56 641
56 642
56 692
56 693
56 694
56 732
56 740
56 741
56 742
56 752
56 753
56 796
56 812
56 813
56 823
56 844
56 881
56 967
56 1110
56 1111
56 1119
57 158
57 218
57 224
57 313
57 565
57 566
57 588
57 695
57 696
57 706
57 707
57 708
57 732
57 743
57 748
57 749
57 750
57 751
57 754
57 755
57 795
57 813
57 814
57 822
57 844
57 881
57 966
57 1109
57 1110
58 159
58 218
58 224
58 313
58 566
58 588
58 696
58 697
58 704
58 705
58 709
58 710
58 711
58 712
58 713
58 714
58 732
58 743
58 746
58 747
58 755
58 795
58 815
58 816
58 820
58 821
58 844
58 876
58 877
58 878
58 879
58 880
58 881
58 966
58 1109
59 160
59 218
59 224
59 314
59 567
59 589
59 697
59 698
59 702
59 703
59 715
59 716
59 732
59 743
59 745
59 756
59 796
59 816
59 817
59 818
59 819
59 844
59 874
59 875
59 965
59 1108
60 161
60 162
60 218
60 224
60 314
60 567
60 589
60 698
60 699
60 700
60 701
60 717
60 718
60 726
60 727
60 728
60 732
60 757
60 758
60 796
60 797
60 844
60 845
60 873
60 965
60 1108
61 163
61 218
61 224
61 315
61 568
61 589
61 718
61 724
61 725
61 729
61 730
61 731
61 732
61 744
61 745
61 758
61 797
61 798
61 846
61 872
61 964
61 1108
62 164
62 218
62 224
62 315
62 568
62 589
62 719
62 722
62 723
62 743
62 759
62 798
62 846
62 872
62 964
62 1108
63 165
63 218
63 224
63 315
63 569
63 579
63 589
63 719
63 720
63 721
63 744
63 745
63 759
63 760
63 798
63 847
63 871
63 964
63 1109
64 166
64 218
64 224
64 315
64 569
64 570
64 577
64 578
64 580
64 581
64 582
64 583
64 584
64 585
64 586
64 587
64 588
64 589
64 760
64 761
64 798
64 847
64 871
64 965
64 1109
65 167
65 218
65 224
65 316
65 570
65 576
65 577
65 761
65 764
65 765
65 798
65 848
65 872
65 965
65 1109
66 168
66 218
66 224
66 316
66 571
66 574
66 575
66 761
66 763
66 766
66 767
66 768
66 769
66 770
66 798
66 849
66 872
66 873
66 874
66 966
66 1110
67 169
67 219
67 224
67 316
67 571
67 574
67 761
67 763
67 771
67 772
67 798
67 850
67 966
67 1110
68 170
68 219
68 224
68 316
68 571
68 773
68 774
68 775
68 776
68 796
68 797
68 850
68 873
68 874
68 967
68 1104
68 1105
68 1106
68 1107
68 1108
68 1109
68 1110
69 171
69 172
69 219
69 224
69 316
69 570
69 571
69 573
69 777
69 778
69 794
69 795
69 851
69 873
69 967
69 1093
69 1094
69 1095
69 1096
69 1102
69 1103
70 173
70 219
70 224
70 316
70 570
70 573
70 779
70 780
70 790
70 791
70 792
70 793
70 851
70 872
70 967
70 1091
70 1092
70 1097
70 1098
70 1102
71 174
71 219
71 224
71 317
71 570
71 573
71 780
71 781
71 788
71 789
71 851
71 872
71 968
71 1089
71 1090
71 1099
71 1100
72 175
72 219
72 224
72 317
72 570
72 572
72 781
72 786
72 787
72 788
72 850
72 871
72 968
72 1087
72 1088
72 1100
73 176
73 219
73 224
73 317
73 782
73 783
73 784
73 785
73 851
73 871
73 969
73 1085
73 1086
74 177
74 219
74 224
74 307
74 317
74 851
74 871
74 969
74 1084
74 1085
75 177
75 219
75 224
75 307
75 317
75 852
75 871
75 969
75 1082
75 1083
76 177
76 219
76 225
76 307
76 317
76 853
76 854
76 871
76 969
76 1081
76 1082
77 0
77 177
77 219
77 225
77 308
77 318
77 855
77 871
77 970
77 981
77 982
77 983
77 984
77 1063
77 1064
77 1065
77 1079
77 1080
78 1
78 177
78 219
78 225
78 308
78 318
78 856
78 871
78 970
78 971
78 979
78 980
78 985
78 986
78 1061
78 1062
78 1066
78 1067
78 1079
79 1
79 176
79 219
79 225
79 308
79 318
79 856
79 871
79 972
79 973
79 979
79 987
79 988
79 1059
79 1060
79 1068
79 1069
79 1078
80 2
80 3
80 176
80 219
80 225
80 308
80 318
80 747
80 748
80 856
80 871
80 973
80 978
80 988
80 989
80 1057
80 1058
80 1069
80 1070
80 1077
81 176
81 219
81 225
81 308
81 318
81 746
81 749
81 857
81 872
81 974
81 975
81 976
81 990
81 991
81 1055
81 1056
81 1071
81 1072
81 1076
82 3
82 176
82 219
82 225
82 308
82 318
82 745
82 749
82 857
82 872
82 977
82 991
82 1053
82 1054
82 1073
82 1074
82 1076
83 2
83 176
83 219
83 225
83 309
83 319
83 571
83 572
83 573
83 745
83 749
83 857
83 872
83 991
83 1051
83 1052
83 1074
84 2
84 176
84 219
84 225
84 309
84 319
84 565
84 566
84 567
84 568
84 569
84 570
84 571
84 574
84 745
84 749
84 856
84 857
84 872
84 992
84 1049
84 1050
84 1074
85 2
85 176
85 219
85 225
85 309
85 319
85 564
85 574
85 745
85 749
85 856
85 872
85 992
85 1048
85 1074
86 2
86 176
86 219
86 225
86 309
86 319
86 564
86 574
86 745
86 749
86 854
86 855
86 872
86 992
86 1047
86 1074
87 2
87 176
87 219
87 225
87 309
87 319
87 564
87 575
87 745
87 749
87 853
87 873
87 992
87 1044
87 1045
87 1046
87 1073
87 1074
88 0
88 1
88 176
88 219
88 225
88 309
88 319
88 565
88 576
88 745
88 749
88 854
88 855
88 856
88 873
88 874
88 992
88 1042
88 1043
88 1071
88 1072
89 175
89 219
89 225
89 310
89 320
89 565
89 566
89 576
89 745
89 749
89 857
89 858
89 874
89 875
89 876
89 992
89 1040
89 1041
89 1069
89 1070
90 175
90 219
90 225
90 310
90 320
90 566
90 573
90 574
90 575
90 745
90 749
90 859
90 860
90 861
90 862
90 863
90 864
90 865
90 877
90 878
90 992
90 1037
90 1038
90 1039
90 1064
90 1065
90 1066
90 1067
90 1068
91 175
91 219
91 225
91 310
91 320
91 567
91 571
91 572
91 745
91 749
91 866
91 879
91 880
91 992
91 1026
91 1027
91 1028
91 1029
91 1030
91 1031
91 1032
91 1033
91 1034
91 1035
91 1036
91 1037
91 1058
91 1059
91 1060
91 1061
91 1062
91 1063
92 175
92 219
92 225
92 310
92 320
92 567
92 569
92 570
92 745
92 749
92 867
92 992
92 1004
92 1011
92 1012
92 1013
92 1014
92 1015
92 1016
92 1017
92 1018
92 1019
92 1020
92 1021
92 1022
92 1023
92 1024
92 1025
92 1037
92 1038
92 1039
92 1040
92 1056
92 1057
93 175
93 219
93 225
93 310
93 320
93 567
93 569
93 745
93 749
93 867
93 878
93 879
93 991
93 992
93 1002
93 1003
93 1005
93 1006
93 1007
93 1008
93 1009
93 1010
93 1041
93 1042
93 1054
93 1055
94 175
94 219
94 225
94 310
94 320
94 745
94 749
94 867
94 878
94 991
94 1000
94 1001
94 1043
94 1044
94 1050
94 1051
94 1052
94 1053
95 175
95 219
95 225
95 310
95 321
95 745
95 749
95 866
95 867
95 877
95 990
95 999
95 1000
95 1045
95 1046
95 1047
95 1048
95 1049
96 175
96 219
96 225
96 310
96 321
96 745
96 749
96 866
96 877
96 990
96 996
96 997
96 998
96 999
97 175
97 220
97 225
97 310
97 321
97 745
97 749
97 865
97 877
97 991
97 994
97 995
98 175
98 220
98 225
98 310
98 321
98 745
98 749
98 865
98 877
98 991
98 993
98 994
99 174
99 220
99 225
99 310
99 321
99 745
99 749
99 865
99 877
99 991
99 993
100 174
100 220
100 225
100 310
100 320
100 567
100 568
100 569
100 745
100 749
100 866
100 876
101 174
101 220
101 225
101 310
101 320
101 567
101 569
101 745
101 749
101 866
101 876
102 174
102 220
102 225
102 310
102 319
102 567
102 568
102 569
102 745
102 749
102 867
102 877
103 174
103 220
103 225
103 310
103 319
103 745
103 749
103 867
103 877
103 878
104 174
104 220
104 225
104 310
104 318
104 572
104 573
104 574
104 745
104 749
104 867
104 878
104 879
104 880
105 174
105 220
105 225
105 309
105 318
105 571
105 574
105 745
105 749
105 867
106 174
106 220
106 225
106 309
106 318
106 572
106 573
106 574
106 745
106 749
106 867
106 880
107 174
107 220
107 225
107 309
107 318
107 745
107 749
107 867
107 879
108 174
108 220
108 225
108 309
108 318
108 745
108 749
108 867
108 879
109 173
109 220
109 225
109 309
109 318
109 745
109 749
109 867
109 878
110 173
110 220
110 225
110 309
110 318
110 745
110 749
110 865
110 866
110 867
110 877
110 878
111 173
111 220
111 225
111 309
111 318
111 745
111 749
111 865
111 876
111 877
112 173
112 220
112 225
112 309
112 318
112 427
112 745
112 749
112 865
112 866
112 874
112 875
113 173
113 220
113 225
113 309
113 318
113 427
113 745
113 749
113 866
113 874
114 173
114 220
114 225
114 309
114 318
114 427
114 745
114 749
114 866
114 873
114 1274
114 1275
114 1276
114 1277
114 1278
114 1279
115 173
115 220
115 225
115 309
115 318
115 427
115 745
115 749
115 867
115 868
115 869
115 870
115 871
115 1260
115 1261
115 1262
115 1263
115 1264
115 1265
115 1266
115 1267
115 1268
115 1269
115 1270
115 1271
115 1272
115 1273
116 173
116 220
116 225
116 309
116 317
116 373
116 374
116 375
116 376
116 377
116 378
116 379
116 380
116 381
116 382
116 383
116 384
116 385
116 386
116 387
116 388
116 389
116 390
116 391
116 392
116 393
116 394
116 395
116 396
116 397
116 398
116 399
116 400
116 401
116 402
116 403
116 404
116 405
116 406
116 407
116 408
116 409
116 410
116 411
116 412
116 413
116 427
116 745
116 749
116 872
116 874
116 1246
116 1247
116 1248
116 1249
116 1250
116 1251
116 1252
116 1253
116 1254
116 1255
116 1256
116 1257
116 1258
116 1259
117 173
117 220
117 225
117 309
117 317
117 340
117 341
117 342
117 343
117 344
117 345
117 346
117 347
117 348
117 349
117 350
117 351
117 352
117 353
117 354
117 355
117 356
117 357
117 358
117 359
117 360
117 361
117 362
117 363
117 364
117 365
117 366
117 367
117 368
117 369
117 370
117 371
117 372
117 427
117 745
117 749
117 1232
117 1233
117 1234
117 1235
117 1236
117 1237
117 1238
117 1239
117 1240
117 1241
117 1242
117 1243
117 1244
117 1245
118 173
118 220
118 225
118 309
118 317
118 334
118 335
118 336
118 337
118 338
118 339
118 427
118 571
118 572
118 573
118 574
118 575
118 576
118 577
118 578
118 579
118 580
118 581
118 582
118 745
118 749
118 1218
118 1219
118 1220
118 1221
118 1222
118 1223
118 1224
118 1225
118 1226
118 1227
118 1228
118 1229
118 1230
118 1231
119 172
119 220
119 225
119 276
119 277
119 278
119 279
119 280
119 281
119 282
119 283
119 284
119 285
119 286
119 287
119 288
119 289
119 290
119 291
119 292
119 293
119 294
119 295
119 296
119 297
119 298
119 299
119 309
119 317
119 332
119 333
119 427
119 570
119 583
119 745
119 749
119 1204
119 1205
119 1206
119 1207
119 1208
119 1209
119 1210
119 1211
119 1212
119 1213
119 1214
119 1215
119 1216
119 1217
120 172
120 220
120 225
120 243
120 244
120 245
120 246
120 247
120 248
120 249
120 250
120 251
120 252
120 253
120 254
120 255
120 256
120 257
120 258
120 259
120 260
120 261
120 262
120 263
120 264
120 265
120 266
120 267
120 268
120 269
120 270
120 271
120 272
120 273
120 274
120 275
120 300
120 301
120 302
120 309
120 317
120 330
120 331
120 427
120 569
120 700
120 745
120 749
120 1202
120 1203
121 172
121 220
121 226
121 227
121 228
121 229
121 230
121 231
121 232
121 233
121 234
121 235
121 236
121 237
121 238
121 239
121 240
121 241
121 242
121 309
121 317
121 328
121 329
121 426
121 699
121 701
121 745
121 749
121 1199
121 1200
121 1201
122 172
122 208
122 209
122 210
122 211
122 212
122 213
122 214
122 215
122 216
122 217
122 218
122 219
122 309
122 317
122 327
122 328
122 426
122 699
122 700
122 701
122 702
122 703
122 704
122 705
122 706
122 707
122 708
122 709
122 710
122 711
122 712
122 713
122 714
122 715
122 716
122 717
122 718
122 719
122 720
122 721
122 722
122 723
122 724
122 725
122 726
122 727
122 728
122 729
122 730
122 731
122 732
122 733
122 734
122 735
122 736
122 737
122 738
122 739
122 740
122 741
122 742
122 743
122 744
122 745
122 746
122 747
122 1195
122 1196
122 1197
122 1198
123 172
123 195
123 196
123 197
123 198
123 199
123 200
123 201
123 202
123 203
123 204
123 205
123 206
123 207
123 225
123 309
123 317
123 325
123 326
123 426
123 699
123 748
123 1191
123 1192
123 1193
123 1194
124 0
124 1
124 2
124 183
124 184
124 185
124 186
124 187
124 188
124 189
124 190
124 191
124 192
124 193
124 194
124 220
124 225
124 309
124 317
124 323
124 324
124 426
124 698
124 749
124 1187
124 1188
124 1189
124 1190
125 3
125 173
125 174
125 175
125 176
125 177
125 178
125 179
125 180
125 181
125 182
125 220
125 225
125 309
125 317
125 321
125 322
125 426
125 698
125 749
125 1183
125 1184
125 1185
125 1186
126 3
126 172
126 221
126 226
126 309
126 317
126 320
126 321
126 426
126 696
126 698
126 749
126 1178
126 1179
126 1180
126 1181
126 1182
127 3
127 152
127 171
127 221
127 226
127 309
127 317
127 319
127 426
127 695
127 698
127 749
127 1174
127 1175
127 1176
127 1177
128 3
128 151
128 153
128 171
128 221
128 226
128 309
128 318
128 426
128 694
128 698
128 749
128 1173
129 3
129 151
129 153
129 171
129 221
129 226
129 309
129 318
129 426
129 435
129 694
129 698
129 749
129 1170
129 1171
129 1172
130 3
130 151
130 152
130 153
130 171
130 221
130 226
130 309
130 318
130 426
130 435
130 694
130 698
130 749
130 1153
130 1154
130 1155
130 1156
130 1166
130 1167
130 1168
130 1169
131 3
131 150
131 151
131 154
131 155
131 170
131 221
131 226
131 309
131 318
131 426
131 435
131 694
131 698
131 749
131 1151
131 1152
131 1157
131 1158
131 1162
131 1163
131 1164
131 1165
132 4
132 5
132 6
132 149
132 150
132 156
132 157
132 158
132 159
132 160
132 161
132 169
132 170
132 221
132 226
132 309
132 318
132 426
132 435
132 693
132 696
132 698
132 749
132 1151
132 1158
132 1159
132 1160
132 1161
133 7
133 149
133 162
133 163
133 167
133 168
133 221
133 226
133 309
133 318
133 426
133 435
133 693
133 696
133 698
133 749
133 1150
134 8
134 148
134 163
134 164
134 165
134 166
134 221
134 226
134 309
134 318
134 426
134 435
134 693
134 696
134 698
134 749
134 1150
135 8
135 9
135 10
135 11
135 148
135 221
135 226
135 309
135 318
135 418
135 426
135 435
135 558
135 693
135 696
135 698
135 749
135 1149
136 12
136 13
136 147
136 221
136 226
136 309
136 318
136 418
136 426
136 435
136 557
136 693
136 698
136 749
136 751
136 752
136 753
136 754
136 1145
136 1146
136 1147
136 1148
137 14
137 15
137 21
137 22
137 146
137 147
137 221
137 226
137 309
137 318
137 418
137 427
137 435
137 557
137 596
137 597
137 693
137 698
137 749
137 755
137 756
137 757
137 758
137 759
137 760
137 1141
137 1142
137 1143
137 1144
138 16
138 17
138 18
138 19
138 20
138 146
138 221
138 226
138 309
138 318
138 395
138 396
138 397
138 398
138 399
138 400
138 401
138 402
138 403
138 404
138 405
138 406
138 407
138 408
138 409
138 410
138 411
138 412
138 413
138 414
138 415
138 416
138 417
138 418
138 427
138 435
138 598
138 599
138 692
138 693
138 698
138 748
138 761
138 762
138 763
138 764
138 765
138 1138
138 1139
138 1140
139 22
139 126
139 127
139 128
139 139
139 140
139 141
139 142
139 143
139 144
139 145
139 221
139 226
139 309
139 318
139 361
139 362
139 363
139 364
139 365
139 366
139 367
139 368
139 369
139 370
139 371
139 372
139 373
139 376
139 377
139 380
139 381
139 382
139 383
139 384
139 385
139 386
139 387
139 388
139 389
139 390
139 391
139 392
139 393
139 394
139 427
139 435
139 556
139 559
139 560
139 561
139 562
139 563
139 564
139 565
139 566
139 567
139 568
139 599
139 600
139 618
139 619
139 691
139 692
139 698
139 748
139 766
139 767
139 768
139 769
139 770
139 771
139 1135
139 1136
139 1137
140 17
140 18
140 19
140 20
140 124
140 125
140 129
140 130
140 131
140 132
140 133
140 134
140 135
140 136
140 137
140 138
140 221
140 226
140 309
140 318
140 343
140 344
140 345
140 346
140 347
140 348
140 349
140 350
140 351
140 352
140 353
140 354
140 355
140 356
140 357
140 358
140 359
140 360
140 374
140 375
140 378
140 379
140 427
140 435
140 556
140 557
140 558
140 569
140 570
140 571
140 572
140 573
140 574
140 575
140 576
140 577
140 578
140 579
140 580
140 581
140 582
140 583
140 584
140 585
140 586
140 587
140 601
140 602
140 603
140 604
140 605
140 606
140 607
140 608
140 609
140 610
140 611
140 612
140 613
140 616
140 617
140 620
140 621
140 691
140 698
140 748
140 772
140 773
140 774
140 775
140 776
140 777
140 778
140 1132
140 1133
140 1134
141 7
141 8
141 9
141 10
141 11
141 12
141 13
141 14
141 15
141 16
141 21
141 22
141 23
141 24
141 25
141 26
141 27
141 123
141 221
141 226
141 307
141 309
141 318
141 324
141 325
141 326
141 327
141 328
141 329
141 330
141 331
141 332
141 333
141 334
141 335
141 336
141 337
141 338
141 339
141 340
141 341
141 342
141 374
141 378
141 427
141 435
141 555
141 588
141 589
141 590
141 591
141 592
141 593
141 594
141 595
141 596
141 597
141 598
141 599
141 614
141 615
141 616
141 622
141 623
141 690
141 698
141 748
141 779
141 780
141 781
141 782
141 783
141 1119
141 1120
141 1121
141 1128
141 1129
141 1130
141 1131
142 0
142 1
142 2
142 3
142 4
142 5
142 6
142 122
142 174
142 221
142 226
142 306
142 307
142 309
142 318
142 319
142 320
142 321
142 322
142 323
142 374
142 378
142 427
142 435
142 555
142 557
142 602
142 603
142 604
142 605
142 606
142 617
142 624
142 625
142 626
142 689
142 690
142 698
142 748
142 1117
142 1118
142 1122
142 1125
142 1126
142 1127
143 27
143 122
143 172
143 173
143 175
143 176
143 177
143 178
143 221
143 226
143 287
143 288
143 289
143 290
143 291
143 292
143 293
143 294
143 295
143 296
143 297
143 298
143 299
143 300
143 301
143 302
143 303
143 304
143 305
143 309
143 318
143 374
143 378
143 427
143 435
143 554
143 615
143 618
143 619
143 620
143 621
143 622
143 627
143 628
143 629
143 687
143 688
143 698
143 748
143 1105
143 1106
143 1107
143 1108
143 1109
143 1110
143 1111
143 1112
143 1113
143 1114
143 1115
143 1116
143 1122
143 1123
143 1124
144 26
144 121
144 168
144 169
144 170
144 171
144 179
144 180
144 181
144 221
144 226
144 275
144 276
144 277
144 278
144 279
144 280
144 281
144 282
144 283
144 284
144 285
144 286
144 309
144 318
144 374
144 378
144 427
144 435
144 624
144 625
144 687
144 698
144 748
144 1084
144 1085
144 1086
144 1087
144 1088
144 1089
144 1090
144 1091
144 1092
144 1093
144 1094
144 1095
144 1096
144 1097
144 1098
144 1099
144 1100
144 1101
144 1102
144 1103
144 1104
145 26
145 120
145 121
145 165
145 166
145 167
145 182
145 183
145 221
145 226
145 268
145 269
145 270
145 271
145 272
145 273
145 274
145 309
145 318
145 374
145 378
145 427
145 435
145 628
145 629
145 686
145 698
145 748
145 1024
145 1025
145 1061
145 1062
145 1063
145 1064
145 1065
145 1066
145 1067
145 1068
145 1069
145 1070
145 1071
145 1072
145 1073
145 1074
145 1075
145 1076
145 1077
145 1078
145 1079
145 1080
145 1081
145 1082
145 1083
146 25
146 116
146 117
146 118
146 119
146 163
146 164
146 184
146 185
146 221
146 226
146 262
146 263
146 264
146 265
146 266
146 267
146 309
146 318
146 374
146 378
146 427
146 435
146 553
146 555
146 686
146 698
146 748
146 1023
146 1026
146 1039
146 1040
146 1041
146 1042
146 1043
146 1044
146 1045
146 1046
146 1047
146 1048
146 1049
146 1050
146 1051
146 1052
146 1053
146 1054
146 1055
146 1056
146 1057
146 1058
146 1059
146 1060
147 25
147 115
147 161
147 162
147 186
147 187
147 221
147 226
147 256
147 257
147 258
147 259
147 260
147 261
147 309
147 318
147 374
147 378
147 426
147 435
147 553
147 555
147 686
147 698
147 748
147 1022
147 1027
147 1028
147 1029
147 1030
147 1031
147 1032
147 1033
147 1034
147 1035
147 1036
147 1037
147 1038
148 24
148 94
148 95
148 96
148 114
148 159
148 160
148 187
148 188
148 221
148 226
148 250
148 251
148 252
148 253
148 254
148 255
148 309
148 318
148 374
148 378
148 426
148 435
148 552
148 686
148 688
148 689
148 690
148 691
148 698
148 748
148 1019
148 1020
148 1021
148 1022
149 24
149 94
149 96
149 115
149 159
149 188
149 221
149 226
149 244
149 245
149 246
149 247
149 248
149 249
149 309
149 318
149 374
149 378
149 426
149 435
149 550
149 551
149 692
149 693
149 694
149 695
149 697
149 748
149 1008
149 1009
149 1010
149 1011
149 1012
149 1013
149 1014
149 1015
149 1016
149 1017
149 1018
150 25
150 77
150 94
150 116
150 117
150 159
150 188
150 221
150 226
150 238
150 239
150 240
150 241
150 242
150 243
150 309
150 318
150 374
150 378
150 426
150 435
150 548
150 549
150 553
150 698
150 701
150 702
150 703
150 704
150 705
150 706
150 707
150 708
150 709
150 710
150 711
150 712
150 713
150 714
150 715
150 716
150 717
150 718
150 719
150 720
150 721
150 722
150 748
150 833
150 834
150 835
150 836
150 837
150 842
150 843
150 844
150 845
150 846
150 956
150 957
150 958
150 959
150 999
150 1000
150 1001
150 1002
150 1003
150 1004
150 1005
150 1006
150 1007
151 25
151 26
151 27
151 28
151 29
151 30
151 31
151 32
151 33
151 34
151 35
151 36
151 37
151 71
151 72
151 73
151 74
151 75
151 76
151 78
151 79
151 80
151 81
151 82
151 83
151 91
151 92
151 94
151 96
151 117
151 159
151 187
151 188
151 221
151 226
151 231
151 232
151 233
151 234
151 235
151 236
151 237
151 309
151 318
151 374
151 378
151 426
151 435
151 551
151 699
151 700
151 723
151 724
151 725
151 726
151 727
151 728
151 729
151 730
151 731
151 732
151 733
151 734
151 735
151 736
151 737
151 747
151 748
151 837
151 838
151 839
151 840
151 841
151 847
151 952
151 953
151 954
151 955
151 956
151 959
151 960
151 989
151 990
151 991
151 992
151 993
151 994
151 995
151 996
151 997
151 998
152 70
152 71
152 83
152 89
152 90
152 94
152 95
152 96
152 117
152 125
152 150
152 151
152 152
152 159
152 187
152 221
152 228
152 229
152 230
152 309
152 318
152 374
152 378
152 426
152 435
152 546
152 548
152 549
152 696
152 699
152 738
152 739
152 740
152 741
152 742
152 743
152 744
152 745
152 746
152 751
152 752
152 753
152 835
152 836
152 837
152 940
152 941
152 942
152 943
152 944
152 945
152 946
152 947
152 948
152 949
152 950
152 951
152 960
152 961
152 964
152 965
152 966
152 980
152 981
152 982
152 983
152 984
152 985
152 986
152 987
152 988
153 36
153 37
153 69
153 70
153 84
153 88
153 89
153 92
153 117
153 124
153 126
153 127
153 128
153 129
153 130
153 131
153 132
153 133
153 134
153 146
153 147
153 148
153 149
153 153
153 159
153 186
153 209
153 210
153 221
153 227
153 309
153 318
153 374
153 378
153 426
153 435
153 696
153 699
153 754
153 755
153 756
153 757
153 758
153 759
153 760
153 761
153 762
153 763
153 764
153 765
153 766
153 767
153 768
153 833
153 848
153 849
153 850
153 851
153 852
153 853
153 930
153 931
153 932
153 933
153 934
153 935
153 936
153 937
153 938
153 939
153 961
153 962
153 963
153 967
153 968
153 969
153 970
153 971
153 972
153 973
153 974
153 975
153 976
153 977
153 978
153 979
154 35
154 69
154 84
154 85
154 86
154 87
154 88
154 91
154 117
154 123
154 135
154 145
154 153
154 154
154 155
154 156
154 157
154 159
154 186
154 200
154 201
154 202
154 203
154 204
154 205
154 206
154 207
154 208
154 211
154 221
154 226
154 309
154 318
154 374
154 378
154 425
154 435
154 668
154 669
154 696
154 699
154 745
154 749
154 769
154 770
154 771
154 772
154 773
154 774
154 775
154 776
154 777
154 778
154 779
154 780
154 833
154 847
154 854
154 855
154 856
154 857
154 858
154 859
154 884
154 885
154 886
154 887
154 888
154 889
154 890
154 891
154 892
154 893
154 894
154 895
154 896
154 897
154 898
154 899
154 900
154 901
154 902
154 903
154 904
154 905
154 907
154 908
154 909
154 910
154 919
154 920
154 921
154 922
154 923
154 924
154 925
154 926
154 927
154 928
154 929
155 35
155 36
155 45
155 46
155 47
155 68
155 91
155 117
155 123
155 136
155 144
155 159
155 186
155 192
155 193
155 194
155 195
155 196
155 197
155 198
155 199
155 211
155 221
155 226
155 309
155 318
155 374
155 378
155 425
155 434
155 667
155 696
155 699
155 745
155 749
155 833
155 847
155 860
155 861
155 862
155 863
155 864
155 865
155 866
155 867
155 868
155 869
155 870
155 871
155 872
155 873
155 874
155 875
155 876
155 877
155 878
155 879
155 880
155 881
155 882
155 883
155 906
155 907
155 911
155 912
155 913
155 914
155 915
155 916
155 917
155 918
156 37
156 38
156 43
156 44
156 47
156 68
156 90
156 118
156 123
156 137
156 144
156 159
156 160
156 187
156 188
156 189
156 190
156 191
156 211
156 222
156 226
156 309
156 318
156 374
156 378
156 425
156 434
156 649
156 667
156 669
156 696
156 699
156 745
156 749
156 833
156 847
156 906
157 38
157 39
157 40
157 41
157 42
157 47
157 68
157 88
157 89
157 118
157 122
157 137
157 144
157 160
157 161
157 187
157 211
157 222
157 226
157 309
157 318
157 374
157 378
157 425
157 434
157 648
157 650
157 666
157 696
157 699
157 745
157 749
157 833
157 847
157 906
158 47
158 68
158 86
158 87
158 118
158 121
158 137
158 144
158 162
158 186
158 211
158 222
158 226
158 309
158 318
158 374
158 378
158 425
158 434
158 648
158 650
158 662
158 663
158 664
158 665
158 668
158 696
158 699
158 745
158 749
158 833
158 847
158 904
158 905
158 906
159 48
159 68
159 85
159 119
159 121
159 138
159 139
159 140
159 141
159 142
159 143
159 163
159 186
159 211
159 222
159 226
159 309
159 318
159 374
159 378
159 425
159 434
159 648
159 650
159 660
159 661
159 668
159 696
159 699
159 745
159 749
159 833
159 847
159 896
159 897
159 898
159 899
159 900
159 901
159 902
159 903
160 48
160 68
160 85
160 119
160 120
160 121
160 163
160 186
160 211
160 222
160 226
160 309
160 318
160 374
160 378
160 425
160 434
160 647
160 650
160 660
160 668
160 696
160 699
160 745
160 749
160 832
160 833
160 836
160 837
160 846
160 847
160 870
160 871
160 888
160 889
160 890
160 891
160 892
160 893
160 894
160 895
161 48
161 68
161 85
161 86
161 163
161 186
161 211
161 222
161 226
161 309
161 318
161 374
161 378
161 424
161 434
161 647
161 650
161 659
161 668
161 696
161 699
161 745
161 749
161 812
161 813
161 814
161 815
161 816
161 841
161 842
161 844
161 845
161 869
161 872
161 880
161 881
161 882
161 883
161 884
161 885
161 886
161 887
162 48
162 68
162 87
162 88
162 163
162 186
162 211
162 222
162 226
162 309
162 318
162 374
162 378
162 424
162 434
162 647
162 650
162 659
162 668
162 696
162 699
162 745
162 749
162 811
162 817
162 833
162 834
162 840
162 844
162 849
162 850
162 851
162 852
162 853
162 854
162 855
162 856
162 857
162 858
162 859
162 860
162 861
162 862
162 863
162 864
162 865
162 866
162 867
162 868
162 873
162 874
162 875
162 876
162 877
162 878
162 879
163 48
163 67
163 68
163 81
163 82
163 83
163 84
163 85
163 138
163 139
163 140
163 141
163 142
163 143
163 144
163 145
163 163
163 186
163 211
163 222
163 226
163 309
163 318
163 374
163 378
163 424
163 434
163 563
163 569
163 570
163 571
163 572
163 573
163 647
163 650
163 659
163 668
163 696
163 699
163 745
163 749
163 810
163 817
163 831
163 832
163 835
163 836
163 837
163 838
163 839
164 48
164 67
164 69
164 70
164 71
164 72
164 73
164 74
164 75
164 76
164 77
164 78
164 79
164 80
164 137
164 146
164 163
164 186
164 211
164 222
164 226
164 309
164 318
164 374
164 378
164 424
164 433
164 560
164 561
164 562
164 564
164 568
164 574
164 647
164 650
164 659
164 668
164 696
164 699
164 745
164 749
164 794
164 795
164 796
164 797
164 798
164 799
164 800
164 810
164 813
164 815
164 818
164 826
164 827
164 828
164 829
164 830
164 831
164 839
164 843
165 48
165 66
165 136
165 146
165 162
165 186
165 212
165 222
165 226
165 309
165 318
165 374
165 378
165 424
165 433
165 549
165 550
165 559
165 564
165 567
165 574
165 647
165 650
165 659
165 668
165 673
165 674
165 686
165 687
165 688
165 689
165 690
165 696
165 699
165 745
165 749
165 792
165 793
165 801
165 802
165 803
165 804
165 805
165 806
165 807
165 808
165 809
165 810
165 813
165 814
165 815
165 818
165 819
165 820
165 821
165 822
165 823
165 824
165 825
165 839
165 843
166 48
166 66
166 136
166 146
166 162
166 186
166 212
166 222
166 226
166 309
166 318
166 374
166 378
166 424
166 433
166 548
166 551
166 552
166 553
166 554
166 558
166 564
166 567
166 574
166 647
166 650
166 659
166 669
166 670
166 671
166 672
166 675
166 676
166 677
166 678
166 679
166 680
166 681
166 682
166 683
166 684
166 685
166 691
166 696
166 699
166 733
166 734
166 745
166 749
166 791
166 792
166 839
166 843
167 48
167 66
167 136
167 146
167 162
167 186
167 212
167 222
167 226
167 309
167 318
167 374
167 378
167 424
167 433
167 547
167 555
167 558
167 564
167 567
167 574
167 619
167 620
167 621
167 622
167 623
167 624
167 625
167 626
167 627
167 628
167 629
167 630
167 631
167 647
167 651
167 659
167 692
167 696
167 699
167 726
167 727
167 728
167 729
167 730
167 731
167 732
167 735
167 745
167 749
167 790
167 791
167 839
167 843
168 48
168 65
168 136
168 146
168 162
168 186
168 212
168 222
168 226
168 309
168 318
168 374
168 378
168 423
168 433
168 547
168 555
168 558
168 564
168 567
168 574
168 618
168 632
168 647
168 651
168 660
168 661
168 662
168 663
168 664
168 665
168 666
168 667
168 692
168 693
168 694
168 699
168 710
168 711
168 712
168 713
168 714
168 715
168 716
168 717
168 718
168 719
168 720
168 721
168 722
168 723
168 724
168 725
168 735
168 736
168 737
168 738
168 739
168 740
168 741
168 742
168 743
168 744
168 745
168 750
168 751
168 752
168 753
168 754
168 755
168 756
168 757
168 758
168 759
168 760
168 789
168 790
168 839
168 843
169 48
169 65
169 136
169 146
169 162
169 186
169 212
169 222
169 226
169 309
169 318
169 374
169 378
169 423
169 433
169 547
169 555
169 558
169 564
169 567
169 574
169 617
169 632
169 647
169 651
169 660
169 695
169 696
169 700
169 701
169 702
169 703
169 704
169 705
169 706
169 707
169 708
169 709
169 761
169 762
169 763
169 764
169 765
169 766
169 767
169 768
169 769
169 770
169 771
169 772
169 773
169 774
169 775
169 776
169 777
169 778
169 779
169 780
169 781
169 782
169 783
169 784
169 785
169 786
169 787
169 788
169 789
169 839
169 843
170 48
170 65
170 136
170 146
170 161
170 186
170 212
170 222
170 226
170 309
170 318
170 374
170 378
170 423
170 433
170 547
170 555
170 558
170 564
170 567
170 574
170 617
170 632
170 647
170 651
170 659
170 696
170 745
170 749
170 839
170 843
171 48
171 64
171 137
171 138
171 146
171 161
171 186
171 212
171 222
171 226
171 309
171 318
171 374
171 378
171 423
171 433
171 547
171 555
171 558
171 564
171 567
171 574
171 617
171 632
171 647
171 651
171 659
171 696
171 699
171 745
171 749
171 839
171 843
172 49
172 64
172 139
172 140
172 141
172 142
172 145
172 146
172 161
172 186
172 212
172 222
172 226
172 309
172 318
172 374
172 378
172 423
172 432
172 536
172 537
172 538
172 539
172 547
172 555
172 558
172 564
172 567
172 574
172 617
172 632
172 647
172 651
172 659
172 696
172 699
172 745
172 749
172 839
172 843
173 49
173 64
173 139
173 143
173 144
173 161
173 186
173 212
173 222
173 226
173 309
173 318
173 374
173 378
173 423
173 432
173 453
173 454
173 455
173 456
173 457
173 458
173 459
173 460
173 461
173 535
173 540
173 547
173 555
173 558
173 564
173 567
173 574
173 617
173 632
173 647
173 648
173 651
173 659
173 696
173 699
173 745
173 749
173 839
173 843
174 49
174 65
174 139
174 143
174 161
174 162
174 186
174 212
174 222
174 226
174 309
174 318
174 374
174 378
174 423
174 432
174 452
174 462
174 532
174 533
174 534
174 540
174 547
174 555
174 558
174 564
174 567
174 574
174 617
174 632
174 638
174 639
174 640
174 641
174 642
174 643
174 644
174 645
174 646
174 651
174 659
174 696
174 699
174 745
174 749
174 839
174 843
175 49
175 50
175 65
175 139
175 143
175 162
175 186
175 212
175 222
175 226
175 309
175 318
175 321
175 322
175 323
175 324
175 325
175 326
175 327
175 374
175 378
175 422
175 432
175 451
175 462
175 531
175 540
175 548
175 549
175 554
175 555
175 558
175 564
175 567
175 574
175 616
175 632
175 634
175 635
175 636
175 637
175 651
175 659
175 696
175 699
175 745
175 749
175 839
175 843
176 49
176 50
176 65
176 139
176 143
176 162
176 186
176 212
176 222
176 227
176 309
176 320
176 328
176 329
176 330
176 331
176 332
176 333
176 334
176 374
176 378
176 422
176 432
176 451
176 462
176 530
176 540
176 550
176 551
176 552
176 553
176 558
176 564
176 567
176 574
176 616
176 632
176 651
176 659
176 696
176 699
176 745
176 749
176 839
176 843
177 49
177 50
177 65
177 139
177 143
177 162
177 186
177 212
177 222
177 227
177 240
177 241
177 309
177 319
177 335
177 336
177 374
177 378
177 422
177 432
177 451
177 462
177 530
177 540
177 550
177 558
177 564
177 567
177 574
177 616
177 631
177 651
177 659
177 696
177 699
177 745
177 749
177 839
177 843
178 49
178 50
178 66
178 139
178 143
178 162
178 186
178 212
178 222
178 227
178 239
178 242
178 243
178 309
178 319
178 337
178 374
178 378
178 422
178 432
178 451
178 462
178 528
178 529
178 530
178 531
178 534
178 540
178 550
178 558
178 564
178 567
178 574
178 616
178 631
178 651
178 659
178 696
178 699
178 745
178 749
178 839
178 843
179 46
179 47
179 48
179 49
179 51
179 66
179 139
179 143
179 162
179 186
179 212
179 222
179 227
179 238
179 243
179 309
179 319
179 337
179 374
179 378
179 422
179 432
179 451
179 463
179 526
179 527
179 531
179 535
179 540
179 550
179 558
179 564
179 567
179 574
179 617
179 618
179 619
179 620
179 621
179 622
179 631
179 651
179 659
179 696
179 699
179 745
179 749
179 839
179 843
180 38
180 39
180 40
180 41
180 42
180 43
180 44
180 45
180 51
180 66
180 139
180 143
180 162
180 186
180 212
180 222
180 227
180 238
180 243
180 309
180 319
180 337
180 374
180 378
180 422
180 431
180 451
180 463
180 525
180 526
180 531
180 532
180 535
180 536
180 537
180 538
180 623
180 624
180 625
180 627
180 628
180 629
180 631
180 651
180 659
180 696
180 699
180 745
180 749
180 839
180 843
180 920
180 921
180 922
180 923
180 924
180 925
180 926
180 927
180 928
180 929
180 930
180 931
180 932
180 933
180 934
180 935
180 936
180 937
180 938
180 939
180 940
180 941
180 942
180 943
180 944
180 945
180 946
180 947
180 948
180 949
180 950
180 951
180 952
180 953
180 954
180 955
180 956
180 957
180 958
181 36
181 37
181 51
181 66
181 139
181 143
181 162
181 187
181 212
181 222
181 227
181 237
181 238
181 243
181 309
181 319
181 337
181 374
181 378
181 422
181 431
181 450
181 463
181 479
181 490
181 491
181 532
181 533
181 534
181 626
181 630
181 631
181 651
181 659
181 696
181 699
181 745
181 749
181 839
181 843
181 909
181 910
181 911
181 912
181 913
181 914
181 915
181 916
181 917
181 918
181 919
181 959
181 960
181 961
181 962
181 963
181 964
181 965
181 966
181 967
181 968
181 969
181 970
181 971
181 972
181 973
181 974
181 975
181 976
181 977
181 978
181 979
181 980
181 981
181 982
181 983
181 984
181 985
181 986
181 987
181 988
181 989
181 990
181 991
181 992
181 993
181 994
181 995
181 996
181 997
181 998
181 999
181 1000
182 31
182 32
182 33
182 34
182 35
182 51
182 67
182 139
182 143
182 161
182 187
182 212
182 222
182 227
182 236
182 237
182 243
182 309
182 319
182 337
182 362
182 363
182 364
182 365
182 366
182 367
182 368
182 369
182 370
182 371
182 372
182 378
182 421
182 431
182 448
182 449
182 450
182 464
182 480
182 489
182 623
182 630
182 651
182 659
182 696
182 699
182 745
182 749
182 839
182 843
182 898
182 899
182 900
182 901
182 902
182 903
182 904
182 905
182 906
182 907
182 908
182 1001
182 1002
182 1003
182 1004
182 1005
182 1006
182 1007
182 1008
182 1009
182 1010
182 1011
182 1012
182 1013
182 1014
182 1015
183 29
183 30
183 51
183 67
183 139
183 143
183 161
183 187
183 206
183 207
183 208
183 209
183 210
183 211
183 212
183 213
183 222
183 227
183 235
183 243
183 309
183 319
183 337
183 347
183 348
183 349
183 350
183 360
183 361
183 373
183 374
183 375
183 421
183 431
183 432
183 433
183 480
183 488
183 623
183 630
183 651
183 659
183 696
183 699
183 745
183 749
183 838
183 843
183 888
183 889
183 890
183 891
183 892
183 893
183 894
183 895
183 896
183 897
183 1016
183 1017
183 1018
183 1019
183 1020
183 1021
183 1022
183 1023
183 1024
183 1025
183 1026
183 1027
183 1028
183 1029
184 28
184 51
184 67
184 139
184 143
184 161
184 187
184 199
184 200
184 201
184 202
184 203
184 204
184 205
184 214
184 222
184 227
184 234
184 243
184 309
184 319
184 338
184 340
184 341
184 342
184 343
184 344
184 345
184 346
184 351
184 358
184 359
184 376
184 377
184 419
184 420
184 421
184 431
184 432
184 450
184 463
184 480
184 488
184 623
184 630
184 651
184 659
184 696
184 699
184 745
184 749
184 838
184 843
184 878
184 879
184 880
184 881
184 882
184 883
184 884
184 885
184 886
184 887
184 1030
184 1031
184 1032
184 1033
184 1034
184 1035
184 1036
184 1037
184 1038
184 1039
184 1040
184 1041
184 1042
184 1043
184 1044
185 27
185 51
185 68
185 139
185 143
185 161
185 187
185 198
185 214
185 222
185 227
185 234
185 243
185 309
185 319
185 338
185 339
185 352
185 356
185 357
185 358
185 378
185 379
185 421
185 431
185 450
185 463
185 480
185 488
185 623
185 630
185 652
185 659
185 696
185 699
185 717
185 718
185 719
185 720
185 721
185 745
185 749
185 838
185 843
185 871
185 872
185 873
185 874
185 875
185 876
185 877
185 1045
185 1046
185 1047
185 1048
185 1049
185 1050
185 1051
185 1052
185 1053
185 1054
185 1055
185 1056
185 1057
185 1058
186 28
186 51
186 68
186 139
186 143
186 161
186 187
186 197
186 214
186 223
186 227
186 234
186 243
186 309
186 319
186 338
186 352
186 353
186 354
186 355
186 379
186 380
186 421
186 431
186 450
186 455
186 456
186 457
186 458
186 459
186 463
186 488
186 623
186 630
186 652
186 659
186 682
186 696
186 699
186 715
186 716
186 722
186 723
186 745
186 749
186 838
186 842
186 869
186 870
186 1059
186 1060
186 1061
186 1062
186 1063
186 1064
186 1065
186 1066
186 1067
187 28
187 51
187 68
187 139
187 143
187 161
187 187
187 197
187 214
187 223
187 227
187 234
187 243
187 309
187 319
187 337
187 380
187 381
187 421
187 431
187 451
187 453
187 454
187 460
187 461
187 463
187 487
187 623
187 630
187 652
187 659
187 679
187 680
187 681
187 683
187 684
187 685
187 686
187 687
187 688
187 689
187 690
187 691
187 692
187 693
187 694
187 695
187 699
187 713
187 714
187 724
187 725
187 745
187 749
187 838
187 841
187 867
187 868
187 1068
187 1069
187 1070
187 1071
188 27
188 28
188 51
188 68
188 139
188 143
188 161
188 187
188 197
188 214
188 223
188 227
188 234
188 243
188 309
188 319
188 337
188 355
188 356
188 420
188 431
188 451
188 452
188 453
188 461
188 462
188 463
188 630
188 652
188 659
188 677
188 678
188 696
188 697
188 698
188 699
188 700
188 701
188 702
188 703
188 704
188 705
188 706
188 707
188 708
188 709
188 710
188 711
188 712
188 726
188 727
188 745
188 749
188 838
188 841
188 864
188 865
188 866
188 1072
188 1073
188 1074
188 1075
188 1076
188 1077
189 24
189 25
189 26
189 51
189 69
189 139
189 143
189 161
189 187
189 196
189 214
189 223
189 227
189 233
189 244
189 309
189 319
189 337
189 356
189 380
189 420
189 431
189 652
189 659
189 676
189 677
189 727
189 728
189 745
189 749
189 838
189 841
189 862
189 863
189 1078
189 1079
189 1080
189 1081
189 1082
190 22
190 23
190 51
190 69
190 140
190 144
190 161
190 187
190 196
190 214
190 223
190 227
190 233
190 244
190 309
190 319
190 337
190 356
190 380
190 420
190 431
190 652
190 659
190 675
190 676
190 728
190 729
190 745
190 749
190 838
190 841
190 859
190 860
190 861
190 1083
190 1084
190 1085
190 1086
191 21
191 51
191 69
191 140
191 144
191 162
191 187
191 196
191 214
191 223
191 227
191 233
191 244
191 309
191 319
191 337
191 356
191 380
191 420
191 431
191 652
191 659
191 674
191 675
191 729
191 730
191 745
191 749
191 838
191 841
191 857
191 858
191 1087
191 1088
191 1089
192 20
192 51
192 69
192 140
192 144
192 162
192 163
192 187
192 196
192 214
192 223
192 227
192 233
192 309
192 319
192 659
192 673
192 730
192 731
192 745
192 749
192 838
192 841
192 855
192 856
192 1090
192 1091
193 20
193 51
193 70
193 140
193 144
193 163
193 187
193 196
193 214
193 223
193 227
193 306
193 307
193 309
193 319
193 672
193 731
193 745
193 749
193 838
193 841
193 853
193 854
193 1092
193 1093
194 20
194 51
194 70
194 140
194 144
194 164
194 187
194 196
194 214
194 308
194 309
194 319
194 671
194 672
194 732
194 745
194 749
194 838
194 841
194 851
194 852
194 1094
194 1095
195 19
195 20
195 51
195 140
195 144
195 164
195 187
195 195
195 308
195 309
195 319
195 670
195 671
195 732
195 745
195 749
195 838
195 841
195 850
195 851
195 1095
195 1096
196 17
196 18
196 51
196 140
196 144
196 165
196 187
196 195
196 309
196 319
196 669
196 670
196 733
196 745
196 749
196 838
196 841
196 849
196 850
196 1097
196 1098
197 11
197 12
197 13
197 14
197 15
197 16
197 51
197 140
197 144
197 165
197 187
197 309
197 319
197 669
197 733
197 734
197 745
197 749
197 838
197 841
197 848
197 849
197 1099
197 1100
198 0
198 1
198 2
198 3
198 4
198 5
198 6
198 7
198 8
198 9
198 10
198 51
198 140
198 144
198 166
198 309
198 666
198 667
198 668
198 734
198 838
198 841
198 848
198 1100
198 1101
199 51
199 140
199 144
199 166
199 309
199 320
199 321
199 735
199 838
199 841
199 847
199 1102
199 1103
200 140
200 144
200 309
200 320
200 735
200 838
200 841
200 846
200 847
200 1104
200 1105
201 140
201 144
201 309
201 320
201 660
201 666
201 736
201 838
201 841
201 845
201 846
201 1105
201 1106
202 309
202 320
202 657
202 658
202 659
202 661
202 662
202 664
202 665
202 666
202 736
202 737
202 838
202 841
202 844
202 845
202 1106
202 1107
203 309
203 320
203 656
203 663
203 665
203 737
203 838
203 843
203 844
203 1107
204 309
204 320
204 655
204 663
204 665
204 738
204 838
204 841
204 842
204 1108
205 309
205 320
205 655
205 738
205 739
205 840
205 841
205 1108
205 1109
206 309
206 320
206 654
206 739
206 740
206 741
206 839
206 840
206 1109
206 1110
207 655
207 839
207 1110
207 1111
208 655
208 656
208 657
208 838
208 1112
209 658
209 659
209 741
209 837
209 838
209 1113
210 659
210 742
210 836
210 837
210 1113
210 1114
211 659
211 742
211 835
211 836
211 1114
211 1115
212 658
212 743
212 834
212 835
212 1115
212 1116
213 658
213 743
213 834
213 1116
214 657
214 743
214 828
214 829
214 830
214 833
214 1116
215 656
215 657
215 743
215 831
215 832
215 833
215 1117
216 656
216 743
216 1117
216 1118
217 655
217 743
217 1118
218 655
218 744
218 831
218 1119
219 655
219 744
219 830
219 831
219 1119
220 655
220 744
220 829
220 830
220 1119
221 655
221 745
221 829
221 1119
222 655
222 745
222 822
222 823
222 828
222 1120
223 655
223 746
223 818
223 819
223 820
223 821
223 824
223 825
223 826
223 827
223 828
223 1120
224 655
224 746
224 816
224 817
224 825
224 827
224 1120
225 655
225 746
225 814
225 815
225 825
225 827
225 1121
226 655
226 746
226 812
226 813
226 1121
227 746
227 812
227 1121
228 746
228 811
228 1122
229 745
229 811
229 1122
230 745
230 810
230 1122
231 745
231 810
231 1122
232 745
232 810
232 1123
233 744
233 810
233 1123
234 744
234 810
234 1123
235 810
235 1124
236 810
236 1124
237 809
237 1124
238 807
238 808
238 1125
239 806
239 807
239 1125
240 806
240 1125
241 805
241 1125
242 805
242 1126
243 804
243 1126
244 804
244 1126
245 803
245 1127
246 803
246 1127
247 802
247 1127
248 802
248 1127
249 802
249 1127
250 802
250 1127
251 802
251 1128
252 801
252 1128
253 801
253 1128
254 801
254 1128
255 801
255 1128
256 801
256 1128
257 800
257 1128
258 800
258 1128
259 800
259 1128
260 799
260 1128
261 799
261 1129
262 799
262 1129
263 799
263 1129
264 799
264 1129
265 799
265 1129
266 799
266 1129
267 799
267 1129
268 799
268 1129
269 799
269 1129
270 799
270 1130
271 800
271 1130
272 800
272 1130
273 800
273 1130
274 800
274 1130
275 800
275 1130
276 800
276 1131
277 800
277 1131
278 800
278 1131
279 800
279 1132
280 1132
281 1133
282 1134
282 1135
283 1135
283 1136
284 1133
284 1136
284 1137
285 1133
285 1137
286 1134
286 1138
287 1134
288 1134
289 1135
290 1135
291 1135
292 1136
293 1136
294 1137
295 1137
295 1138
296 1138
296 1139
297 1139
297 1140
298 1140
299 1141
300 1141
300 1142
301 1142
302 1142
303 1142
304 1143
305 1143
306 1143
307 1143
308 1143
309 1143
310 1144
311 1144
312 1144
313 1144
314 1144
315 1144
316 1144
317 1144
318 1144
319 1144
320 1144
321 1144
322 1144
323 1143
324 1143
325 1143
326 1143
327 1142
328 1142
329 1142
330 1142
331 1141
331 1278
331 1279
332 1141
333 1141
334 1141
335 1140
336 1140
337 1140
338 1140
339 1139
340 1139
341 1139
342 1139
343 1139
344 1138
345 1138
346 1138
347 1138
348 1138
349 1138
382 918
382 919
382 920
382 921
382 922
382 923
382 924
382 925
382 926
382 927
382 928
382 929
382 930
382 931
382 932
382 933
382 934
382 935
382 936
382 937
382 938
382 939
382 940
382 941
382 942
382 943
382 944
382 1105
382 1106
382 1107
382 1108
382 1109
382 1110
382 1111
