0 434
0 752
1 435
1 436
1 437
1 438
1 752
2 439
2 440
2 441
2 752
3 442
3 443
3 753
4 444
4 445
4 753
5 445
5 446
5 753
6 447
6 448
6 753
7 448
7 449
7 754
8 449
8 754
9 448
9 449
9 754
10 447
10 448
10 755
11 445
11 446
11 747
11 748
11 749
11 755
12 444
12 445
12 745
12 746
12 747
12 750
12 751
12 755
13 444
13 740
13 741
13 742
13 743
13 744
13 751
13 752
13 756
14 443
14 739
14 753
14 754
15 444
15 738
15 754
16 445
16 446
16 738
16 755
17 447
17 448
17 449
17 738
18 450
18 738
19 450
19 738
20 451
20 738
21 451
21 738
22 452
22 738
23 453
23 454
23 738
24 454
24 455
24 739
25 455
25 739
26 455
26 740
27 458
27 740
28 455
28 457
28 459
28 740
29 460
29 715
29 716
29 717
29 718
29 719
29 720
29 721
29 740
30 460
30 711
30 712
30 713
30 714
30 722
30 723
30 739
31 461
31 710
31 724
31 725
31 739
32 461
32 462
32 710
32 726
32 727
32 738
33 462
33 710
33 711
33 728
33 729
33 737
33 738
34 463
34 711
34 712
34 730
34 731
34 736
34 737
35 463
35 464
35 713
35 714
35 732
35 733
35 734
35 735
35 736
36 464
36 465
36 715
36 716
37 466
37 717
37 718
38 467
38 719
38 720
39 467
39 468
39 720
39 721
40 468
40 722
40 723
41 468
41 724
41 725
41 726
42 468
42 727
43 468
43 728
44 468
44 728
45 468
45 727
45 728
46 468
46 723
46 724
46 725
46 726
47 468
47 722
48 468
48 721
49 468
49 721
50 469
50 722
51 469
51 470
51 722
52 470
52 471
52 722
53 472
53 473
53 722
54 473
54 474
54 710
54 711
54 712
54 713
54 722
55 474
55 475
55 683
55 684
55 685
55 707
55 708
55 709
55 713
55 722
55 727
55 728
56 475
56 683
56 686
56 705
56 706
56 714
56 723
56 724
56 725
56 726
56 727
57 476
57 687
57 688
57 700
57 701
57 702
57 703
57 704
57 714
57 715
57 728
58 476
58 477
58 684
58 688
58 689
58 695
58 696
58 697
58 698
58 699
58 715
58 716
58 728
59 478
59 684
59 689
59 690
59 693
59 694
59 716
59 717
59 722
59 723
59 725
59 726
59 727
59 728
60 478
60 684
60 691
60 692
60 693
60 718
60 719
60 720
60 721
61 478
61 685
62 478
62 685
63 478
63 684
63 685
64 478
64 493
64 494
64 495
64 684
65 478
65 492
65 496
65 497
65 683
66 479
66 490
66 491
66 498
66 683
67 479
67 480
67 489
67 498
67 682
68 480
68 481
68 488
68 498
68 681
68 682
69 481
69 487
69 488
69 498
69 681
70 482
70 487
70 498
70 680
71 452
71 453
71 454
71 482
71 483
71 486
71 498
71 679
71 680
72 450
72 451
72 454
72 484
72 485
72 486
72 498
72 675
72 676
72 677
72 678
72 679
73 448
73 449
73 454
73 498
73 675
74 447
74 454
74 499
74 675
75 446
75 454
75 499
75 675
76 446
76 454
76 500
76 675
77 446
77 454
77 500
77 508
77 509
77 510
77 675
78 446
78 454
78 501
78 507
78 510
78 511
78 512
78 675
79 446
79 454
79 502
79 503
79 504
79 505
79 506
79 507
79 513
79 514
79 515
79 675
80 446
80 454
80 516
80 674
81 446
81 454
81 516
81 673
82 446
82 455
82 516
82 672
83 447
83 455
83 517
83 673
84 447
84 455
84 517
84 518
84 674
84 675
85 447
85 455
85 519
85 675
86 447
86 455
86 520
86 675
87 447
87 455
87 521
87 673
87 674
87 675
88 447
88 455
88 521
88 672
89 447
89 455
89 521
89 671
90 447
90 455
90 521
90 670
90 671
91 447
91 455
91 520
91 669
91 670
92 447
92 455
92 520
92 669
93 447
93 455
93 519
93 526
93 527
93 668
94 447
94 455
94 517
94 518
94 524
94 525
94 668
95 447
95 455
95 516
95 517
95 522
95 523
95 527
95 668
96 447
96 455
96 515
96 516
96 522
96 527
96 665
96 666
96 667
97 447
97 455
97 514
97 515
97 521
97 527
97 664
98 447
98 455
98 513
98 514
98 520
98 521
98 527
98 663
99 447
99 455
99 513
99 515
99 516
99 517
99 518
99 519
99 527
99 663
100 447
100 455
100 527
100 655
100 662
101 447
101 455
101 527
101 653
101 654
101 656
101 662
102 447
102 455
102 528
102 645
102 646
102 653
102 657
102 662
103 448
103 455
103 528
103 643
103 644
103 647
103 648
103 652
103 658
103 659
103 660
103 661
103 662
104 448
104 455
104 529
104 643
104 648
104 652
105 448
105 456
105 529
105 642
105 649
105 652
106 448
106 456
106 530
106 642
106 649
106 650
106 651
107 448
107 456
107 530
107 641
108 448
108 456
108 531
108 641
109 448
109 456
109 531
109 532
109 639
109 640
109 641
110 448
110 456
110 533
110 534
110 637
110 638
111 448
111 456
111 534
111 535
111 637
112 448
112 456
112 535
112 536
112 636
113 448
113 456
113 536
113 537
113 636
114 448
114 456
114 537
114 635
115 448
115 456
115 538
115 634
116 448
116 456
116 539
116 540
116 633
117 448
117 456
117 535
117 536
117 541
117 542
117 619
117 620
117 621
117 622
117 623
117 633
118 448
118 456
118 531
118 532
118 533
118 534
118 537
118 542
118 543
118 615
118 616
118 617
118 618
118 624
118 633
119 448
119 456
119 529
119 530
119 538
119 544
119 545
119 613
119 614
119 625
119 633
120 448
120 456
120 527
120 528
120 529
120 539
120 545
120 546
120 607
120 608
120 609
120 610
120 611
120 612
120 625
120 626
120 633
121 448
121 456
121 526
121 530
121 540
121 546
121 605
121 606
121 626
121 633
122 449
122 456
122 525
122 530
122 537
122 538
122 547
122 600
122 601
122 602
122 603
122 604
122 627
122 632
123 449
123 456
123 525
123 531
123 532
123 533
123 534
123 535
123 536
123 547
123 599
123 627
123 628
123 632
124 449
124 456
124 525
124 530
124 548
124 598
124 628
124 629
124 630
124 631
125 449
125 456
125 525
125 530
125 548
125 549
125 550
125 596
125 597
126 449
126 456
126 525
126 529
126 551
126 552
126 553
126 554
126 590
126 591
126 592
126 593
126 594
126 595
127 449
127 456
127 525
127 529
127 555
127 556
127 570
127 571
127 572
127 588
127 589
128 449
128 456
128 525
128 529
128 556
128 569
128 573
128 588
129 449
129 457
129 525
129 529
129 556
129 564
129 568
129 574
129 575
129 576
129 577
129 578
129 579
129 587
130 449
130 457
130 525
130 529
130 557
130 561
130 562
130 563
130 565
130 566
130 567
130 568
130 580
130 581
130 582
130 583
130 584
130 585
130 586
130 587
131 449
131 457
131 525
131 529
131 557
131 558
131 561
132 449
132 457
132 525
132 529
132 559
132 560
133 449
133 457
133 525
133 529
133 561
134 449
134 457
134 525
134 529
135 449
135 457
135 525
135 529
135 564
135 565
136 449
136 457
136 525
136 529
136 559
136 560
136 561
136 562
136 563
136 566
137 449
137 457
137 525
137 529
137 558
137 566
138 449
138 457
138 526
138 529
138 557
138 558
138 567
139 449
139 457
139 526
139 529
139 556
139 559
139 567
140 449
140 457
140 526
140 529
140 555
140 559
140 560
140 561
140 562
140 563
140 564
140 565
140 566
140 567
141 449
141 457
141 526
141 529
141 555
141 559
142 450
142 457
142 526
142 529
142 555
142 558
143 450
143 457
143 526
143 529
143 555
143 558
144 450
144 457
144 526
144 529
144 555
144 558
145 450
145 457
145 526
145 530
145 555
145 558
146 450
146 457
146 526
146 530
146 555
146 558
147 450
147 457
147 526
147 530
147 555
147 558
147 576
147 577
147 578
147 579
147 580
148 450
148 457
148 526
148 530
148 555
148 558
148 572
148 573
148 574
148 575
148 581
149 450
149 457
149 526
149 530
149 555
149 558
149 570
149 571
149 581
150 450
150 457
150 526
150 530
150 555
150 558
150 570
150 580
150 581
151 450
151 458
151 526
151 530
151 555
151 559
151 569
151 573
151 574
151 575
151 576
151 577
151 578
151 579
152 450
152 458
152 526
152 530
152 555
152 559
152 569
152 583
152 584
152 585
152 586
152 587
153 450
153 458
153 526
153 530
153 555
153 559
153 569
153 573
153 581
153 582
153 587
154 450
154 458
154 526
154 530
154 555
154 559
154 569
154 573
154 580
154 588
155 450
155 458
155 526
155 530
155 555
155 559
155 569
155 573
155 580
155 588
155 592
156 450
156 458
156 526
156 530
156 555
156 559
156 569
156 573
156 580
156 582
156 583
156 584
156 585
156 586
156 589
156 590
156 591
156 593
157 450
157 458
157 526
157 530
157 555
157 559
157 569
157 573
157 579
157 587
157 594
158 450
158 458
158 526
158 530
158 555
158 559
158 569
158 573
158 579
158 582
158 587
158 594
159 450
159 458
159 526
159 530
159 555
159 559
159 569
159 574
159 579
159 582
159 587
159 588
159 593
159 594
159 599
160 450
160 458
160 526
160 530
160 555
160 559
160 569
160 574
160 579
160 582
160 586
160 589
160 591
160 592
160 597
160 598
160 600
161 451
161 458
161 527
161 530
161 555
161 559
161 569
161 574
161 579
161 582
161 586
161 589
161 590
161 596
161 600
162 451
162 458
162 527
162 530
162 555
162 559
162 569
162 574
162 579
162 582
162 586
162 589
162 596
162 600
163 451
163 458
163 527
163 530
163 555
163 559
163 569
163 574
163 579
163 582
163 586
163 589
163 596
163 600
164 451
164 458
164 527
164 530
164 555
164 559
164 569
164 574
164 579
164 582
164 586
164 589
164 596
164 598
164 599
165 451
165 458
165 527
165 530
165 555
165 559
165 569
165 574
165 579
165 582
165 586
165 589
165 595
165 598
166 451
166 458
166 527
166 531
166 556
166 559
166 569
166 574
166 579
166 582
166 586
166 589
166 595
166 598
167 451
167 458
167 527
167 531
167 556
167 559
167 570
167 574
167 579
167 582
167 586
167 589
167 595
167 598
168 451
168 458
168 527
168 531
168 556
168 559
168 570
168 574
168 579
168 582
168 586
168 589
168 595
168 598
169 451
169 458
169 527
169 531
169 556
169 559
169 570
169 574
169 579
169 582
169 586
169 589
169 595
169 598
170 451
170 458
170 527
170 531
170 556
170 559
170 570
170 574
170 579
170 582
170 586
170 589
170 595
170 598
171 451
171 458
171 527
171 531
171 556
171 559
171 570
171 574
171 579
171 582
171 586
171 589
171 595
171 598
171 606
171 607
172 451
172 458
172 527
172 531
172 556
172 559
172 570
172 574
172 580
172 582
172 586
172 589
172 595
172 598
172 603
172 604
172 605
172 608
172 609
172 631
172 632
172 633
173 451
173 458
173 527
173 531
173 556
173 559
173 570
173 574
173 580
173 586
173 589
173 595
173 598
173 601
173 602
173 609
173 630
173 634
174 451
174 458
174 527
174 531
174 556
174 560
174 570
174 574
174 580
174 586
174 589
174 595
174 598
174 601
174 609
174 625
174 626
174 627
174 634
174 636
174 637
175 451
175 459
175 527
175 531
175 556
175 560
175 570
175 575
175 580
175 583
175 586
175 589
175 595
175 598
175 600
175 609
175 624
175 627
175 634
175 637
176 451
176 459
176 528
176 531
176 556
176 560
176 570
176 575
176 580
176 583
176 586
176 589
176 595
176 598
176 600
176 609
176 623
176 627
176 630
176 635
177 451
177 459
177 528
177 531
177 556
177 560
177 570
177 575
177 580
177 583
177 586
177 589
177 595
177 598
177 600
177 609
177 623
177 627
177 631
177 632
177 633
177 634
178 451
178 459
178 528
178 531
178 556
178 560
178 570
178 575
178 580
178 583
178 586
178 589
178 595
178 598
178 600
178 609
178 624
178 627
179 451
179 459
179 528
179 531
179 557
179 560
179 570
179 580
179 583
179 586
179 589
179 595
179 598
179 600
179 609
179 624
179 625
179 626
179 627
179 631
179 633
179 634
180 451
180 459
180 528
180 531
180 557
180 560
180 570
180 575
180 580
180 584
180 585
180 586
180 594
180 595
180 599
180 600
180 624
180 633
180 635
181 452
181 459
181 528
181 531
181 557
181 560
181 569
181 570
181 578
181 579
181 580
181 584
181 586
181 590
181 595
181 623
181 624
181 625
181 627
181 628
181 633
181 635
182 452
182 459
182 528
182 531
182 557
182 570
182 576
182 580
182 583
182 625
182 626
182 627
182 629
182 633
183 452
183 459
183 528
183 531
183 557
183 561
183 562
183 570
183 575
183 580
183 629
183 633
183 634
183 635
183 637
183 638
184 452
184 459
184 488
184 489
184 490
184 491
184 492
184 493
184 494
184 495
184 496
184 497
184 498
184 499
184 528
184 531
184 556
184 557
184 560
184 570
184 573
184 576
184 577
184 629
184 635
184 639
184 655
185 452
185 459
185 469
185 470
185 471
185 472
185 473
185 474
185 475
185 476
185 477
185 478
185 479
185 480
185 481
185 482
185 483
185 484
185 485
185 486
185 487
185 500
185 501
185 528
185 531
185 553
185 554
185 557
185 558
185 559
185 560
185 561
185 562
185 563
185 564
185 565
185 566
185 570
185 572
185 574
185 575
185 635
185 639
185 655
186 431
186 432
186 433
186 434
186 452
186 456
186 457
186 458
186 459
186 460
186 461
186 462
186 463
186 464
186 465
186 466
186 467
186 468
186 501
186 502
186 528
186 531
186 549
186 550
186 551
186 552
186 553
186 554
186 555
186 556
186 567
186 568
186 574
186 578
186 635
186 639
186 654
186 655
186 658
187 429
187 430
187 435
187 449
187 450
187 451
187 452
187 453
187 454
187 455
187 502
187 503
187 528
187 532
187 548
187 569
187 574
187 578
187 635
187 639
187 653
187 656
187 658
188 429
188 436
188 437
188 438
188 439
188 440
188 441
188 447
188 448
188 503
188 504
188 528
188 533
188 547
188 570
188 574
188 578
188 635
188 639
188 652
188 657
189 428
189 442
189 445
189 446
189 504
189 505
189 527
189 528
189 533
189 547
189 570
189 574
189 578
189 635
189 639
189 652
189 657
190 428
190 443
190 444
190 506
190 528
190 529
190 532
190 546
190 571
190 575
190 578
190 635
190 638
190 652
190 657
191 428
191 443
191 507
191 529
191 532
191 546
191 571
191 572
191 573
191 576
191 635
191 638
191 652
191 657
192 426
192 427
192 441
192 442
192 508
192 545
192 577
192 579
192 652
192 657
193 425
193 426
193 440
193 441
193 508
193 542
193 543
193 544
193 545
193 652
193 657
194 425
194 440
194 508
194 539
194 540
194 541
194 577
194 578
194 652
194 657
195 424
195 439
195 509
195 538
195 652
195 657
196 422
196 438
196 439
196 509
196 510
196 538
196 652
196 656
196 712
196 713
197 423
197 436
197 437
197 510
197 539
197 540
197 576
197 656
197 707
197 708
197 709
197 710
197 711
197 714
198 424
198 427
198 428
198 429
198 435
198 436
198 511
198 541
198 542
198 577
198 706
198 714
199 424
199 425
199 427
199 430
199 431
199 432
199 434
199 435
199 511
199 542
199 577
199 705
199 714
200 425
200 426
200 427
200 433
200 512
200 543
200 705
200 714
201 512
201 543
201 705
201 714
202 428
202 432
202 433
202 513
202 543
202 705
202 714
203 428
203 432
203 513
203 543
203 705
203 714
204 428
204 431
204 514
204 705
204 714
205 428
205 431
205 514
205 705
205 714
206 430
206 514
206 705
206 714
207 429
207 430
207 515
207 705
207 714
208 429
208 515
208 705
208 714
209 423
209 424
209 425
209 426
209 427
209 428
209 515
209 705
209 714
210 422
210 516
210 705
210 714
211 421
211 516
211 705
211 714
212 421
212 516
212 705
212 714
213 420
213 516
213 705
213 714
214 420
214 516
214 705
214 714
215 421
215 516
215 705
215 714
216 421
216 422
216 423
216 424
216 517
216 705
216 714
217 425
217 517
217 705
217 714
218 425
218 517
218 705
218 714
219 424
219 425
219 517
219 705
219 714
220 424
220 517
220 705
220 714
221 423
221 517
221 706
221 714
222 422
222 423
222 517
223 421
223 422
223 517
224 421
224 517
225 420
226 420
227 419
228 419
229 418
230 418
231 417
232 417
233 417
254 1278
254 1279
