0 855
0 891
0 946
0 952
0 1093
0 1199
0 1233
0 1237
0 1267
1 855
1 892
1 946
1 952
1 1093
1 1199
1 1233
1 1237
1 1268
2 855
2 892
2 893
2 946
2 952
2 1093
2 1199
2 1233
2 1237
2 1268
2 1269
3 854
3 893
3 894
3 946
3 952
3 1092
3 1199
3 1210
3 1233
3 1236
3 1269
4 853
4 854
4 894
4 946
4 952
4 1092
4 1199
4 1208
4 1209
4 1211
4 1212
4 1213
4 1233
4 1236
4 1270
5 853
5 894
5 946
5 952
5 1091
5 1198
5 1207
5 1208
5 1214
5 1215
5 1233
5 1270
5 1271
6 852
6 894
6 946
6 952
6 1091
6 1199
6 1206
6 1207
6 1215
6 1216
6 1233
6 1234
6 1271
6 1272
7 852
7 893
7 946
7 952
7 1090
7 1199
7 1200
7 1205
7 1206
7 1216
7 1233
7 1272
7 1273
8 852
8 893
8 946
8 952
8 1090
8 1200
8 1203
8 1204
8 1216
8 1233
8 1273
9 852
9 893
9 946
9 952
9 1090
9 1200
9 1202
9 1203
9 1216
9 1232
9 1233
9 1274
10 852
10 893
10 946
10 952
10 1089
10 1200
10 1202
10 1216
10 1232
10 1274
10 1275
11 852
11 892
11 946
11 952
11 1089
11 1216
11 1231
11 1275
11 1276
12 840
12 841
12 842
12 851
12 892
12 946
12 952
12 1089
12 1216
12 1231
12 1276
12 1277
13 839
13 843
13 844
13 851
13 892
13 946
13 952
13 1089
13 1216
13 1230
13 1277
14 838
14 844
14 850
14 892
14 946
14 952
14 1089
14 1215
14 1229
14 1230
14 1278
15 838
15 845
15 850
15 892
15 946
15 952
15 1088
15 1215
15 1229
15 1278
15 1279
16 831
16 832
16 837
16 845
16 846
16 849
16 892
16 946
16 952
16 1088
16 1214
16 1228
17 300
17 301
17 302
17 303
17 304
17 829
17 830
17 833
17 834
17 837
17 847
17 848
17 849
17 892
17 946
17 952
17 1088
17 1214
17 1227
17 1228
17 1251
17 1252
17 1253
18 298
18 299
18 305
18 306
18 801
18 802
18 803
18 804
18 829
18 834
18 837
18 892
18 946
18 952
18 1088
18 1214
18 1227
18 1251
18 1253
19 280
19 281
19 282
19 283
19 295
19 296
19 297
19 298
19 306
19 307
19 799
19 800
19 804
19 828
19 835
19 836
19 837
19 892
19 894
19 895
19 896
19 946
19 952
19 1088
19 1214
19 1226
19 1250
19 1251
19 1254
20 278
20 279
20 284
20 285
20 293
20 294
20 307
20 793
20 794
20 795
20 798
20 799
20 805
20 828
20 897
20 898
20 946
20 952
20 1087
20 1213
20 1225
20 1226
20 1250
20 1254
20 1255
21 278
21 285
21 286
21 287
21 291
21 292
21 307
21 791
21 792
21 796
21 797
21 798
21 805
21 806
21 827
21 898
21 946
21 952
21 1087
21 1213
21 1225
21 1249
21 1255
21 1256
22 277
22 288
22 289
22 290
22 291
22 306
22 791
22 806
22 807
22 808
22 809
22 810
22 811
22 812
22 827
22 898
22 946
22 952
22 1087
22 1213
22 1224
22 1249
22 1256
22 1257
23 277
23 306
23 312
23 790
23 813
23 821
23 822
23 823
23 827
23 898
23 946
23 952
23 1086
23 1211
23 1212
23 1223
23 1224
23 1248
23 1257
23 1258
24 277
24 307
24 310
24 311
24 313
24 789
24 790
24 814
24 819
24 820
24 824
24 827
24 898
24 946
24 952
24 1085
24 1086
24 1210
24 1211
24 1223
24 1247
24 1248
24 1258
25 278
25 307
25 308
25 309
25 310
25 314
25 787
25 788
25 814
25 815
25 816
25 817
25 818
25 825
25 827
25 898
25 946
25 952
25 1085
25 1207
25 1208
25 1209
25 1222
25 1246
25 1259
26 265
26 266
26 267
26 268
26 269
26 270
26 271
26 272
26 278
26 314
26 785
26 786
26 825
26 827
26 899
26 946
26 952
26 1084
26 1204
26 1205
26 1206
26 1221
26 1222
26 1245
26 1259
26 1260
27 263
27 264
27 273
27 274
27 278
27 314
27 784
27 824
27 825
27 827
27 899
27 946
27 952
27 1084
27 1203
27 1221
27 1244
27 1245
27 1260
27 1261
28 263
28 274
28 275
28 278
28 314
28 783
28 822
28 823
28 826
28 900
28 946
28 952
28 1083
28 1203
28 1220
28 1244
28 1261
29 262
29 275
29 277
29 278
29 314
29 783
29 821
29 822
29 826
29 900
29 901
29 946
29 952
29 1083
29 1203
29 1204
29 1219
29 1220
29 1243
29 1261
30 258
30 259
30 260
30 261
30 262
30 275
30 277
30 314
30 783
30 820
30 821
30 826
30 902
30 903
30 947
30 953
30 1083
30 1204
30 1219
30 1243
30 1260
30 1263
31 256
31 257
31 275
31 277
31 315
31 316
31 317
31 318
31 319
31 323
31 324
31 325
31 782
31 820
31 826
31 904
31 905
31 947
31 953
31 1083
31 1205
31 1206
31 1207
31 1208
31 1209
31 1218
31 1242
31 1260
31 1263
31 1264
32 8
32 9
32 10
32 11
32 242
32 243
32 244
32 245
32 255
32 319
32 320
32 321
32 322
32 326
32 327
32 782
32 820
32 821
32 822
32 827
32 905
32 906
32 907
32 908
32 909
32 910
32 947
32 953
32 1083
32 1209
32 1218
32 1241
32 1242
32 1260
32 1264
32 1265
33 6
33 7
33 8
33 12
33 241
33 246
33 247
33 254
33 327
33 782
33 823
33 824
33 827
33 911
33 947
33 953
33 1078
33 1079
33 1080
33 1081
33 1082
33 1209
33 1217
33 1241
33 1260
33 1265
33 1266
34 0
34 1
34 2
34 3
34 4
34 5
34 13
34 240
34 247
34 248
34 254
34 327
34 782
34 824
34 825
34 827
34 911
34 947
34 953
34 1076
34 1077
34 1210
34 1216
34 1217
34 1240
34 1260
34 1266
34 1267
35 13
35 240
35 248
35 253
35 327
35 782
35 825
35 826
35 911
35 947
35 953
35 1076
35 1210
35 1211
35 1216
35 1239
35 1240
35 1260
35 1267
36 13
36 20
36 21
36 22
36 23
36 24
36 25
36 26
36 27
36 28
36 29
36 30
36 239
36 249
36 253
36 327
36 782
36 826
36 828
36 911
36 947
36 953
36 1075
36 1211
36 1212
36 1215
36 1239
36 1260
36 1268
36 1272
36 1273
36 1274
36 1275
36 1276
36 1277
37 14
37 18
37 19
37 31
37 32
37 33
37 34
37 35
37 239
37 249
37 252
37 328
37 783
37 911
37 947
37 953
37 1075
37 1213
37 1214
37 1215
37 1238
37 1257
37 1258
37 1259
37 1261
37 1262
37 1263
37 1264
37 1265
37 1266
37 1267
37 1268
37 1271
37 1278
38 15
38 16
38 17
38 18
38 36
38 37
38 210
38 211
38 231
38 232
38 233
38 234
38 235
38 236
38 237
38 238
38 249
38 251
38 328
38 773
38 774
38 775
38 776
38 777
38 783
38 910
38 947
38 953
38 1074
38 1238
38 1247
38 1248
38 1249
38 1250
38 1251
38 1252
38 1253
38 1254
38 1255
38 1256
38 1278
39 37
39 196
39 197
39 198
39 199
39 208
39 209
39 212
39 213
39 214
39 230
39 328
39 771
39 772
39 778
39 783
39 909
39 947
39 953
39 1074
39 1213
39 1237
39 1246
39 1278
40 38
40 195
40 200
40 201
40 206
40 207
40 215
40 216
40 229
40 329
40 330
40 331
40 771
40 778
40 780
40 781
40 782
40 783
40 818
40 909
40 947
40 953
40 1073
40 1211
40 1212
40 1236
40 1237
40 1245
40 1278
41 38
41 194
41 201
41 206
41 217
41 225
41 226
41 229
41 332
41 333
41 770
41 778
41 780
41 910
41 947
41 953
41 1073
41 1211
41 1236
41 1245
41 1278
42 38
42 194
42 201
42 205
42 217
42 224
42 227
42 229
42 333
42 770
42 816
42 818
42 910
42 947
42 953
42 1072
42 1210
42 1235
42 1245
42 1278
43 39
43 185
43 193
43 202
43 203
43 204
43 205
43 218
43 223
43 227
43 229
43 333
43 769
43 816
43 818
43 911
43 947
43 953
43 1072
43 1210
43 1235
43 1245
43 1278
44 40
44 41
44 182
44 183
44 184
44 186
44 187
44 193
44 218
44 223
44 333
44 769
44 816
44 818
44 911
44 947
44 953
44 1072
44 1209
44 1210
44 1234
44 1235
44 1245
44 1278
45 41
45 42
45 181
45 187
45 188
45 193
45 218
45 222
45 333
45 769
45 816
45 819
45 912
45 947
45 953
45 1071
45 1209
45 1234
45 1245
45 1278
46 42
46 43
46 176
46 177
46 178
46 179
46 180
46 188
46 189
46 190
46 191
46 192
46 193
46 219
46 222
46 333
46 768
46 817
46 820
46 821
46 912
46 947
46 953
46 1071
46 1208
46 1245
46 1277
47 43
47 44
47 174
47 175
47 220
47 221
47 222
47 333
47 769
47 817
47 821
47 912
47 947
47 953
47 1071
47 1208
47 1232
47 1233
47 1245
47 1277
48 45
48 46
48 47
48 172
48 173
48 333
48 345
48 769
48 770
48 817
48 822
48 912
48 947
48 953
48 1070
48 1209
48 1210
48 1234
48 1245
48 1277
49 48
49 49
49 169
49 170
49 171
49 332
49 342
49 343
49 344
49 346
49 347
49 817
49 822
49 911
49 947
49 953
49 1069
49 1070
49 1211
49 1212
49 1213
49 1233
49 1245
50 50
50 160
50 161
50 162
50 163
50 168
50 332
50 339
50 340
50 341
50 347
50 768
50 769
50 817
50 821
50 822
50 911
50 947
50 953
50 1069
50 1214
50 1215
50 1231
50 1233
50 1245
50 1277
50 1278
50 1279
51 51
51 155
51 156
51 157
51 158
51 159
51 164
51 165
51 167
51 332
51 333
51 334
51 335
51 336
51 337
51 338
51 348
51 767
51 768
51 817
51 821
51 912
51 947
51 953
51 1068
51 1216
51 1217
51 1218
51 1230
51 1233
51 1245
51 1277
52 51
52 153
52 154
52 165
52 348
52 765
52 766
52 817
52 821
52 912
52 913
52 914
52 915
52 916
52 947
52 953
52 1068
52 1219
52 1220
52 1229
52 1230
52 1233
52 1245
52 1277
53 51
53 151
53 152
53 165
53 348
53 763
53 764
53 817
53 821
53 822
53 823
53 917
53 947
53 953
53 1067
53 1221
53 1222
53 1229
53 1233
53 1245
53 1277
54 50
54 51
54 151
54 166
54 348
54 763
54 817
54 824
54 825
54 826
54 827
54 918
54 947
54 953
54 1067
54 1223
54 1224
54 1228
54 1233
54 1245
54 1277
55 46
55 47
55 48
55 49
55 150
55 166
55 348
55 762
55 817
55 818
55 828
55 829
55 918
55 947
55 953
55 1067
55 1225
55 1226
55 1227
55 1228
55 1233
55 1245
55 1277
56 46
56 150
56 349
56 506
56 507
56 508
56 509
56 510
56 763
56 818
56 819
56 830
56 918
56 947
56 953
56 1067
56 1234
56 1245
56 1277
57 46
57 47
57 150
57 349
57 350
57 504
57 505
57 511
57 756
57 757
57 758
57 759
57 760
57 761
57 820
57 821
57 822
57 823
57 824
57 825
57 826
57 830
57 918
57 947
57 953
57 1067
57 1234
57 1246
57 1277
58 47
58 48
58 149
58 150
58 351
58 352
58 497
58 498
58 499
58 500
58 501
58 502
58 512
58 754
58 755
58 827
58 828
58 829
58 830
58 918
58 947
58 953
58 1068
58 1231
58 1233
58 1247
58 1277
59 48
59 49
59 147
59 148
59 352
59 495
59 496
59 503
59 512
59 513
59 514
59 754
59 918
59 947
59 953
59 1068
59 1069
59 1231
59 1233
59 1247
59 1277
60 49
60 145
60 146
60 352
60 495
60 503
60 515
60 516
60 753
60 918
60 947
60 953
60 1069
60 1230
60 1233
60 1247
60 1276
61 49
61 130
61 131
61 132
61 133
61 134
61 145
61 352
61 485
61 486
61 494
61 503
61 516
61 753
61 917
61 947
61 953
61 1070
61 1229
61 1230
61 1233
61 1247
61 1276
62 50
62 129
62 135
62 144
62 352
62 483
62 484
62 487
62 488
62 489
62 490
62 491
62 494
62 503
62 516
62 753
62 918
62 947
62 953
62 1070
62 1071
62 1227
62 1228
62 1233
62 1247
62 1276
63 50
63 128
63 136
63 137
63 138
63 144
63 353
63 482
63 492
63 503
63 516
63 752
63 918
63 919
63 947
63 953
63 1071
63 1072
63 1225
63 1226
63 1233
63 1247
63 1276
64 50
64 104
64 110
64 111
64 112
64 113
64 114
64 115
64 127
64 128
64 139
64 140
64 143
64 353
64 354
64 481
64 502
64 516
64 751
64 920
64 947
64 953
64 962
64 973
64 974
64 975
64 976
64 1001
64 1002
64 1003
64 1004
64 1072
64 1225
64 1233
64 1247
64 1276
65 50
65 101
65 102
65 103
65 105
65 106
65 107
65 108
65 109
65 116
65 117
65 126
65 127
65 140
65 143
65 355
65 356
65 482
65 493
65 495
65 500
65 501
65 517
65 751
65 920
65 947
65 954
65 960
65 961
65 963
65 964
65 971
65 972
65 977
65 1000
65 1005
65 1006
65 1072
65 1224
65 1233
65 1247
65 1277
66 50
66 99
66 100
66 117
66 118
66 125
66 140
66 356
66 482
66 483
66 493
66 495
66 498
66 499
66 517
66 751
66 920
66 947
66 954
66 958
66 959
66 964
66 965
66 969
66 970
66 978
66 979
66 980
66 981
66 994
66 995
66 999
66 1007
66 1072
66 1224
66 1233
66 1247
66 1278
66 1279
67 50
67 54
67 55
67 98
67 99
67 118
67 119
67 124
67 140
67 356
67 484
67 485
67 486
67 487
67 488
67 489
67 490
67 491
67 492
67 493
67 496
67 497
67 517
67 752
67 920
67 947
67 953
67 957
67 958
67 965
67 969
67 982
67 983
67 984
67 992
67 993
67 996
67 997
67 999
67 1007
67 1072
67 1224
67 1233
67 1247
68 49
68 52
68 53
68 56
68 57
68 97
68 98
68 119
68 120
68 121
68 124
68 140
68 357
68 496
68 517
68 752
68 919
68 920
68 947
68 953
68 957
68 966
68 968
68 985
68 986
68 987
68 988
68 989
68 990
68 991
68 997
68 999
68 1007
68 1072
68 1224
68 1233
68 1247
69 49
69 52
69 58
69 59
69 96
69 122
69 140
69 357
69 492
69 496
69 517
69 590
69 591
69 592
69 593
69 594
69 752
69 917
69 918
69 947
69 953
69 966
69 967
69 968
69 997
69 999
69 1006
69 1007
69 1072
69 1224
69 1233
69 1247
70 48
70 51
70 59
70 60
70 95
70 140
70 357
70 487
70 488
70 492
70 496
70 517
70 521
70 522
70 590
70 595
70 746
70 747
70 752
70 916
70 947
70 953
70 1005
70 1008
70 1009
70 1010
70 1071
70 1223
70 1233
70 1247
71 47
71 50
71 51
71 60
71 61
71 93
71 94
71 95
71 141
71 142
71 357
71 486
71 487
71 492
71 496
71 518
71 519
71 520
71 523
71 524
71 589
71 596
71 744
71 745
71 748
71 749
71 750
71 751
71 915
71 947
71 953
71 1011
71 1012
71 1070
71 1071
71 1223
71 1233
71 1247
72 46
72 50
72 61
72 62
72 91
72 92
72 357
72 485
72 486
72 492
72 496
72 525
72 588
72 589
72 596
72 742
72 743
72 916
72 947
72 953
72 1012
72 1068
72 1069
72 1223
72 1233
72 1247
73 46
73 48
73 63
73 64
73 90
73 357
73 358
73 484
73 485
73 492
73 496
73 516
73 525
73 583
73 584
73 587
73 588
73 596
73 740
73 741
73 916
73 947
73 953
73 1013
73 1067
73 1224
73 1233
73 1247
74 64
74 65
74 89
74 358
74 483
74 484
74 492
74 497
74 516
74 518
74 525
74 581
74 582
74 585
74 586
74 587
74 597
74 740
74 916
74 947
74 953
74 1013
74 1066
74 1225
74 1226
74 1227
74 1228
74 1233
74 1247
75 65
75 66
75 79
75 80
75 81
75 82
75 83
75 87
75 88
75 89
75 358
75 481
75 482
75 492
75 497
75 516
75 517
75 518
75 526
75 578
75 579
75 580
75 581
75 597
75 739
75 916
75 944
75 945
75 947
75 953
75 1013
75 1066
75 1229
75 1230
75 1233
75 1247
76 66
76 67
76 68
76 76
76 77
76 78
76 83
76 86
76 358
76 480
76 481
76 493
76 497
76 526
76 527
76 576
76 577
76 597
76 739
76 916
76 942
76 943
76 947
76 953
76 1013
76 1066
76 1231
76 1233
76 1247
77 69
77 70
77 74
77 75
77 84
77 85
77 358
77 479
77 480
77 493
77 497
77 527
77 528
77 529
77 575
77 576
77 597
77 740
77 741
77 916
77 940
77 941
77 947
77 953
77 1013
77 1066
77 1233
77 1247
77 1278
77 1279
78 71
78 72
78 73
78 358
78 477
78 478
78 493
78 497
78 530
78 573
78 574
78 575
78 597
78 601
78 742
78 916
78 940
78 947
78 953
78 1014
78 1067
78 1233
78 1247
78 1277
79 358
79 476
79 477
79 493
79 497
79 530
79 571
79 572
79 597
79 599
79 600
79 602
79 603
79 742
79 917
79 939
79 947
79 953
79 1014
79 1015
79 1059
79 1060
79 1061
79 1067
79 1233
79 1247
79 1276
80 357
80 358
80 475
80 476
80 493
80 497
80 531
80 562
80 563
80 570
80 597
80 599
80 603
80 742
80 917
80 918
80 919
80 939
80 947
80 953
80 1015
80 1016
80 1057
80 1058
80 1062
80 1063
80 1067
80 1233
80 1247
80 1276
81 356
81 357
81 474
81 475
81 493
81 497
81 531
81 532
81 560
81 561
81 564
81 565
81 569
81 597
81 599
81 604
81 743
81 920
81 921
81 927
81 928
81 929
81 938
81 947
81 953
81 1017
81 1018
81 1057
81 1064
81 1065
81 1066
81 1067
81 1233
81 1247
81 1276
82 356
82 473
82 474
82 493
82 497
82 532
82 560
82 565
82 566
82 567
82 568
82 604
82 605
82 606
82 607
82 608
82 743
82 921
82 922
82 925
82 926
82 930
82 931
82 938
82 947
82 953
82 1018
82 1019
82 1028
82 1029
82 1030
82 1057
82 1233
82 1247
82 1276
83 355
83 471
83 472
83 473
83 493
83 497
83 532
83 557
83 558
83 559
83 609
83 610
83 744
83 922
83 923
83 924
83 931
83 938
83 947
83 954
83 1019
83 1026
83 1027
83 1030
83 1031
83 1057
83 1058
83 1233
83 1247
83 1276
84 18
84 356
84 357
84 469
84 470
84 493
84 497
84 532
84 555
84 556
84 610
84 744
84 931
84 938
84 947
84 954
84 1020
84 1024
84 1025
84 1031
84 1058
84 1233
84 1247
84 1276
85 17
85 19
85 358
85 469
85 493
85 497
85 532
85 555
85 610
85 744
85 931
85 937
85 947
85 954
85 1020
85 1023
85 1031
85 1058
85 1233
85 1247
85 1276
86 16
86 20
86 358
86 440
86 441
86 442
86 443
86 464
86 465
86 466
86 493
86 497
86 532
86 553
86 554
86 610
86 743
86 931
86 937
86 947
86 954
86 1021
86 1022
86 1032
86 1058
86 1233
86 1247
86 1276
87 17
87 20
87 21
87 358
87 430
87 431
87 432
87 433
87 434
87 435
87 436
87 437
87 438
87 439
87 444
87 452
87 453
87 454
87 455
87 456
87 457
87 458
87 459
87 460
87 461
87 462
87 463
87 467
87 468
87 493
87 497
87 532
87 551
87 552
87 610
87 742
87 743
87 930
87 931
87 937
87 947
87 954
87 1032
87 1058
87 1233
87 1247
87 1276
88 17
88 18
88 21
88 358
88 407
88 426
88 427
88 428
88 429
88 445
88 446
88 447
88 448
88 449
88 450
88 451
88 467
88 493
88 497
88 532
88 551
88 611
88 740
88 741
88 929
88 930
88 937
88 947
88 954
88 1032
88 1058
88 1233
88 1247
88 1276
89 18
89 22
89 358
89 402
89 403
89 404
89 405
89 406
89 408
89 424
89 425
89 467
89 493
89 497
89 532
89 550
89 611
89 740
89 928
89 932
89 933
89 934
89 935
89 936
89 937
89 947
89 954
89 1032
89 1058
89 1233
89 1247
89 1276
90 19
90 22
90 23
90 357
90 389
90 390
90 391
90 392
90 393
90 394
90 395
90 396
90 397
90 401
90 409
90 410
90 411
90 412
90 413
90 414
90 415
90 416
90 417
90 418
90 419
90 420
90 421
90 422
90 423
90 424
90 467
90 493
90 497
90 532
90 548
90 549
90 550
90 610
90 611
90 739
90 927
90 931
90 947
90 954
90 1031
90 1058
90 1233
90 1247
90 1277
90 1278
90 1279
91 19
91 20
91 24
91 25
91 357
91 378
91 379
91 380
91 388
91 400
91 467
91 493
91 497
91 533
91 539
91 540
91 546
91 547
91 610
91 740
91 927
91 929
91 947
91 954
91 1031
91 1052
91 1053
91 1054
91 1059
91 1233
91 1247
92 20
92 25
92 26
92 376
92 377
92 381
92 385
92 386
92 387
92 397
92 398
92 399
92 400
92 467
92 493
92 497
92 533
92 537
92 538
92 541
92 542
92 546
92 609
92 740
92 947
92 954
92 1030
92 1031
92 1050
92 1051
92 1055
92 1056
92 1233
92 1247
93 21
93 26
93 357
93 358
93 359
93 360
93 361
93 362
93 363
93 364
93 372
93 373
93 374
93 375
93 379
93 381
93 382
93 383
93 384
93 385
93 389
93 467
93 493
93 497
93 534
93 535
93 536
93 537
93 542
93 545
93 609
93 741
93 947
93 954
93 1030
93 1049
93 1057
93 1059
93 1131
93 1233
93 1248
94 21
94 22
94 26
94 365
94 366
94 367
94 368
94 369
94 370
94 371
94 372
94 385
94 386
94 387
94 390
94 391
94 392
94 467
94 493
94 497
94 542
94 544
94 609
94 742
94 947
94 954
94 1031
94 1032
94 1048
94 1125
94 1126
94 1127
94 1128
94 1129
94 1130
94 1132
94 1233
94 1248
95 23
95 24
95 25
95 26
95 357
95 358
95 359
95 372
95 373
95 374
95 375
95 376
95 393
95 394
95 395
95 401
95 467
95 493
95 497
95 608
95 742
95 948
95 954
95 1032
95 1049
95 1121
95 1122
95 1123
95 1124
95 1132
95 1233
95 1248
96 359
96 368
96 369
96 383
96 396
96 397
96 398
96 399
96 400
96 402
96 403
96 404
96 466
96 493
96 497
96 609
96 742
96 948
96 954
96 1033
96 1049
96 1050
96 1119
96 1120
96 1132
96 1233
96 1248
97 360
97 368
97 380
97 381
97 382
97 384
97 405
97 466
97 493
97 498
97 609
97 610
97 611
97 612
97 613
97 740
97 741
97 948
97 954
97 1033
97 1051
97 1119
97 1132
97 1233
97 1248
98 360
98 367
98 379
98 384
98 406
98 466
98 493
98 498
98 614
98 730
98 731
98 732
98 733
98 739
98 948
98 954
98 1033
98 1118
98 1132
98 1233
98 1248
99 360
99 366
99 367
99 378
99 384
99 407
99 408
99 465
99 494
99 498
99 614
99 729
99 730
99 734
99 735
99 736
99 737
99 739
99 948
99 954
99 1033
99 1050
99 1051
99 1052
99 1053
99 1132
99 1233
99 1248
100 360
100 365
100 366
100 378
100 384
100 409
100 410
100 465
100 494
100 498
100 615
100 729
100 737
100 739
100 948
100 954
100 1033
100 1045
100 1046
100 1047
100 1048
100 1049
100 1053
100 1119
100 1132
100 1233
100 1248
101 359
101 365
101 378
101 384
101 411
101 412
101 464
101 494
101 498
101 527
101 528
101 615
101 728
101 948
101 954
101 1032
101 1033
101 1042
101 1043
101 1044
101 1053
101 1118
101 1120
101 1121
101 1122
101 1123
101 1124
101 1125
101 1126
101 1127
101 1128
101 1129
101 1130
101 1131
101 1233
101 1248
102 359
102 362
102 363
102 378
102 385
102 412
102 464
102 494
102 498
102 525
102 615
102 728
102 899
102 900
102 901
102 902
102 903
102 948
102 954
102 1031
102 1032
102 1040
102 1041
102 1054
102 1117
102 1233
102 1248
103 359
103 362
103 379
103 385
103 413
103 463
103 494
103 498
103 523
103 524
103 528
103 615
103 728
103 898
103 904
103 948
103 954
103 1025
103 1026
103 1030
103 1031
103 1039
103 1054
103 1117
103 1132
103 1233
103 1248
104 359
104 379
104 385
104 413
104 463
104 494
104 498
104 523
104 526
104 527
104 615
104 728
104 897
104 904
104 948
104 954
104 1024
104 1027
104 1028
104 1029
104 1038
104 1051
104 1052
104 1053
104 1054
104 1116
104 1132
104 1233
104 1248
104 1279
105 359
105 379
105 385
105 413
105 463
105 494
105 498
105 524
105 525
105 526
105 615
105 640
105 641
105 642
105 643
105 726
105 727
105 897
105 904
105 948
105 954
105 1023
105 1038
105 1050
105 1116
105 1132
105 1233
105 1248
105 1278
106 358
106 361
106 379
106 385
106 413
106 459
106 462
106 494
106 498
106 616
106 617
106 618
106 638
106 639
106 643
106 644
106 724
106 725
106 897
106 904
106 948
106 954
106 1023
106 1038
106 1049
106 1117
106 1132
106 1233
106 1248
106 1278
107 357
107 360
107 379
107 385
107 413
107 457
107 458
107 460
107 461
107 462
107 494
107 498
107 619
107 620
107 637
107 645
107 646
107 723
107 724
107 897
107 904
107 948
107 954
107 977
107 978
107 979
107 980
107 981
107 982
107 983
107 984
107 1023
107 1038
107 1049
107 1117
107 1132
107 1233
107 1248
107 1277
108 357
108 359
108 379
108 385
108 413
108 457
108 494
108 498
108 620
108 621
108 636
108 647
108 648
108 723
108 897
108 904
108 948
108 954
108 976
108 985
108 1024
108 1038
108 1049
108 1118
108 1132
108 1233
108 1248
108 1277
109 356
109 379
109 385
109 412
109 456
109 494
109 498
109 621
109 622
109 627
109 628
109 629
109 630
109 631
109 632
109 633
109 634
109 635
109 636
109 649
109 650
109 722
109 897
109 904
109 948
109 954
109 975
109 985
109 1024
109 1038
109 1049
109 1118
109 1119
109 1132
109 1208
109 1233
109 1248
109 1271
109 1272
109 1273
109 1274
109 1276
110 356
110 359
110 379
110 385
110 413
110 456
110 494
110 498
110 622
110 623
110 626
110 651
110 722
110 897
110 904
110 948
110 954
110 975
110 985
110 1025
110 1039
110 1049
110 1119
110 1120
110 1132
110 1207
110 1209
110 1210
110 1211
110 1212
110 1233
110 1248
110 1257
110 1258
110 1261
110 1262
110 1263
110 1264
110 1265
110 1270
110 1275
110 1276
111 356
111 359
111 379
111 386
111 387
111 388
111 389
111 413
111 414
111 455
111 494
111 498
111 623
111 624
111 625
111 652
111 722
111 897
111 904
111 948
111 954
111 975
111 985
111 1026
111 1027
111 1039
111 1049
111 1121
111 1122
111 1132
111 1206
111 1213
111 1233
111 1249
111 1250
111 1251
111 1252
111 1253
111 1254
111 1255
111 1256
111 1259
111 1260
111 1266
111 1267
111 1268
111 1275
112 357
112 359
112 377
112 378
112 379
112 381
112 382
112 383
112 384
112 390
112 415
112 416
112 455
112 494
112 498
112 568
112 652
112 722
112 897
112 904
112 948
112 954
112 975
112 985
112 1028
112 1029
112 1039
112 1048
112 1123
112 1124
112 1132
112 1206
112 1213
112 1233
112 1259
112 1269
112 1275
113 357
113 358
113 359
113 376
113 390
113 416
113 417
113 456
113 494
113 498
113 566
113 567
113 569
113 570
113 652
113 722
113 897
113 904
113 908
113 909
113 910
113 911
113 912
113 913
113 914
113 915
113 916
113 917
113 918
113 948
113 954
113 975
113 985
113 1030
113 1031
113 1039
113 1049
113 1125
113 1126
113 1132
113 1206
113 1213
113 1233
113 1258
113 1259
113 1269
113 1275
114 375
114 390
114 418
114 419
114 420
114 421
114 456
114 457
114 494
114 498
114 565
114 570
114 653
114 722
114 897
114 904
114 907
114 919
114 920
114 948
114 954
114 975
114 985
114 1031
114 1039
114 1049
114 1050
114 1127
114 1128
114 1132
114 1206
114 1213
114 1233
114 1258
114 1269
114 1275
115 375
115 390
115 422
115 423
115 424
115 458
115 494
115 498
115 564
115 570
115 653
115 722
115 897
115 904
115 908
115 909
115 910
115 911
115 912
115 921
115 922
115 948
115 954
115 975
115 985
115 1032
115 1039
115 1051
115 1052
115 1129
115 1132
115 1206
115 1213
115 1233
115 1257
115 1269
115 1275
116 375
116 390
116 425
116 426
116 458
116 494
116 498
116 536
116 537
116 538
116 565
116 570
116 653
116 722
116 729
116 730
116 897
116 904
116 917
116 918
116 922
116 948
116 954
116 965
116 966
116 967
116 968
116 969
116 970
116 971
116 972
116 973
116 974
116 976
116 977
116 978
116 979
116 980
116 981
116 982
116 983
116 984
116 985
116 987
116 988
116 989
116 990
116 991
116 992
116 993
116 994
116 995
116 996
116 997
116 998
116 1032
116 1033
116 1039
116 1052
116 1053
116 1129
116 1132
116 1206
116 1213
116 1233
116 1256
116 1257
116 1269
116 1275
117 375
117 390
117 426
117 427
117 457
117 458
117 494
117 498
117 529
117 535
117 539
117 565
117 571
117 653
117 722
117 897
117 904
117 918
117 922
117 948
117 954
117 964
117 999
117 1033
117 1034
117 1039
117 1048
117 1049
117 1050
117 1051
117 1104
117 1105
117 1106
117 1129
117 1131
117 1206
117 1213
117 1233
117 1256
117 1269
117 1275
118 77
118 78
118 79
118 375
118 390
118 427
118 428
118 457
118 494
118 498
118 527
118 528
118 530
118 531
118 534
118 539
118 565
118 571
118 653
118 654
118 676
118 722
118 727
118 897
118 904
118 919
118 920
118 921
118 922
118 948
118 954
118 963
118 999
118 1034
118 1035
118 1039
118 1046
118 1047
118 1102
118 1103
118 1106
118 1128
118 1131
118 1192
118 1193
118 1194
118 1195
118 1196
118 1197
118 1198
118 1199
118 1200
118 1201
118 1202
118 1203
118 1204
118 1213
118 1233
118 1255
118 1268
118 1275
119 76
119 80
119 375
119 390
119 428
119 429
119 456
119 494
119 499
119 527
119 531
119 534
119 539
119 565
119 571
119 655
119 656
119 671
119 672
119 673
119 674
119 675
119 677
119 678
119 679
119 697
119 698
119 699
119 700
119 701
119 723
119 726
119 797
119 798
119 799
119 897
119 904
119 948
119 954
119 963
119 999
119 1035
119 1036
119 1039
119 1046
119 1099
119 1101
119 1102
119 1107
119 1128
119 1131
119 1140
119 1141
119 1161
119 1162
119 1163
119 1164
119 1165
119 1166
119 1167
119 1168
119 1169
119 1170
119 1171
119 1172
119 1173
119 1174
119 1175
119 1176
119 1177
119 1178
119 1179
119 1180
119 1181
119 1182
119 1183
119 1184
119 1185
119 1186
119 1187
119 1188
119 1189
119 1190
119 1191
119 1205
119 1213
119 1233
119 1255
119 1268
119 1275
120 75
120 80
120 375
120 390
120 429
120 430
120 455
120 456
120 494
120 499
120 526
120 532
120 533
120 539
120 563
120 564
120 565
120 566
120 571
120 656
120 669
120 670
120 680
120 695
120 696
120 702
120 705
120 706
120 707
120 708
120 709
120 710
120 711
120 727
120 728
120 796
120 799
120 898
120 904
120 948
120 954
120 963
120 999
120 1036
120 1037
120 1039
120 1045
120 1098
120 1101
120 1107
120 1127
120 1131
120 1138
120 1139
120 1145
120 1146
120 1147
120 1148
120 1149
120 1150
120 1151
120 1152
120 1153
120 1154
120 1155
120 1156
120 1157
120 1158
120 1159
120 1160
120 1205
120 1213
120 1233
120 1255
120 1268
120 1275
121 75
121 80
121 375
121 391
121 430
121 431
121 455
121 495
121 499
121 527
121 538
121 554
121 555
121 556
121 557
121 558
121 559
121 560
121 561
121 562
121 571
121 657
121 668
121 680
121 694
121 702
121 704
121 711
121 721
121 722
121 795
121 799
121 898
121 904
121 948
121 954
121 963
121 999
121 1037
121 1039
121 1046
121 1098
121 1101
121 1107
121 1127
121 1131
121 1136
121 1137
121 1141
121 1144
121 1205
121 1213
121 1233
121 1255
121 1268
121 1275
122 75
122 80
122 376
122 391
122 401
122 402
122 403
122 404
122 405
122 406
122 407
122 408
122 409
122 410
122 431
122 432
122 454
122 495
122 499
122 527
122 528
122 537
122 546
122 547
122 548
122 549
122 550
122 551
122 552
122 553
122 571
122 657
122 658
122 659
122 667
122 680
122 693
122 712
122 713
122 714
122 721
122 795
122 799
122 898
122 904
122 948
122 954
122 963
122 999
122 1039
122 1047
122 1048
122 1098
122 1101
122 1107
122 1127
122 1131
122 1134
122 1135
122 1141
122 1143
122 1205
122 1213
122 1233
122 1255
122 1268
122 1275
123 75
123 80
123 281
123 282
123 283
123 284
123 285
123 376
123 391
123 395
123 396
123 397
123 398
123 399
123 400
123 411
123 412
123 413
123 414
123 415
123 432
123 433
123 455
123 495
123 499
123 528
123 529
123 536
123 537
123 539
123 540
123 541
123 542
123 543
123 544
123 545
123 566
123 571
123 660
123 661
123 667
123 680
123 693
123 715
123 720
123 795
123 799
123 898
123 904
123 908
123 909
123 910
123 911
123 948
123 954
123 963
123 986
123 987
123 988
123 989
123 990
123 991
123 992
123 993
123 994
123 995
123 996
123 997
123 998
123 999
123 1040
123 1049
123 1050
123 1098
123 1100
123 1107
123 1127
123 1131
123 1141
123 1143
123 1205
123 1213
123 1233
123 1255
123 1267
123 1275
124 75
124 80
124 280
124 286
124 376
124 391
124 394
124 416
124 433
124 455
124 495
124 499
124 529
124 530
124 531
124 532
124 533
124 534
124 535
124 563
124 570
124 661
124 666
124 680
124 716
124 717
124 718
124 719
124 720
124 795
124 799
124 898
124 902
124 903
124 905
124 907
124 912
124 948
124 954
124 964
124 965
124 966
124 967
124 968
124 969
124 970
124 971
124 972
124 973
124 974
124 975
124 976
124 979
124 980
124 981
124 982
124 984
124 1041
124 1042
124 1043
124 1044
124 1051
124 1052
124 1053
124 1098
124 1100
124 1107
124 1127
124 1131
124 1133
124 1141
124 1143
124 1205
124 1213
124 1233
124 1256
124 1257
124 1258
124 1266
124 1275
125 75
125 80
125 279
125 286
125 376
125 391
125 416
125 434
125 454
125 455
125 463
125 464
125 465
125 466
125 495
125 499
125 518
125 519
125 520
125 521
125 522
125 523
125 524
125 525
125 526
125 555
125 556
125 557
125 558
125 559
125 560
125 561
125 562
125 564
125 565
125 570
125 662
125 666
125 680
125 690
125 691
125 692
125 693
125 694
125 795
125 799
125 898
125 901
125 912
125 948
125 954
125 978
125 984
125 1045
125 1046
125 1047
125 1048
125 1049
125 1098
125 1100
125 1107
125 1127
125 1131
125 1133
125 1141
125 1143
125 1205
125 1213
125 1233
125 1256
125 1259
125 1266
125 1275
126 75
126 80
126 279
126 286
126 376
126 391
126 416
126 434
126 454
126 463
126 467
126 495
126 499
126 509
126 510
126 511
126 512
126 513
126 514
126 515
126 516
126 517
126 547
126 548
126 549
126 550
126 551
126 552
126 553
126 554
126 565
126 570
126 662
126 663
126 664
126 665
126 682
126 683
126 684
126 685
126 686
126 687
126 688
126 689
126 795
126 799
126 898
126 912
126 948
126 954
126 977
126 985
126 1052
126 1053
126 1098
126 1100
126 1107
126 1127
126 1131
126 1133
126 1141
126 1143
126 1205
126 1213
126 1233
126 1255
126 1259
126 1266
126 1275
127 75
127 80
127 279
127 286
127 376
127 391
127 416
127 435
127 454
127 463
127 468
127 495
127 500
127 501
127 502
127 503
127 504
127 505
127 506
127 507
127 508
127 538
127 541
127 542
127 543
127 544
127 545
127 546
127 565
127 566
127 570
127 681
127 694
127 695
127 795
127 799
127 888
127 889
127 890
127 891
127 898
127 912
127 948
127 954
127 978
127 979
127 980
127 981
127 982
127 983
127 986
127 1100
127 1107
127 1127
127 1131
127 1133
127 1141
127 1143
127 1205
127 1213
127 1233
127 1255
127 1259
127 1266
127 1275
128 75
128 80
128 279
128 286
128 376
128 391
128 416
128 435
128 454
128 462
128 468
128 495
128 537
128 539
128 566
128 570
128 681
128 694
128 795
128 799
128 887
128 892
128 898
128 912
128 948
128 954
128 978
128 986
128 1099
128 1100
128 1107
128 1127
128 1131
128 1133
128 1141
128 1143
128 1205
128 1213
128 1233
128 1255
128 1259
128 1266
128 1275
129 75
129 80
129 279
129 286
129 376
129 391
129 416
129 435
129 454
129 462
129 468
129 494
129 495
129 530
129 533
129 534
129 535
129 536
129 540
129 567
129 568
129 569
129 570
129 681
129 693
129 795
129 799
129 886
129 892
129 898
129 912
129 948
129 954
129 977
129 986
129 1099
129 1107
129 1127
129 1131
129 1133
129 1141
129 1143
129 1205
129 1213
129 1233
129 1255
129 1260
129 1266
129 1275
130 75
130 80
130 106
130 107
130 279
130 286
130 376
130 391
130 416
130 435
130 455
130 462
130 469
130 492
130 493
130 522
130 523
130 524
130 525
130 526
130 527
130 528
130 531
130 532
130 540
130 541
130 681
130 693
130 795
130 799
130 886
130 892
130 898
130 912
130 948
130 954
130 977
130 986
130 1099
130 1107
130 1127
130 1131
130 1133
130 1141
130 1143
130 1205
130 1213
130 1233
130 1255
130 1260
130 1266
130 1275
131 75
131 80
131 105
131 108
131 109
131 110
131 279
131 286
131 376
131 391
131 416
131 435
131 455
131 456
131 462
131 469
131 490
131 491
131 515
131 516
131 517
131 518
131 519
131 520
131 521
131 531
131 541
131 542
131 680
131 681
131 693
131 795
131 799
131 886
131 887
131 888
131 889
131 890
131 891
131 892
131 898
131 912
131 948
131 955
131 977
131 986
131 1099
131 1107
131 1126
131 1131
131 1133
131 1141
131 1143
131 1205
131 1213
131 1233
131 1255
131 1260
131 1266
131 1275
132 75
132 80
132 104
132 111
132 279
132 286
132 346
132 347
132 348
132 376
132 391
132 416
132 435
132 457
132 458
132 459
132 460
132 461
132 462
132 469
132 488
132 489
132 508
132 509
132 510
132 511
132 512
132 513
132 514
132 530
132 542
132 543
132 680
132 692
132 795
132 799
132 898
132 912
132 948
132 955
132 976
132 977
132 986
132 1099
132 1107
132 1126
132 1131
132 1133
132 1141
132 1143
132 1205
132 1213
132 1233
132 1255
132 1260
132 1266
132 1275
133 75
133 80
133 104
133 111
133 279
133 286
133 346
133 348
133 349
133 376
133 391
133 393
133 416
133 428
133 429
133 430
133 435
133 469
133 486
133 487
133 501
133 502
133 503
133 504
133 505
133 506
133 507
133 530
133 534
133 535
133 536
133 543
133 680
133 681
133 682
133 683
133 692
133 795
133 799
133 898
133 912
133 948
133 955
133 973
133 974
133 975
133 986
133 1099
133 1107
133 1125
133 1126
133 1131
133 1133
133 1141
133 1143
133 1205
133 1213
133 1233
133 1255
133 1260
133 1266
133 1275
134 75
134 80
134 104
134 111
134 279
134 286
134 345
134 349
134 350
134 376
134 391
134 393
134 415
134 416
134 428
134 430
134 436
134 437
134 438
134 439
134 440
134 441
134 466
134 467
134 468
134 469
134 485
134 486
134 500
134 530
134 534
134 536
134 537
134 542
134 543
134 684
134 685
134 686
134 691
134 795
134 799
134 898
134 912
134 948
134 955
134 972
134 986
134 1099
134 1107
134 1125
134 1131
134 1133
134 1141
134 1143
134 1205
134 1213
134 1233
134 1255
134 1261
134 1266
134 1275
135 75
135 80
135 104
135 111
135 279
135 286
135 344
135 345
135 350
135 376
135 391
135 393
135 413
135 414
135 428
135 429
135 430
135 442
135 443
135 444
135 459
135 460
135 461
135 462
135 463
135 464
135 465
135 485
135 493
135 494
135 495
135 499
135 520
135 521
135 522
135 530
135 534
135 537
135 538
135 539
135 540
135 541
135 687
135 691
135 795
135 799
135 898
135 912
135 948
135 955
135 971
135 986
135 1099
135 1107
135 1124
135 1131
135 1133
135 1141
135 1143
135 1205
135 1213
135 1233
135 1255
135 1261
135 1266
135 1275
136 75
136 80
136 104
136 111
136 279
136 287
136 344
136 351
136 376
136 391
136 393
136 410
136 411
136 412
136 445
136 446
136 457
136 458
136 484
136 491
136 492
136 495
136 499
136 519
136 523
136 530
136 531
136 532
136 533
136 688
136 690
136 795
136 799
136 898
136 912
136 948
136 955
136 971
136 986
136 1099
136 1107
136 1123
136 1124
136 1131
136 1133
136 1141
136 1143
136 1205
136 1213
136 1233
136 1257
136 1258
136 1259
136 1260
136 1261
136 1266
136 1275
137 75
137 80
137 104
137 111
137 279
137 287
137 343
137 351
137 352
137 376
137 391
137 393
137 409
137 446
137 457
137 483
137 484
137 489
137 490
137 495
137 499
137 519
137 523
137 688
137 690
137 795
137 799
137 898
137 912
137 948
137 955
137 971
137 986
137 1099
137 1107
137 1122
137 1123
137 1131
137 1133
137 1141
137 1143
137 1205
137 1213
137 1233
137 1256
137 1266
137 1275
138 75
138 81
138 82
138 83
138 84
138 85
138 86
138 87
138 88
138 89
138 90
138 91
138 92
138 93
138 104
138 111
138 279
138 287
138 343
138 352
138 353
138 376
138 391
138 393
138 410
138 411
138 412
138 447
138 457
138 483
138 488
138 489
138 495
138 499
138 519
138 523
138 688
138 690
138 795
138 799
138 854
138 891
138 892
138 893
138 894
138 895
138 896
138 897
138 898
138 912
138 948
138 955
138 971
138 986
138 1099
138 1107
138 1120
138 1121
138 1122
138 1131
138 1133
138 1141
138 1143
138 1205
138 1213
138 1233
138 1255
138 1266
138 1275
139 75
139 94
139 95
139 104
139 111
139 280
139 287
139 342
139 353
139 354
139 376
139 391
139 393
139 413
139 414
139 447
139 448
139 457
139 458
139 459
139 460
139 461
139 462
139 463
139 482
139 488
139 495
139 499
139 519
139 523
139 795
139 799
139 851
139 852
139 853
139 855
139 890
139 912
139 948
139 955
139 971
139 985
139 1099
139 1107
139 1117
139 1118
139 1119
139 1131
139 1133
139 1141
139 1143
139 1205
139 1213
139 1233
139 1255
139 1266
139 1275
140 75
140 79
140 96
140 97
140 104
140 111
140 280
140 287
140 341
140 342
140 354
140 355
140 376
140 391
140 392
140 393
140 414
140 415
140 448
140 464
140 465
140 482
140 487
140 495
140 499
140 519
140 523
140 795
140 799
140 850
140 855
140 889
140 912
140 948
140 955
140 971
140 985
140 1099
140 1107
140 1115
140 1116
140 1131
140 1133
140 1141
140 1143
140 1205
140 1213
140 1233
140 1256
140 1266
140 1275
141 75
141 79
141 97
141 98
141 104
141 111
141 280
141 287
141 341
141 355
141 377
141 416
141 417
141 449
141 466
141 467
141 468
141 482
141 487
141 495
141 499
141 519
141 523
141 795
141 799
141 849
141 855
141 889
141 911
141 948
141 955
141 971
141 985
141 1098
141 1107
141 1112
141 1113
141 1114
141 1131
141 1133
141 1141
141 1143
141 1205
141 1213
141 1233
141 1256
141 1266
141 1275
142 75
142 79
142 99
142 100
142 104
142 111
142 280
142 287
142 340
142 356
142 377
142 417
142 449
142 450
142 482
142 486
142 495
142 500
142 519
142 523
142 795
142 800
142 801
142 802
142 849
142 855
142 889
142 911
142 948
142 955
142 970
142 985
142 1098
142 1108
142 1109
142 1110
142 1111
142 1131
142 1133
142 1141
142 1143
142 1205
142 1213
142 1233
142 1256
142 1266
142 1275
143 75
143 79
143 100
143 104
143 111
143 280
143 287
143 339
143 340
143 356
143 357
143 377
143 416
143 417
143 450
143 451
143 467
143 468
143 482
143 486
143 495
143 500
143 519
143 523
143 795
143 803
143 849
143 855
143 889
143 911
143 948
143 955
143 970
143 985
143 1098
143 1108
143 1131
143 1133
143 1141
143 1143
143 1205
143 1212
143 1233
143 1256
143 1266
143 1275
144 75
144 79
144 99
144 100
144 104
144 111
144 280
144 287
144 338
144 339
144 357
144 358
144 377
144 393
144 415
144 416
144 451
144 452
144 465
144 466
144 482
144 486
144 496
144 500
144 519
144 523
144 795
144 803
144 849
144 856
144 889
144 911
144 948
144 955
144 970
144 985
144 1098
144 1107
144 1131
144 1133
144 1141
144 1143
144 1205
144 1211
144 1233
144 1256
144 1266
144 1275
145 75
145 79
145 99
145 104
145 111
145 280
145 287
145 336
145 337
145 338
145 358
145 377
145 392
145 394
145 414
145 415
145 452
145 464
145 482
145 486
145 496
145 500
145 519
145 523
145 795
145 803
145 849
145 856
145 857
145 889
145 911
145 948
145 955
145 970
145 985
145 1026
145 1027
145 1028
145 1029
145 1030
145 1098
145 1107
145 1131
145 1133
145 1141
145 1143
145 1205
145 1207
145 1211
145 1233
145 1256
145 1265
145 1275
146 75
146 79
146 104
146 113
146 114
146 115
146 280
146 287
146 334
146 335
146 358
146 377
146 392
146 394
146 413
146 414
146 453
146 464
146 466
146 482
146 486
146 496
146 500
146 519
146 523
146 795
146 803
146 849
146 853
146 854
146 858
146 859
146 889
146 911
146 948
146 955
146 970
146 985
146 1026
146 1031
146 1032
146 1033
146 1034
146 1042
146 1097
146 1098
146 1107
146 1131
146 1133
146 1141
146 1143
146 1205
146 1207
146 1211
146 1233
146 1256
146 1265
146 1275
147 75
147 79
147 101
147 102
147 103
147 112
147 116
147 117
147 275
147 276
147 277
147 278
147 279
147 280
147 281
147 282
147 283
147 287
147 333
147 334
147 358
147 377
147 392
147 394
147 412
147 413
147 453
147 454
147 467
147 468
147 482
147 486
147 496
147 500
147 519
147 523
147 795
147 803
147 849
147 853
147 859
147 860
147 889
147 911
147 948
147 955
147 970
147 980
147 981
147 982
147 985
147 1025
147 1035
147 1036
147 1037
147 1038
147 1039
147 1040
147 1041
147 1043
147 1044
147 1096
147 1097
147 1099
147 1106
147 1107
147 1131
147 1133
147 1141
147 1143
147 1205
147 1211
147 1233
147 1256
147 1265
147 1275
148 75
148 79
148 97
148 100
148 104
148 105
148 111
148 117
148 118
148 274
148 284
148 287
148 333
148 358
148 377
148 392
148 394
148 411
148 412
148 454
148 462
148 469
148 470
148 482
148 486
148 496
148 500
148 519
148 523
148 647
148 648
148 649
148 795
148 803
148 846
148 847
148 848
148 849
148 851
148 853
148 889
148 911
148 948
148 955
148 971
148 972
148 973
148 974
148 975
148 976
148 977
148 978
148 984
148 1025
148 1045
148 1096
148 1100
148 1101
148 1102
148 1104
148 1105
148 1131
148 1133
148 1141
148 1143
148 1205
148 1211
148 1233
148 1256
148 1265
148 1275
149 75
149 79
149 97
149 99
149 105
149 111
149 118
149 119
149 273
149 284
149 287
149 332
149 358
149 363
149 364
149 365
149 377
149 392
149 410
149 411
149 455
149 460
149 461
149 463
149 464
149 470
149 482
149 486
149 496
149 500
149 519
149 524
149 646
149 649
149 795
149 803
149 845
149 851
149 853
149 858
149 859
149 889
149 911
149 948
149 955
149 978
149 983
149 1025
149 1045
149 1095
149 1099
149 1103
149 1131
149 1133
149 1141
149 1143
149 1206
149 1213
149 1214
149 1233
149 1256
149 1265
149 1275
150 75
150 79
150 100
150 105
150 112
150 119
150 273
150 284
150 287
150 332
150 358
150 362
150 366
150 378
150 379
150 380
150 381
150 382
150 385
150 386
150 387
150 388
150 391
150 392
150 395
150 408
150 409
150 455
150 459
150 460
150 464
150 471
150 472
150 482
150 486
150 496
150 500
150 519
150 524
150 645
150 649
150 795
150 803
150 845
150 851
150 852
150 853
150 858
150 889
150 911
150 948
150 955
150 978
150 983
150 1025
150 1046
150 1095
150 1099
150 1103
150 1131
150 1133
150 1141
150 1143
150 1207
150 1212
150 1215
150 1216
150 1217
150 1218
150 1219
150 1220
150 1221
150 1222
150 1223
150 1224
150 1225
150 1226
150 1227
150 1228
150 1229
150 1233
150 1256
150 1265
150 1275
151 75
151 80
151 100
151 105
151 112
151 119
151 273
151 284
151 287
151 332
151 358
151 361
151 366
151 369
151 370
151 371
151 372
151 373
151 374
151 383
151 390
151 395
151 407
151 408
151 455
151 458
151 464
151 470
151 482
151 486
151 496
151 500
151 519
151 524
151 645
151 649
151 795
151 803
151 845
151 858
151 885
151 889
151 911
151 948
151 955
151 978
151 983
151 1026
151 1046
151 1095
151 1099
151 1103
151 1131
151 1133
151 1141
151 1143
151 1207
151 1211
151 1230
151 1233
151 1256
151 1265
151 1275
152 75
152 80
152 101
152 105
152 112
152 119
152 273
152 284
152 287
152 332
152 359
152 360
152 361
152 366
152 368
152 375
152 383
152 389
152 395
152 406
152 407
152 454
152 457
152 465
152 466
152 467
152 468
152 469
152 470
152 471
152 472
152 482
152 486
152 496
152 500
152 519
152 524
152 645
152 649
152 796
152 797
152 798
152 799
152 803
152 845
152 858
152 883
152 884
152 886
152 887
152 911
152 948
152 955
152 978
152 983
152 1026
152 1047
152 1048
152 1049
152 1050
152 1051
152 1094
152 1099
152 1103
152 1131
152 1133
152 1142
152 1143
152 1207
152 1211
152 1230
152 1256
152 1265
152 1275
153 75
153 80
153 102
153 105
153 112
153 119
153 273
153 284
153 287
153 333
153 358
153 375
153 383
153 389
153 396
153 405
153 406
153 455
153 456
153 457
153 482
153 486
153 496
153 500
153 519
153 524
153 645
153 649
153 795
153 800
153 803
153 844
153 858
153 880
153 881
153 882
153 888
153 889
153 911
153 948
153 955
153 978
153 983
153 1026
153 1052
153 1053
153 1094
153 1099
153 1103
153 1131
153 1133
153 1142
153 1207
153 1211
153 1230
153 1256
153 1265
153 1275
154 75
154 80
154 102
154 105
154 112
154 120
154 273
154 284
154 287
154 334
154 358
154 375
154 383
154 389
154 396
154 403
154 404
154 455
154 457
154 482
154 486
154 496
154 500
154 519
154 524
154 645
154 649
154 793
154 794
154 795
154 800
154 803
154 844
154 858
154 859
154 876
154 877
154 878
154 879
154 889
154 900
154 901
154 902
154 903
154 906
154 911
154 948
154 955
154 978
154 983
154 1011
154 1012
154 1013
154 1014
154 1015
154 1026
154 1054
154 1055
154 1094
154 1099
154 1103
154 1131
154 1133
154 1141
154 1142
154 1207
154 1211
154 1230
154 1256
154 1265
154 1275
155 75
155 80
155 101
155 105
155 112
155 120
155 273
155 284
155 287
155 290
155 291
155 292
155 293
155 294
155 295
155 296
155 297
155 334
155 357
155 375
155 384
155 389
155 397
155 398
155 399
155 400
155 401
155 402
155 403
155 455
155 457
155 482
155 486
155 496
155 500
155 519
155 524
155 641
155 642
155 643
155 644
155 645
155 649
155 650
155 652
155 653
155 792
155 800
155 803
155 844
155 859
155 874
155 875
155 890
155 891
155 892
155 893
155 897
155 898
155 904
155 908
155 909
155 910
155 911
155 948
155 955
155 978
155 983
155 1009
155 1010
155 1016
155 1017
155 1027
155 1056
155 1057
155 1094
155 1099
155 1103
155 1131
155 1133
155 1141
155 1143
155 1207
155 1211
155 1230
155 1256
155 1265
155 1275
156 75
156 80
156 100
156 105
156 112
156 120
156 273
156 284
156 288
156 289
156 298
156 334
156 357
156 375
156 384
156 389
156 455
156 457
156 482
156 486
156 496
156 500
156 519
156 524
156 639
156 640
156 645
156 649
156 654
156 655
156 792
156 800
156 804
156 845
156 859
156 871
156 872
156 873
156 894
156 895
156 899
156 905
156 948
156 955
156 978
156 983
156 1008
156 1009
156 1017
156 1018
156 1027
156 1052
156 1053
156 1057
156 1058
156 1094
156 1099
156 1103
156 1131
156 1133
156 1140
156 1143
156 1207
156 1211
156 1230
156 1256
156 1265
156 1275
157 75
157 80
157 96
157 97
157 100
157 105
157 112
157 120
157 274
157 284
157 288
157 298
157 334
157 357
157 375
157 384
157 389
157 454
157 482
157 486
157 496
157 500
157 519
157 524
157 637
157 638
157 645
157 649
157 655
157 772
157 773
157 774
157 792
157 793
157 794
157 800
157 804
157 845
157 846
157 851
157 859
157 869
157 870
157 896
157 897
157 899
157 905
157 948
157 955
157 978
157 983
157 1006
157 1007
157 1018
157 1019
157 1028
157 1050
157 1051
157 1054
157 1055
157 1058
157 1068
157 1069
157 1070
157 1094
157 1099
157 1103
157 1131
157 1133
157 1140
157 1143
157 1207
157 1211
157 1230
157 1256
157 1265
157 1275
158 75
158 80
158 95
158 99
158 105
158 112
158 120
158 274
158 284
158 288
158 298
158 334
158 357
158 369
158 370
158 371
158 372
158 373
158 374
158 375
158 384
158 389
158 482
158 486
158 496
158 500
158 519
158 524
158 637
158 645
158 649
158 655
158 770
158 771
158 775
158 776
158 795
158 800
158 804
158 847
158 848
158 849
158 850
158 852
158 858
158 867
158 868
158 897
158 898
158 899
158 905
158 943
158 944
158 945
158 946
158 947
158 948
158 955
158 978
158 983
158 1005
158 1006
158 1020
158 1021
158 1028
158 1047
158 1048
158 1049
158 1055
158 1056
158 1059
158 1067
158 1068
158 1070
158 1071
158 1094
158 1099
158 1103
158 1131
158 1133
158 1140
158 1143
158 1207
158 1211
158 1231
158 1256
158 1265
158 1275
159 75
159 80
159 95
159 99
159 105
159 112
159 120
159 274
159 284
159 288
159 298
159 334
159 357
159 360
159 361
159 367
159 368
159 384
159 389
159 482
159 486
159 496
159 500
159 519
159 524
159 637
159 638
159 645
159 649
159 655
159 769
159 776
159 777
159 795
159 800
159 804
159 850
159 857
159 858
159 866
159 867
159 905
159 941
159 942
159 955
159 978
159 983
159 1004
159 1005
159 1022
159 1023
159 1029
159 1030
159 1043
159 1044
159 1045
159 1046
159 1056
159 1057
159 1059
159 1060
159 1061
159 1062
159 1063
159 1064
159 1065
159 1066
159 1071
159 1072
159 1094
159 1099
159 1103
159 1131
159 1133
159 1140
159 1143
159 1207
159 1211
159 1231
159 1256
159 1265
159 1275
160 75
160 80
160 95
160 98
160 105
160 112
160 120
160 274
160 284
160 288
160 298
160 334
160 357
160 362
160 367
160 384
160 389
160 482
160 486
160 496
160 500
160 519
160 524
160 645
160 649
160 655
160 768
160 777
160 792
160 793
160 800
160 804
160 850
160 856
160 865
160 866
160 899
160 905
160 939
160 940
160 948
160 955
160 978
160 983
160 1002
160 1003
160 1031
160 1032
160 1042
160 1057
160 1072
160 1073
160 1094
160 1099
160 1104
160 1131
160 1133
160 1140
160 1143
160 1207
160 1211
160 1231
160 1256
160 1265
160 1275
161 75
161 80
161 95
161 98
161 105
161 112
161 120
161 274
161 284
161 288
161 298
161 334
161 357
161 362
161 366
161 384
161 389
161 482
161 486
161 496
161 500
161 519
161 524
161 637
161 638
161 645
161 649
161 655
161 768
161 777
161 792
161 800
161 804
161 850
161 855
161 864
161 865
161 899
161 905
161 937
161 938
161 948
161 955
161 978
161 983
161 1001
161 1002
161 1021
161 1022
161 1032
161 1033
161 1041
161 1057
161 1073
161 1074
161 1094
161 1100
161 1104
161 1131
161 1140
161 1143
161 1207
161 1211
161 1231
161 1256
161 1265
161 1275
162 75
162 80
162 94
162 95
162 98
162 105
162 112
162 121
162 274
162 284
162 288
162 298
162 334
162 357
162 362
162 366
162 384
162 390
162 482
162 486
162 496
162 500
162 519
162 524
162 622
162 623
162 624
162 625
162 626
162 627
162 628
162 629
162 630
162 631
162 632
162 633
162 634
162 635
162 636
162 645
162 649
162 655
162 656
162 768
162 777
162 792
162 793
162 800
162 804
162 850
162 853
162 855
162 863
162 864
162 899
162 906
162 935
162 936
162 948
162 955
162 978
162 983
162 1018
162 1019
162 1020
162 1033
162 1034
162 1041
162 1057
162 1074
162 1075
162 1094
162 1100
162 1104
162 1130
162 1140
162 1143
162 1207
162 1211
162 1231
162 1256
162 1265
162 1275
163 75
163 80
163 90
163 91
163 92
163 93
163 98
163 105
163 112
163 121
163 274
163 284
163 288
163 298
163 334
163 357
163 362
163 366
163 384
163 390
163 482
163 486
163 496
163 500
163 519
163 524
163 605
163 606
163 607
163 608
163 609
163 610
163 611
163 612
163 613
163 614
163 615
163 616
163 617
163 618
163 619
163 620
163 621
163 636
163 645
163 649
163 656
163 768
163 777
163 794
163 800
163 804
163 850
163 855
163 862
163 863
163 899
163 907
163 908
163 909
163 910
163 911
163 912
163 913
163 914
163 915
163 916
163 917
163 918
163 919
163 920
163 921
163 922
163 923
163 924
163 925
163 926
163 927
163 928
163 929
163 930
163 931
163 932
163 933
163 934
163 948
163 955
163 969
163 970
163 971
163 972
163 973
163 974
163 975
163 976
163 977
163 978
163 984
163 985
163 986
163 987
163 988
163 989
163 990
163 991
163 992
163 993
163 994
163 995
163 996
163 997
163 998
163 1001
163 1002
163 1003
163 1004
163 1005
163 1006
163 1015
163 1016
163 1017
163 1034
163 1035
163 1040
163 1058
163 1059
163 1060
163 1061
163 1062
163 1063
163 1075
163 1094
163 1100
163 1104
163 1130
163 1140
163 1143
163 1207
163 1211
163 1231
163 1256
163 1265
163 1275
164 75
164 81
164 84
164 85
164 86
164 87
164 88
164 89
164 98
164 105
164 112
164 121
164 274
164 284
164 288
164 298
164 335
164 357
164 362
164 367
164 384
164 390
164 407
164 482
164 486
164 496
164 501
164 519
164 524
164 604
164 637
164 646
164 649
164 655
164 656
164 768
164 777
164 795
164 800
164 804
164 850
164 855
164 861
164 862
164 899
164 905
164 949
164 955
164 963
164 964
164 965
164 966
164 967
164 968
164 978
164 984
164 999
164 1000
164 1007
164 1008
164 1013
164 1014
164 1035
164 1036
164 1040
164 1064
164 1065
164 1076
164 1094
164 1100
164 1104
164 1130
164 1140
164 1143
164 1207
164 1211
164 1231
164 1256
164 1265
164 1275
165 75
165 83
165 98
165 105
165 112
165 121
165 274
165 284
165 288
165 298
165 335
165 357
165 362
165 367
165 385
165 390
165 403
165 404
165 405
165 406
165 408
165 482
165 486
165 496
165 501
165 519
165 524
165 603
165 637
165 646
165 649
165 653
165 654
165 655
165 768
165 777
165 796
165 799
165 800
165 804
165 850
165 855
165 861
165 899
165 905
165 949
165 955
165 959
165 960
165 961
165 962
165 978
165 983
165 1009
165 1010
165 1013
165 1036
165 1037
165 1040
165 1065
165 1066
165 1076
165 1094
165 1100
165 1104
165 1130
165 1140
165 1143
165 1207
165 1211
165 1230
165 1231
165 1256
165 1265
165 1275
166 75
166 82
166 98
166 105
166 112
166 121
166 274
166 284
166 288
166 298
166 335
166 358
166 362
166 367
166 385
166 390
166 402
166 409
166 482
166 486
166 497
166 501
166 519
166 524
166 603
166 637
166 639
166 640
166 641
166 646
166 649
166 652
166 769
166 777
166 796
166 804
166 850
166 855
166 860
166 899
166 905
166 949
166 956
166 957
166 958
166 978
166 983
166 1011
166 1012
166 1037
166 1038
166 1066
166 1077
166 1094
166 1100
166 1104
166 1130
166 1140
166 1143
166 1207
166 1211
166 1227
166 1229
166 1230
166 1256
166 1265
166 1275
167 75
167 82
167 98
167 105
167 112
167 120
167 121
167 275
167 276
167 277
167 278
167 279
167 283
167 284
167 288
167 298
167 335
167 358
167 362
167 367
167 385
167 390
167 401
167 409
167 482
167 486
167 497
167 501
167 519
167 524
167 603
167 636
167 642
167 643
167 644
167 645
167 646
167 651
167 770
167 771
167 774
167 775
167 796
167 804
167 850
167 855
167 860
167 899
167 905
167 949
167 955
167 956
167 978
167 983
167 1011
167 1038
167 1067
167 1078
167 1094
167 1100
167 1104
167 1130
167 1140
167 1143
167 1207
167 1211
167 1221
167 1222
167 1223
167 1224
167 1225
167 1226
167 1228
167 1229
167 1232
167 1256
167 1265
167 1275
168 75
168 82
168 98
168 105
168 113
168 114
168 115
168 116
168 117
168 118
168 119
168 280
168 281
168 282
168 288
168 294
168 295
168 296
168 297
168 298
168 335
168 358
168 362
168 367
168 385
168 390
168 401
168 409
168 482
168 486
168 497
168 501
168 519
168 524
168 603
168 637
168 646
168 650
168 651
168 773
168 775
168 796
168 804
168 850
168 855
168 860
168 899
168 905
168 949
168 953
168 954
168 978
168 983
168 1012
168 1067
168 1078
168 1094
168 1100
168 1104
168 1130
168 1140
168 1143
168 1207
168 1212
168 1220
168 1232
168 1256
168 1265
168 1275
169 75
169 82
169 99
169 100
169 101
169 102
169 103
169 104
169 105
169 289
169 290
169 291
169 292
169 293
169 335
169 358
169 362
169 367
169 385
169 390
169 401
169 409
169 482
169 486
169 497
169 501
169 519
169 524
169 603
169 637
169 646
169 650
169 772
169 775
169 796
169 804
169 850
169 856
169 860
169 899
169 905
169 950
169 951
169 952
169 978
169 983
169 1012
169 1067
169 1079
169 1094
169 1100
169 1104
169 1130
169 1140
169 1143
169 1206
169 1208
169 1213
169 1219
169 1228
169 1232
169 1256
169 1265
169 1275
170 75
170 82
170 112
170 281
170 335
170 358
170 362
170 367
170 385
170 390
170 401
170 409
170 482
170 486
170 497
170 501
170 519
170 524
170 603
170 637
170 646
170 649
170 772
170 775
170 796
170 804
170 850
170 856
170 859
170 881
170 882
170 899
170 905
170 950
170 978
170 983
170 1012
170 1067
170 1079
170 1094
170 1100
170 1104
170 1140
170 1143
170 1206
170 1208
170 1211
170 1213
170 1219
170 1227
170 1232
170 1256
170 1265
170 1275
171 75
171 82
171 105
171 112
171 281
171 288
171 335
171 358
171 362
171 367
171 385
171 390
171 401
171 409
171 482
171 486
171 497
171 501
171 519
171 524
171 603
171 637
171 646
171 649
171 772
171 775
171 796
171 804
171 851
171 856
171 859
171 878
171 879
171 880
171 883
171 891
171 892
171 893
171 894
171 895
171 896
171 905
171 920
171 921
171 922
171 923
171 924
171 925
171 926
171 927
171 928
171 949
171 978
171 983
171 1012
171 1068
171 1079
171 1093
171 1100
171 1104
171 1142
171 1206
171 1208
171 1211
171 1213
171 1219
171 1226
171 1232
171 1256
171 1265
171 1275
172 75
172 82
172 105
172 112
172 281
172 288
172 335
172 358
172 362
172 367
172 385
172 390
172 401
172 409
172 483
172 487
172 497
172 501
172 519
172 524
172 603
172 637
172 646
172 649
172 772
172 775
172 796
172 804
172 851
172 856
172 859
172 875
172 876
172 877
172 883
172 889
172 890
172 897
172 905
172 917
172 918
172 919
172 929
172 930
172 931
172 932
172 933
172 934
172 935
172 936
172 937
172 938
172 939
172 940
172 941
172 942
172 943
172 944
172 948
172 949
172 978
172 983
172 1012
172 1068
172 1080
172 1100
172 1104
172 1142
172 1206
172 1208
172 1211
172 1213
172 1219
172 1226
172 1232
172 1256
172 1265
172 1275
173 75
173 82
173 105
173 112
173 281
173 288
173 335
173 358
173 363
173 367
173 385
173 390
173 401
173 409
173 483
173 487
173 497
173 501
173 519
173 524
173 603
173 637
173 646
173 649
173 772
173 775
173 796
173 804
173 851
173 856
173 859
173 874
173 883
173 888
173 889
173 897
173 905
173 912
173 913
173 914
173 915
173 916
173 946
173 947
173 948
173 978
173 983
173 1012
173 1069
173 1080
173 1100
173 1104
173 1142
173 1206
173 1208
173 1218
173 1226
173 1232
173 1256
173 1265
173 1275
174 75
174 83
174 105
174 112
174 281
174 288
174 335
174 358
174 363
174 367
174 385
174 390
174 401
174 409
174 483
174 487
174 497
174 501
174 519
174 524
174 603
174 637
174 646
174 649
174 772
174 775
174 796
174 804
174 851
174 856
174 859
174 873
174 883
174 888
174 897
174 905
174 909
174 910
174 911
174 945
174 978
174 983
174 1012
174 1069
174 1070
174 1080
174 1100
174 1104
174 1206
174 1208
174 1212
174 1213
174 1218
174 1225
174 1232
174 1256
174 1265
174 1275
175 75
175 83
175 105
175 112
175 281
175 288
175 335
175 358
175 363
175 367
175 385
175 391
175 401
175 410
175 483
175 487
175 497
175 501
175 519
175 524
175 603
175 637
175 646
175 649
175 725
175 726
175 727
175 728
175 729
175 730
175 767
175 768
175 769
175 770
175 771
175 772
175 775
175 776
175 777
175 778
175 779
175 780
175 781
175 782
175 796
175 804
175 851
175 856
175 859
175 872
175 873
175 878
175 879
175 880
175 884
175 887
175 897
175 905
175 907
175 908
175 944
175 945
175 978
175 983
175 1012
175 1070
175 1071
175 1080
175 1097
175 1098
175 1099
175 1104
175 1141
175 1142
175 1206
175 1208
175 1211
175 1214
175 1215
175 1218
175 1225
175 1232
175 1256
175 1265
175 1277
175 1278
175 1279
176 75
176 83
176 105
176 112
176 281
176 288
176 335
176 358
176 363
176 367
176 385
176 391
176 401
176 410
176 483
176 487
176 497
176 501
176 519
176 524
176 583
176 584
176 585
176 586
176 587
176 588
176 589
176 590
176 591
176 592
176 593
176 594
176 603
176 637
176 646
176 649
176 711
176 712
176 713
176 714
176 715
176 716
176 717
176 718
176 719
176 720
176 721
176 722
176 723
176 724
176 766
176 772
176 775
176 783
176 784
176 796
176 804
176 851
176 856
176 859
176 872
176 877
176 880
176 884
176 886
176 887
176 897
176 907
176 942
176 943
176 978
176 983
176 1012
176 1071
176 1072
176 1080
176 1100
176 1142
176 1206
176 1208
176 1209
176 1210
176 1216
176 1217
176 1225
176 1232
176 1258
176 1259
176 1260
176 1261
176 1262
176 1263
176 1264
176 1276
177 75
177 83
177 105
177 112
177 281
177 288
177 335
177 358
177 363
177 367
177 385
177 391
177 401
177 410
177 483
177 487
177 497
177 501
177 519
177 524
177 581
177 582
177 595
177 596
177 603
177 609
177 610
177 611
177 612
177 613
177 614
177 615
177 621
177 622
177 631
177 632
177 633
177 634
177 635
177 636
177 638
177 639
177 640
177 641
177 642
177 643
177 649
177 696
177 697
177 698
177 699
177 700
177 701
177 702
177 703
177 704
177 705
177 706
177 707
177 708
177 709
177 710
177 772
177 774
177 775
177 776
177 777
177 778
177 779
177 780
177 784
177 796
177 804
177 851
177 856
177 859
177 871
177 876
177 880
177 884
177 886
177 897
177 906
177 940
177 941
177 978
177 983
177 1012
177 1100
177 1105
177 1142
177 1206
177 1218
177 1219
177 1232
177 1257
177 1265
177 1276
178 75
178 83
178 105
178 112
178 281
178 288
178 335
178 358
178 363
178 367
178 386
178 387
178 388
178 401
178 410
178 451
178 452
178 453
178 454
178 462
178 463
178 483
178 487
178 497
178 501
178 519
178 525
178 579
178 580
178 597
178 598
178 599
178 600
178 601
178 602
178 603
178 605
178 606
178 607
178 608
178 616
178 617
178 618
178 619
178 620
178 623
178 624
178 625
178 626
178 627
178 628
178 629
178 630
178 644
178 650
178 651
178 652
178 653
178 691
178 692
178 693
178 694
178 695
178 725
178 726
178 727
178 728
178 729
178 730
178 731
178 769
178 770
178 771
178 772
178 780
178 785
178 796
178 804
178 851
178 856
178 858
178 871
178 876
178 880
178 897
178 906
178 939
178 940
178 978
178 983
178 1012
178 1100
178 1104
178 1142
178 1206
178 1219
178 1220
178 1221
178 1222
178 1223
178 1224
178 1232
178 1257
178 1265
178 1272
178 1273
178 1274
179 75
179 83
179 105
179 112
179 281
179 288
179 335
179 358
179 363
179 367
179 385
179 386
179 389
179 390
179 401
179 408
179 410
179 451
179 455
179 456
179 457
179 458
179 459
179 460
179 461
179 464
179 483
179 487
179 497
179 501
179 519
179 525
179 578
179 579
179 596
179 629
179 646
179 650
179 654
179 655
179 674
179 675
179 676
179 677
179 678
179 679
179 680
179 681
179 690
179 691
179 718
179 719
179 720
179 732
179 733
179 768
179 771
179 781
179 785
179 796
179 804
179 851
179 856
179 858
179 870
179 876
179 880
179 897
179 905
179 938
179 939
179 978
179 983
179 1012
179 1100
179 1104
179 1142
179 1206
179 1224
179 1232
179 1267
179 1268
179 1269
179 1270
179 1271
180 76
180 83
180 105
180 112
180 281
180 288
180 335
180 357
180 358
180 359
180 360
180 361
180 362
180 363
180 364
180 365
180 366
180 367
180 368
180 369
180 370
180 371
180 372
180 373
180 374
180 375
180 376
180 377
180 378
180 379
180 380
180 384
180 385
180 391
180 392
180 402
180 405
180 406
180 407
180 409
180 410
180 450
180 464
180 483
180 487
180 497
180 501
180 552
180 553
180 554
180 555
180 556
180 557
180 558
180 559
180 560
180 578
180 593
180 594
180 607
180 608
180 609
180 620
180 630
180 641
180 642
180 643
180 644
180 647
180 650
180 656
180 657
180 658
180 659
180 660
180 661
180 662
180 663
180 664
180 665
180 666
180 672
180 673
180 682
180 683
180 684
180 685
180 686
180 687
180 688
180 689
180 690
180 734
180 735
180 767
180 771
180 781
180 786
180 796
180 805
180 851
180 856
180 858
180 869
180 870
180 876
180 880
180 896
180 899
180 905
180 937
180 938
180 978
180 983
180 1013
180 1100
180 1104
180 1142
180 1206
180 1224
180 1232
180 1256
181 76
181 83
181 105
181 112
181 281
181 288
181 335
181 341
181 342
181 343
181 344
181 345
181 346
181 347
181 348
181 349
181 350
181 351
181 352
181 353
181 354
181 355
181 356
181 381
181 382
181 383
181 393
181 403
181 404
181 409
181 449
181 450
181 465
181 483
181 487
181 497
181 501
181 549
181 550
181 551
181 561
181 562
181 571
181 572
181 573
181 574
181 575
181 576
181 577
181 578
181 591
181 592
181 609
181 621
181 630
181 639
181 640
181 645
181 646
181 650
181 658
181 667
181 668
181 669
181 670
181 671
181 725
181 726
181 736
181 737
181 767
181 771
181 781
181 782
181 783
181 784
181 796
181 804
181 806
181 851
181 856
181 858
181 868
181 869
181 876
181 880
181 896
181 899
181 905
181 935
181 936
181 937
181 978
181 983
181 1013
181 1100
181 1104
181 1142
181 1206
181 1224
181 1232
181 1256
182 76
182 83
182 105
182 112
182 281
182 288
182 330
182 331
182 332
182 333
182 334
182 335
182 336
182 337
182 338
182 339
182 340
182 381
182 394
182 395
182 396
182 397
182 398
182 399
182 400
182 408
182 409
182 410
182 411
182 412
182 448
182 449
182 465
182 481
182 482
182 483
182 488
182 489
182 495
182 496
182 497
182 501
182 547
182 548
182 563
182 564
182 565
182 566
182 567
182 568
182 569
182 570
182 580
182 581
182 589
182 590
182 610
182 621
182 631
182 638
182 639
182 648
182 650
182 727
182 728
182 737
182 738
182 767
182 771
182 781
182 796
182 803
182 806
182 851
182 856
182 858
182 867
182 868
182 876
182 880
182 896
182 899
182 905
182 929
182 930
182 931
182 932
182 933
182 934
182 978
182 983
182 1013
182 1100
182 1104
182 1142
182 1206
182 1224
182 1232
182 1256
183 76
183 83
183 105
183 112
183 281
183 288
183 327
183 328
183 329
183 381
183 401
183 402
183 403
183 404
183 406
183 407
183 413
183 414
183 415
183 416
183 417
183 418
183 419
183 420
183 421
183 422
183 423
183 424
183 425
183 426
183 427
183 428
183 429
183 430
183 431
183 432
183 433
183 434
183 435
183 436
183 437
183 444
183 445
183 446
183 447
183 502
183 503
183 545
183 546
183 581
183 582
183 588
183 589
183 610
183 622
183 631
183 637
183 638
183 648
183 650
183 659
183 663
183 664
183 729
183 730
183 738
183 739
183 767
183 771
183 780
183 796
183 803
183 806
183 851
183 856
183 858
183 867
183 876
183 880
183 896
183 899
183 905
183 925
183 926
183 927
183 928
183 978
183 983
183 1100
183 1104
183 1142
183 1206
183 1224
183 1232
183 1256
184 76
184 83
184 105
184 112
184 281
184 288
184 323
184 324
184 325
184 326
184 380
184 393
184 405
184 438
184 439
184 440
184 441
184 442
184 483
184 487
184 497
184 539
184 540
184 541
184 542
184 543
184 544
184 565
184 582
184 583
184 588
184 611
184 622
184 631
184 637
184 651
184 660
184 662
184 663
184 731
184 732
184 739
184 740
184 768
184 781
184 851
184 856
184 859
184 866
184 876
184 881
184 896
184 899
184 905
184 921
184 922
184 923
184 924
184 977
184 984
184 1100
184 1104
184 1142
184 1206
184 1225
184 1232
184 1256
185 76
185 83
185 106
185 112
185 281
185 288
185 321
185 322
185 380
185 393
185 407
185 442
185 443
185 444
185 445
185 483
185 495
185 496
185 503
185 566
185 583
185 587
185 611
185 622
185 631
185 636
185 651
185 660
185 662
185 733
185 734
185 740
185 768
185 769
185 771
185 781
185 851
185 856
185 866
185 877
185 881
185 896
185 899
185 905
185 919
185 920
185 977
185 984
185 1013
185 1100
185 1104
185 1142
185 1206
185 1225
185 1226
185 1232
185 1256
186 76
186 83
186 106
186 112
186 281
186 288
186 319
186 320
186 380
186 392
186 408
186 409
186 446
186 447
186 448
186 481
186 482
186 488
186 489
186 497
186 502
186 566
186 583
186 586
186 587
186 611
186 622
186 632
186 636
186 651
186 659
186 660
186 734
186 735
186 741
186 771
186 781
186 851
186 856
186 877
186 881
186 896
186 899
186 905
186 913
186 914
186 915
186 916
186 917
186 918
186 977
186 984
186 1013
186 1100
186 1104
186 1142
186 1206
186 1226
186 1227
186 1232
186 1257
187 76
187 84
187 106
187 113
187 281
187 288
187 317
187 318
187 379
187 392
187 409
187 410
187 449
187 450
187 483
187 488
187 497
187 502
187 540
187 566
187 583
187 586
187 611
187 623
187 632
187 636
187 651
187 657
187 658
187 735
187 742
187 771
187 781
187 782
187 851
187 856
187 877
187 881
187 906
187 977
187 984
187 1013
187 1100
187 1104
187 1142
187 1206
187 1227
187 1228
187 1232
187 1257
187 1269
187 1270
187 1271
187 1272
187 1273
187 1274
187 1275
188 0
188 1
188 2
188 3
188 4
188 5
188 6
188 7
188 8
188 9
188 10
188 11
188 12
188 13
188 14
188 15
188 16
188 17
188 18
188 19
188 20
188 21
188 22
188 23
188 24
188 25
188 26
188 27
188 28
188 29
188 76
188 84
188 106
188 113
188 281
188 288
188 315
188 316
188 379
188 393
188 410
188 411
188 451
188 452
188 453
188 454
188 455
188 456
188 483
188 487
188 497
188 502
188 539
188 540
188 567
188 583
188 585
188 611
188 623
188 632
188 636
188 651
188 655
188 656
188 736
188 743
188 851
188 856
188 877
188 881
188 896
188 897
188 898
188 906
188 914
188 915
188 916
188 977
188 984
188 1013
188 1100
188 1105
188 1142
188 1206
188 1228
188 1229
188 1232
188 1257
188 1267
188 1268
188 1276
189 30
189 31
189 76
189 84
189 106
189 113
189 281
189 288
189 302
189 303
189 304
189 305
189 306
189 307
189 308
189 309
189 310
189 311
189 312
189 313
189 314
189 315
189 379
189 393
189 411
189 412
189 483
189 487
189 498
189 502
189 538
189 567
189 584
189 585
189 612
189 637
189 651
189 653
189 654
189 736
189 743
189 851
189 856
189 882
189 899
189 905
189 913
189 914
189 977
189 984
189 1013
189 1100
189 1105
189 1142
189 1206
189 1232
189 1257
189 1265
189 1266
189 1276
190 31
190 32
190 76
190 84
190 106
190 113
190 281
190 289
190 290
190 291
190 292
190 293
190 294
190 295
190 296
190 297
190 298
190 299
190 300
190 301
190 312
190 378
190 392
190 412
190 417
190 418
190 483
190 487
190 498
190 502
190 537
190 567
190 584
190 637
190 650
190 651
190 737
190 743
190 851
190 856
190 874
190 875
190 876
190 877
190 882
190 900
190 905
190 913
190 977
190 984
190 1013
190 1101
190 1105
190 1142
190 1206
190 1227
190 1228
190 1232
190 1257
190 1263
190 1264
190 1276
191 32
191 33
191 76
191 84
191 106
191 113
191 273
191 274
191 275
191 276
191 277
191 278
191 279
191 280
191 281
191 289
191 378
191 390
191 392
191 415
191 416
191 419
191 420
191 421
191 422
191 456
191 457
191 483
191 487
191 498
191 502
191 537
191 567
191 583
191 635
191 636
191 637
191 638
191 647
191 648
191 649
191 650
191 737
191 743
191 849
191 850
191 851
191 852
191 857
191 877
191 881
191 900
191 905
191 912
191 977
191 984
191 1013
191 1142
191 1206
191 1226
191 1227
191 1232
191 1258
191 1259
191 1260
191 1261
191 1262
191 1277
192 34
192 35
192 76
192 84
192 106
192 113
192 254
192 255
192 256
192 257
192 258
192 259
192 260
192 262
192 263
192 264
192 265
192 266
192 267
192 268
192 269
192 270
192 271
192 272
192 281
192 289
192 290
192 310
192 311
192 377
192 392
192 413
192 414
192 423
192 424
192 458
192 459
192 483
192 487
192 498
192 502
192 537
192 567
192 638
192 639
192 640
192 644
192 645
192 646
192 737
192 743
192 877
192 881
192 900
192 905
192 912
192 977
192 984
192 1014
192 1142
192 1206
192 1224
192 1225
192 1232
192 1258
192 1277
193 35
193 36
193 76
193 84
193 106
193 113
193 224
193 225
193 226
193 227
193 228
193 229
193 230
193 231
193 232
193 233
193 234
193 235
193 236
193 237
193 238
193 239
193 240
193 241
193 242
193 243
193 244
193 245
193 246
193 247
193 248
193 249
193 250
193 251
193 252
193 253
193 260
193 273
193 274
193 275
193 276
193 277
193 278
193 279
193 280
193 281
193 291
193 308
193 309
193 377
193 393
193 411
193 412
193 425
193 426
193 460
193 461
193 462
193 483
193 487
193 498
193 502
193 537
193 568
193 641
193 642
193 643
193 737
193 743
193 877
193 881
193 900
193 905
193 912
193 977
193 984
193 1014
193 1142
193 1177
193 1178
193 1179
193 1180
193 1181
193 1182
193 1183
193 1184
193 1185
193 1186
193 1187
193 1188
193 1189
193 1190
193 1191
193 1192
193 1193
193 1194
193 1195
193 1196
193 1197
193 1198
193 1199
193 1200
193 1206
193 1223
193 1224
193 1232
193 1257
193 1277
194 36
194 37
194 76
194 84
194 106
194 113
194 209
194 210
194 211
194 212
194 213
194 214
194 215
194 216
194 217
194 218
194 219
194 220
194 221
194 222
194 223
194 254
194 255
194 256
194 257
194 258
194 259
194 260
194 281
194 288
194 291
194 307
194 308
194 377
194 393
194 409
194 410
194 427
194 428
194 463
194 464
194 537
194 631
194 632
194 635
194 636
194 637
194 638
194 737
194 743
194 877
194 881
194 900
194 905
194 912
194 977
194 984
194 1120
194 1121
194 1122
194 1135
194 1136
194 1137
194 1138
194 1139
194 1142
194 1152
194 1153
194 1154
194 1155
194 1156
194 1157
194 1158
194 1159
194 1160
194 1161
194 1162
194 1163
194 1164
194 1165
194 1166
194 1167
194 1168
194 1169
194 1170
194 1171
194 1172
194 1173
194 1174
194 1175
194 1176
194 1201
194 1206
194 1221
194 1222
194 1232
194 1257
194 1277
195 37
195 38
195 76
195 84
195 106
195 113
195 188
195 189
195 190
195 191
195 193
195 194
195 195
195 196
195 197
195 198
195 199
195 200
195 201
195 202
195 203
195 204
195 205
195 206
195 207
195 208
195 281
195 288
195 291
195 306
195 307
195 377
195 392
195 407
195 408
195 428
195 429
195 465
195 466
195 537
195 634
195 738
195 743
195 877
195 881
195 900
195 905
195 912
195 977
195 984
195 1117
195 1118
195 1119
195 1123
195 1124
195 1133
195 1134
195 1139
195 1140
195 1142
195 1151
195 1201
195 1206
195 1219
195 1220
195 1232
195 1257
195 1277
196 38
196 39
196 76
196 84
196 106
196 113
196 185
196 186
196 187
196 191
196 281
196 288
196 290
196 304
196 305
196 377
196 393
196 407
196 429
196 467
196 468
196 632
196 738
196 742
196 877
196 881
196 900
196 905
196 913
196 977
196 984
196 1115
196 1116
196 1124
196 1125
196 1130
196 1131
196 1132
196 1140
196 1142
196 1150
196 1201
196 1206
196 1217
196 1218
196 1232
196 1257
196 1277
197 40
197 41
197 76
197 84
197 106
197 113
197 188
197 189
197 190
197 191
197 282
197 290
197 302
197 303
197 377
197 393
197 406
197 430
197 468
197 629
197 630
197 738
197 742
197 877
197 881
197 900
197 905
197 913
197 977
197 984
197 1112
197 1113
197 1114
197 1126
197 1127
197 1128
197 1129
197 1141
197 1150
197 1201
197 1206
197 1215
197 1216
197 1232
197 1257
197 1277
198 42
198 43
198 76
198 84
198 106
198 113
198 282
198 290
198 301
198 302
198 376
198 394
198 406
198 430
198 431
198 469
198 629
198 738
198 742
198 877
198 881
198 900
198 905
198 913
198 977
198 984
198 1110
198 1111
198 1141
198 1150
198 1201
198 1206
198 1213
198 1214
198 1215
198 1232
198 1257
198 1277
199 44
199 45
199 76
199 84
199 106
199 114
199 282
199 290
199 299
199 300
199 376
199 394
199 405
199 431
199 469
199 470
199 628
199 738
199 741
199 742
199 877
199 881
199 900
199 905
199 977
199 984
199 1110
199 1150
199 1201
199 1206
199 1209
199 1210
199 1211
199 1212
199 1232
199 1257
199 1278
200 45
200 46
200 76
200 84
200 103
200 104
200 105
200 106
200 114
200 282
200 289
200 298
200 299
200 375
200 395
200 405
200 432
200 470
200 628
200 739
200 740
200 877
200 881
200 900
200 905
200 974
200 975
200 976
200 977
200 984
200 1142
200 1150
200 1201
200 1204
200 1205
200 1206
200 1207
200 1232
200 1257
200 1278
201 47
201 48
201 74
201 75
201 76
201 87
201 106
201 113
201 282
201 289
201 297
201 298
201 375
201 395
201 405
201 432
201 470
201 627
201 738
201 739
201 877
201 881
201 905
201 977
201 984
201 1142
201 1150
201 1201
201 1232
201 1257
201 1278
202 48
202 76
202 86
202 106
202 113
202 282
202 288
202 295
202 296
202 374
202 395
202 404
202 432
202 471
202 627
202 738
202 877
202 881
202 977
202 984
202 1142
202 1150
202 1195
202 1196
202 1197
202 1198
202 1199
202 1200
202 1232
202 1257
202 1278
203 48
203 49
203 76
203 85
203 106
203 113
203 282
203 288
203 294
203 295
203 374
203 395
203 403
203 432
203 472
203 626
203 737
203 977
203 984
203 985
203 1142
203 1150
203 1185
203 1186
203 1187
203 1188
203 1189
203 1190
203 1191
203 1192
203 1193
203 1194
203 1232
203 1257
203 1278
204 76
204 85
204 106
204 113
204 282
204 288
204 293
204 294
204 373
204 395
204 403
204 433
204 472
204 626
204 736
204 737
204 977
204 984
204 1142
204 1150
204 1183
204 1184
204 1232
204 1257
204 1278
205 76
205 85
205 106
205 113
205 282
205 288
205 291
205 292
205 373
205 395
205 403
205 433
205 472
205 627
205 735
205 736
205 977
205 984
205 1142
205 1150
205 1182
205 1183
205 1232
205 1257
205 1278
206 76
206 85
206 106
206 113
206 282
206 288
206 291
206 373
206 395
206 403
206 433
206 627
206 977
206 984
206 1142
206 1150
206 1180
206 1181
206 1209
206 1210
206 1211
206 1212
206 1213
206 1214
206 1215
206 1216
206 1232
206 1257
206 1278
207 76
207 85
207 106
207 113
207 282
207 288
207 373
207 395
207 403
207 433
207 627
207 977
207 984
207 1109
207 1142
207 1150
207 1180
207 1199
207 1202
207 1203
207 1204
207 1205
207 1207
207 1208
207 1217
207 1218
207 1232
207 1257
207 1279
208 76
208 85
208 106
208 113
208 282
208 287
208 288
208 373
208 395
208 403
208 433
208 977
208 984
208 1142
208 1150
208 1179
208 1197
208 1198
208 1200
208 1207
208 1219
208 1220
208 1232
208 1257
209 76
209 85
209 106
209 113
209 281
209 285
209 286
209 373
209 395
209 403
209 432
209 977
209 984
209 1179
209 1194
209 1195
209 1220
209 1221
209 1232
209 1257
210 76
210 85
210 106
210 113
210 276
210 277
210 278
210 279
210 280
210 282
210 283
210 284
210 373
210 395
210 403
210 432
210 1180
210 1184
210 1185
210 1186
210 1187
210 1188
210 1189
210 1190
210 1191
210 1192
210 1193
210 1221
210 1232
210 1257
211 76
211 85
211 106
211 113
211 373
211 395
211 404
211 432
211 1180
211 1183
211 1196
211 1222
211 1232
211 1257
212 76
212 85
212 106
212 113
212 281
212 373
212 395
212 405
212 432
212 433
212 434
212 1180
212 1182
212 1222
212 1232
212 1257
213 76
213 85
213 106
213 113
213 279
213 373
213 395
213 405
213 432
213 1180
213 1182
213 1222
213 1232
213 1257
214 76
214 85
214 106
214 113
214 278
214 373
214 395
214 406
214 431
214 1180
214 1182
214 1223
214 1232
214 1257
215 76
215 86
215 106
215 113
215 276
215 277
215 373
215 395
215 406
215 431
215 1223
215 1224
215 1232
215 1257
216 76
216 86
216 106
216 113
216 275
216 276
216 374
216 395
216 407
216 430
216 431
216 1182
216 1224
216 1225
216 1232
216 1257
217 76
217 86
217 106
217 113
217 274
217 275
217 374
217 395
217 407
217 408
217 429
217 430
217 1182
217 1225
217 1232
217 1257
218 76
218 86
218 106
218 113
218 273
218 274
218 375
218 395
218 408
218 409
218 419
218 420
218 427
218 428
218 1182
218 1194
218 1195
218 1196
218 1197
218 1198
218 1225
218 1232
218 1257
219 76
219 86
219 106
219 113
219 272
219 273
219 375
219 376
219 395
219 410
219 411
219 418
219 423
219 424
219 425
219 426
219 1181
219 1192
219 1193
219 1225
219 1232
219 1257
219 1278
219 1279
220 76
220 86
220 106
220 113
220 271
220 272
220 376
220 395
220 411
220 412
220 417
220 422
220 1181
220 1191
220 1192
220 1225
220 1232
220 1259
220 1260
220 1261
220 1262
220 1263
220 1264
220 1274
220 1275
220 1276
220 1277
221 76
221 86
221 106
221 113
221 270
221 271
221 377
221 395
221 413
221 414
221 415
221 416
221 421
221 1181
221 1191
221 1225
221 1232
221 1258
221 1265
221 1266
221 1267
221 1268
221 1269
221 1270
221 1271
221 1272
221 1273
222 76
222 86
222 107
222 113
222 268
222 269
222 377
222 378
222 395
222 417
222 421
222 1180
222 1190
222 1225
222 1232
222 1257
223 76
223 86
223 107
223 113
223 267
223 268
223 378
223 379
223 395
223 417
223 421
223 1180
223 1190
223 1225
223 1232
223 1257
224 76
224 86
224 107
224 114
224 267
224 379
224 395
224 396
224 417
224 421
224 1180
224 1189
224 1225
224 1232
224 1257
225 77
225 86
225 107
225 114
225 266
225 380
225 396
225 417
225 422
225 1180
225 1189
225 1226
225 1232
225 1257
226 77
226 86
226 107
226 114
226 266
226 380
226 381
226 395
226 417
226 422
226 1179
226 1189
226 1226
226 1232
226 1257
227 77
227 86
227 107
227 114
227 265
227 381
227 393
227 395
227 417
227 422
227 1178
227 1188
227 1226
227 1232
227 1257
228 77
228 87
228 107
228 114
228 265
228 381
228 393
228 395
228 417
228 422
228 1177
228 1188
228 1226
228 1232
228 1257
229 77
229 87
229 107
229 114
229 264
229 381
229 392
229 395
229 417
229 422
229 1177
229 1188
229 1226
229 1232
229 1257
230 77
230 87
230 107
230 114
230 264
230 381
230 392
230 395
230 417
230 422
230 1176
230 1188
230 1189
230 1226
230 1232
230 1257
231 77
231 87
231 263
231 381
231 392
231 395
231 418
231 422
231 1176
231 1189
231 1190
231 1227
231 1232
231 1257
232 77
232 87
232 263
232 381
232 391
232 395
232 1176
232 1190
232 1191
232 1227
232 1232
232 1258
233 77
233 87
233 263
233 381
233 1175
233 1191
233 1227
233 1232
233 1258
234 77
234 87
234 263
234 1175
234 1192
234 1227
234 1232
234 1258
235 87
235 263
235 1156
235 1157
235 1158
235 1159
235 1160
235 1161
235 1162
235 1163
235 1164
235 1165
235 1166
235 1167
235 1168
235 1169
235 1174
235 1192
235 1193
235 1228
235 1232
235 1258
236 264
236 1154
236 1155
236 1170
236 1171
236 1172
236 1173
236 1174
236 1193
236 1194
236 1228
236 1232
236 1258
237 264
237 1151
237 1152
237 1153
237 1194
237 1195
237 1228
237 1232
237 1258
238 264
238 1149
238 1150
238 1195
238 1196
238 1229
238 1258
239 264
239 1146
239 1147
239 1148
239 1196
239 1197
239 1229
239 1233
239 1258
240 1144
240 1145
240 1197
240 1198
240 1230
240 1231
240 1233
240 1258
241 1142
241 1143
241 1198
241 1232
241 1258
242 1141
242 1142
242 1199
242 1232
242 1258
243 1140
243 1141
243 1199
243 1200
243 1229
243 1232
243 1258
244 1139
244 1140
244 1200
244 1201
244 1229
244 1232
244 1258
245 1138
245 1139
245 1201
245 1202
245 1229
245 1232
245 1258
246 1137
246 1138
246 1202
246 1229
246 1232
246 1258
247 1136
247 1137
247 1203
247 1228
247 1230
247 1232
247 1258
248 1135
248 1136
248 1203
248 1204
248 1228
248 1230
248 1232
248 1258
249 1134
249 1135
249 1204
249 1205
249 1228
249 1232
249 1258
250 1133
250 1134
250 1205
250 1206
250 1227
250 1228
250 1232
250 1258
251 1132
251 1133
251 1206
251 1207
251 1226
251 1232
251 1258
252 1132
252 1190
252 1207
252 1208
252 1209
252 1210
252 1232
252 1258
253 1131
253 1189
253 1211
253 1212
253 1213
253 1214
253 1215
253 1216
253 1217
253 1224
253 1225
253 1232
253 1258
254 1131
254 1190
254 1192
254 1218
254 1219
254 1220
254 1221
254 1222
254 1223
254 1232
254 1258
255 1130
255 1190
255 1192
255 1193
255 1232
255 1258
256 1130
256 1190
256 1193
256 1232
256 1258
257 1130
257 1190
257 1194
257 1232
257 1258
258 1130
258 1191
258 1194
258 1195
258 1232
258 1258
259 1130
259 1191
259 1195
259 1196
259 1232
259 1258
260 1130
260 1191
260 1196
260 1232
260 1258
261 1130
261 1191
261 1197
261 1232
261 1258
262 1191
262 1197
262 1198
262 1232
262 1258
263 1191
263 1198
263 1199
263 1232
263 1258
264 1191
264 1199
264 1200
264 1232
264 1258
265 1191
265 1200
265 1201
265 1232
265 1258
266 1191
266 1201
266 1202
266 1232
266 1258
267 1191
267 1202
267 1203
267 1232
267 1258
268 1191
268 1203
268 1204
268 1232
268 1258
269 1191
269 1204
269 1205
269 1232
269 1258
270 1190
270 1205
270 1206
270 1232
270 1258
271 1189
271 1190
271 1207
271 1208
271 1232
271 1258
272 1188
272 1189
272 1208
272 1232
272 1258
273 1187
273 1188
273 1209
273 1210
273 1211
273 1212
273 1213
273 1214
273 1215
273 1216
273 1232
273 1258
274 1217
274 1218
274 1219
274 1220
274 1221
274 1222
274 1223
274 1232
274 1258
275 1224
275 1225
275 1232
275 1258
276 1226
276 1227
276 1232
276 1258
277 1228
277 1229
277 1232
284 1278
284 1279
285 1278
287 1278
287 1279
