0 14
0 34
0 61
0 70
0 149
0 159
0 178
0 183
0 206
0 211
0 323
0 327
0 345
0 348
0 360
0 363
1 14
1 35
1 62
1 71
1 72
1 149
1 160
1 161
1 162
1 163
1 164
1 179
1 184
1 185
1 186
1 187
1 188
1 201
1 202
1 203
1 204
1 205
1 206
1 212
1 321
1 322
1 323
1 328
1 329
1 345
1 349
1 350
1 359
1 360
1 364
1 365
1 366
1 807
1 808
1 809
2 14
2 36
2 37
2 63
2 64
2 65
2 73
2 74
2 75
2 76
2 149
2 165
2 166
2 167
2 168
2 180
2 181
2 182
2 189
2 190
2 191
2 200
2 213
2 214
2 215
2 321
2 330
2 331
2 345
2 351
2 356
2 357
2 358
2 367
2 368
2 369
2 370
2 804
2 805
2 806
2 810
2 811
2 812
2 813
3 13
3 37
3 66
3 67
3 68
3 69
3 77
3 78
3 79
3 149
3 169
3 183
3 184
3 192
3 193
3 194
3 195
3 201
3 202
3 203
3 204
3 216
3 217
3 321
3 322
3 332
3 333
3 334
3 345
3 351
3 353
3 354
3 355
3 371
3 372
3 373
3 800
3 801
3 802
3 803
3 814
3 815
3 816
3 817
4 13
4 37
4 70
4 71
4 72
4 73
4 80
4 81
4 82
4 149
4 169
4 186
4 187
4 188
4 196
4 197
4 198
4 206
4 207
4 208
4 218
4 219
4 323
4 324
4 335
4 336
4 337
4 338
4 345
4 351
4 374
4 375
4 376
4 377
4 797
4 798
4 799
4 818
4 819
4 820
5 13
5 38
5 74
5 75
5 76
5 83
5 84
5 85
5 86
5 148
5 169
5 189
5 190
5 191
5 199
5 200
5 201
5 202
5 209
5 210
5 211
5 220
5 221
5 222
5 325
5 326
5 339
5 340
5 345
5 351
5 353
5 354
5 355
5 356
5 357
5 378
5 379
5 380
5 794
5 795
5 796
5 818
6 12
6 38
6 39
6 77
6 78
6 79
6 87
6 88
6 89
6 148
6 169
6 192
6 193
6 203
6 204
6 205
6 206
6 212
6 213
6 214
6 223
6 224
6 327
6 328
6 341
6 342
6 343
6 351
6 358
6 359
6 360
6 381
6 382
6 383
6 384
6 791
6 792
6 793
6 816
6 817
6 818
6 819
6 820
7 12
7 39
7 40
7 80
7 81
7 82
7 90
7 91
7 92
7 148
7 169
7 194
7 195
7 196
7 207
7 208
7 209
7 215
7 216
7 217
7 225
7 226
7 227
7 329
7 330
7 344
7 350
7 361
7 362
7 363
7 364
7 385
7 386
7 387
7 787
7 788
7 789
7 790
7 813
7 814
7 815
8 11
8 40
8 41
8 53
8 83
8 84
8 85
8 93
8 94
8 95
8 96
8 148
8 169
8 197
8 198
8 199
8 210
8 211
8 212
8 218
8 219
8 228
8 229
8 331
8 332
8 350
8 365
8 366
8 367
8 368
8 388
8 389
8 390
8 784
8 785
8 786
8 809
8 810
8 811
8 812
9 11
9 41
9 42
9 51
9 52
9 54
9 55
9 86
9 87
9 88
9 97
9 98
9 99
9 148
9 169
9 200
9 201
9 202
9 203
9 213
9 214
9 215
9 220
9 221
9 230
9 231
9 333
9 334
9 350
9 369
9 370
9 371
9 372
9 391
9 392
9 393
9 394
9 781
9 782
9 783
9 805
9 806
9 807
9 808
10 11
10 42
10 43
10 49
10 50
10 56
10 57
10 89
10 90
10 91
10 100
10 101
10 102
10 103
10 148
10 169
10 204
10 205
10 206
10 217
10 218
10 223
10 224
10 232
10 233
10 234
10 235
10 335
10 336
10 337
10 338
10 351
10 373
10 374
10 375
10 376
10 395
10 396
10 397
10 777
10 778
10 779
10 780
10 802
10 803
10 804
11 10
11 43
11 44
11 48
11 49
11 57
11 58
11 92
11 93
11 94
11 95
11 104
11 105
11 106
11 107
11 148
11 169
11 207
11 208
11 209
11 220
11 226
11 227
11 236
11 237
11 339
11 340
11 351
11 352
11 377
11 378
11 379
11 398
11 399
11 400
11 773
11 774
11 775
11 776
11 799
11 800
11 801
12 10
12 44
12 45
12 47
12 48
12 58
12 96
12 97
12 98
12 108
12 109
12 110
12 148
12 169
12 210
12 211
12 212
12 223
12 228
12 229
12 230
12 238
12 239
12 240
12 341
12 342
12 343
12 352
12 353
12 380
12 381
12 382
12 383
12 401
12 402
12 403
12 404
12 405
12 770
12 771
12 772
12 795
12 796
12 797
12 798
13 10
13 45
13 46
13 47
13 59
13 99
13 100
13 101
13 102
13 111
13 112
13 113
13 148
13 168
13 213
13 214
13 226
13 227
13 231
13 232
13 241
13 242
13 344
13 345
13 353
13 354
13 384
13 385
13 386
13 406
13 407
13 408
13 767
13 768
13 769
13 792
13 793
13 794
14 0
14 1
14 2
14 3
14 11
14 59
14 103
14 104
14 105
14 114
14 115
14 116
14 117
14 148
14 167
14 215
14 216
14 217
14 228
14 229
14 230
14 234
14 235
14 243
14 244
14 346
14 347
14 354
14 355
14 387
14 388
14 389
14 390
14 409
14 410
14 411
14 412
14 763
14 764
14 765
14 766
14 789
14 790
14 791
15 4
15 5
15 6
15 7
15 8
15 9
15 59
15 106
15 107
15 108
15 118
15 119
15 120
15 148
15 167
15 218
15 219
15 220
15 231
15 232
15 235
15 237
15 238
15 245
15 246
15 247
15 348
15 349
15 355
15 356
15 391
15 392
15 393
15 413
15 414
15 415
15 760
15 761
15 762
15 785
15 786
15 787
15 788
16 59
16 109
16 110
16 111
16 121
16 122
16 123
16 148
16 167
16 221
16 222
16 223
16 233
16 234
16 240
16 241
16 248
16 249
16 349
16 350
16 356
16 357
16 394
16 395
16 396
16 397
16 416
16 417
16 418
16 757
16 758
16 759
16 782
16 783
16 784
17 58
17 59
17 112
17 113
17 114
17 124
17 125
17 126
17 127
17 148
17 167
17 224
17 225
17 226
17 237
17 238
17 242
17 243
17 250
17 251
17 252
17 350
17 351
17 357
17 358
17 373
17 374
17 398
17 399
17 400
17 401
17 419
17 420
17 421
17 422
17 754
17 755
17 756
17 778
17 779
17 780
17 781
18 58
18 115
18 116
18 117
18 118
18 128
18 129
18 130
18 148
18 167
18 227
18 228
18 239
18 240
18 245
18 246
18 253
18 254
18 352
18 353
18 358
18 359
18 370
18 371
18 372
18 375
18 376
18 402
18 403
18 404
18 405
18 423
18 424
18 425
18 750
18 751
18 752
18 753
18 774
18 775
18 776
18 777
19 57
19 119
19 120
19 121
19 131
19 132
19 133
19 134
19 148
19 168
19 169
19 229
19 230
19 231
19 242
19 243
19 247
19 248
19 255
19 256
19 353
19 354
19 359
19 360
19 368
19 369
19 376
19 377
19 406
19 407
19 408
19 409
19 426
19 427
19 428
19 429
19 747
19 748
19 749
19 771
19 772
19 773
20 57
20 122
20 123
20 124
20 135
20 136
20 137
20 138
20 148
20 170
20 171
20 172
20 232
20 233
20 234
20 235
20 244
20 245
20 248
20 250
20 251
20 257
20 258
20 259
20 354
20 355
20 360
20 361
20 368
20 377
20 410
20 411
20 412
20 430
20 431
20 432
20 744
20 745
20 746
20 767
20 768
20 769
20 770
21 56
21 125
21 126
21 127
21 139
21 140
21 141
21 148
21 167
21 173
21 174
21 236
21 237
21 238
21 246
21 247
21 252
21 253
21 260
21 261
21 356
21 357
21 361
21 362
21 367
21 377
21 413
21 414
21 415
21 416
21 433
21 434
21 435
21 740
21 741
21 742
21 743
21 764
21 765
21 766
22 55
22 56
22 128
22 129
22 130
22 142
22 143
22 144
22 148
22 167
22 175
22 176
22 177
22 239
22 240
22 241
22 249
22 250
22 253
22 262
22 263
22 264
22 357
22 358
22 362
22 363
22 367
22 377
22 417
22 418
22 419
22 436
22 437
22 438
22 439
22 440
22 736
22 737
22 738
22 739
22 761
22 762
22 763
23 53
23 54
23 131
23 132
23 133
23 134
23 145
23 146
23 147
23 148
23 168
23 178
23 179
23 242
23 243
23 251
23 252
23 253
23 265
23 266
23 267
23 358
23 359
23 363
23 364
23 367
23 377
23 420
23 421
23 422
23 423
23 441
23 442
23 443
23 733
23 734
23 735
23 757
23 758
23 759
23 760
24 53
24 135
24 136
24 137
24 169
24 170
24 171
24 180
24 181
24 182
24 244
24 245
24 246
24 268
24 269
24 270
24 360
24 361
24 364
24 365
24 367
24 378
24 424
24 425
24 426
24 427
24 444
24 445
24 446
24 730
24 731
24 732
24 754
24 755
24 756
25 54
25 55
25 56
25 57
25 58
25 138
25 139
25 140
25 141
25 148
25 167
25 172
25 173
25 183
25 184
25 247
25 248
25 249
25 271
25 272
25 273
25 361
25 362
25 365
25 366
25 379
25 380
25 428
25 429
25 430
25 447
25 448
25 449
25 450
25 726
25 727
25 728
25 729
25 751
25 752
25 753
26 59
26 60
26 142
26 143
26 144
26 148
26 167
26 174
26 175
26 176
26 185
26 186
26 187
26 250
26 251
26 252
26 274
26 275
26 276
26 362
26 363
26 366
26 380
26 431
26 432
26 433
26 434
26 451
26 452
26 453
26 723
26 724
26 725
26 747
26 748
26 749
26 750
27 60
27 61
27 145
27 146
27 147
27 148
27 167
27 177
27 178
27 179
27 188
27 189
27 253
27 254
27 277
27 278
27 279
27 363
27 364
27 365
27 366
27 380
27 435
27 436
27 437
27 438
27 439
27 454
27 455
27 456
27 457
27 720
27 721
27 722
27 744
27 745
27 746
28 62
28 63
28 167
28 180
28 181
28 190
28 191
28 192
28 255
28 256
28 257
28 280
28 281
28 380
28 440
28 441
28 442
28 443
28 458
28 459
28 460
28 717
28 718
28 719
28 739
28 740
28 741
28 742
28 743
29 63
29 148
29 168
29 182
29 183
29 184
29 193
29 194
29 258
29 259
29 260
29 282
29 283
29 284
29 381
29 444
29 445
29 446
29 461
29 462
29 463
29 713
29 714
29 715
29 716
29 736
29 737
29 738
30 63
30 148
30 167
30 169
30 170
30 171
30 172
30 185
30 186
30 195
30 196
30 197
30 261
30 262
30 263
30 285
30 286
30 287
30 363
30 364
30 381
30 447
30 448
30 449
30 450
30 464
30 465
30 466
30 467
30 710
30 711
30 712
30 733
30 734
30 735
31 63
31 148
31 167
31 173
31 174
31 175
31 187
31 188
31 189
31 198
31 199
31 264
31 265
31 266
31 288
31 289
31 290
31 363
31 382
31 451
31 452
31 453
31 454
31 468
31 469
31 470
31 471
31 706
31 707
31 708
31 709
31 729
31 730
31 731
31 732
32 62
32 148
32 166
32 176
32 177
32 178
32 190
32 191
32 200
32 201
32 202
32 203
32 267
32 268
32 269
32 291
32 292
32 362
32 382
32 455
32 456
32 457
32 472
32 473
32 474
32 475
32 703
32 704
32 705
32 726
32 727
32 728
33 61
33 62
33 148
33 167
33 179
33 180
33 181
33 182
33 192
33 193
33 204
33 205
33 270
33 271
33 272
33 293
33 294
33 295
33 362
33 382
33 458
33 459
33 460
33 461
33 476
33 477
33 478
33 699
33 700
33 701
33 702
33 723
33 724
33 725
34 60
34 61
34 148
34 168
34 169
34 170
34 171
34 183
34 184
34 185
34 194
34 195
34 196
34 206
34 207
34 208
34 273
34 274
34 275
34 296
34 297
34 298
34 361
34 383
34 462
34 463
34 464
34 465
34 479
34 480
34 481
34 482
34 696
34 697
34 698
34 719
34 720
34 721
34 722
35 59
35 60
35 148
35 166
35 172
35 173
35 174
35 186
35 187
35 188
35 197
35 198
35 209
35 210
35 276
35 277
35 278
35 299
35 300
35 301
35 361
35 383
35 466
35 467
35 468
35 483
35 484
35 485
35 693
35 694
35 695
35 716
35 717
35 718
36 58
36 59
36 148
36 166
36 175
36 176
36 177
36 189
36 190
36 191
36 192
36 199
36 200
36 201
36 202
36 211
36 212
36 213
36 279
36 280
36 302
36 303
36 304
36 305
36 356
36 357
36 358
36 359
36 360
36 384
36 469
36 470
36 471
36 472
36 473
36 486
36 487
36 488
36 690
36 691
36 692
36 712
36 713
36 714
36 715
37 55
37 56
37 57
37 148
37 166
37 178
37 179
37 180
37 181
37 193
37 194
37 195
37 203
37 204
37 214
37 215
37 281
37 282
37 283
37 306
37 307
37 356
37 384
37 474
37 475
37 476
37 477
37 489
37 490
37 491
37 492
37 686
37 687
37 688
37 689
37 708
37 709
37 710
37 711
38 52
38 53
38 54
38 148
38 166
38 182
38 183
38 184
38 185
38 196
38 197
38 198
38 205
38 206
38 207
38 216
38 217
38 218
38 284
38 285
38 308
38 309
38 310
38 355
38 385
38 478
38 479
38 480
38 481
38 493
38 494
38 495
38 683
38 684
38 685
38 705
38 706
38 707
39 50
39 51
39 59
39 60
39 61
39 62
39 63
39 64
39 65
39 66
39 67
39 68
39 69
39 70
39 148
39 167
39 168
39 169
39 170
39 171
39 172
39 173
39 174
39 175
39 176
39 177
39 185
39 186
39 187
39 188
39 189
39 190
39 191
39 192
39 199
39 200
39 201
39 202
39 203
39 208
39 209
39 210
39 211
39 219
39 220
39 221
39 286
39 287
39 311
39 312
39 313
39 355
39 385
39 386
39 482
39 483
39 484
39 496
39 497
39 498
39 499
39 680
39 681
39 682
39 701
39 702
39 703
39 704
40 48
40 49
40 56
40 57
40 58
40 71
40 72
40 73
40 74
40 75
40 76
40 77
40 148
40 193
40 194
40 195
40 204
40 211
40 212
40 213
40 214
40 215
40 221
40 222
40 223
40 224
40 225
40 226
40 227
40 228
40 229
40 230
40 231
40 232
40 233
40 234
40 235
40 236
40 237
40 238
40 239
40 240
40 241
40 242
40 243
40 244
40 245
40 246
40 247
40 288
40 289
40 290
40 299
40 314
40 315
40 316
40 348
40 349
40 350
40 355
40 386
40 387
40 485
40 486
40 487
40 488
40 500
40 501
40 502
40 676
40 677
40 678
40 679
40 698
40 699
40 700
41 46
41 47
41 54
41 55
41 78
41 148
41 248
41 249
41 250
41 251
41 252
41 253
41 254
41 255
41 256
41 257
41 258
41 259
41 260
41 261
41 262
41 263
41 264
41 265
41 266
41 267
41 268
41 269
41 270
41 271
41 272
41 273
41 274
41 275
41 276
41 277
41 278
41 279
41 280
41 281
41 282
41 283
41 284
41 285
41 290
41 291
41 292
41 293
41 294
41 295
41 296
41 297
41 298
41 300
41 301
41 317
41 318
41 346
41 347
41 350
41 351
41 355
41 489
41 490
41 491
41 492
41 503
41 504
41 505
41 506
41 507
41 672
41 673
41 674
41 675
41 695
41 696
41 697
42 45
42 54
42 78
42 148
42 302
42 319
42 346
42 352
42 388
42 389
42 493
42 508
42 671
42 694
43 45
43 53
43 79
43 148
43 303
43 304
43 305
43 306
43 307
43 308
43 309
43 310
43 311
43 312
43 313
43 314
43 315
43 316
43 319
43 321
43 322
43 323
43 324
43 325
43 326
43 327
43 328
43 329
43 330
43 331
43 332
43 333
43 334
43 335
43 336
43 337
43 338
43 339
43 340
43 341
43 342
43 343
43 344
43 345
43 346
43 347
43 348
43 349
43 350
43 352
43 353
43 354
43 355
43 356
43 390
43 494
43 495
43 509
43 510
43 669
43 670
43 691
43 692
43 693
44 45
44 46
44 47
44 48
44 49
44 52
44 53
44 79
44 80
44 148
44 357
44 358
44 359
44 360
44 361
44 362
44 363
44 364
44 365
44 366
44 367
44 368
44 369
44 370
44 371
44 372
44 373
44 374
44 375
44 376
44 377
44 378
44 379
44 380
44 381
44 382
44 383
44 384
44 388
44 391
44 496
44 497
44 498
44 499
44 511
44 512
44 513
44 666
44 667
44 668
44 688
44 689
44 690
45 50
45 51
45 52
45 80
45 81
45 148
45 385
45 391
45 392
45 500
45 501
45 502
45 503
45 514
45 515
45 516
45 517
45 662
45 663
45 664
45 665
45 685
45 686
45 687
46 81
46 148
46 385
46 393
46 394
46 504
46 505
46 506
46 507
46 518
46 519
46 520
46 659
46 660
46 661
46 681
46 682
46 683
46 684
47 81
47 148
47 385
47 390
47 391
47 394
47 395
47 508
47 509
47 510
47 511
47 521
47 522
47 523
47 524
47 656
47 657
47 658
47 678
47 679
47 680
48 78
48 79
48 80
48 81
48 148
48 172
48 173
48 174
48 175
48 176
48 177
48 178
48 179
48 180
48 181
48 182
48 183
48 184
48 185
48 186
48 187
48 188
48 189
48 190
48 191
48 192
48 193
48 194
48 195
48 196
48 197
48 198
48 199
48 200
48 201
48 202
48 203
48 204
48 205
48 206
48 207
48 208
48 209
48 210
48 211
48 212
48 213
48 214
48 215
48 218
48 219
48 220
48 221
48 222
48 385
48 392
48 396
48 397
48 512
48 513
48 514
48 515
48 525
48 526
48 527
48 653
48 654
48 655
48 673
48 674
48 675
48 676
48 677
49 74
49 75
49 76
49 77
49 148
49 171
49 216
49 217
49 225
49 226
49 227
49 228
49 229
49 230
49 231
49 232
49 233
49 236
49 237
49 240
49 241
49 242
49 243
49 244
49 245
49 246
49 247
49 250
49 251
49 252
49 253
49 254
49 255
49 256
49 257
49 258
49 259
49 260
49 261
49 262
49 263
49 264
49 265
49 266
49 267
49 268
49 269
49 270
49 271
49 272
49 273
49 274
49 275
49 276
49 277
49 278
49 279
49 280
49 281
49 282
49 283
49 284
49 285
49 286
49 287
49 288
49 289
49 290
49 291
49 292
49 293
49 294
49 295
49 296
49 297
49 298
49 299
49 300
49 301
49 302
49 303
49 304
49 305
49 308
49 309
49 310
49 311
49 312
49 313
49 314
49 317
49 318
49 319
49 322
49 323
49 324
49 325
49 326
49 327
49 328
49 329
49 385
49 394
49 398
49 516
49 517
49 518
49 528
49 529
49 530
49 531
49 649
49 650
49 651
49 652
49 670
49 671
49 672
50 73
50 148
50 170
50 218
50 219
50 220
50 221
50 222
50 234
50 235
50 248
50 249
50 306
50 307
50 315
50 316
50 321
50 330
50 331
50 332
50 333
50 334
50 335
50 336
50 337
50 338
50 339
50 340
50 343
50 344
50 345
50 346
50 347
50 348
50 349
50 350
50 351
50 352
50 353
50 354
50 355
50 356
50 357
50 358
50 359
50 360
50 361
50 362
50 363
50 364
50 365
50 366
50 367
50 368
50 369
50 370
50 371
50 372
50 373
50 374
50 375
50 376
50 377
50 378
50 379
50 380
50 381
50 382
50 383
50 384
50 385
50 398
50 399
50 519
50 520
50 521
50 522
50 532
50 533
50 534
50 646
50 647
50 648
50 667
50 668
50 669
51 74
51 75
51 76
51 79
51 80
51 81
51 82
51 148
51 170
51 223
51 224
51 225
51 236
51 237
51 238
51 242
51 243
51 250
51 251
51 252
51 308
51 309
51 317
51 318
51 322
51 323
51 324
51 341
51 342
51 396
51 400
51 401
51 523
51 524
51 525
51 526
51 535
51 536
51 537
51 538
51 643
51 644
51 645
51 663
51 664
51 665
51 666
52 83
52 84
52 148
52 170
52 226
52 227
52 228
52 239
52 240
52 241
52 246
52 253
52 254
52 255
52 310
52 311
52 319
52 320
52 325
52 326
52 343
52 396
52 397
52 401
52 402
52 527
52 528
52 529
52 530
52 539
52 540
52 541
52 542
52 639
52 640
52 641
52 642
52 660
52 661
52 662
53 85
53 148
53 170
53 229
53 230
53 231
53 232
53 242
53 243
53 247
53 249
53 256
53 257
53 258
53 312
53 313
53 321
53 322
53 327
53 328
53 343
53 397
53 398
53 403
53 404
53 531
53 532
53 533
53 543
53 544
53 545
53 635
53 636
53 637
53 638
53 656
53 657
53 658
53 659
54 85
54 148
54 170
54 233
54 234
54 235
54 236
54 245
54 246
54 250
54 252
54 259
54 260
54 261
54 314
54 315
54 323
54 324
54 329
54 330
54 342
54 343
54 395
54 398
54 399
54 405
54 406
54 534
54 535
54 536
54 537
54 538
54 546
54 547
54 548
54 549
54 632
54 633
54 634
54 653
54 654
54 655
55 85
55 148
55 170
55 237
55 238
55 239
55 248
55 249
55 253
55 262
55 263
55 316
55 317
55 325
55 326
55 331
55 332
55 340
55 341
55 395
55 399
55 400
55 407
55 408
55 539
55 540
55 541
55 542
55 550
55 551
55 552
55 629
55 630
55 631
55 650
55 651
55 652
56 84
56 85
56 148
56 170
56 240
56 241
56 242
56 243
56 251
56 252
56 253
56 264
56 265
56 266
56 318
56 319
56 327
56 328
56 333
56 334
56 339
56 340
56 395
56 401
56 402
56 408
56 409
56 543
56 544
56 545
56 553
56 554
56 555
56 556
56 625
56 626
56 627
56 628
56 646
56 647
56 648
56 649
57 83
57 84
57 148
57 170
57 244
57 245
57 246
57 267
57 268
57 269
57 270
57 320
57 321
57 329
57 330
57 335
57 336
57 337
57 338
57 339
57 395
57 402
57 403
57 409
57 410
57 546
57 547
57 548
57 557
57 558
57 559
57 622
57 623
57 624
57 643
57 644
57 645
58 81
58 82
58 149
58 170
58 247
58 248
58 249
58 271
58 272
58 322
58 323
58 331
58 332
58 394
58 403
58 404
58 405
58 411
58 412
58 549
58 550
58 551
58 560
58 561
58 562
58 619
58 620
58 621
58 638
58 639
58 640
58 641
58 642
59 80
59 149
59 170
59 250
59 251
59 252
59 253
59 273
59 274
59 275
59 324
59 325
59 326
59 333
59 334
59 394
59 406
59 407
59 412
59 413
59 552
59 553
59 554
59 563
59 564
59 565
59 566
59 616
59 617
59 618
59 635
59 636
59 637
60 80
60 82
60 83
60 84
60 85
60 149
60 170
60 254
60 255
60 256
60 276
60 277
60 327
60 328
60 334
60 335
60 394
60 407
60 408
60 414
60 415
60 555
60 556
60 557
60 567
60 568
60 569
60 612
60 613
60 614
60 615
60 632
60 633
60 634
61 86
61 87
61 149
61 170
61 257
61 258
61 259
61 278
61 279
61 280
61 329
61 330
61 334
61 393
61 408
61 409
61 415
61 416
61 558
61 559
61 570
61 571
61 572
61 573
61 574
61 609
61 610
61 611
61 628
61 629
61 630
61 631
62 88
62 89
62 90
62 149
62 170
62 260
62 261
62 262
62 281
62 282
62 331
62 332
62 392
62 393
62 394
62 395
62 410
62 411
62 416
62 417
62 560
62 561
62 562
62 575
62 576
62 577
62 578
62 579
62 580
62 581
62 582
62 583
62 584
62 585
62 586
62 587
62 588
62 589
62 590
62 591
62 592
62 593
62 594
62 595
62 596
62 597
62 598
62 599
62 600
62 601
62 602
62 603
62 604
62 605
62 606
62 607
62 608
62 625
62 626
62 627
63 149
63 170
63 263
63 264
63 265
63 283
63 284
63 285
63 333
63 334
63 335
63 391
63 396
63 411
63 412
63 418
63 419
63 563
63 564
63 565
63 621
63 622
63 623
63 624
64 90
64 149
64 170
64 252
64 266
64 267
64 286
64 287
64 288
64 390
64 391
64 394
64 397
64 412
64 413
64 419
64 566
64 567
64 568
64 569
64 618
64 619
64 620
65 89
65 149
65 170
65 250
65 251
65 253
65 254
65 268
65 269
65 270
65 271
65 289
65 290
65 389
65 393
65 397
65 398
65 414
65 415
65 420
65 615
65 616
65 617
66 89
66 149
66 170
66 248
66 249
66 255
66 272
66 273
66 274
66 291
66 292
66 293
66 333
66 334
66 389
66 391
66 398
66 415
66 416
66 421
66 422
66 562
66 563
66 564
66 565
66 566
66 568
66 569
66 610
66 611
66 612
66 613
66 614
67 88
67 149
67 170
67 246
67 247
67 256
67 275
67 276
67 277
67 294
67 295
67 296
67 333
67 389
67 391
67 399
67 400
67 401
67 402
67 416
67 417
67 423
67 424
67 553
67 554
67 555
67 556
67 557
67 558
67 559
67 560
67 561
67 609
67 617
68 86
68 87
68 149
68 170
68 245
68 246
68 256
68 257
68 258
68 259
68 260
68 261
68 278
68 279
68 280
68 297
68 298
68 299
68 332
68 403
68 404
68 418
68 419
68 424
68 425
68 544
68 545
68 546
68 547
68 548
68 549
68 550
68 551
68 552
68 575
68 576
68 577
68 578
68 610
68 611
68 612
68 613
68 618
68 619
68 620
68 621
68 622
68 623
68 624
68 625
68 626
68 627
68 628
68 629
69 82
69 83
69 84
69 85
69 149
69 170
69 243
69 244
69 262
69 281
69 282
69 300
69 301
69 302
69 303
69 333
69 405
69 419
69 420
69 426
69 427
69 535
69 536
69 537
69 538
69 539
69 540
69 541
69 542
69 543
69 568
69 569
69 570
69 571
69 572
69 573
69 574
69 579
69 630
69 631
69 632
69 633
69 634
69 635
70 79
70 80
70 81
70 149
70 170
70 241
70 242
70 263
70 283
70 284
70 285
70 304
70 305
70 306
70 333
70 334
70 335
70 336
70 405
70 420
70 421
70 427
70 428
70 527
70 528
70 529
70 530
70 531
70 532
70 533
70 534
70 562
70 563
70 564
70 565
70 566
70 567
70 580
70 581
70 582
70 583
70 584
70 585
70 586
70 587
70 588
70 589
70 590
70 605
70 606
70 607
70 608
70 636
70 637
70 638
70 639
70 640
70 641
70 642
71 75
71 76
71 77
71 78
71 149
71 170
71 235
71 236
71 237
71 238
71 239
71 240
71 241
71 263
71 264
71 286
71 287
71 288
71 307
71 308
71 309
71 337
71 338
71 405
71 422
71 423
71 429
71 430
71 520
71 521
71 522
71 523
71 524
71 525
71 526
71 556
71 557
71 558
71 559
71 560
71 561
71 591
71 592
71 593
71 594
71 595
71 596
71 597
71 598
71 599
71 600
71 601
71 602
71 603
71 604
71 609
71 610
71 611
71 612
71 613
71 614
71 643
71 644
71 645
71 646
71 647
71 648
72 75
72 149
72 170
72 233
72 234
72 264
72 265
72 289
72 290
72 291
72 310
72 311
72 338
72 405
72 423
72 424
72 431
72 432
72 513
72 514
72 515
72 516
72 517
72 518
72 519
72 550
72 551
72 552
72 553
72 554
72 555
72 615
72 616
72 617
72 618
72 619
72 649
72 650
72 651
72 652
72 653
72 654
72 655
73 75
73 76
73 78
73 79
73 80
73 81
73 82
73 83
73 84
73 149
73 170
73 220
73 221
73 222
73 231
73 232
73 266
73 267
73 292
73 293
73 294
73 312
73 313
73 314
73 336
73 337
73 338
73 405
73 424
73 425
73 432
73 433
73 505
73 506
73 507
73 508
73 509
73 510
73 511
73 512
73 544
73 545
73 546
73 547
73 548
73 549
73 620
73 621
73 622
73 623
73 624
73 625
73 656
73 657
73 658
73 659
73 660
73 661
74 85
74 86
74 87
74 88
74 89
74 90
74 91
74 149
74 170
74 218
74 219
74 223
74 224
74 225
74 231
74 267
74 295
74 296
74 297
74 315
74 316
74 317
74 334
74 335
74 405
74 426
74 427
74 434
74 435
74 498
74 499
74 500
74 501
74 502
74 503
74 504
74 537
74 538
74 539
74 540
74 541
74 542
74 543
74 626
74 627
74 628
74 629
74 630
74 662
74 663
74 664
74 665
74 666
74 667
75 92
75 143
75 144
75 145
75 146
75 147
75 148
75 149
75 170
75 216
75 217
75 226
75 227
75 230
75 268
75 298
75 299
75 318
75 319
75 320
75 334
75 403
75 404
75 427
75 428
75 436
75 437
75 491
75 492
75 493
75 494
75 495
75 496
75 497
75 531
75 532
75 533
75 534
75 535
75 536
75 631
75 632
75 633
75 634
75 635
75 636
75 668
75 669
75 670
75 671
75 672
75 673
75 674
76 93
76 139
76 140
76 141
76 142
76 149
76 170
76 215
76 216
76 228
76 268
76 269
76 300
76 301
76 302
76 303
76 321
76 322
76 323
76 333
76 429
76 430
76 438
76 439
76 484
76 485
76 486
76 487
76 488
76 489
76 490
76 524
76 525
76 526
76 527
76 528
76 529
76 530
76 637
76 638
76 639
76 640
76 641
76 642
76 675
76 676
76 677
76 678
76 679
76 680
76 681
77 93
77 133
77 134
77 135
77 136
77 137
77 138
77 149
77 170
77 214
77 215
77 229
77 270
77 304
77 305
77 306
77 324
77 325
77 326
77 333
77 399
77 400
77 401
77 402
77 430
77 431
77 440
77 441
77 477
77 478
77 479
77 480
77 481
77 482
77 483
77 517
77 518
77 519
77 520
77 521
77 522
77 523
77 643
77 644
77 645
77 646
77 647
77 648
77 682
77 683
77 684
77 685
77 686
77 687
78 93
78 129
78 130
78 131
78 132
78 149
78 170
78 214
78 229
78 271
78 307
78 308
78 309
78 327
78 328
78 329
78 399
78 403
78 404
78 405
78 432
78 433
78 434
78 435
78 442
78 443
78 467
78 468
78 469
78 470
78 471
78 472
78 473
78 474
78 475
78 476
78 510
78 511
78 512
78 513
78 514
78 515
78 516
78 649
78 650
78 651
78 652
78 653
78 688
78 689
78 690
78 691
78 692
78 693
79 94
79 126
79 127
79 128
79 149
79 170
79 213
79 271
79 310
79 311
79 312
79 330
79 331
79 399
79 406
79 407
79 432
79 436
79 443
79 444
79 466
79 502
79 503
79 504
79 505
79 506
79 507
79 508
79 509
79 654
79 655
79 656
79 657
79 658
79 659
79 694
79 695
79 696
79 697
79 698
79 699
80 94
80 125
80 149
80 170
80 200
80 201
80 202
80 203
80 204
80 212
80 213
80 272
80 313
80 314
80 331
80 399
80 408
80 409
80 431
80 436
80 445
80 446
80 465
80 470
80 495
80 496
80 497
80 498
80 499
80 500
80 501
80 660
80 661
80 662
80 663
80 664
80 700
80 701
80 702
80 703
80 704
80 705
81 94
81 123
81 124
81 149
81 170
81 196
81 197
81 198
81 199
81 205
81 206
81 207
81 208
81 212
81 272
81 315
81 316
81 317
81 331
81 400
81 410
81 411
81 431
81 437
81 446
81 447
81 465
81 470
81 488
81 489
81 490
81 491
81 492
81 493
81 494
81 665
81 666
81 667
81 668
81 669
81 670
81 706
81 707
81 708
81 709
81 710
81 711
81 712
81 713
82 94
82 118
82 119
82 120
82 121
82 122
82 149
82 170
82 194
82 195
82 209
82 210
82 211
82 272
82 318
82 319
82 320
82 330
82 400
82 401
82 402
82 403
82 404
82 412
82 413
82 430
82 438
82 439
82 440
82 448
82 449
82 465
82 470
82 481
82 482
82 483
82 484
82 485
82 486
82 487
82 671
82 672
82 673
82 674
82 675
82 676
82 714
82 715
82 716
82 717
82 718
82 719
83 92
83 93
83 116
83 117
83 149
83 170
83 193
83 271
83 272
83 321
83 322
83 323
83 324
83 328
83 329
83 405
83 406
83 414
83 415
83 429
83 430
83 438
83 440
83 441
83 450
83 451
83 465
83 470
83 475
83 476
83 477
83 478
83 479
83 480
83 677
83 678
83 679
83 680
83 681
83 682
83 720
83 721
83 722
83 723
83 724
83 725
84 91
84 92
84 115
84 149
84 170
84 192
84 271
84 325
84 326
84 327
84 406
84 407
84 416
84 417
84 428
84 429
84 442
84 443
84 451
84 452
84 465
84 471
84 472
84 473
84 474
84 683
84 684
84 685
84 686
84 687
84 688
84 689
84 726
84 727
84 728
84 729
84 730
84 731
84 737
84 738
84 739
84 740
84 741
85 90
85 111
85 112
85 149
85 170
85 192
85 270
85 325
85 407
85 418
85 427
85 439
85 443
85 453
85 465
85 690
85 732
85 736
85 742
86 89
86 110
86 149
86 170
86 192
86 270
86 324
86 408
86 419
86 426
86 439
86 444
86 454
86 465
86 470
86 691
86 692
86 693
86 694
86 695
86 696
86 697
86 733
86 734
86 735
86 743
86 744
86 745
86 746
86 747
86 748
86 749
86 750
86 751
86 752
87 89
87 108
87 109
87 113
87 149
87 170
87 192
87 270
87 322
87 323
87 408
87 409
87 420
87 421
87 426
87 439
87 445
87 446
87 455
87 456
87 465
87 470
87 698
87 699
87 700
87 701
87 702
87 703
87 704
87 705
87 706
87 707
87 753
87 754
87 755
87 756
87 757
87 758
87 759
87 760
87 761
87 762
87 763
88 89
88 106
88 107
88 113
88 115
88 149
88 170
88 191
88 270
88 322
88 410
88 411
88 412
88 422
88 423
88 440
88 446
88 447
88 456
88 457
88 465
88 470
88 708
88 709
88 710
88 711
88 712
88 713
88 714
88 715
88 764
88 765
88 766
88 767
88 768
88 769
88 770
88 771
88 772
88 773
88 774
88 775
89 90
89 105
89 113
89 115
89 149
89 170
89 191
89 270
89 321
89 408
89 413
89 414
89 424
89 425
89 440
89 448
89 449
89 458
89 459
89 465
89 470
89 716
89 717
89 718
89 719
89 720
89 721
89 722
89 723
89 724
89 776
89 777
89 778
89 779
89 780
89 781
89 782
89 783
89 784
89 785
89 786
90 90
90 104
90 149
90 170
90 189
90 190
90 191
90 268
90 269
90 322
90 408
90 411
90 415
90 416
90 417
90 426
90 441
90 449
90 450
90 459
90 460
90 465
90 470
90 725
90 726
90 727
90 728
90 729
90 730
90 731
90 732
90 787
90 788
90 789
90 790
90 791
90 792
90 793
90 794
90 795
90 796
90 797
91 91
91 104
91 149
91 170
91 187
91 188
91 267
91 322
91 323
91 408
91 409
91 410
91 418
91 419
91 426
91 441
91 442
91 451
91 452
91 461
91 462
91 470
91 733
91 734
91 735
91 736
91 737
91 738
91 739
91 740
91 741
91 742
91 798
91 799
91 800
91 801
91 802
91 803
91 805
91 806
91 807
92 91
92 104
92 149
92 170
92 187
92 266
92 324
92 325
92 408
92 412
92 420
92 421
92 426
92 442
92 452
92 453
92 463
92 464
92 470
92 743
92 744
92 745
92 746
92 747
92 748
92 749
92 750
92 804
92 807
92 808
93 91
93 104
93 149
93 170
93 186
93 266
93 407
93 412
93 422
93 423
93 426
93 442
93 454
93 455
93 464
93 465
93 470
93 751
93 752
93 753
93 754
93 755
93 756
93 757
93 758
93 759
93 804
93 809
94 91
94 102
94 103
94 149
94 170
94 186
94 266
94 320
94 321
94 322
94 323
94 406
94 407
94 408
94 413
94 414
94 415
94 424
94 425
94 426
94 441
94 455
94 456
94 465
94 470
94 760
94 761
94 762
94 763
94 764
94 765
94 766
94 767
94 804
94 809
95 91
95 100
95 101
95 149
95 170
95 185
95 265
95 318
95 319
95 406
95 408
95 417
95 424
95 441
95 457
95 458
95 465
95 470
95 768
95 769
95 770
95 771
95 772
95 773
95 774
95 775
95 776
95 777
95 778
95 779
95 780
95 804
95 809
96 91
96 98
96 99
96 149
96 170
96 186
96 266
96 318
96 406
96 412
96 413
96 414
96 415
96 418
96 419
96 423
96 424
96 441
96 459
96 460
96 465
96 471
96 781
96 782
96 783
96 784
96 785
96 786
96 787
96 788
96 789
96 790
96 791
96 792
96 793
96 794
96 803
96 809
97 91
97 98
97 149
97 170
97 186
97 266
97 317
97 406
97 412
97 420
97 421
97 443
97 461
97 462
97 472
97 473
97 795
97 796
97 797
97 798
97 799
97 800
97 801
97 802
97 803
97 809
98 90
98 97
98 149
98 170
98 187
98 266
98 317
98 412
98 418
98 422
98 444
98 463
98 464
98 465
98 470
98 474
98 475
98 779
98 780
98 781
98 803
98 809
99 89
99 97
99 149
99 170
99 187
99 188
99 266
99 317
99 407
99 412
99 418
99 422
99 445
99 446
99 470
99 475
99 476
99 727
99 728
99 729
99 730
99 731
99 732
99 733
99 734
99 735
99 736
99 737
99 738
99 739
99 740
99 741
99 742
99 743
99 744
99 745
99 746
99 747
99 748
99 749
99 750
99 751
99 752
99 753
99 754
99 755
99 756
99 757
99 758
99 759
99 760
99 761
99 762
99 763
99 764
99 765
99 766
99 767
99 768
99 769
99 770
99 771
99 772
99 773
99 774
99 775
99 776
99 777
99 778
99 796
99 797
99 798
99 799
99 800
99 801
99 802
99 803
99 809
100 89
100 96
100 149
100 170
100 266
100 317
100 407
100 412
100 419
100 420
100 421
100 422
100 447
100 448
100 465
100 470
100 477
100 478
100 690
100 691
100 692
100 693
100 694
100 695
100 696
100 697
100 698
100 699
100 700
100 701
100 702
100 703
100 704
100 705
100 706
100 707
100 708
100 709
100 710
100 711
100 712
100 713
100 714
100 715
100 716
100 717
100 718
100 719
100 720
100 721
100 722
100 723
100 724
100 725
100 726
100 803
100 809
101 89
101 96
101 149
101 170
101 186
101 187
101 266
101 303
101 304
101 305
101 306
101 307
101 308
101 309
101 310
101 311
101 312
101 313
101 314
101 315
101 407
101 412
101 444
101 449
101 450
101 465
101 470
101 478
101 479
101 668
101 669
101 670
101 671
101 672
101 673
101 674
101 675
101 676
101 677
101 678
101 679
101 680
101 681
101 682
101 683
101 684
101 685
101 686
101 687
101 688
101 689
101 803
101 809
102 90
102 96
102 149
102 170
102 184
102 185
102 266
102 301
102 302
102 316
102 407
102 412
102 445
102 451
102 452
102 465
102 471
102 472
102 480
102 481
102 647
102 648
102 649
102 650
102 651
102 652
102 653
102 654
102 655
102 656
102 657
102 658
102 659
102 660
102 661
102 662
102 663
102 664
102 665
102 666
102 667
102 782
102 783
102 784
102 785
102 786
102 787
102 788
102 789
102 790
102 791
102 792
102 793
102 794
102 795
102 796
102 797
102 798
102 799
102 800
102 801
102 802
102 803
102 809
103 90
103 95
103 149
103 170
103 182
103 183
103 267
103 298
103 299
103 300
103 407
103 412
103 445
103 446
103 453
103 454
103 465
103 473
103 474
103 482
103 483
103 625
103 626
103 627
103 628
103 629
103 630
103 631
103 632
103 633
103 634
103 635
103 636
103 637
103 638
103 639
103 640
103 641
103 642
103 643
103 644
103 645
103 646
103 736
103 737
103 738
103 739
103 740
103 741
103 742
103 743
103 744
103 745
103 746
103 747
103 748
103 749
103 750
103 751
103 752
103 753
103 754
103 755
103 756
103 757
103 758
103 759
103 760
103 761
103 762
103 763
103 764
103 765
103 766
103 767
103 768
103 769
103 770
103 771
103 772
103 773
103 774
103 775
103 776
103 777
103 778
103 779
103 780
103 781
103 809
104 90
104 95
104 149
104 170
104 180
104 181
104 267
104 268
104 269
104 296
104 297
104 407
104 412
104 447
104 448
104 455
104 456
104 465
104 470
104 475
104 476
104 484
104 485
104 486
104 598
104 599
104 600
104 601
104 602
104 603
104 604
104 605
104 606
104 607
104 608
104 609
104 610
104 611
104 612
104 613
104 614
104 615
104 616
104 617
104 618
104 619
104 620
104 621
104 622
104 623
104 624
104 697
104 698
104 699
104 700
104 701
104 702
104 703
104 704
104 705
104 706
104 707
104 708
104 709
104 710
104 711
104 712
104 713
104 714
104 715
104 716
104 717
104 718
104 719
104 720
104 721
104 722
104 723
104 724
104 725
104 726
104 727
104 728
104 729
104 730
104 731
104 732
104 733
104 734
104 735
104 805
104 809
105 91
105 95
105 149
105 170
105 180
105 270
105 271
105 294
105 295
105 296
105 407
105 412
105 449
105 450
105 457
105 458
105 465
105 470
105 477
105 478
105 487
105 488
105 489
105 597
105 664
105 665
105 666
105 667
105 668
105 669
105 670
105 671
105 672
105 673
105 674
105 675
105 676
105 677
105 678
105 679
105 680
105 681
105 682
105 683
105 684
105 685
105 686
105 687
105 688
105 689
105 690
105 691
105 692
105 693
105 694
105 695
105 696
105 805
105 809
106 91
106 92
106 94
106 149
106 170
106 179
106 271
106 272
106 286
106 287
106 288
106 289
106 290
106 291
106 292
106 293
106 407
106 412
106 446
106 451
106 452
106 459
106 460
106 465
106 470
106 479
106 480
106 490
106 491
106 597
106 631
106 632
106 633
106 634
106 635
106 636
106 637
106 638
106 639
106 640
106 641
106 642
106 643
106 644
106 645
106 646
106 647
106 648
106 649
106 650
106 651
106 652
106 653
106 654
106 655
106 656
106 657
106 658
106 659
106 660
106 661
106 662
106 663
106 805
106 809
107 92
107 93
107 94
107 149
107 170
107 178
107 179
107 272
107 284
107 285
107 407
107 412
107 448
107 453
107 454
107 461
107 462
107 463
107 465
107 470
107 480
107 481
107 492
107 493
107 494
107 597
107 615
107 616
107 617
107 618
107 619
107 620
107 621
107 622
107 623
107 624
107 625
107 626
107 627
107 628
107 629
107 630
107 805
107 809
108 149
108 170
108 178
108 273
108 278
108 282
108 283
108 407
108 412
108 446
108 447
108 449
108 450
108 451
108 455
108 456
108 464
108 465
108 470
108 482
108 483
108 495
108 496
108 497
108 598
108 599
108 600
108 601
108 602
108 603
108 604
108 605
108 606
108 607
108 608
108 609
108 610
108 611
108 612
108 613
108 614
108 805
108 809
109 149
109 170
109 177
109 274
109 275
109 276
109 277
109 279
109 280
109 281
109 282
109 407
109 412
109 446
109 452
109 453
109 457
109 458
109 464
109 470
109 484
109 485
109 498
109 499
109 500
109 805
109 809
110 149
110 170
110 176
110 177
110 407
110 412
110 446
110 454
110 455
110 460
110 464
110 471
110 486
110 487
110 501
110 502
110 503
110 804
110 809
111 149
111 170
111 174
111 175
111 407
111 412
111 447
111 448
111 449
111 457
111 462
111 463
111 472
111 473
111 474
111 488
111 489
111 504
111 505
111 506
111 804
111 809
112 149
112 171
112 173
112 407
112 412
112 444
112 450
112 451
112 452
112 459
112 464
112 470
112 475
112 476
112 477
112 490
112 491
112 507
112 508
112 509
112 804
112 809
113 149
113 171
113 407
113 412
113 444
113 453
113 454
113 455
113 462
113 470
113 478
113 479
113 492
113 493
113 510
113 511
113 512
113 804
113 809
114 149
114 170
114 407
114 412
114 444
114 456
114 457
114 458
114 464
114 470
114 480
114 481
114 482
114 494
114 495
114 496
114 513
114 514
114 515
114 530
114 531
114 804
114 809
115 149
115 170
115 407
115 412
115 444
115 459
115 460
115 461
115 471
115 472
115 483
115 484
115 497
115 498
115 499
115 516
115 517
115 518
115 529
115 532
115 804
115 809
116 149
116 170
116 407
116 412
116 444
116 462
116 463
116 464
116 473
116 474
116 485
116 486
116 487
116 500
116 501
116 502
116 519
116 520
116 528
116 532
116 804
116 809
117 149
117 170
117 407
117 412
117 444
117 470
117 475
117 476
117 477
117 488
117 489
117 503
117 504
117 505
117 506
117 521
117 522
117 523
117 528
117 532
117 804
117 809
118 149
118 170
118 407
118 412
118 443
118 464
118 470
118 478
118 479
118 490
118 491
118 492
118 507
118 508
118 509
118 510
118 524
118 525
118 532
118 536
118 537
118 538
118 804
118 809
119 149
119 170
119 407
119 412
119 445
119 446
119 464
119 470
119 480
119 481
119 482
119 493
119 494
119 511
119 512
119 513
119 526
119 532
119 535
119 539
119 804
119 809
120 149
120 170
120 407
120 412
120 444
120 447
120 448
120 449
120 450
120 464
120 470
120 483
120 484
120 495
120 496
120 497
120 514
120 515
120 516
120 526
120 532
120 539
120 804
120 809
121 149
121 170
121 407
121 412
121 443
121 451
121 452
121 453
121 464
121 470
121 485
121 486
121 487
121 498
121 499
121 517
121 518
121 519
121 526
121 532
121 539
121 804
121 809
122 149
122 170
122 407
122 412
122 444
122 454
122 455
122 456
122 457
122 464
122 470
122 488
122 489
122 500
122 501
122 502
122 520
122 521
122 522
122 525
122 528
122 532
122 539
122 804
122 809
123 149
123 170
123 407
123 412
123 444
123 445
123 446
123 447
123 458
123 459
123 460
123 461
123 470
123 490
123 491
123 503
123 504
123 505
123 506
123 523
123 524
123 525
123 528
123 532
123 539
123 804
123 809
124 149
124 170
124 407
124 412
124 443
124 448
124 449
124 450
124 451
124 462
124 463
124 464
124 470
124 491
124 492
124 493
124 507
124 508
124 528
124 532
124 539
124 804
124 809
125 149
125 170
125 407
125 412
125 452
125 453
125 454
125 455
125 470
125 490
125 494
125 495
125 496
125 509
125 510
125 511
125 528
125 532
125 539
125 605
125 606
125 607
125 608
125 609
125 610
125 611
125 612
125 613
125 614
125 617
125 618
125 619
125 620
125 621
125 622
125 623
125 804
125 809
126 149
126 170
126 407
126 412
126 444
126 456
126 457
126 458
126 464
126 471
126 472
126 490
126 493
126 497
126 498
126 499
126 512
126 513
126 528
126 532
126 539
126 604
126 615
126 616
126 624
126 625
126 626
126 627
126 628
126 629
126 630
126 631
126 632
126 633
126 634
126 635
126 636
126 637
126 638
126 639
126 640
126 804
126 809
127 149
127 170
127 407
127 412
127 444
127 459
127 460
127 461
127 462
127 473
127 474
127 475
127 476
127 490
127 493
127 500
127 501
127 514
127 515
127 516
127 528
127 532
127 539
127 603
127 615
127 641
127 642
127 643
127 644
127 645
127 646
127 647
127 648
127 649
127 650
127 651
127 652
127 653
127 654
127 655
127 656
127 657
127 804
127 809
128 149
128 170
128 407
128 412
128 444
128 463
128 470
128 477
128 490
128 493
128 502
128 517
128 528
128 532
128 539
128 603
128 615
128 658
128 804
128 809
129 149
129 170
129 407
129 412
129 445
129 463
129 464
129 470
129 478
129 479
129 480
129 490
129 493
129 503
129 504
129 505
129 518
129 528
129 532
129 539
129 604
129 605
129 606
129 607
129 608
129 609
129 610
129 611
129 612
129 613
129 614
129 615
129 659
129 660
129 661
129 662
129 663
129 664
129 665
129 666
129 667
129 668
129 669
129 670
129 671
129 672
129 673
129 674
129 675
129 742
129 743
129 804
129 809
130 149
130 170
130 407
130 412
130 445
130 464
130 471
130 481
130 482
130 483
130 490
130 493
130 506
130 507
130 519
130 520
130 521
130 528
130 532
130 539
130 616
130 617
130 618
130 619
130 620
130 621
130 622
130 676
130 677
130 678
130 679
130 680
130 681
130 682
130 683
130 684
130 685
130 686
130 687
130 688
130 689
130 690
130 691
130 723
130 724
130 725
130 726
130 727
130 728
130 729
130 730
130 731
130 732
130 733
130 734
130 735
130 736
130 737
130 738
130 739
130 740
130 741
130 744
130 804
130 809
131 149
131 170
131 407
131 412
131 445
131 464
131 472
131 473
131 474
131 475
131 484
131 485
131 486
131 490
131 493
131 508
131 509
131 510
131 522
131 523
131 528
131 532
131 539
131 623
131 624
131 625
131 626
131 627
131 628
131 629
131 630
131 631
131 632
131 633
131 634
131 635
131 636
131 692
131 693
131 694
131 695
131 696
131 697
131 698
131 699
131 700
131 701
131 702
131 703
131 704
131 705
131 706
131 707
131 708
131 709
131 710
131 711
131 712
131 713
131 714
131 715
131 716
131 717
131 718
131 719
131 720
131 721
131 722
131 744
131 804
131 809
132 149
132 170
132 407
132 412
132 446
132 464
132 470
132 476
132 477
132 478
132 479
132 487
132 488
132 489
132 490
132 493
132 511
132 512
132 524
132 525
132 532
132 539
132 637
132 638
132 639
132 640
132 641
132 642
132 643
132 644
132 645
132 646
132 647
132 648
132 649
132 650
132 651
132 652
132 653
132 744
132 804
132 809
132 1257
132 1258
132 1259
132 1260
132 1261
132 1262
132 1263
133 149
133 170
133 407
133 412
133 446
133 447
133 464
133 470
133 480
133 481
133 482
133 493
133 513
133 514
133 515
133 526
133 527
133 528
133 532
133 539
133 654
133 657
133 660
133 661
133 662
133 663
133 664
133 665
133 666
133 667
133 668
133 669
133 670
133 671
133 672
133 673
133 674
133 675
133 676
133 677
133 744
133 804
133 809
133 1253
133 1254
133 1255
133 1256
133 1264
133 1265
133 1266
133 1267
133 1268
133 1269
133 1270
133 1271
133 1272
134 149
134 170
134 407
134 412
134 447
134 448
134 464
134 470
134 483
134 484
134 490
134 494
134 495
134 516
134 517
134 518
134 532
134 534
134 539
134 654
134 659
134 678
134 679
134 680
134 681
134 682
134 683
134 684
134 685
134 686
134 687
134 688
134 689
134 690
134 691
134 692
134 693
134 694
134 695
134 696
134 697
134 698
134 727
134 728
134 729
134 730
134 731
134 732
134 733
134 734
134 735
134 736
134 737
134 738
134 744
134 804
134 809
134 1247
134 1248
134 1249
134 1250
134 1251
134 1252
134 1273
134 1274
134 1275
134 1276
135 149
135 170
135 407
135 412
135 448
135 449
135 464
135 469
135 485
135 486
135 487
135 496
135 497
135 498
135 519
135 520
135 528
135 532
135 539
135 654
135 658
135 666
135 667
135 668
135 669
135 699
135 700
135 701
135 702
135 703
135 704
135 705
135 706
135 707
135 708
135 709
135 710
135 711
135 712
135 713
135 714
135 715
135 716
135 717
135 718
135 719
135 720
135 721
135 722
135 723
135 724
135 725
135 726
135 739
135 744
135 804
135 809
135 1244
135 1245
135 1246
135 1277
135 1278
135 1279
136 149
136 170
136 407
136 412
136 449
136 450
136 451
136 452
136 453
136 454
136 455
136 456
136 457
136 458
136 459
136 460
136 464
136 470
136 471
136 472
136 473
136 474
136 475
136 476
136 488
136 489
136 490
136 493
136 499
136 500
136 501
136 521
136 522
136 523
136 528
136 533
136 534
136 539
136 605
136 606
136 607
136 608
136 654
136 658
136 665
136 669
136 739
136 744
136 804
136 809
136 1242
136 1243
137 149
137 170
137 407
137 412
137 461
137 462
137 464
137 470
137 476
137 477
137 478
137 479
137 480
137 481
137 493
137 502
137 503
137 504
137 505
137 524
137 525
137 526
137 531
137 539
137 600
137 601
137 602
137 603
137 604
137 609
137 654
137 658
137 665
137 669
137 739
137 744
137 804
137 809
137 1241
137 1242
138 149
138 171
138 334
138 407
138 412
138 462
138 464
138 469
138 482
138 483
138 490
138 494
138 495
138 506
138 507
138 508
138 527
138 528
138 531
138 534
138 539
138 599
138 610
138 639
138 640
138 641
138 642
138 643
138 644
138 645
138 646
138 647
138 654
138 658
138 665
138 669
138 739
138 744
138 804
138 809
138 1240
138 1241
139 149
139 171
139 333
139 335
139 407
139 412
139 465
139 469
139 484
139 490
139 496
139 497
139 498
139 509
139 510
139 511
139 522
139 523
139 528
139 532
139 540
139 598
139 610
139 620
139 621
139 622
139 623
139 624
139 625
139 626
139 627
139 628
139 629
139 630
139 631
139 632
139 633
139 634
139 635
139 636
139 637
139 638
139 648
139 654
139 658
139 665
139 669
139 739
139 744
139 804
139 809
139 1239
139 1240
140 149
140 171
140 332
140 335
140 407
140 412
140 465
140 469
140 485
140 490
140 491
140 499
140 500
140 512
140 513
140 514
140 521
140 524
140 528
140 533
140 534
140 541
140 542
140 598
140 600
140 601
140 602
140 603
140 604
140 605
140 606
140 607
140 608
140 611
140 612
140 613
140 614
140 615
140 616
140 617
140 618
140 619
140 648
140 653
140 659
140 665
140 669
140 739
140 744
140 804
140 809
140 1239
141 149
141 171
141 331
141 337
141 338
141 407
141 412
141 464
141 469
141 485
141 486
141 490
141 501
141 502
141 503
141 515
141 516
141 517
141 518
141 524
141 528
141 531
141 539
141 543
141 544
141 589
141 590
141 591
141 592
141 593
141 594
141 595
141 596
141 597
141 598
141 648
141 653
141 659
141 665
141 669
141 739
141 744
141 804
141 809
141 1238
142 149
142 171
142 330
142 332
142 336
142 339
142 407
142 412
142 464
142 469
142 486
142 487
142 488
142 489
142 490
142 504
142 505
142 506
142 507
142 519
142 520
142 524
142 528
142 531
142 534
142 540
142 545
142 546
142 547
142 588
142 648
142 653
142 659
142 665
142 669
142 739
142 744
142 804
142 809
142 1238
143 149
143 171
143 329
143 332
143 335
143 339
143 407
143 412
143 464
143 469
143 508
143 509
143 520
143 525
143 528
143 531
143 534
143 541
143 542
143 587
143 649
143 653
143 659
143 665
143 669
143 739
143 744
143 804
143 809
143 1237
144 149
144 171
144 329
144 332
144 335
144 339
144 407
144 412
144 464
144 469
144 501
144 502
144 503
144 510
144 511
144 512
144 520
144 526
144 531
144 534
144 539
144 543
144 544
144 545
144 546
144 547
144 565
144 566
144 567
144 568
144 569
144 570
144 571
144 572
144 573
144 574
144 575
144 576
144 588
144 649
144 653
144 659
144 665
144 669
144 739
144 744
144 804
144 809
144 1236
144 1237
145 149
145 171
145 329
145 332
145 335
145 339
145 407
145 412
145 464
145 469
145 504
145 505
145 506
145 513
145 514
145 515
145 516
145 520
145 524
145 527
145 531
145 534
145 539
145 565
145 577
145 578
145 579
145 580
145 581
145 582
145 583
145 584
145 585
145 586
145 649
145 652
145 653
145 659
145 662
145 663
145 664
145 665
145 670
145 739
145 744
145 804
145 809
145 1062
145 1063
145 1064
145 1065
145 1235
145 1236
146 149
146 171
146 329
146 332
146 335
146 339
146 407
146 412
146 464
146 469
146 507
146 508
146 517
146 518
146 519
146 520
146 524
146 527
146 528
146 531
146 534
146 539
146 565
146 649
146 651
146 659
146 661
146 670
146 671
146 672
146 673
146 674
146 739
146 744
146 803
146 809
146 1055
146 1056
146 1057
146 1058
146 1059
146 1060
146 1061
146 1066
146 1067
146 1233
146 1234
147 149
147 171
147 329
147 332
147 335
147 339
147 407
147 412
147 464
147 469
147 508
147 509
147 525
147 531
147 534
147 539
147 566
147 675
147 676
147 677
147 739
147 744
147 771
147 772
147 773
147 774
147 803
147 809
147 1053
147 1054
147 1067
147 1088
147 1231
147 1232
148 149
148 171
148 329
148 332
148 335
148 339
148 407
148 412
148 464
148 469
148 510
148 511
148 520
148 526
148 527
148 531
148 534
148 539
148 678
148 679
148 739
148 744
148 769
148 770
148 775
148 803
148 809
148 979
148 980
148 981
148 982
148 983
148 984
148 985
148 986
148 987
148 988
148 989
148 990
148 991
148 992
148 993
148 994
148 995
148 996
148 997
148 998
148 999
148 1000
148 1001
148 1002
148 1003
148 1004
148 1005
148 1006
148 1007
148 1008
148 1009
148 1010
148 1011
148 1012
148 1013
148 1014
148 1052
148 1053
148 1068
148 1069
148 1070
148 1071
148 1072
148 1073
148 1074
148 1075
148 1086
148 1087
148 1089
148 1090
148 1091
148 1231
149 149
149 171
149 329
149 332
149 335
149 339
149 407
149 412
149 464
149 469
149 511
149 520
149 524
149 531
149 534
149 539
149 564
149 565
149 566
149 680
149 733
149 734
149 735
149 736
149 737
149 739
149 744
149 769
149 775
149 803
149 809
149 974
149 975
149 976
149 977
149 978
149 1015
149 1016
149 1017
149 1018
149 1019
149 1020
149 1021
149 1022
149 1023
149 1024
149 1025
149 1026
149 1027
149 1028
149 1029
149 1030
149 1031
149 1032
149 1033
149 1034
149 1035
149 1036
149 1037
149 1038
149 1039
149 1040
149 1041
149 1042
149 1043
149 1044
149 1045
149 1046
149 1047
149 1048
149 1049
149 1050
149 1051
149 1052
149 1076
149 1077
149 1078
149 1079
149 1080
149 1081
149 1082
149 1083
149 1084
149 1085
149 1086
149 1092
149 1093
149 1230
150 149
150 171
150 330
150 331
150 332
150 335
150 339
150 407
150 412
150 464
150 469
150 511
150 520
150 524
150 527
150 532
150 534
150 539
150 561
150 562
150 563
150 567
150 680
150 732
150 738
150 739
150 745
150 749
150 750
150 751
150 752
150 753
150 768
150 776
150 803
150 809
150 831
150 832
150 833
150 834
150 835
150 836
150 837
150 843
150 844
150 845
150 846
150 847
150 972
150 973
150 1093
150 1094
150 1095
150 1096
150 1097
150 1098
150 1099
150 1100
150 1101
150 1102
150 1103
150 1104
150 1105
150 1106
150 1107
150 1108
150 1109
150 1110
150 1111
150 1112
150 1113
150 1114
150 1115
150 1116
150 1117
150 1118
150 1119
150 1120
150 1121
150 1122
150 1123
150 1124
150 1125
150 1126
150 1230
151 149
151 171
151 336
151 337
151 338
151 339
151 407
151 412
151 464
151 469
151 511
151 520
151 524
151 527
151 532
151 533
151 534
151 539
151 560
151 567
151 680
151 731
151 746
151 747
151 748
151 754
151 755
151 767
151 768
151 776
151 803
151 809
151 829
151 830
151 838
151 842
151 847
151 863
151 864
151 865
151 866
151 867
151 908
151 909
151 910
151 972
151 1127
151 1128
151 1230
152 149
152 171
152 332
152 407
152 412
152 464
152 469
152 512
152 520
152 524
152 527
152 539
152 559
152 564
152 567
152 613
152 614
152 615
152 680
152 731
152 739
152 744
152 746
152 756
152 757
152 758
152 759
152 766
152 767
152 777
152 803
152 809
152 828
152 829
152 839
152 840
152 841
152 848
152 861
152 862
152 868
152 869
152 881
152 882
152 883
152 884
152 885
152 886
152 906
152 907
152 911
152 916
152 917
152 918
152 919
152 971
152 1128
152 1129
152 1230
153 149
153 171
153 332
153 335
153 407
153 412
153 464
153 469
153 512
153 513
153 520
153 524
153 527
153 539
153 559
153 564
153 567
153 612
153 616
153 680
153 731
153 739
153 744
153 746
153 758
153 759
153 760
153 765
153 766
153 777
153 778
153 803
153 809
153 827
153 828
153 848
153 849
153 859
153 860
153 870
153 876
153 877
153 878
153 879
153 880
153 887
153 888
153 889
153 905
153 906
153 912
153 914
153 915
153 920
153 928
153 929
153 971
153 1005
153 1006
153 1007
153 1008
153 1009
153 1010
153 1129
153 1130
153 1230
154 149
154 171
154 332
154 336
154 337
154 407
154 412
154 464
154 469
154 514
154 515
154 520
154 524
154 527
154 539
154 559
154 564
154 567
154 611
154 616
154 680
154 681
154 683
154 684
154 692
154 729
154 730
154 731
154 739
154 746
154 760
154 761
154 765
154 778
154 803
154 809
154 827
154 850
154 851
154 858
154 859
154 871
154 872
154 873
154 874
154 875
154 890
154 891
154 900
154 901
154 902
154 903
154 904
154 912
154 913
154 914
154 921
154 926
154 927
154 930
154 931
154 932
154 939
154 963
154 964
154 965
154 966
154 967
154 968
154 969
154 970
154 1003
154 1004
154 1011
154 1012
154 1130
154 1131
154 1230
155 149
155 171
155 332
155 335
155 338
155 339
155 407
155 412
155 464
155 469
155 516
155 517
155 520
155 524
155 527
155 539
155 559
155 564
155 567
155 581
155 582
155 583
155 584
155 585
155 586
155 587
155 588
155 589
155 590
155 591
155 592
155 611
155 616
155 680
155 685
155 686
155 687
155 688
155 689
155 690
155 691
155 693
155 694
155 705
155 706
155 707
155 727
155 728
155 739
155 745
155 761
155 762
155 764
155 779
155 780
155 781
155 782
155 803
155 809
155 826
155 851
155 852
155 856
155 857
155 892
155 893
155 894
155 895
155 896
155 897
155 898
155 899
155 922
155 923
155 924
155 925
155 933
155 934
155 937
155 938
155 940
155 941
155 942
155 943
155 944
155 945
155 946
155 949
155 950
155 951
155 952
155 953
155 954
155 955
155 956
155 957
155 958
155 959
155 960
155 961
155 962
155 1003
155 1012
155 1132
155 1133
155 1172
155 1173
155 1174
155 1175
155 1176
155 1177
155 1178
155 1179
155 1180
155 1181
155 1182
155 1183
155 1201
155 1202
155 1203
155 1204
155 1205
155 1206
155 1207
155 1231
156 149
156 171
156 332
156 334
156 340
156 341
156 407
156 412
156 464
156 469
156 518
156 520
156 524
156 527
156 539
156 551
156 559
156 564
156 568
156 578
156 579
156 580
156 593
156 594
156 595
156 596
156 597
156 598
156 599
156 611
156 616
156 680
156 694
156 702
156 703
156 704
156 708
156 712
156 713
156 714
156 715
156 727
156 739
156 745
156 762
156 783
156 803
156 809
156 825
156 826
156 852
156 856
156 934
156 935
156 936
156 947
156 948
156 1002
156 1013
156 1094
156 1095
156 1096
156 1097
156 1098
156 1099
156 1133
156 1134
156 1164
156 1165
156 1166
156 1167
156 1168
156 1169
156 1170
156 1171
156 1184
156 1185
156 1186
156 1187
156 1188
156 1189
156 1190
156 1191
156 1192
156 1193
156 1194
156 1195
156 1196
156 1197
156 1198
156 1199
156 1200
156 1208
156 1209
156 1210
156 1211
156 1212
156 1220
156 1221
156 1222
156 1223
156 1224
156 1225
156 1226
156 1227
156 1228
156 1229
157 149
157 171
157 332
157 334
157 341
157 407
157 412
157 464
157 469
157 520
157 524
157 527
157 533
157 534
157 535
157 540
157 541
157 542
157 543
157 544
157 545
157 546
157 547
157 548
157 549
157 550
157 552
157 559
157 564
157 568
157 572
157 573
157 574
157 575
157 576
157 577
157 600
157 601
157 602
157 603
157 611
157 616
157 680
157 695
157 700
157 701
157 708
157 711
157 715
157 726
157 739
157 744
157 763
157 784
157 803
157 809
157 823
157 824
157 853
157 854
157 855
157 1000
157 1001
157 1013
157 1014
157 1093
157 1094
157 1100
157 1101
157 1102
157 1134
157 1135
157 1155
157 1156
157 1157
157 1158
157 1159
157 1160
157 1161
157 1162
157 1163
157 1213
157 1214
157 1215
157 1216
157 1217
157 1218
157 1219
158 149
158 171
158 332
158 334
158 341
158 407
158 412
158 463
158 469
158 525
158 526
158 527
158 533
158 535
158 540
158 549
158 553
158 554
158 555
158 556
158 557
158 558
158 560
158 561
158 562
158 563
158 570
158 571
158 604
158 605
158 606
158 607
158 608
158 611
158 616
158 679
158 695
158 696
158 700
158 708
158 716
158 717
158 718
158 723
158 724
158 725
158 726
158 739
158 744
158 763
158 784
158 803
158 809
158 822
158 853
158 855
158 948
158 1000
158 1014
158 1093
158 1103
158 1104
158 1135
158 1136
158 1142
158 1143
158 1144
158 1145
158 1146
158 1147
158 1148
158 1149
158 1150
158 1151
158 1152
158 1153
158 1154
159 149
159 171
159 331
159 334
159 341
159 407
159 412
159 463
159 469
159 520
159 525
159 527
159 533
159 535
159 539
159 549
159 553
159 564
159 569
159 598
159 600
159 609
159 610
159 611
159 612
159 616
159 623
159 624
159 625
159 626
159 627
159 628
159 679
159 696
159 697
159 699
159 708
159 719
159 722
159 739
159 744
159 784
159 803
159 809
159 820
159 821
159 822
159 853
159 855
159 948
159 997
159 998
159 999
159 1015
159 1073
159 1074
159 1075
159 1076
159 1077
159 1078
159 1079
159 1080
159 1092
159 1104
159 1136
159 1140
159 1141
160 149
160 171
160 331
160 334
160 341
160 407
160 412
160 463
160 469
160 520
160 524
160 527
160 533
160 535
160 539
160 549
160 552
160 564
160 568
160 597
160 600
160 613
160 614
160 615
160 617
160 618
160 619
160 620
160 621
160 622
160 629
160 630
160 669
160 679
160 697
160 698
160 699
160 709
160 710
160 720
160 721
160 739
160 744
160 784
160 800
160 801
160 802
160 803
160 809
160 819
160 820
160 948
160 994
160 995
160 996
160 1015
160 1072
160 1081
160 1090
160 1091
160 1104
160 1136
160 1139
160 1140
161 149
161 171
161 331
161 334
161 341
161 407
161 412
161 463
161 469
161 520
161 524
161 527
161 533
161 535
161 539
161 549
161 552
161 564
161 568
161 597
161 600
161 631
161 660
161 661
161 662
161 663
161 664
161 665
161 666
161 667
161 668
161 670
161 671
161 679
161 739
161 744
161 788
161 789
161 790
161 791
161 792
161 793
161 794
161 795
161 796
161 797
161 798
161 799
161 809
161 819
161 948
161 993
161 1015
161 1071
161 1081
161 1089
161 1104
161 1136
161 1139
162 149
162 171
162 331
162 334
162 341
162 407
162 412
162 463
162 469
162 520
162 524
162 527
162 533
162 535
162 539
162 549
162 552
162 564
162 568
162 597
162 600
162 614
162 631
162 648
162 649
162 650
162 651
162 657
162 658
162 659
162 671
162 678
162 679
162 739
162 744
162 782
162 783
162 784
162 785
162 786
162 787
162 803
162 809
162 818
162 948
162 992
162 1015
162 1071
162 1081
162 1088
162 1104
162 1125
162 1126
162 1127
162 1136
162 1137
163 115
163 116
163 117
163 118
163 119
163 120
163 133
163 134
163 135
163 149
163 171
163 331
163 334
163 341
163 407
163 412
163 463
163 469
163 520
163 523
163 527
163 533
163 535
163 539
163 549
163 552
163 564
163 568
163 597
163 600
163 614
163 631
163 647
163 652
163 653
163 654
163 655
163 656
163 672
163 673
163 674
163 675
163 676
163 677
163 739
163 744
163 780
163 781
163 803
163 809
163 817
163 818
163 820
163 949
163 992
163 1015
163 1071
163 1081
163 1088
163 1104
163 1105
163 1106
163 1107
163 1108
163 1109
163 1110
163 1111
163 1123
163 1124
163 1128
163 1129
163 1136
164 99
164 100
164 101
164 102
164 103
164 104
164 105
164 106
164 107
164 108
164 109
164 110
164 111
164 112
164 113
164 114
164 121
164 131
164 132
164 135
164 149
164 171
164 331
164 335
164 337
164 338
164 339
164 340
164 407
164 413
164 414
164 415
164 416
164 417
164 418
164 463
164 469
164 520
164 523
164 527
164 533
164 535
164 539
164 549
164 552
164 564
164 568
164 597
164 600
164 614
164 631
164 647
164 739
164 744
164 778
164 779
164 803
164 809
164 816
164 817
164 950
164 951
164 952
164 992
164 1015
164 1071
164 1081
164 1089
164 1112
164 1113
164 1121
164 1122
164 1129
164 1130
164 1134
164 1135
165 93
165 94
165 95
165 96
165 97
165 98
165 121
165 130
165 135
165 149
165 171
165 331
165 336
165 407
165 412
165 419
165 463
165 469
165 513
165 514
165 515
165 516
165 517
165 518
165 519
165 520
165 523
165 527
165 533
165 535
165 539
165 549
165 552
165 564
165 568
165 579
165 597
165 600
165 614
165 631
165 647
165 739
165 744
165 775
165 776
165 777
165 803
165 809
165 815
165 818
165 953
165 954
165 990
165 991
165 992
165 1015
165 1071
165 1081
165 1089
165 1113
165 1114
165 1120
165 1121
165 1131
165 1132
165 1133
165 1134
166 91
166 92
166 121
166 129
166 135
166 149
166 171
166 331
166 335
166 407
166 411
166 419
166 463
166 469
166 512
166 520
166 523
166 527
166 533
166 535
166 539
166 549
166 552
166 565
166 568
166 573
166 574
166 575
166 576
166 577
166 578
166 580
166 597
166 600
166 614
166 630
166 647
166 739
166 744
166 774
166 803
166 810
166 811
166 812
166 813
166 814
166 816
166 954
166 983
166 984
166 985
166 986
166 987
166 988
166 989
166 1015
166 1070
166 1071
166 1081
166 1082
166 1083
166 1084
166 1089
166 1114
166 1120
167 88
167 89
167 90
167 121
167 129
167 134
167 149
167 171
167 331
167 335
167 407
167 412
167 420
167 463
167 469
167 506
167 507
167 508
167 509
167 510
167 511
167 512
167 520
167 523
167 527
167 533
167 535
167 549
167 552
167 565
167 568
167 571
167 572
167 575
167 580
167 597
167 600
167 614
167 616
167 630
167 647
167 739
167 744
167 773
167 803
167 813
167 954
167 981
167 982
167 1015
167 1041
167 1042
167 1043
167 1044
167 1045
167 1046
167 1047
167 1048
167 1049
167 1050
167 1051
167 1052
167 1053
167 1054
167 1069
167 1070
167 1085
167 1086
167 1089
167 1114
167 1119
168 86
168 87
168 121
168 129
168 133
168 149
168 171
168 331
168 335
168 407
168 413
168 414
168 420
168 463
168 469
168 504
168 505
168 513
168 520
168 523
168 527
168 549
168 552
168 565
168 568
168 571
168 575
168 580
168 597
168 600
168 613
168 616
168 630
168 636
168 637
168 638
168 639
168 647
168 739
168 744
168 773
168 803
168 809
168 954
168 979
168 980
168 1015
168 1039
168 1040
168 1055
168 1056
168 1057
168 1058
168 1059
168 1068
168 1069
168 1086
168 1087
168 1089
168 1114
168 1115
168 1116
168 1117
168 1118
168 1119
169 85
169 86
169 120
169 128
169 133
169 149
169 171
169 331
169 335
169 407
169 414
169 421
169 463
169 469
169 504
169 513
169 514
169 520
169 523
169 527
169 533
169 534
169 538
169 539
169 540
169 541
169 549
169 552
169 565
169 568
169 571
169 575
169 578
169 579
169 580
169 597
169 600
169 613
169 616
169 630
169 631
169 633
169 635
169 636
169 639
169 640
169 647
169 739
169 744
169 773
169 803
169 809
169 812
169 954
169 979
169 1015
169 1037
169 1038
169 1060
169 1061
169 1062
169 1063
169 1067
169 1068
169 1087
169 1088
169 1089
170 84
170 120
170 128
170 133
170 149
170 171
170 331
170 335
170 407
170 412
170 421
170 463
170 469
170 503
170 514
170 520
170 523
170 526
170 527
170 528
170 533
170 537
170 541
170 549
170 552
170 565
170 568
170 571
170 575
170 579
170 597
170 600
170 613
170 616
170 632
170 634
170 641
170 647
170 739
170 744
170 773
170 803
170 809
170 812
170 954
170 978
170 1015
170 1036
170 1064
170 1067
171 83
171 120
171 128
171 133
171 148
171 171
171 331
171 335
171 407
171 411
171 421
171 463
171 469
171 503
171 514
171 520
171 523
171 526
171 528
171 532
171 537
171 541
171 549
171 552
171 565
171 568
171 572
171 578
171 597
171 600
171 613
171 616
171 632
171 634
171 641
171 647
171 739
171 744
171 772
171 803
171 809
171 812
171 954
171 979
171 1014
171 1035
171 1065
171 1066
172 83
172 120
172 128
172 133
172 148
172 171
172 331
172 335
172 407
172 411
172 422
172 463
172 469
172 503
172 515
172 520
172 523
172 526
172 532
172 537
172 541
172 549
172 552
172 565
172 568
172 573
172 578
172 597
172 600
172 613
172 616
172 642
172 647
172 739
172 744
172 772
172 803
172 809
172 812
172 954
172 980
172 981
172 1014
172 1032
172 1033
172 1034
173 83
173 120
173 128
173 132
173 148
173 171
173 192
173 193
173 194
173 195
173 231
173 232
173 233
173 253
173 254
173 331
173 335
173 361
173 373
173 407
173 412
173 414
173 415
173 416
173 417
173 418
173 419
173 420
173 463
173 469
173 502
173 515
173 520
173 523
173 525
173 532
173 537
173 541
173 549
173 552
173 565
173 568
173 578
173 597
173 600
173 613
173 616
173 642
173 647
173 739
173 744
173 772
173 803
173 809
173 812
173 955
173 961
173 962
173 963
173 964
173 965
173 966
173 967
173 968
173 969
173 970
173 971
173 972
173 973
173 974
173 975
173 976
173 977
173 981
173 982
173 983
173 984
173 985
173 986
173 987
173 988
173 989
173 1014
173 1030
173 1031
174 82
174 83
174 119
174 128
174 132
174 148
174 171
174 191
174 195
174 230
174 234
174 252
174 255
174 277
174 278
174 279
174 331
174 335
174 345
174 346
174 347
174 360
174 362
174 372
174 374
174 375
174 407
174 413
174 443
174 444
174 445
174 463
174 469
174 502
174 516
174 520
174 524
174 525
174 527
174 532
174 537
174 541
174 549
174 552
174 565
174 568
174 575
174 578
174 597
174 600
174 613
174 616
174 642
174 647
174 739
174 744
174 772
174 803
174 809
174 812
174 955
174 956
174 957
174 958
174 959
174 960
174 978
174 979
174 980
174 989
174 1015
174 1016
174 1017
174 1018
174 1019
174 1020
174 1027
174 1028
174 1029
175 81
175 82
175 119
175 128
175 132
175 148
175 171
175 190
175 195
175 229
175 234
175 251
175 255
175 276
175 280
175 315
175 331
175 335
175 344
175 348
175 359
175 362
175 371
175 376
175 407
175 412
175 442
175 446
175 463
175 469
175 502
175 516
175 521
175 523
175 524
175 527
175 532
175 537
175 542
175 549
175 552
175 565
175 569
175 575
175 578
175 597
175 600
175 613
175 616
175 630
175 642
175 647
175 739
175 803
175 809
176 75
176 81
176 119
176 127
176 132
176 148
176 171
176 190
176 195
176 229
176 234
176 251
176 255
176 275
176 280
176 314
176 316
176 331
176 335
176 343
176 348
176 359
176 362
176 371
176 376
176 407
176 412
176 442
176 446
176 463
176 469
176 502
176 516
176 521
176 527
176 532
176 537
176 542
176 549
176 552
176 565
176 569
176 575
176 578
176 597
176 600
176 613
176 616
176 629
176 631
176 632
176 633
176 634
176 635
176 636
176 637
176 638
176 639
176 640
176 641
176 647
176 803
176 809
177 74
177 76
177 77
177 78
177 79
177 80
177 118
177 127
177 131
177 148
177 171
177 190
177 195
177 228
177 235
177 251
177 255
177 275
177 280
177 313
177 316
177 331
177 335
177 343
177 348
177 359
177 362
177 371
177 376
177 391
177 392
177 407
177 412
177 442
177 446
177 463
177 469
177 502
177 516
177 521
177 527
177 532
177 537
177 542
177 549
177 552
177 565
177 569
177 575
177 578
177 581
177 582
177 583
177 597
177 600
177 613
177 616
177 628
177 802
177 803
177 804
177 805
177 806
177 807
177 808
177 809
177 810
178 57
178 58
178 59
178 60
178 61
178 62
178 63
178 73
178 118
178 127
178 131
178 148
178 171
178 190
178 195
178 228
178 236
178 251
178 255
178 275
178 280
178 313
178 316
178 331
178 335
178 343
178 348
178 359
178 362
178 371
178 376
178 390
178 393
178 407
178 412
178 442
178 446
178 463
178 469
178 501
178 516
178 521
178 527
178 532
178 537
178 575
178 580
178 584
178 597
178 600
178 613
178 616
178 628
179 55
179 56
179 63
179 73
179 118
179 127
179 131
179 148
179 171
179 190
179 195
179 228
179 236
179 251
179 255
179 275
179 280
179 313
179 316
179 331
179 335
179 343
179 348
179 359
179 362
179 371
179 376
179 389
179 393
179 407
179 412
179 442
179 446
179 463
179 469
179 501
179 516
179 521
179 527
179 532
179 575
179 580
179 584
179 597
179 600
179 613
179 616
179 639
179 640
179 641
179 642
179 643
179 644
179 645
179 646
180 54
180 63
180 73
180 118
180 127
180 131
180 148
180 171
180 190
180 195
180 227
180 236
180 251
180 255
180 275
180 280
180 313
180 316
180 331
180 336
180 343
180 348
180 359
180 362
180 371
180 376
180 389
180 393
180 407
180 412
180 442
180 446
180 463
180 469
180 501
180 516
180 521
180 527
180 575
180 580
180 584
180 618
180 619
180 620
180 624
180 625
180 627
180 628
180 629
180 630
180 631
180 632
180 633
180 634
180 635
180 636
180 637
180 638
181 18
181 19
181 20
181 21
181 22
181 23
181 24
181 25
181 26
181 27
181 28
181 29
181 30
181 31
181 32
181 33
181 34
181 35
181 36
181 37
181 38
181 39
181 40
181 41
181 53
181 63
181 73
181 117
181 126
181 130
181 148
181 171
181 190
181 195
181 227
181 236
181 251
181 255
181 275
181 280
181 313
181 316
181 331
181 337
181 343
181 348
181 359
181 362
181 371
181 376
181 389
181 393
181 407
181 412
181 442
181 447
181 463
181 469
181 517
181 518
181 519
181 521
181 574
181 575
181 580
181 615
181 622
181 623
181 636
182 16
182 17
182 42
182 53
182 64
182 73
182 117
182 126
182 130
182 148
182 171
182 190
182 195
182 226
182 236
182 251
182 255
182 275
182 280
182 313
182 316
182 331
182 337
182 343
182 348
182 359
182 362
182 371
182 376
182 389
182 393
182 407
182 412
182 463
182 469
182 612
182 613
182 614
182 616
182 617
182 618
182 619
182 620
182 621
182 643
183 15
183 16
183 42
183 52
183 64
183 73
183 117
183 126
183 130
183 148
183 171
183 190
183 195
183 226
183 236
183 251
183 255
183 275
183 280
183 313
183 316
183 331
183 337
183 343
183 348
183 359
183 362
183 371
183 376
183 389
183 393
183 407
183 412
183 463
183 469
183 613
183 644
184 13
184 14
184 42
184 52
184 64
184 73
184 117
184 126
184 130
184 148
184 171
184 190
184 195
184 226
184 237
184 251
184 255
184 275
184 280
184 313
184 316
184 331
184 337
184 343
184 349
184 358
184 362
184 371
184 375
184 389
184 393
184 407
184 461
184 462
184 463
184 470
184 644
185 12
185 13
185 42
185 52
185 64
185 73
185 95
185 96
185 97
185 98
185 99
185 100
185 101
185 102
185 103
185 104
185 105
185 106
185 107
185 108
185 109
185 110
185 111
185 112
185 113
185 114
185 115
185 116
185 119
185 120
185 121
185 122
185 123
185 124
185 125
185 127
185 128
185 129
185 132
185 133
185 134
185 135
185 136
185 137
185 138
185 139
185 140
185 141
185 142
185 143
185 144
185 145
185 146
185 147
185 148
185 171
185 190
185 195
185 225
185 237
185 251
185 255
185 275
185 280
185 313
185 317
185 331
185 337
185 343
185 349
185 358
185 362
185 371
185 375
185 389
185 393
185 463
185 470
185 612
185 644
186 12
186 42
186 52
186 64
186 73
186 89
186 90
186 91
186 92
186 93
186 94
186 148
186 171
186 190
186 195
186 225
186 237
186 251
186 255
186 274
186 279
186 313
186 317
186 331
186 337
186 343
186 349
186 358
186 362
186 463
186 469
186 612
186 645
187 11
187 42
187 52
187 64
187 73
187 87
187 88
187 148
187 171
187 190
187 195
187 225
187 237
187 251
187 255
187 274
187 279
187 312
187 317
187 331
187 463
187 469
187 611
187 645
188 0
188 11
188 41
188 52
188 64
188 73
188 86
188 87
188 148
188 171
188 190
188 195
188 224
188 237
188 251
188 256
188 274
188 279
188 312
188 317
188 331
188 337
188 397
188 463
188 469
188 528
188 611
188 646
189 1
189 2
189 10
189 41
189 51
189 64
189 73
189 84
189 85
189 148
189 171
189 191
189 196
189 224
189 230
189 237
189 251
189 256
189 274
189 279
189 312
189 317
189 331
189 337
189 463
189 470
189 471
189 472
189 473
189 474
189 475
189 476
189 477
189 478
189 479
189 480
189 481
189 482
189 483
189 484
189 485
189 577
189 580
189 581
189 582
189 583
189 584
189 605
189 606
189 610
189 646
189 647
189 648
189 649
190 2
190 3
190 10
190 41
190 51
190 64
190 73
190 83
190 84
190 148
190 171
190 191
190 196
190 223
190 229
190 231
190 237
190 251
190 256
190 274
190 279
190 330
190 331
190 461
190 462
190 464
190 465
190 466
190 467
190 468
190 469
190 486
190 487
190 488
190 489
190 490
190 491
190 492
190 493
190 494
190 495
190 496
190 497
190 498
190 499
190 604
190 607
190 608
190 609
190 610
190 650
191 3
191 4
191 5
191 9
191 41
191 51
191 64
191 73
191 82
191 83
191 148
191 171
191 191
191 196
191 229
191 231
191 237
191 256
191 274
191 279
191 331
191 454
191 455
191 456
191 457
191 458
191 459
191 460
191 500
191 501
191 502
191 603
191 651
192 6
192 7
192 8
192 9
192 41
192 51
192 64
192 73
192 80
192 81
192 148
192 171
192 191
192 196
192 229
192 231
192 238
192 274
192 279
192 331
192 337
192 448
192 449
192 450
192 451
192 452
192 453
192 503
192 504
192 603
192 651
193 41
193 51
193 65
193 73
193 79
193 80
193 148
193 171
193 191
193 196
193 229
193 231
193 250
193 251
193 252
193 331
193 337
193 344
193 345
193 346
193 347
193 348
193 349
193 445
193 446
193 447
193 504
193 602
193 651
194 8
194 41
194 50
194 65
194 72
194 78
194 79
194 148
194 171
194 191
194 196
194 229
194 230
194 231
194 252
194 256
194 331
194 337
194 443
194 444
194 505
194 603
194 651
194 1278
194 1279
195 8
195 9
195 41
195 50
195 65
195 72
195 76
195 77
195 148
195 171
195 191
195 196
195 231
195 238
195 252
195 256
195 331
195 337
195 442
195 443
195 506
195 507
195 603
195 604
195 650
195 651
196 10
196 11
196 41
196 50
196 65
196 72
196 75
196 76
196 148
196 190
196 191
196 197
196 231
196 238
196 252
196 256
196 331
196 337
196 441
196 442
196 507
196 604
196 605
196 606
196 648
196 649
197 11
197 12
197 41
197 50
197 65
197 73
197 75
197 148
197 191
197 197
197 231
197 238
197 331
197 337
197 440
197 441
197 508
197 607
197 648
198 13
198 14
198 40
198 50
198 65
198 148
198 171
198 191
198 196
198 337
198 439
198 440
198 508
198 607
198 647
199 15
199 16
199 40
199 50
199 65
199 71
199 72
199 148
199 171
199 438
199 439
199 509
199 607
199 647
200 16
200 17
200 40
200 49
200 65
200 68
200 69
200 70
200 148
200 171
200 437
200 509
200 510
200 607
200 647
201 18
201 19
201 40
201 49
201 65
201 148
201 171
201 436
201 510
201 607
201 647
202 19
202 20
202 40
202 49
202 61
202 62
202 63
202 64
202 65
202 148
202 171
202 435
202 436
202 511
202 607
202 647
203 21
203 22
203 40
203 49
203 54
203 55
203 56
203 57
203 58
203 59
203 60
203 148
203 171
203 434
203 435
203 511
203 607
203 647
204 23
204 24
204 25
204 40
204 46
204 47
204 48
204 50
204 51
204 52
204 53
204 148
204 171
204 433
204 434
204 512
204 607
204 647
205 26
205 27
205 41
205 42
205 43
205 44
205 45
205 148
205 171
205 432
205 433
205 512
205 607
205 647
206 28
206 29
206 40
206 148
206 171
206 425
206 426
206 427
206 428
206 429
206 430
206 431
206 432
206 513
207 30
207 31
207 40
207 148
207 171
207 424
207 513
208 31
208 32
208 39
208 148
208 171
208 423
208 514
209 32
209 33
209 39
209 148
209 171
209 423
209 514
210 34
210 35
210 39
210 148
210 423
210 514
211 36
211 37
211 39
211 148
211 423
211 514
212 37
212 38
212 424
212 514
213 38
213 40
213 424
213 514
214 38
214 40
214 425
214 515
215 425
215 515
216 39
216 424
216 425
216 515
217 40
217 422
217 423
217 515
218 40
218 421
218 422
218 515
219 40
219 419
219 420
219 515
220 40
220 418
220 419
220 515
221 40
221 416
221 417
221 515
222 415
222 416
222 515
223 415
223 515
224 414
224 516
225 414
225 516
226 413
226 516
227 413
227 516
228 413
228 516
229 413
230 413
231 413
232 0
232 413
238 1211
238 1212
238 1213
238 1214
238 1215
238 1216
238 1217
238 1218
238 1219
238 1220
238 1221
238 1222
238 1223
238 1224
238 1225
238 1226
238 1227
238 1228
238 1229
238 1230
238 1231
238 1232
238 1233
238 1234
239 1210
239 1235
239 1236
240 1209
240 1236
241 1209
241 1237
242 1209
242 1237
242 1238
243 1209
243 1238
244 1209
244 1239
245 1208
245 1239
245 1240
246 1208
246 1240
247 1199
247 1200
247 1201
247 1202
247 1203
247 1204
247 1205
247 1206
247 1207
247 1208
247 1241
248 1197
248 1198
248 1242
248 1243
248 1244
248 1245
248 1246
248 1247
249 1196
249 1197
249 1248
249 1249
249 1250
249 1251
250 1195
250 1196
250 1252
250 1253
250 1254
250 1255
250 1256
251 1194
251 1195
251 1257
251 1258
251 1259
251 1260
251 1261
252 1193
252 1194
252 1262
252 1263
252 1264
252 1265
253 1192
253 1193
253 1266
253 1267
253 1268
254 1192
254 1269
255 1191
255 1269
256 1191
256 1269
257 1191
257 1269
258 1191
258 1269
259 1191
259 1269
260 1191
260 1269
261 1191
261 1269
262 1191
262 1269
263 1191
263 1269
264 1191
264 1269
265 1191
265 1269
266 1191
266 1269
267 1191
267 1269
268 1191
268 1269
269 1191
269 1268
270 1191
270 1268
271 1191
271 1268
272 1190
272 1268
273 1190
273 1268
274 1190
274 1268
275 1190
275 1268
276 1190
276 1268
277 1190
277 1268
278 1190
278 1268
279 1190
279 1268
280 1190
280 1268
281 1190
281 1268
282 1190
282 1268
283 1190
283 1268
284 1190
284 1268
285 1190
285 1268
286 1190
286 1268
287 1190
287 1268
288 1190
288 1268
289 1190
289 1268
290 1190
290 1268
291 1190
291 1268
292 1190
292 1268
293 1190
293 1268
294 1190
294 1267
295 1190
295 1267
296 1190
296 1267
297 1190
297 1267
298 1190
298 1267
299 1190
299 1267
300 1190
300 1267
301 1190
301 1267
302 1190
302 1267
303 1190
303 1267
304 1190
304 1267
305 1189
305 1267
306 1189
306 1267
307 1189
307 1267
308 1189
308 1267
309 1189
309 1267
310 1189
310 1267
311 1189
311 1267
312 1189
312 1267
313 1189
313 1267
314 1189
314 1267
315 1189
315 1267
316 1189
316 1267
317 1189
317 1267
318 1189
318 1267
319 1189
319 1267
320 1189
320 1266
321 1189
321 1266
322 1189
322 1266
323 1189
323 1266
324 1189
324 1266
325 1189
325 1266
326 1189
326 1266
327 1189
327 1266
328 1189
328 1266
329 1189
329 1266
330 1189
330 1266
331 1189
331 1266
332 1189
332 1266
333 1189
333 1266
334 1189
334 1266
335 1189
335 1266
336 1188
336 1266
337 1188
337 1266
338 1188
338 1266
339 1188
339 1266
340 1188
340 1266
341 1188
341 1266
342 1188
342 1266
343 1188
343 1266
344 1188
344 1266
345 1188
345 1266
346 1188
346 1266
347 1188
347 1265
348 1188
348 1265
349 1188
349 1265
350 1188
350 1265
351 1188
351 1265
352 1188
352 1265
353 1188
353 1265
354 1188
354 1265
355 1188
355 1265
356 1188
356 1265
357 1188
357 1265
358 1188
358 1265
359 1188
359 1265
360 1188
360 1265
361 1188
361 1265
362 1188
362 1265
363 1188
363 1265
364 1188
364 1265
365 1188
365 1265
366 1188
366 1265
367 1188
367 1265
368 1188
368 1265
369 1187
369 1265
370 1187
370 1265
371 1187
371 1265
372 1187
372 1264
373 1187
373 1264
374 1187
374 1264
375 1187
375 1264
376 1187
376 1264
377 1187
377 1264
378 1187
378 1264
379 1187
379 1264
380 1187
380 1264
381 1187
381 1264
382 1187
382 1264
383 1187
383 1264
