0 93
0 102
0 128
0 496
0 501
0 1006
0 1072
0 1097
0 1242
1 93
1 102
1 129
1 130
1 131
1 132
1 133
1 134
1 135
1 496
1 501
1 1002
1 1003
1 1006
1 1072
1 1097
1 1242
2 93
2 100
2 101
2 136
2 137
2 496
2 501
2 998
2 999
2 1000
2 1001
2 1004
2 1005
2 1006
2 1073
2 1096
2 1097
2 1242
3 93
3 99
3 100
3 138
3 139
3 496
3 501
3 996
3 997
3 1073
3 1081
3 1082
3 1083
3 1084
3 1085
3 1086
3 1087
3 1088
3 1089
3 1090
3 1091
3 1092
3 1093
3 1094
3 1095
3 1096
3 1242
4 91
4 92
4 99
4 140
4 141
4 496
4 501
4 995
4 996
4 1073
4 1078
4 1079
4 1080
4 1241
5 89
5 90
5 98
5 141
5 142
5 496
5 501
5 995
5 1073
5 1076
5 1077
5 1241
6 89
6 94
6 95
6 96
6 97
6 98
6 143
6 144
6 496
6 501
6 994
6 1073
6 1075
6 1241
7 87
7 88
7 92
7 93
7 145
7 146
7 496
7 501
7 994
7 1240
8 86
8 90
8 91
8 146
8 147
8 496
8 501
8 993
8 1240
9 87
9 88
9 148
9 149
9 496
9 501
9 983
9 984
9 985
9 986
9 987
9 988
9 989
9 990
9 991
9 992
9 993
9 1239
9 1240
10 150
10 151
10 496
10 501
10 961
10 962
10 963
10 964
10 965
10 981
10 982
10 1238
10 1239
11 151
11 152
11 496
11 501
11 958
11 959
11 960
11 966
11 967
11 979
11 980
11 1237
11 1238
12 153
12 154
12 496
12 501
12 956
12 957
12 968
12 969
12 976
12 977
12 978
12 1237
13 155
13 156
13 496
13 501
13 954
13 955
13 970
13 971
13 972
13 973
13 974
13 975
13 1236
14 58
14 157
14 158
14 496
14 501
14 953
14 954
14 1236
15 56
15 57
15 59
15 60
15 72
15 73
15 159
15 160
15 496
15 501
15 953
15 1236
16 55
16 61
16 62
16 68
16 69
16 70
16 71
16 74
16 160
16 496
16 501
16 952
16 1236
17 54
17 63
17 64
17 65
17 66
17 67
17 74
17 160
17 496
17 501
17 952
17 1236
18 54
18 74
18 160
18 496
18 501
18 952
18 1236
19 53
19 74
19 160
19 496
19 501
19 953
19 1236
20 52
20 53
20 62
20 63
20 64
20 65
20 66
20 67
20 68
20 69
20 70
20 74
20 160
20 496
20 501
20 953
20 954
20 1236
20 1262
20 1263
21 49
21 50
21 51
21 60
21 61
21 71
21 72
21 73
21 74
21 157
21 158
21 159
21 160
21 496
21 501
21 940
21 954
21 955
21 1236
21 1260
21 1261
21 1264
22 46
22 47
22 48
22 58
22 59
22 152
22 153
22 154
22 155
22 156
22 496
22 501
22 939
22 941
22 942
22 943
22 955
22 956
22 1236
22 1259
22 1260
22 1264
23 45
23 58
23 152
23 496
23 501
23 938
23 944
23 945
23 956
23 1236
23 1244
23 1245
23 1246
23 1247
23 1248
23 1249
23 1250
23 1251
23 1252
23 1253
23 1254
23 1255
23 1256
23 1257
23 1258
23 1259
23 1264
24 45
24 57
24 152
24 496
24 501
24 937
24 938
24 945
24 946
24 956
24 1236
24 1242
24 1243
24 1264
25 45
25 46
25 47
25 48
25 49
25 50
25 51
25 57
25 152
25 496
25 501
25 937
25 946
25 947
25 956
25 1236
25 1240
25 1241
25 1265
26 52
26 53
26 58
26 153
26 496
26 501
26 936
26 948
26 949
26 956
26 1237
26 1238
26 1239
26 1265
27 54
27 55
27 56
27 153
27 496
27 501
27 936
27 949
27 950
27 951
27 952
27 953
27 954
27 955
27 956
27 1265
28 153
28 496
28 501
28 935
28 1265
29 154
29 496
29 501
29 935
29 1265
30 154
30 496
30 501
30 936
30 1265
31 155
31 496
31 501
31 936
31 1265
32 151
32 152
32 155
32 496
32 501
32 931
32 937
32 1265
33 151
33 153
33 154
33 155
33 496
33 501
33 902
33 903
33 928
33 929
33 930
33 932
33 933
33 937
33 1265
34 151
34 496
34 501
34 900
34 901
34 904
34 905
34 926
34 927
34 933
34 934
34 937
34 1264
35 153
35 154
35 496
35 501
35 899
35 900
35 905
35 906
35 926
35 934
35 935
35 937
35 1264
36 154
36 155
36 495
36 501
36 899
36 906
36 907
36 926
36 935
36 936
36 1263
37 155
37 156
37 495
37 501
37 898
37 907
37 926
37 936
37 1263
38 156
38 495
38 501
38 897
38 898
38 908
38 927
38 1263
39 157
39 495
39 501
39 897
39 908
39 927
39 928
39 1264
40 157
40 158
40 495
40 501
40 896
40 908
40 928
40 929
40 1265
40 1266
41 58
41 158
41 159
41 495
41 501
41 895
41 896
41 908
41 930
41 931
41 1267
41 1268
41 1269
42 57
42 59
42 160
42 495
42 501
42 895
42 908
42 932
42 1270
43 56
43 60
43 161
43 495
43 501
43 894
43 908
43 933
43 1271
44 54
44 55
44 60
44 162
44 163
44 495
44 501
44 893
44 894
44 908
44 927
44 928
44 929
44 934
44 935
44 936
44 1272
44 1273
44 1274
44 1275
45 54
45 57
45 58
45 59
45 60
45 164
45 165
45 495
45 501
45 892
45 893
45 908
45 923
45 924
45 925
45 926
45 930
45 931
45 932
45 1276
45 1277
45 1278
45 1279
46 166
46 167
46 168
46 169
46 170
46 171
46 172
46 173
46 174
46 175
46 495
46 501
46 891
46 892
46 909
46 922
46 935
47 176
47 177
47 495
47 501
47 891
47 910
47 921
48 177
48 178
48 495
48 501
48 890
48 910
48 921
49 179
49 180
49 495
49 501
49 890
49 910
49 921
50 180
50 181
50 495
50 501
50 889
50 910
50 922
51 181
51 495
51 501
51 889
51 910
51 922
51 923
52 181
52 495
52 501
52 888
52 910
52 923
52 924
53 181
53 495
53 501
53 888
53 910
53 924
53 925
54 181
54 495
54 501
54 888
54 910
54 922
54 923
55 181
55 495
55 501
55 888
55 910
55 921
56 181
56 495
56 501
56 889
56 910
56 920
57 181
57 495
57 501
57 889
57 910
57 920
58 51
58 52
58 53
58 54
58 181
58 495
58 501
58 889
58 909
58 920
59 19
59 20
59 21
59 22
59 23
59 24
59 50
59 181
59 495
59 501
59 889
59 908
59 921
60 18
60 25
60 50
60 53
60 54
60 181
60 495
60 501
60 888
60 889
60 908
60 921
61 18
61 25
61 51
61 52
61 53
61 181
61 495
61 501
61 887
61 888
61 908
61 915
61 916
61 921
62 19
62 20
62 21
62 25
62 181
62 495
62 501
62 886
62 887
62 909
62 910
62 911
62 912
62 913
62 914
62 917
62 918
62 921
63 22
63 23
63 24
63 181
63 495
63 501
63 884
63 885
63 886
63 919
63 920
63 921
63 923
64 181
64 495
64 501
64 881
64 882
64 883
65 181
65 495
65 501
65 879
65 880
65 921
66 181
66 495
66 501
66 879
67 181
67 495
67 501
67 878
68 180
68 495
68 501
68 878
69 180
69 495
69 501
69 521
69 522
69 877
70 180
70 495
70 501
70 520
70 523
70 524
70 525
70 529
70 877
71 179
71 495
71 501
71 519
71 526
71 527
71 528
71 530
71 531
71 532
71 533
71 534
71 535
71 536
71 537
71 538
71 539
71 540
71 558
71 559
71 560
71 561
71 562
71 563
71 564
71 567
71 568
71 569
71 570
71 571
71 572
71 573
71 877
72 179
72 495
72 501
72 519
72 541
72 542
72 543
72 544
72 545
72 546
72 547
72 548
72 549
72 550
72 551
72 552
72 553
72 554
72 555
72 556
72 557
72 565
72 566
72 574
72 575
72 876
73 179
73 495
73 501
73 520
73 565
73 575
73 876
74 179
74 180
74 495
74 501
74 521
74 522
74 523
74 524
74 525
74 526
74 527
74 528
74 529
74 530
74 531
74 532
74 533
74 534
74 559
74 560
74 561
74 562
74 563
74 564
74 565
74 566
74 567
74 568
74 569
74 570
74 571
74 572
74 573
74 574
74 575
74 875
75 181
75 182
75 495
75 501
75 535
75 536
75 537
75 538
75 539
75 540
75 541
75 542
75 543
75 551
75 552
75 553
75 554
75 555
75 556
75 557
75 558
75 856
75 857
75 858
75 874
76 182
76 495
76 501
76 544
76 550
76 843
76 844
76 845
76 846
76 855
76 859
76 860
76 871
76 872
76 873
76 874
77 183
77 495
77 501
77 544
77 549
77 841
77 842
77 846
77 847
77 855
77 860
77 861
77 870
78 183
78 495
78 501
78 544
78 549
78 841
78 847
78 855
78 862
78 863
78 869
79 183
79 495
79 501
79 544
79 549
79 840
79 848
79 854
79 863
79 864
79 869
80 183
80 495
80 501
80 544
80 549
80 840
80 848
80 849
80 854
80 864
80 865
80 869
81 184
81 495
81 501
81 544
81 549
81 730
81 731
81 732
81 733
81 734
81 735
81 840
81 849
81 850
81 854
81 865
81 866
81 869
82 184
82 495
82 501
82 544
82 549
82 728
82 729
82 736
82 737
82 840
82 850
82 851
82 852
82 853
82 854
82 866
82 867
82 868
83 184
83 495
83 501
83 544
83 549
83 726
83 727
83 737
83 738
83 840
84 184
84 495
84 501
84 544
84 549
84 716
84 717
84 718
84 719
84 720
84 721
84 722
84 723
84 724
84 725
84 738
84 739
84 838
84 839
85 184
85 495
85 501
85 544
85 549
85 715
85 739
85 838
86 184
86 495
86 501
86 544
86 549
86 714
86 739
86 837
87 184
87 495
87 501
87 544
87 549
87 712
87 713
87 740
87 837
88 184
88 495
88 501
88 544
88 549
88 711
88 712
88 740
88 766
88 826
88 827
88 828
88 829
88 830
88 831
88 837
89 184
89 495
89 501
89 544
89 549
89 709
89 710
89 740
89 764
89 765
89 767
89 768
89 824
89 825
89 832
89 833
89 837
90 184
90 495
90 501
90 544
90 549
90 709
90 740
90 764
90 768
90 769
90 811
90 812
90 813
90 824
90 833
90 834
90 835
90 836
91 184
91 495
91 501
91 544
91 549
91 708
91 740
91 763
91 769
91 770
91 771
91 772
91 773
91 795
91 796
91 797
91 798
91 809
91 810
91 814
91 815
91 816
91 817
91 818
91 823
91 980
91 981
91 982
91 983
91 984
91 985
91 986
91 987
92 184
92 495
92 501
92 544
92 549
92 708
92 740
92 759
92 760
92 761
92 762
92 763
92 774
92 793
92 794
92 799
92 800
92 801
92 808
92 819
92 820
92 821
92 822
92 823
92 979
92 988
93 184
93 495
93 501
93 544
93 549
93 708
93 741
93 747
93 748
93 749
93 750
93 757
93 758
93 775
93 776
93 793
93 802
93 803
93 804
93 805
93 806
93 807
93 951
93 952
93 953
93 954
93 955
93 988
94 184
94 495
94 501
94 544
94 549
94 708
94 742
94 743
94 744
94 745
94 746
94 751
94 752
94 755
94 756
94 777
94 778
94 792
94 950
94 956
94 957
94 958
94 959
94 960
94 961
94 962
94 963
94 964
94 965
94 966
94 967
94 968
94 988
95 182
95 183
95 184
95 495
95 501
95 544
95 549
95 708
95 753
95 754
95 755
95 778
95 779
95 792
95 949
95 969
95 970
95 971
95 972
95 973
95 974
95 975
95 976
95 977
95 988
96 182
96 495
96 501
96 544
96 549
96 707
96 779
96 792
96 949
96 987
96 988
96 990
96 991
96 992
96 993
96 994
96 995
97 182
97 495
97 501
97 544
97 549
97 599
97 600
97 706
97 780
97 781
97 782
97 792
97 949
97 996
97 997
97 998
97 999
97 1000
97 1001
97 1002
97 1003
97 1004
97 1005
97 1006
97 1007
97 1008
98 183
98 495
98 501
98 544
98 549
98 595
98 596
98 597
98 598
98 601
98 705
98 706
98 783
98 784
98 791
98 792
98 949
98 1009
98 1010
98 1011
98 1012
98 1013
98 1014
98 1015
98 1016
99 183
99 184
99 495
99 501
99 544
99 549
99 594
99 601
99 703
99 704
99 784
99 785
99 786
99 787
99 788
99 789
99 790
99 948
99 1017
100 184
100 495
100 501
100 544
100 549
100 593
100 601
100 702
100 703
100 765
100 766
100 948
100 1017
101 185
101 357
101 358
101 359
101 360
101 361
101 495
101 501
101 544
101 549
101 593
101 601
101 701
101 702
101 764
101 767
101 948
101 1017
102 185
102 186
102 355
102 356
102 362
102 363
102 385
102 386
102 387
102 388
102 495
102 501
102 544
102 549
102 593
102 601
102 701
102 763
102 767
102 948
102 1017
103 186
103 355
103 363
103 364
103 384
103 389
103 390
103 495
103 501
103 544
103 549
103 593
103 601
103 700
103 763
103 767
103 948
103 1017
104 187
104 354
104 364
104 383
104 390
104 494
104 501
104 544
104 549
104 593
104 601
104 700
104 763
104 767
104 948
104 1017
105 187
105 188
105 353
105 354
105 364
105 383
105 391
105 494
105 501
105 544
105 549
105 594
105 601
105 700
105 763
105 767
105 948
105 1017
106 188
106 353
106 364
106 383
106 392
106 393
106 494
106 501
106 544
106 549
106 594
106 601
106 602
106 603
106 604
106 605
106 606
106 607
106 608
106 609
106 610
106 699
106 763
106 767
106 947
106 1017
107 189
107 352
107 363
107 382
107 394
107 395
107 494
107 501
107 544
107 549
107 594
107 611
107 612
107 613
107 614
107 615
107 616
107 617
107 618
107 619
107 620
107 621
107 622
107 623
107 624
107 625
107 626
107 627
107 628
107 629
107 630
107 631
107 699
107 763
107 767
107 947
107 1017
108 189
108 190
108 352
108 363
108 366
108 367
108 368
108 380
108 381
108 382
108 395
108 494
108 501
108 544
108 549
108 594
108 600
108 632
108 633
108 634
108 635
108 636
108 637
108 638
108 639
108 640
108 641
108 642
108 643
108 644
108 645
108 646
108 647
108 648
108 649
108 650
108 651
108 652
108 653
108 699
108 763
108 767
108 947
108 1017
109 190
109 351
109 362
109 365
109 369
109 379
109 395
109 399
109 400
109 401
109 494
109 501
109 544
109 549
109 594
109 602
109 603
109 604
109 605
109 606
109 654
109 655
109 656
109 657
109 658
109 659
109 660
109 661
109 662
109 663
109 664
109 665
109 666
109 667
109 668
109 669
109 670
109 671
109 672
109 673
109 674
109 698
109 730
109 731
109 732
109 733
109 763
109 767
109 947
109 1017
110 191
110 192
110 193
110 194
110 195
110 206
110 207
110 208
110 209
110 210
110 211
110 348
110 351
110 362
110 364
110 369
110 378
110 395
110 398
110 402
110 494
110 501
110 544
110 549
110 594
110 601
110 607
110 608
110 609
110 610
110 611
110 612
110 613
110 614
110 615
110 616
110 617
110 618
110 675
110 676
110 677
110 678
110 679
110 680
110 681
110 682
110 683
110 684
110 685
110 686
110 687
110 688
110 689
110 690
110 691
110 692
110 693
110 694
110 695
110 729
110 734
110 763
110 767
110 947
110 1017
111 196
111 197
111 198
111 199
111 200
111 201
111 202
111 203
111 204
111 205
111 211
111 212
111 346
111 347
111 349
111 350
111 351
111 362
111 364
111 369
111 378
111 395
111 398
111 402
111 494
111 501
111 544
111 549
111 594
111 599
111 600
111 619
111 620
111 621
111 622
111 623
111 624
111 625
111 626
111 627
111 628
111 629
111 630
111 631
111 696
111 697
111 698
111 699
111 700
111 701
111 702
111 703
111 704
111 705
111 706
111 707
111 708
111 709
111 710
111 711
111 712
111 713
111 714
111 715
111 716
111 717
111 728
111 734
111 763
111 767
111 947
111 1017
112 213
112 214
112 346
112 362
112 364
112 370
112 378
112 396
112 397
112 402
112 494
112 501
112 544
112 549
112 595
112 596
112 597
112 598
112 632
112 633
112 634
112 635
112 636
112 637
112 638
112 639
112 640
112 641
112 642
112 643
112 644
112 718
112 719
112 720
112 721
112 722
112 723
112 724
112 725
112 726
112 727
112 728
112 734
112 763
112 767
112 947
112 1016
113 214
113 215
113 345
113 362
113 363
113 364
113 371
113 372
113 377
113 402
113 494
113 501
113 544
113 549
113 645
113 646
113 647
113 648
113 649
113 650
113 651
113 652
113 653
113 654
113 655
113 656
113 657
113 734
113 763
113 767
113 946
113 1016
114 215
114 216
114 345
114 373
114 374
114 375
114 376
114 377
114 402
114 404
114 405
114 494
114 501
114 544
114 549
114 658
114 659
114 660
114 661
114 662
114 663
114 664
114 665
114 666
114 667
114 668
114 669
114 734
114 763
114 767
114 946
114 1016
115 216
115 217
115 345
115 405
115 494
115 501
115 544
115 549
115 670
115 671
115 672
115 673
115 674
115 675
115 676
115 677
115 678
115 679
115 680
115 681
115 682
115 683
115 734
115 763
115 767
115 947
115 948
115 949
115 950
115 1016
116 217
116 218
116 345
116 405
116 494
116 501
116 544
116 549
116 684
116 685
116 686
116 687
116 688
116 689
116 690
116 691
116 692
116 695
116 734
116 763
116 767
116 951
116 952
116 953
116 954
116 955
116 956
116 957
116 958
116 1016
117 219
117 220
117 345
117 405
117 494
117 501
117 544
117 549
117 693
117 694
117 696
117 697
117 698
117 699
117 700
117 701
117 702
117 703
117 704
117 705
117 706
117 707
117 708
117 709
117 734
117 763
117 767
117 959
117 1016
118 220
118 221
118 345
118 405
118 494
118 501
118 544
118 549
118 693
118 710
118 711
118 712
118 713
118 714
118 715
118 716
118 717
118 718
118 719
118 720
118 721
118 734
118 763
118 767
118 959
118 1016
119 221
119 222
119 345
119 404
119 494
119 501
119 544
119 549
119 693
119 722
119 723
119 724
119 725
119 726
119 727
119 734
119 763
119 767
119 1016
120 222
120 345
120 403
120 494
120 501
120 544
120 549
120 693
120 728
120 734
120 763
120 767
120 959
120 1016
121 223
121 345
121 403
121 494
121 501
121 544
121 549
121 693
121 728
121 734
121 763
121 767
121 959
121 1016
122 223
122 343
122 344
122 403
122 494
122 501
122 544
122 549
122 694
122 728
122 734
122 763
122 767
122 959
122 1003
122 1004
122 1005
122 1006
122 1007
122 1008
122 1009
122 1010
122 1016
123 223
123 342
123 403
123 494
123 501
123 544
123 549
123 694
123 726
123 727
123 729
123 730
123 731
123 732
123 733
123 734
123 736
123 737
123 738
123 739
123 740
123 741
123 742
123 743
123 744
123 745
123 746
123 747
123 748
123 749
123 750
123 751
123 752
123 753
123 754
123 755
123 756
123 757
123 758
123 759
123 760
123 763
123 767
123 958
123 1003
123 1011
123 1012
123 1013
123 1014
123 1015
123 1016
124 224
124 341
124 403
124 494
124 501
124 544
124 549
124 694
124 725
124 763
124 767
124 958
124 1002
125 224
125 341
125 403
125 404
125 405
125 406
125 407
125 408
125 409
125 494
125 501
125 544
125 549
125 694
125 724
125 763
125 767
125 958
125 1002
126 224
126 340
126 409
126 410
126 437
126 438
126 439
126 440
126 441
126 494
126 501
126 544
126 549
126 695
126 724
126 763
126 767
126 958
126 1002
127 225
127 340
127 410
127 411
127 435
127 436
127 441
127 442
127 494
127 501
127 544
127 549
127 695
127 724
127 763
127 767
127 958
127 1002
128 225
128 340
128 411
128 435
128 443
128 494
128 501
128 544
128 549
128 695
128 724
128 763
128 767
128 957
128 1001
129 225
129 340
129 412
129 434
129 443
129 494
129 501
129 544
129 549
129 695
129 724
129 763
129 767
129 957
129 1001
130 226
130 311
130 312
130 313
130 340
130 412
130 433
130 434
130 444
130 494
130 501
130 545
130 549
130 695
130 724
130 763
130 767
130 957
130 1001
131 226
131 309
131 310
131 313
131 340
131 413
131 433
131 444
131 494
131 501
131 545
131 549
131 690
131 691
131 692
131 695
131 724
131 763
131 767
131 957
131 1001
132 226
132 307
132 308
132 309
132 313
132 340
132 413
132 416
132 417
132 418
132 419
132 432
132 445
132 462
132 463
132 464
132 494
132 501
132 545
132 549
132 685
132 686
132 687
132 688
132 689
132 693
132 695
132 724
132 763
132 767
132 957
132 1001
133 227
133 306
133 313
133 340
133 413
133 415
133 432
133 445
133 461
133 465
133 494
133 501
133 545
133 549
133 683
133 684
133 693
133 695
133 724
133 763
133 767
133 957
133 1001
134 227
134 228
134 306
134 313
134 339
134 412
134 414
134 419
134 431
134 445
134 460
134 465
134 494
134 501
134 545
134 549
134 682
134 683
134 724
134 763
134 767
134 956
134 1001
135 229
135 230
135 231
135 306
135 312
135 339
135 412
135 418
135 431
135 446
135 460
135 465
135 494
135 501
135 545
135 549
135 641
135 642
135 643
135 644
135 645
135 681
135 682
135 724
135 763
135 767
135 956
135 1000
136 232
136 306
136 313
136 339
136 418
136 431
136 446
136 447
136 460
136 465
136 494
136 501
136 545
136 549
136 639
136 640
136 646
136 681
136 725
136 726
136 727
136 730
136 731
136 732
136 733
136 734
136 736
136 737
136 738
136 739
136 740
136 741
136 742
136 743
136 744
136 745
136 746
136 747
136 748
136 749
136 750
136 751
136 752
136 753
136 754
136 755
136 756
136 757
136 758
136 759
136 760
136 763
136 767
136 956
136 1000
137 233
137 305
137 313
137 339
137 418
137 419
137 434
137 435
137 436
137 437
137 438
137 439
137 440
137 441
137 442
137 443
137 444
137 447
137 448
137 449
137 450
137 451
137 452
137 453
137 454
137 455
137 456
137 457
137 460
137 465
137 494
137 501
137 545
137 549
137 638
137 639
137 647
137 669
137 680
137 729
137 735
137 762
137 767
137 956
137 1000
138 233
138 305
138 314
138 315
138 336
138 337
138 338
138 339
138 425
138 426
138 427
138 428
138 429
138 430
138 431
138 458
138 461
138 465
138 494
138 501
138 545
138 549
138 638
138 648
138 649
138 668
138 670
138 679
138 680
138 728
138 731
138 732
138 733
138 762
138 767
138 956
138 1000
139 233
139 304
139 316
139 317
139 335
139 413
139 414
139 415
139 416
139 417
139 418
139 419
139 420
139 421
139 422
139 423
139 424
139 432
139 458
139 461
139 465
139 494
139 501
139 545
139 549
139 637
139 649
139 667
139 670
139 679
139 728
139 731
139 735
139 736
139 762
139 767
139 955
139 1000
140 233
140 304
140 317
140 334
140 412
140 432
140 458
140 461
140 465
140 494
140 501
140 545
140 549
140 637
140 649
140 667
140 670
140 678
140 728
140 736
140 737
140 762
140 767
140 956
140 957
140 958
140 959
140 960
140 1000
141 234
141 304
141 318
141 334
141 411
141 432
141 458
141 461
141 465
141 494
141 501
141 545
141 549
141 637
141 650
141 657
141 658
141 659
141 660
141 667
141 670
141 676
141 677
141 727
141 737
141 738
141 762
141 767
141 961
141 962
141 963
141 964
141 965
141 966
141 967
141 968
141 969
141 970
141 1000
142 234
142 304
142 318
142 319
142 334
142 411
142 432
142 458
142 461
142 465
142 494
142 501
142 545
142 549
142 632
142 633
142 634
142 637
142 650
142 651
142 655
142 656
142 661
142 662
142 667
142 670
142 674
142 675
142 726
142 727
142 738
142 739
142 762
142 767
142 971
142 981
142 999
143 234
143 302
143 303
143 319
143 334
143 411
143 427
143 428
143 429
143 430
143 431
143 432
143 458
143 462
143 463
143 464
143 494
143 501
143 545
143 549
143 630
143 631
143 635
143 636
143 637
143 651
143 652
143 653
143 654
143 662
143 663
143 667
143 671
143 673
143 725
143 726
143 739
143 740
143 762
143 767
143 982
143 985
143 986
143 987
143 988
143 989
143 990
143 991
143 992
143 999
144 234
144 301
144 302
144 319
144 320
144 334
144 411
144 418
144 419
144 420
144 421
144 422
144 423
144 424
144 425
144 426
144 448
144 449
144 450
144 453
144 454
144 455
144 456
144 457
144 458
144 494
144 501
144 515
144 516
144 545
144 549
144 630
144 663
144 664
144 667
144 671
144 725
144 740
144 762
144 767
144 972
144 982
144 993
144 994
144 995
144 996
144 997
144 998
144 999
145 234
145 300
145 301
145 318
145 321
145 322
145 335
145 411
145 417
145 418
145 424
145 433
145 434
145 435
145 436
145 437
145 438
145 439
145 440
145 441
145 442
145 443
145 444
145 445
145 446
145 447
145 451
145 452
145 494
145 501
145 514
145 517
145 545
145 549
145 629
145 664
145 665
145 667
145 670
145 725
145 726
145 739
145 740
145 762
145 767
145 972
145 982
146 235
146 300
146 322
146 323
146 333
146 335
146 411
146 417
146 451
146 494
146 501
146 513
146 517
146 545
146 549
146 629
146 665
146 666
146 667
146 670
146 727
146 728
146 738
146 739
146 762
146 767
146 972
146 982
147 236
147 237
147 299
147 317
147 323
147 331
147 332
147 334
147 336
147 337
147 411
147 416
147 423
147 452
147 494
147 501
147 513
147 517
147 545
147 549
147 629
147 667
147 670
147 728
147 737
147 738
147 762
147 767
147 972
147 982
148 237
148 238
148 299
148 323
148 330
148 331
148 334
148 338
148 411
148 416
148 419
148 423
148 452
148 453
148 454
148 455
148 456
148 457
148 494
148 501
148 513
148 517
148 545
148 549
148 629
148 667
148 670
148 728
148 729
148 735
148 736
148 762
148 767
148 972
148 982
149 238
149 297
149 298
149 315
149 323
149 329
149 330
149 335
149 339
149 411
149 416
149 419
149 423
149 457
149 458
149 494
149 501
149 513
149 517
149 545
149 549
149 629
149 667
149 670
149 728
149 731
149 732
149 733
149 762
149 766
149 971
149 982
150 239
150 297
150 322
150 329
150 336
150 337
150 339
150 411
150 416
150 419
150 423
150 458
150 459
150 494
150 501
150 513
150 515
150 516
150 518
150 545
150 549
150 629
150 667
150 670
150 725
150 726
150 727
150 728
150 732
150 734
150 735
150 762
150 766
150 971
150 981
151 239
151 240
151 246
151 296
151 322
151 328
151 338
151 411
151 416
151 419
151 423
151 460
151 461
151 472
151 473
151 474
151 494
151 501
151 513
151 519
151 545
151 549
151 629
151 667
151 670
151 724
151 735
151 762
151 766
151 971
151 981
152 240
152 241
152 242
152 243
152 244
152 245
152 247
152 248
152 296
152 321
152 328
152 411
152 416
152 420
152 421
152 422
152 423
152 461
152 470
152 471
152 474
152 475
152 494
152 501
152 512
152 519
152 545
152 549
152 628
152 667
152 670
152 723
152 734
152 762
152 766
152 971
152 981
153 248
153 249
153 296
153 320
153 321
153 328
153 411
153 416
153 462
153 470
153 475
153 476
153 494
153 501
153 512
153 519
153 545
153 549
153 626
153 627
153 628
153 667
153 670
153 688
153 723
153 734
153 762
153 766
153 971
153 981
154 250
154 251
154 296
154 319
154 320
154 328
154 411
154 417
154 462
154 469
154 476
154 477
154 494
154 501
154 512
154 519
154 545
154 549
154 625
154 667
154 670
154 687
154 689
154 723
154 734
154 762
154 766
154 849
154 850
154 851
154 971
154 981
155 252
155 253
155 296
155 319
155 328
155 411
155 417
155 462
155 469
155 477
155 494
155 501
155 512
155 519
155 545
155 549
155 624
155 667
155 670
155 686
155 689
155 723
155 734
155 760
155 761
155 762
155 763
155 764
155 765
155 766
155 767
155 848
155 852
155 853
155 854
155 855
155 858
155 859
155 860
155 861
155 971
155 981
156 254
156 255
156 297
156 318
156 323
156 324
156 325
156 326
156 327
156 328
156 411
156 417
156 463
156 468
156 478
156 488
156 489
156 490
156 494
156 501
156 512
156 519
156 545
156 549
156 625
156 667
156 670
156 686
156 689
156 723
156 734
156 751
156 752
156 753
156 754
156 755
156 756
156 757
156 758
156 759
156 767
156 847
156 857
156 862
156 971
156 981
157 256
157 257
157 297
157 318
157 323
157 411
157 417
157 463
157 468
157 478
157 488
157 491
157 492
157 494
157 501
157 512
157 519
157 545
157 549
157 625
157 626
157 627
157 667
157 670
157 686
157 689
157 723
157 734
157 750
157 767
157 847
157 862
157 971
157 981
158 258
158 259
158 298
158 317
158 322
158 411
158 417
158 464
158 465
158 466
158 467
158 479
158 487
158 492
158 494
158 501
158 512
158 519
158 545
158 549
158 667
158 670
158 686
158 689
158 723
158 734
158 749
158 767
158 847
158 862
158 971
158 980
159 260
159 261
159 298
159 318
159 322
159 411
159 417
159 479
159 486
159 487
159 494
159 501
159 512
159 519
159 545
159 549
159 627
159 667
159 670
159 686
159 689
159 723
159 734
159 749
159 767
159 847
159 862
159 970
159 980
160 262
160 263
160 299
160 319
160 320
160 322
160 411
160 417
160 480
160 486
160 494
160 501
160 512
160 519
160 545
160 549
160 626
160 661
160 662
160 667
160 670
160 686
160 690
160 691
160 723
160 734
160 749
160 767
160 847
160 862
160 970
160 980
161 264
161 265
161 299
161 300
161 320
161 411
161 417
161 481
161 482
161 483
161 484
161 485
161 494
161 501
161 512
161 519
161 545
161 549
161 626
161 660
161 663
161 667
161 670
161 685
161 686
161 688
161 690
161 692
161 723
161 734
161 749
161 767
161 847
161 862
161 970
161 980
162 266
162 267
162 300
162 320
162 411
162 417
162 494
162 501
162 512
162 519
162 545
162 549
162 597
162 598
162 626
162 659
162 664
162 665
162 666
162 667
162 669
162 671
162 672
162 673
162 674
162 675
162 684
162 692
162 723
162 734
162 749
162 767
162 847
162 862
162 970
162 980
163 268
163 269
163 270
163 300
163 320
163 411
163 417
163 494
163 502
163 512
163 519
163 537
163 538
163 539
163 540
163 541
163 545
163 549
163 595
163 596
163 599
163 600
163 601
163 602
163 626
163 645
163 646
163 659
163 661
163 662
163 676
163 683
163 692
163 723
163 734
163 749
163 767
163 847
163 862
163 970
163 980
164 271
164 272
164 297
164 298
164 299
164 300
164 320
164 322
164 411
164 417
164 494
164 502
164 513
164 515
164 519
164 535
164 536
164 542
164 545
164 549
164 566
164 595
164 603
164 626
164 644
164 647
164 648
164 659
164 676
164 683
164 692
164 723
164 731
164 732
164 733
164 734
164 749
164 755
164 756
164 757
164 758
164 759
164 760
164 761
164 767
164 847
164 863
164 970
164 980
165 273
165 274
165 281
165 282
165 283
165 284
165 285
165 286
165 287
165 288
165 289
165 290
165 291
165 292
165 293
165 294
165 295
165 296
165 320
165 411
165 417
165 494
165 502
165 504
165 505
165 506
165 507
165 508
165 509
165 510
165 511
165 513
165 516
165 518
165 519
165 534
165 535
165 542
165 545
165 549
165 562
165 563
165 564
165 565
165 567
165 568
165 594
165 603
165 609
165 610
165 611
165 612
165 613
165 614
165 615
165 616
165 617
165 618
165 619
165 620
165 621
165 622
165 623
165 624
165 625
165 626
165 627
165 628
165 629
165 630
165 643
165 648
165 658
165 676
165 683
165 693
165 724
165 725
165 726
165 727
165 730
165 734
165 749
165 754
165 762
165 767
165 847
165 863
165 970
165 980
166 274
166 275
166 279
166 280
166 321
166 411
166 417
166 494
166 502
166 513
166 518
166 521
166 522
166 523
166 524
166 534
166 542
166 545
166 549
166 558
166 559
166 560
166 561
166 568
166 579
166 580
166 581
166 582
166 583
166 584
166 585
166 586
166 587
166 594
166 604
166 608
166 631
166 643
166 648
166 658
166 676
166 682
166 693
166 728
166 734
166 749
166 753
166 762
166 767
166 847
166 863
166 970
166 980
167 276
167 277
167 278
167 411
167 417
167 494
167 501
167 513
167 518
167 525
167 526
167 529
167 530
167 531
167 532
167 533
167 542
167 545
167 549
167 556
167 557
167 569
167 577
167 578
167 588
167 593
167 604
167 605
167 606
167 607
167 631
167 643
167 648
167 658
167 676
167 682
167 693
167 728
167 734
167 749
167 753
167 762
167 767
167 847
167 863
167 970
167 979
168 411
168 417
168 494
168 501
168 513
168 517
168 526
168 527
168 528
168 543
168 545
168 549
168 555
168 556
168 569
168 570
168 576
168 577
168 588
168 592
168 607
168 631
168 643
168 648
168 658
168 676
168 683
168 684
168 693
168 728
168 734
168 749
168 753
168 762
168 767
168 847
168 863
168 970
168 979
169 411
169 417
169 494
169 501
169 513
169 517
169 543
169 545
169 549
169 555
169 571
169 572
169 573
169 574
169 575
169 576
169 588
169 592
169 607
169 631
169 643
169 647
169 658
169 676
169 685
169 686
169 688
169 691
169 692
169 693
169 728
169 734
169 749
169 753
169 762
169 766
169 847
169 863
169 969
169 979
170 411
170 417
170 494
170 501
170 513
170 517
170 543
170 545
170 549
170 554
170 588
170 591
170 607
170 631
170 643
170 647
170 658
170 676
170 686
170 690
170 728
170 734
170 749
170 753
170 762
170 766
170 847
170 863
170 969
170 979
171 411
171 417
171 493
171 501
171 513
171 517
171 545
171 550
171 551
171 552
171 553
171 554
171 588
171 591
171 607
171 631
171 643
171 647
171 659
171 665
171 666
171 670
171 674
171 675
171 676
171 686
171 689
171 728
171 734
171 749
171 753
171 762
171 766
171 847
171 863
171 969
171 979
172 411
172 417
172 493
172 501
172 513
172 517
172 545
172 550
172 588
172 590
172 607
172 631
172 643
172 647
172 659
172 664
172 667
172 672
172 673
172 686
172 689
172 728
172 734
172 749
172 753
172 762
172 766
172 847
172 852
172 856
172 863
172 969
172 979
173 411
173 417
173 493
173 501
173 513
173 517
173 545
173 549
173 607
173 631
173 643
173 647
173 659
173 663
173 667
173 671
173 686
173 689
173 728
173 734
173 749
173 754
173 762
173 766
173 847
173 852
173 856
173 863
173 969
173 979
174 411
174 417
174 493
174 501
174 513
174 518
174 545
174 549
174 603
174 604
174 605
174 606
174 607
174 631
174 643
174 646
174 659
174 663
174 667
174 670
174 686
174 689
174 728
174 734
174 749
174 754
174 762
174 766
174 848
174 849
174 850
174 851
174 852
174 857
174 858
174 859
174 860
174 861
174 862
174 863
174 969
174 979
175 411
175 418
175 493
175 501
175 513
175 518
175 545
175 549
175 563
175 564
175 565
175 566
175 567
175 576
175 577
175 578
175 579
175 580
175 581
175 601
175 602
175 607
175 631
175 643
175 646
175 659
175 663
175 667
175 670
175 686
175 689
175 728
175 734
175 749
175 754
175 762
175 766
175 852
175 857
175 969
175 979
176 411
176 493
176 501
176 513
176 518
176 545
176 549
176 561
176 562
176 568
176 569
176 574
176 575
176 582
176 589
176 590
176 591
176 592
176 593
176 594
176 595
176 596
176 597
176 600
176 601
176 607
176 631
176 643
176 646
176 659
176 663
176 669
176 670
176 686
176 689
176 728
176 734
176 749
176 754
176 762
176 766
176 852
176 856
176 969
176 978
177 400
177 401
177 402
177 403
177 404
177 405
177 406
177 407
177 408
177 409
177 410
177 411
177 412
177 413
177 414
177 415
177 416
177 417
177 418
177 419
177 493
177 501
177 513
177 518
177 545
177 549
177 561
177 569
177 574
177 583
177 588
177 598
177 599
177 600
177 608
177 631
177 643
177 646
177 659
177 663
177 670
177 685
177 689
177 728
177 734
177 749
177 754
177 762
177 766
177 852
177 856
177 969
177 978
178 398
178 399
178 420
178 421
178 493
178 501
178 513
178 518
178 545
178 549
178 560
178 569
178 573
178 583
178 587
178 608
178 631
178 643
178 646
178 651
178 659
178 663
178 667
178 670
178 685
178 689
178 728
178 734
178 749
178 754
178 762
178 766
178 852
178 856
178 969
178 978
179 397
179 398
179 421
179 422
179 493
179 501
179 513
179 518
179 545
179 550
179 551
179 552
179 560
179 569
179 573
179 583
179 587
179 598
179 608
179 631
179 643
179 646
179 650
179 652
179 659
179 663
179 667
179 670
179 685
179 689
179 728
179 733
179 749
179 754
179 762
179 766
179 852
179 856
179 969
179 978
180 396
180 397
180 422
180 423
180 446
180 447
180 448
180 449
180 450
180 493
180 501
180 513
180 545
180 550
180 553
180 554
180 555
180 556
180 573
180 583
180 587
180 599
180 608
180 631
180 643
180 646
180 649
180 652
180 659
180 663
180 667
180 670
180 685
180 689
180 728
180 733
180 749
180 755
180 756
180 757
180 758
180 759
180 760
180 761
180 766
180 852
180 856
180 968
180 978
181 307
181 308
181 394
181 395
181 423
181 437
181 438
181 439
181 440
181 441
181 442
181 443
181 444
181 445
181 451
181 452
181 493
181 501
181 512
181 513
181 532
181 549
181 557
181 558
181 585
181 599
181 600
181 608
181 631
181 643
181 646
181 649
181 652
181 659
181 663
181 667
181 670
181 685
181 689
181 728
181 733
181 749
181 750
181 751
181 752
181 753
181 754
181 755
181 761
181 766
181 852
181 856
181 968
181 978
182 309
182 314
182 376
182 377
182 378
182 379
182 380
182 381
182 382
182 383
182 391
182 392
182 393
182 394
182 424
182 426
182 427
182 428
182 429
182 430
182 431
182 435
182 436
182 452
182 456
182 457
182 458
182 459
182 460
182 461
182 462
182 463
182 464
182 465
182 466
182 467
182 468
182 469
182 470
182 476
182 477
182 479
182 480
182 481
182 482
182 483
182 484
182 487
182 488
182 489
182 490
182 491
182 492
182 493
182 502
182 503
182 504
182 505
182 506
182 507
182 508
182 509
182 510
182 511
182 513
182 518
182 533
182 538
182 539
182 540
182 541
182 542
182 543
182 544
182 545
182 549
182 559
182 584
182 586
182 599
182 600
182 608
182 631
182 643
182 646
182 649
182 652
182 659
182 663
182 669
182 670
182 685
182 689
182 728
182 733
182 747
182 748
182 761
182 766
182 852
182 856
182 968
182 978
183 309
183 313
183 374
183 375
183 384
183 385
183 389
183 390
183 425
183 432
183 434
183 435
183 453
183 454
183 455
183 472
183 473
183 474
183 486
183 493
183 502
183 510
183 513
183 518
183 533
183 534
183 535
183 536
183 537
183 546
183 547
183 548
183 549
183 551
183 552
183 553
183 554
183 555
183 556
183 559
183 583
183 586
183 598
183 600
183 608
183 632
183 643
183 646
183 649
183 652
183 659
183 663
183 668
183 670
183 685
183 689
183 728
183 733
183 744
183 745
183 746
183 761
183 766
183 852
183 856
183 968
183 978
184 309
184 313
184 366
184 372
184 373
184 386
184 387
184 388
184 389
184 432
184 456
184 457
184 458
184 459
184 460
184 461
184 462
184 463
184 464
184 465
184 466
184 467
184 468
184 469
184 470
184 476
184 477
184 493
184 501
184 504
184 505
184 506
184 507
184 508
184 509
184 510
184 513
184 518
184 534
184 598
184 600
184 608
184 615
184 616
184 617
184 618
184 619
184 620
184 621
184 622
184 623
184 624
184 625
184 626
184 627
184 632
184 640
184 641
184 642
184 643
184 652
184 663
184 667
184 670
184 685
184 689
184 728
184 733
184 741
184 742
184 743
184 761
184 766
184 852
184 856
184 968
184 977
185 309
185 313
185 367
185 372
185 387
185 425
185 426
185 427
185 428
185 429
185 430
185 431
185 432
185 434
185 493
185 501
185 504
185 510
185 513
185 518
185 532
185 533
185 598
185 600
185 601
185 602
185 603
185 604
185 605
185 606
185 607
185 608
185 610
185 611
185 612
185 613
185 614
185 628
185 629
185 643
185 646
185 647
185 648
185 649
185 653
185 667
185 670
185 685
185 689
185 728
185 733
185 737
185 738
185 739
185 740
185 761
185 766
185 809
185 810
185 811
185 812
185 813
185 814
185 852
185 856
185 968
185 977
186 309
186 313
186 367
186 371
186 387
186 426
186 434
186 454
186 455
186 493
186 501
186 504
186 510
186 513
186 518
186 531
186 532
186 597
186 646
186 649
186 653
186 685
186 689
186 728
186 737
186 761
186 766
186 767
186 801
186 802
186 803
186 804
186 805
186 806
186 807
186 808
186 815
186 852
186 856
186 968
186 977
187 309
187 313
187 367
187 372
187 387
187 399
187 400
187 401
187 402
187 403
187 404
187 405
187 426
187 432
187 455
187 493
187 501
187 504
187 510
187 513
187 518
187 531
187 560
187 561
187 594
187 596
187 631
187 632
187 649
187 652
187 685
187 689
187 728
187 734
187 737
187 738
187 739
187 740
187 761
187 766
187 800
187 815
187 852
187 856
187 968
187 977
188 309
188 314
188 367
188 372
188 387
188 397
188 398
188 406
188 407
188 426
188 431
188 456
188 493
188 501
188 504
188 510
188 513
188 518
188 530
188 563
188 564
188 595
188 632
188 652
188 728
188 734
188 740
188 761
188 766
188 767
188 799
188 815
188 852
188 856
188 968
188 977
189 309
189 314
189 367
189 372
189 381
189 382
189 383
189 384
189 385
189 386
189 395
189 396
189 407
189 408
189 426
189 431
189 493
189 501
189 504
189 510
189 513
189 518
189 530
189 564
189 565
189 633
189 728
189 733
189 740
189 761
189 767
189 799
189 815
189 852
189 856
189 967
189 977
190 309
190 314
190 364
190 365
190 366
190 367
190 368
190 369
190 370
190 371
190 372
190 373
190 374
190 375
190 376
190 377
190 378
190 379
190 380
190 387
190 394
190 395
190 408
190 409
190 426
190 493
190 501
190 504
190 510
190 513
190 518
190 529
190 565
190 566
190 567
190 595
190 633
190 728
190 733
190 740
190 761
190 767
190 798
190 799
190 816
190 852
190 856
190 967
190 977
191 309
191 314
191 352
191 353
191 354
191 355
191 356
191 357
191 358
191 359
191 360
191 361
191 362
191 363
191 387
191 393
191 394
191 409
191 410
191 426
191 493
191 501
191 504
191 510
191 513
191 518
191 528
191 529
191 568
191 569
191 570
191 594
191 634
191 727
191 728
191 733
191 740
191 761
191 767
191 794
191 795
191 796
191 797
191 816
191 851
191 856
191 967
191 977
192 309
192 314
192 342
192 343
192 344
192 345
192 346
192 347
192 348
192 349
192 350
192 351
192 387
192 392
192 393
192 410
192 426
192 493
192 501
192 504
192 510
192 513
192 518
192 528
192 571
192 593
192 594
192 634
192 728
192 733
192 740
192 761
192 768
192 793
192 816
192 851
192 856
192 967
192 976
193 309
193 314
193 331
193 332
193 333
193 334
193 335
193 336
193 337
193 338
193 339
193 340
193 341
193 387
193 392
193 411
193 426
193 493
193 501
193 504
193 510
193 513
193 518
193 527
193 571
193 593
193 634
193 728
193 734
193 740
193 761
193 768
193 792
193 816
193 851
193 856
193 967
193 975
194 309
194 314
194 321
194 322
194 323
194 324
194 325
194 326
194 327
194 328
194 329
194 330
194 387
194 391
194 411
194 493
194 501
194 504
194 510
194 513
194 518
194 527
194 571
194 592
194 634
194 637
194 638
194 728
194 734
194 740
194 744
194 745
194 746
194 747
194 748
194 749
194 750
194 751
194 752
194 753
194 754
194 755
194 756
194 757
194 758
194 759
194 760
194 761
194 767
194 792
194 851
194 856
194 967
194 975
195 310
195 311
195 312
195 313
195 314
195 315
195 316
195 317
195 318
195 319
195 320
195 386
195 387
195 391
195 411
195 493
195 501
195 504
195 510
195 513
195 518
195 526
195 570
195 571
195 587
195 588
195 589
195 592
195 634
195 636
195 639
195 640
195 641
195 642
195 728
195 733
195 792
195 817
195 851
195 856
195 967
195 975
196 298
196 299
196 300
196 301
196 302
196 303
196 304
196 305
196 306
196 307
196 308
196 309
196 310
196 390
196 411
196 504
196 526
196 569
196 586
196 590
196 643
196 851
196 856
196 967
196 975
197 285
197 286
197 287
197 288
197 289
197 290
197 291
197 292
197 293
197 294
197 295
197 296
197 297
197 390
197 504
197 525
197 570
197 571
197 585
197 643
197 851
197 856
197 967
197 975
198 270
198 271
198 272
198 273
198 274
198 275
198 276
198 277
198 278
198 279
198 280
198 281
198 282
198 283
198 284
198 390
198 504
198 525
198 571
198 585
198 643
198 851
198 856
198 967
198 975
199 257
199 258
199 259
199 260
199 261
199 262
199 263
199 264
199 265
199 266
199 267
199 268
199 269
199 390
199 504
199 524
199 571
199 585
199 641
199 642
199 851
199 856
199 966
199 975
200 244
200 245
200 246
200 247
200 248
200 249
200 250
200 251
200 252
200 253
200 254
200 255
200 256
200 390
200 504
200 524
200 571
200 585
200 639
200 640
200 851
200 856
200 966
200 975
201 230
201 231
201 232
201 233
201 234
201 235
201 236
201 237
201 238
201 239
201 240
201 241
201 242
201 243
201 391
201 504
201 524
201 571
201 586
201 587
201 588
201 638
201 851
201 856
201 966
201 974
202 36
202 37
202 38
202 39
202 40
202 41
202 42
202 43
202 44
202 45
202 46
202 47
202 48
202 49
202 50
202 51
202 52
202 53
202 54
202 55
202 56
202 57
202 58
202 59
202 60
202 61
202 62
202 63
202 64
202 65
202 66
202 67
202 68
202 216
202 217
202 218
202 219
202 220
202 221
202 222
202 223
202 224
202 225
202 226
202 227
202 228
202 229
202 391
202 410
202 504
202 524
202 571
202 638
202 851
202 856
202 966
202 974
203 0
203 1
203 2
203 3
203 4
203 5
203 6
203 7
203 8
203 9
203 10
203 11
203 12
203 13
203 14
203 15
203 16
203 17
203 18
203 19
203 20
203 21
203 22
203 23
203 24
203 25
203 26
203 27
203 28
203 29
203 30
203 31
203 32
203 33
203 34
203 35
203 69
203 70
203 71
203 202
203 203
203 204
203 205
203 206
203 207
203 208
203 209
203 210
203 211
203 212
203 213
203 214
203 215
203 392
203 409
203 410
203 524
203 571
203 587
203 588
203 638
203 851
203 856
203 966
203 974
204 72
204 73
204 74
204 189
204 190
204 191
204 192
204 193
204 194
204 195
204 196
204 197
204 198
204 199
204 200
204 201
204 392
204 393
204 408
204 409
204 524
204 571
204 586
204 587
204 638
204 851
204 856
204 966
204 974
205 75
205 76
205 77
205 172
205 173
205 174
205 182
205 183
205 184
205 185
205 186
205 187
205 188
205 393
205 394
205 407
205 408
205 524
205 571
205 586
205 638
205 851
205 856
205 966
205 974
206 78
206 79
206 80
206 161
206 162
206 163
206 164
206 165
206 166
206 167
206 168
206 169
206 170
206 177
206 178
206 179
206 180
206 395
206 396
206 405
206 406
206 407
206 524
206 570
206 585
206 639
206 851
206 856
206 966
206 974
207 81
207 82
207 83
207 148
207 149
207 150
207 151
207 152
207 153
207 154
207 155
207 156
207 157
207 158
207 159
207 160
207 172
207 173
207 174
207 397
207 398
207 401
207 403
207 404
207 585
207 639
207 851
207 856
207 966
207 974
208 84
208 85
208 137
208 138
208 139
208 140
208 141
208 142
208 143
208 144
208 145
208 146
208 147
208 399
208 403
208 585
208 639
208 851
208 856
208 966
208 974
209 86
209 87
209 126
209 127
209 128
209 129
209 130
209 131
209 132
209 133
209 134
209 135
209 136
209 399
209 402
209 585
209 640
209 851
209 856
209 965
209 974
210 88
210 89
210 116
210 117
210 118
210 119
210 120
210 121
210 122
210 123
210 124
210 125
210 399
210 402
210 585
210 641
210 965
210 973
211 90
211 91
211 106
211 107
211 108
211 109
211 110
211 111
211 112
211 113
211 114
211 115
211 399
211 402
211 585
211 641
211 965
211 973
212 91
212 92
212 100
212 101
212 102
212 103
212 104
212 105
212 399
212 402
212 585
212 641
212 965
212 973
213 93
213 99
213 399
213 402
213 585
213 641
213 965
213 973
214 94
214 95
214 96
214 97
214 98
214 99
214 399
214 402
214 585
214 641
214 965
214 973
215 99
215 100
215 101
215 399
215 402
215 585
215 641
215 965
215 973
216 102
216 103
216 965
216 973
217 104
217 105
217 965
217 973
218 105
218 106
218 965
218 973
219 107
219 108
219 965
219 972
220 109
220 110
220 964
220 972
221 110
221 111
221 964
221 972
222 112
222 113
222 964
222 972
223 114
223 964
223 972
224 115
224 964
224 972
225 115
225 964
225 972
226 116
226 964
226 972
227 964
227 972
228 962
228 971
229 963
229 972
230 963
230 972
231 963
231 971
232 963
232 971
233 963
233 971
234 963
234 971
235 963
235 971
236 963
236 970
237 963
237 970
238 963
238 970
239 963
239 970
240 962
240 970
241 962
241 970
242 962
242 970
243 962
243 970
257 1278
257 1279
