0 119
0 127
0 328
0 382
0 397
0 402
0 427
0 568
0 589
0 683
0 705
0 1239
0 1248
1 119
1 127
1 328
1 378
1 379
1 380
1 381
1 383
1 384
1 385
1 386
1 387
1 388
1 389
1 390
1 391
1 392
1 393
1 394
1 395
1 396
1 397
1 399
1 400
1 401
1 402
1 427
1 567
1 568
1 589
1 683
1 705
1 1239
1 1248
2 119
2 127
2 328
2 378
2 426
2 427
2 566
2 589
2 683
2 705
2 1239
2 1248
3 119
3 127
3 328
3 378
3 379
3 425
3 426
3 565
3 589
3 681
3 682
3 683
3 684
3 685
3 686
3 687
3 688
3 689
3 690
3 691
3 692
3 705
3 1239
3 1248
4 119
4 127
4 328
4 379
4 380
4 424
4 425
4 565
4 589
4 671
4 672
4 673
4 674
4 675
4 676
4 677
4 678
4 679
4 680
4 693
4 694
4 704
4 705
4 1239
4 1248
5 119
5 127
5 328
5 380
5 381
5 423
5 424
5 566
5 588
5 661
5 662
5 663
5 664
5 665
5 666
5 667
5 668
5 669
5 670
5 694
5 695
5 696
5 697
5 698
5 699
5 700
5 701
5 702
5 703
5 1239
5 1248
6 119
6 127
6 328
6 381
6 422
6 423
6 566
6 585
6 586
6 587
6 588
6 589
6 590
6 591
6 592
6 593
6 594
6 595
6 596
6 597
6 598
6 599
6 600
6 601
6 602
6 655
6 656
6 657
6 658
6 659
6 660
6 1239
6 1248
7 119
7 127
7 328
7 381
7 383
7 421
7 422
7 567
7 581
7 582
7 583
7 584
7 603
7 604
7 605
7 606
7 607
7 608
7 609
7 610
7 611
7 612
7 613
7 614
7 615
7 616
7 617
7 618
7 653
7 654
7 1239
7 1248
8 119
8 127
8 328
8 381
8 383
8 384
8 419
8 420
8 568
8 569
8 579
8 580
8 619
8 620
8 621
8 622
8 650
8 651
8 652
8 1239
8 1248
9 119
9 127
9 328
9 381
9 384
9 385
9 418
9 419
9 570
9 571
9 572
9 573
9 574
9 575
9 576
9 577
9 578
9 579
9 623
9 624
9 625
9 626
9 647
9 648
9 649
9 1239
9 1248
10 119
10 127
10 328
10 381
10 385
10 386
10 417
10 418
10 627
10 628
10 629
10 630
10 645
10 646
10 1239
10 1248
11 119
11 127
11 328
11 381
11 386
11 387
11 416
11 417
11 631
11 632
11 641
11 642
11 643
11 644
11 1239
11 1248
12 119
12 127
12 328
12 381
12 387
12 388
12 415
12 416
12 632
12 639
12 640
12 1239
12 1248
13 119
13 127
13 328
13 381
13 388
13 389
13 414
13 415
13 632
13 639
13 1239
13 1248
14 119
14 127
14 328
14 381
14 390
14 391
14 414
14 632
14 638
14 1239
14 1248
15 119
15 127
15 328
15 381
15 391
15 392
15 413
15 632
15 638
15 1239
15 1248
16 119
16 127
16 328
16 381
16 392
16 393
16 411
16 413
16 632
16 638
16 1239
16 1248
17 119
17 127
17 328
17 380
17 393
17 394
17 410
17 411
17 413
17 632
17 638
17 1239
17 1248
18 119
18 127
18 328
18 380
18 394
18 395
18 409
18 410
18 413
18 632
18 638
18 1029
18 1030
18 1239
18 1248
19 119
19 127
19 328
19 381
19 395
19 396
19 407
19 408
19 413
19 632
19 638
19 1027
19 1028
19 1239
19 1248
20 119
20 127
20 328
20 381
20 382
20 396
20 397
20 406
20 407
20 413
20 632
20 638
20 1026
20 1027
20 1030
20 1239
20 1248
21 119
21 127
21 328
21 379
21 383
21 384
21 397
21 405
21 406
21 413
21 632
21 638
21 1025
21 1026
21 1030
21 1239
21 1248
22 119
22 127
22 328
22 379
22 385
22 386
22 397
22 398
22 403
22 404
22 413
22 632
22 638
22 1023
22 1024
22 1030
22 1239
22 1248
23 119
23 127
23 328
23 379
23 387
23 388
23 397
23 400
23 402
23 403
23 413
23 632
23 638
23 1022
23 1023
23 1030
23 1239
23 1248
24 119
24 127
24 328
24 378
24 389
24 390
24 397
24 400
24 401
24 402
24 413
24 632
24 638
24 1020
24 1021
24 1030
24 1239
24 1248
25 119
25 127
25 328
25 378
25 391
25 392
25 397
25 413
25 632
25 638
25 1019
25 1020
25 1030
25 1239
25 1248
26 119
26 127
26 328
26 378
26 393
26 394
26 397
26 413
26 632
26 638
26 1017
26 1018
26 1030
26 1239
26 1248
27 119
27 127
27 328
27 378
27 395
27 397
27 413
27 632
27 638
27 1016
27 1017
27 1030
27 1239
27 1248
28 119
28 127
28 328
28 378
28 413
28 632
28 638
28 1015
28 1016
28 1030
28 1239
28 1248
29 119
29 127
29 328
29 378
29 399
29 400
29 413
29 632
29 638
29 1013
29 1014
29 1030
29 1239
29 1248
30 118
30 127
30 328
30 377
30 400
30 413
30 632
30 638
30 1011
30 1012
30 1013
30 1030
30 1239
30 1248
31 118
31 127
31 328
31 377
31 400
31 413
31 632
31 638
31 1009
31 1010
31 1030
31 1239
31 1248
32 118
32 127
32 328
32 377
32 400
32 413
32 632
32 638
32 1009
32 1030
32 1239
32 1248
33 118
33 127
33 328
33 377
33 400
33 413
33 632
33 638
33 1008
33 1030
33 1066
33 1067
33 1068
33 1069
33 1077
33 1078
33 1079
33 1238
33 1248
34 118
34 127
34 328
34 377
34 400
34 413
34 632
34 638
34 1008
34 1030
34 1064
34 1065
34 1070
34 1071
34 1072
34 1073
34 1074
34 1075
34 1076
34 1080
34 1081
34 1238
34 1248
35 118
35 127
35 328
35 377
35 400
35 413
35 632
35 638
35 1008
35 1030
35 1064
35 1081
35 1082
35 1238
35 1248
36 118
36 127
36 328
36 376
36 400
36 413
36 632
36 638
36 1008
36 1030
36 1063
36 1082
36 1238
36 1248
37 118
37 127
37 328
37 377
37 400
37 413
37 631
37 638
37 1008
37 1030
37 1063
37 1082
37 1238
37 1248
38 118
38 127
38 320
38 321
38 322
38 323
38 324
38 325
38 326
38 327
38 328
38 400
38 413
38 631
38 638
38 1008
38 1030
38 1063
38 1082
38 1238
38 1248
39 118
39 127
39 319
39 379
39 380
39 381
39 400
39 413
39 631
39 638
39 1008
39 1030
39 1056
39 1057
39 1058
39 1059
39 1060
39 1061
39 1062
39 1063
39 1082
39 1238
39 1248
40 118
40 126
40 318
40 378
40 382
40 383
40 384
40 400
40 413
40 631
40 638
40 1008
40 1030
40 1054
40 1055
40 1082
40 1084
40 1085
40 1238
40 1248
41 118
41 126
41 318
41 378
41 385
41 386
41 400
41 413
41 631
41 638
41 1008
41 1030
41 1053
41 1054
41 1086
41 1238
41 1248
42 118
42 126
42 318
42 378
42 387
42 400
42 413
42 631
42 638
42 1008
42 1029
42 1052
42 1086
42 1238
42 1248
43 118
43 126
43 318
43 378
43 388
43 400
43 413
43 631
43 638
43 1008
43 1029
43 1051
43 1086
43 1238
43 1248
44 118
44 126
44 314
44 315
44 316
44 317
44 318
44 378
44 389
44 390
44 400
44 413
44 631
44 638
44 1008
44 1029
44 1049
44 1050
44 1086
44 1238
44 1248
45 118
45 126
45 307
45 308
45 309
45 310
45 311
45 312
45 313
45 378
45 391
45 392
45 393
45 400
45 413
45 631
45 638
45 1008
45 1029
45 1048
45 1049
45 1085
45 1238
45 1248
46 118
46 126
46 304
46 305
46 306
46 379
46 394
46 395
46 400
46 413
46 631
46 638
46 1008
46 1029
46 1048
46 1085
46 1238
46 1248
47 118
47 126
47 302
47 303
47 380
47 381
47 382
47 383
47 384
47 396
47 400
47 413
47 631
47 637
47 1008
47 1029
47 1047
47 1085
47 1238
47 1248
48 118
48 126
48 300
48 301
48 385
48 386
48 387
48 388
48 389
48 390
48 391
48 397
48 399
48 400
48 413
48 631
48 637
48 1008
48 1029
48 1047
48 1084
48 1238
48 1248
49 118
49 126
49 300
49 392
49 393
49 394
49 395
49 396
49 413
49 631
49 637
49 1008
49 1029
49 1048
49 1085
49 1238
49 1248
50 118
50 126
50 299
50 396
50 413
50 631
50 637
50 1008
50 1029
50 1048
50 1085
50 1086
50 1238
50 1248
51 118
51 126
51 299
51 397
51 398
51 413
51 631
51 637
51 1008
51 1029
51 1047
51 1048
51 1086
51 1087
51 1238
51 1248
52 118
52 126
52 298
52 398
52 413
52 631
52 637
52 1008
52 1029
52 1043
52 1044
52 1045
52 1046
52 1088
52 1089
52 1238
52 1248
53 118
53 126
53 298
53 399
53 413
53 631
53 637
53 872
53 873
53 1008
53 1029
53 1041
53 1042
53 1089
53 1090
53 1238
53 1248
54 118
54 126
54 299
54 399
54 413
54 631
54 637
54 870
54 871
54 874
54 875
54 1008
54 1029
54 1040
54 1090
54 1091
54 1092
54 1238
54 1248
55 118
55 126
55 299
55 300
55 400
55 413
55 631
55 637
55 869
55 870
55 876
55 1008
55 1029
55 1040
55 1093
55 1094
55 1238
55 1248
56 118
56 126
56 300
56 400
56 413
56 631
56 637
56 867
56 868
56 876
56 1008
56 1029
56 1040
56 1095
56 1096
56 1238
56 1248
57 118
57 126
57 301
57 400
57 413
57 631
57 637
57 866
57 876
57 1008
57 1029
57 1041
57 1096
57 1097
57 1238
57 1248
58 118
58 126
58 301
58 302
58 303
58 400
58 413
58 631
58 637
58 865
58 877
58 1008
58 1029
58 1041
58 1042
58 1097
58 1098
58 1099
58 1100
58 1101
58 1102
58 1103
58 1104
58 1105
58 1238
58 1248
59 118
59 126
59 304
59 305
59 306
59 307
59 400
59 413
59 631
59 637
59 865
59 877
59 1008
59 1029
59 1042
59 1043
59 1106
59 1107
59 1238
59 1248
60 118
60 126
60 308
60 309
60 310
60 400
60 413
60 631
60 637
60 864
60 877
60 995
60 996
60 997
60 1008
60 1029
60 1046
60 1047
60 1107
60 1108
60 1238
60 1248
61 115
61 116
61 118
61 126
61 148
61 149
61 150
61 151
61 311
61 312
61 313
61 314
61 400
61 413
61 631
61 637
61 864
61 878
61 991
61 992
61 993
61 994
61 998
61 999
61 1008
61 1029
61 1041
61 1042
61 1047
61 1108
61 1109
61 1238
61 1248
62 113
62 114
62 118
62 127
62 146
62 147
62 152
62 153
62 315
62 316
62 400
62 413
62 631
62 637
62 864
62 878
62 991
62 999
62 1000
62 1008
62 1029
62 1040
62 1041
62 1045
62 1046
62 1047
62 1109
62 1110
62 1238
62 1248
63 113
63 118
63 127
63 143
63 144
63 145
63 146
63 153
63 400
63 413
63 631
63 637
63 864
63 879
63 989
63 991
63 992
63 1000
63 1001
63 1008
63 1029
63 1040
63 1110
63 1238
63 1248
64 112
64 118
64 127
64 141
64 142
64 154
64 276
64 277
64 278
64 279
64 280
64 281
64 282
64 283
64 284
64 285
64 286
64 287
64 288
64 289
64 290
64 291
64 292
64 293
64 294
64 295
64 296
64 297
64 298
64 299
64 300
64 301
64 302
64 303
64 304
64 305
64 306
64 307
64 308
64 309
64 310
64 311
64 312
64 313
64 314
64 315
64 400
64 413
64 631
64 637
64 864
64 879
64 987
64 988
64 992
64 993
64 1002
64 1003
64 1008
64 1029
64 1039
64 1111
64 1238
64 1247
65 8
65 9
65 10
65 11
65 111
65 112
65 118
65 127
65 140
65 141
65 154
65 275
65 316
65 399
65 400
65 413
65 631
65 637
65 865
65 880
65 986
65 987
65 993
65 994
65 1003
65 1004
65 1008
65 1029
65 1038
65 1039
65 1112
65 1238
65 1247
66 8
66 12
66 13
66 107
66 108
66 109
66 110
66 111
66 118
66 126
66 129
66 139
66 140
66 154
66 274
66 316
66 395
66 398
66 413
66 631
66 637
66 865
66 881
66 882
66 984
66 985
66 994
66 995
66 1005
66 1006
66 1008
66 1029
66 1032
66 1033
66 1034
66 1035
66 1036
66 1037
66 1113
66 1238
66 1247
67 0
67 1
67 2
67 3
67 7
67 14
67 26
67 27
67 28
67 105
67 106
67 118
67 126
67 130
67 131
67 132
67 133
67 134
67 135
67 136
67 137
67 138
67 155
67 274
67 316
67 391
67 392
67 393
67 394
67 396
67 413
67 631
67 637
67 865
67 882
67 982
67 983
67 995
67 996
67 1006
67 1007
67 1029
67 1113
67 1114
67 1238
67 1247
68 4
68 5
68 6
68 7
68 14
68 25
68 29
68 30
68 104
68 118
68 126
68 155
68 274
68 316
68 387
68 388
68 389
68 390
68 396
68 413
68 631
68 637
68 866
68 883
68 982
68 996
68 997
68 1007
68 1029
68 1114
68 1115
68 1238
68 1247
69 14
69 25
69 30
69 31
69 103
69 118
69 126
69 156
69 274
69 316
69 385
69 386
69 396
69 413
69 631
69 637
69 862
69 866
69 883
69 981
69 998
69 999
69 1000
69 1001
69 1002
69 1007
69 1009
69 1029
69 1115
69 1238
69 1247
70 14
70 24
70 31
70 104
70 118
70 126
70 156
70 157
70 158
70 274
70 316
70 384
70 396
70 413
70 631
70 637
70 861
70 863
70 864
70 865
70 866
70 884
70 981
70 1003
70 1004
70 1007
70 1009
70 1029
70 1116
70 1238
70 1247
71 15
71 23
71 24
71 31
71 118
71 126
71 159
71 160
71 161
71 162
71 274
71 316
71 383
71 396
71 413
71 631
71 637
71 851
71 852
71 853
71 854
71 855
71 856
71 857
71 858
71 859
71 860
71 884
71 885
71 886
71 887
71 888
71 981
71 1004
71 1005
71 1006
71 1007
71 1009
71 1029
71 1116
71 1117
71 1238
71 1247
72 15
72 16
72 22
72 23
72 31
72 102
72 103
72 118
72 126
72 163
72 164
72 274
72 315
72 316
72 383
72 396
72 413
72 631
72 637
72 849
72 850
72 889
72 890
72 982
72 1005
72 1008
72 1029
72 1117
72 1118
72 1238
72 1247
73 17
73 18
73 19
73 20
73 21
73 31
73 101
73 118
73 126
73 165
73 274
73 309
73 310
73 311
73 312
73 313
73 314
73 383
73 396
73 413
73 631
73 637
73 847
73 848
73 890
73 891
73 896
73 982
73 1004
73 1008
73 1029
73 1118
73 1119
73 1238
73 1247
74 30
74 100
74 118
74 126
74 165
74 274
74 303
74 304
74 305
74 306
74 307
74 308
74 383
74 396
74 413
74 470
74 471
74 472
74 473
74 474
74 475
74 476
74 477
74 478
74 631
74 637
74 845
74 846
74 891
74 892
74 893
74 894
74 895
74 897
74 898
74 983
74 1004
74 1008
74 1029
74 1119
74 1238
74 1247
75 31
75 32
75 33
75 34
75 35
75 42
75 43
75 44
75 45
75 100
75 118
75 126
75 165
75 274
75 301
75 302
75 384
75 385
75 386
75 387
75 396
75 413
75 469
75 479
75 631
75 637
75 842
75 843
75 844
75 899
75 900
75 983
75 984
75 1004
75 1008
75 1029
75 1120
75 1238
75 1247
76 36
76 37
76 38
76 39
76 40
76 41
76 42
76 46
76 47
76 100
76 118
76 126
76 165
76 274
76 301
76 388
76 389
76 390
76 391
76 392
76 393
76 394
76 395
76 398
76 413
76 468
76 479
76 631
76 637
76 840
76 841
76 901
76 984
76 1004
76 1007
76 1029
76 1120
76 1238
76 1247
77 48
77 49
77 50
77 51
77 52
77 53
77 54
77 55
77 56
77 100
77 118
77 126
77 164
77 165
77 274
77 300
77 398
77 414
77 468
77 479
77 631
77 637
77 838
77 839
77 901
77 984
77 1004
77 1007
77 1029
77 1121
77 1238
77 1247
78 57
78 58
78 100
78 118
78 126
78 164
78 274
78 300
78 399
78 414
78 468
78 479
78 631
78 637
78 838
78 901
78 984
78 1004
78 1007
78 1029
78 1121
78 1238
78 1247
78 1265
78 1266
78 1267
78 1268
78 1269
78 1270
78 1271
78 1272
78 1273
78 1274
78 1275
78 1276
78 1277
78 1278
78 1279
79 58
79 59
79 101
79 118
79 126
79 164
79 274
79 299
79 399
79 414
79 468
79 479
79 631
79 637
79 837
79 901
79 984
79 1004
79 1007
79 1029
79 1122
79 1238
79 1248
79 1249
79 1250
79 1251
79 1252
79 1253
79 1254
79 1255
79 1256
79 1257
79 1258
79 1259
79 1260
79 1261
79 1262
79 1263
79 1264
80 59
80 60
80 61
80 62
80 102
80 118
80 126
80 165
80 166
80 274
80 299
80 400
80 414
80 468
80 479
80 631
80 637
80 837
80 902
80 984
80 1004
80 1007
80 1029
80 1123
80 1124
80 1238
80 1248
81 63
81 64
81 65
81 66
81 67
81 68
81 69
81 70
81 71
81 72
81 73
81 74
81 75
81 76
81 77
81 84
81 85
81 86
81 87
81 88
81 89
81 90
81 91
81 92
81 93
81 94
81 103
81 118
81 126
81 166
81 167
81 173
81 174
81 175
81 274
81 298
81 400
81 414
81 468
81 479
81 631
81 637
81 836
81 902
81 984
81 1004
81 1007
81 1011
81 1012
81 1013
81 1014
81 1015
81 1016
81 1017
81 1018
81 1029
81 1125
81 1126
81 1238
81 1247
82 78
82 83
82 95
82 104
82 105
82 118
82 126
82 167
82 168
82 169
82 170
82 171
82 172
82 176
82 177
82 178
82 274
82 299
82 400
82 414
82 468
82 479
82 631
82 637
82 829
82 830
82 831
82 832
82 833
82 834
82 835
82 836
82 903
82 974
82 975
82 976
82 984
82 1004
82 1007
82 1010
82 1019
82 1029
82 1126
82 1127
82 1238
82 1247
83 43
83 44
83 45
83 78
83 82
83 95
83 106
83 107
83 118
83 126
83 179
83 180
83 274
83 299
83 400
83 414
83 468
83 479
83 631
83 637
83 828
83 903
83 972
83 973
83 977
83 978
83 983
83 1004
83 1007
83 1019
83 1029
83 1127
83 1128
83 1238
83 1247
84 42
84 43
84 46
84 47
84 78
84 82
84 95
84 107
84 118
84 126
84 181
84 244
84 245
84 274
84 300
84 400
84 416
84 417
84 418
84 419
84 420
84 421
84 422
84 423
84 424
84 425
84 426
84 427
84 428
84 429
84 430
84 431
84 432
84 433
84 434
84 435
84 436
84 437
84 438
84 439
84 440
84 468
84 479
84 576
84 577
84 578
84 579
84 580
84 581
84 582
84 631
84 637
84 827
84 904
84 960
84 961
84 962
84 972
84 978
84 979
84 982
84 983
84 1004
84 1007
84 1019
84 1029
84 1128
84 1238
84 1247
85 42
85 48
85 78
85 82
85 95
85 107
85 118
85 126
85 181
85 243
85 246
85 274
85 300
85 400
85 415
85 441
85 468
85 479
85 575
85 583
85 631
85 637
85 827
85 904
85 959
85 963
85 971
85 979
85 982
85 1004
85 1007
85 1019
85 1029
85 1128
85 1238
85 1247
86 41
86 49
86 79
86 82
86 95
86 108
86 118
86 126
86 181
86 242
86 247
86 248
86 249
86 250
86 274
86 300
86 400
86 414
86 442
86 443
86 444
86 445
86 446
86 447
86 448
86 449
86 450
86 451
86 452
86 453
86 454
86 455
86 456
86 457
86 458
86 459
86 460
86 461
86 462
86 463
86 464
86 465
86 466
86 467
86 468
86 479
86 573
86 574
86 584
86 585
86 586
86 587
86 588
86 589
86 590
86 591
86 594
86 595
86 631
86 638
86 639
86 640
86 643
86 644
86 645
86 646
86 647
86 648
86 649
86 650
86 651
86 652
86 653
86 654
86 655
86 656
86 657
86 658
86 826
86 905
86 958
86 964
86 971
86 980
86 981
86 1004
86 1007
86 1019
86 1029
86 1129
86 1238
86 1247
87 41
87 49
87 50
87 80
87 83
87 84
87 85
87 86
87 87
87 95
87 108
87 118
87 126
87 181
87 187
87 188
87 189
87 190
87 242
87 251
87 252
87 253
87 274
87 301
87 400
87 414
87 479
87 572
87 592
87 593
87 596
87 597
87 598
87 599
87 600
87 601
87 602
87 603
87 604
87 605
87 606
87 607
87 608
87 609
87 625
87 626
87 627
87 628
87 629
87 630
87 631
87 641
87 642
87 659
87 660
87 826
87 905
87 906
87 956
87 957
87 964
87 965
87 971
87 1004
87 1007
87 1019
87 1029
87 1130
87 1131
87 1238
87 1247
88 41
88 42
88 51
88 52
88 88
88 95
88 99
88 100
88 101
88 102
88 103
88 104
88 105
88 109
88 117
88 126
88 182
88 186
88 190
88 191
88 241
88 254
88 255
88 274
88 302
88 303
88 304
88 400
88 414
88 479
88 572
88 610
88 611
88 612
88 613
88 614
88 615
88 616
88 617
88 618
88 619
88 620
88 621
88 622
88 623
88 624
88 641
88 660
88 825
88 826
88 906
88 907
88 955
88 956
88 965
88 966
88 970
88 1004
88 1007
88 1019
88 1028
88 1132
88 1238
88 1247
89 43
89 44
89 53
89 54
89 88
89 95
89 98
89 106
89 107
89 110
89 117
89 126
89 182
89 185
89 191
89 192
89 210
89 211
89 212
89 213
89 214
89 215
89 241
89 256
89 257
89 274
89 305
89 306
89 400
89 414
89 479
89 573
89 574
89 575
89 592
89 641
89 659
89 660
89 823
89 824
89 825
89 907
89 955
89 967
89 968
89 969
89 970
89 1004
89 1007
89 1019
89 1028
89 1132
89 1238
89 1247
90 44
90 45
90 54
90 55
90 85
90 86
90 88
90 95
90 108
90 117
90 126
90 182
90 185
90 192
90 208
90 209
90 216
90 217
90 240
90 257
90 258
90 274
90 307
90 308
90 309
90 310
90 400
90 414
90 479
90 576
90 577
90 578
90 579
90 580
90 581
90 582
90 583
90 584
90 585
90 586
90 587
90 588
90 589
90 590
90 591
90 592
90 593
90 594
90 595
90 596
90 597
90 598
90 599
90 600
90 639
90 640
90 641
90 642
90 643
90 644
90 645
90 646
90 647
90 648
90 649
90 650
90 651
90 652
90 653
90 654
90 655
90 656
90 657
90 658
90 659
90 821
90 822
90 907
90 954
90 1004
90 1007
90 1019
90 1028
90 1132
90 1238
90 1248
90 1249
90 1250
90 1251
90 1252
90 1253
90 1254
90 1255
90 1256
90 1257
90 1258
90 1262
90 1263
90 1264
90 1265
90 1266
90 1267
90 1268
90 1269
90 1270
90 1271
90 1272
90 1273
90 1274
90 1275
90 1276
90 1277
90 1278
90 1279
91 46
91 47
91 56
91 57
91 88
91 95
91 110
91 117
91 126
91 183
91 185
91 193
91 208
91 218
91 219
91 239
91 240
91 258
91 259
91 274
91 311
91 312
91 314
91 400
91 415
91 416
91 417
91 418
91 419
91 420
91 421
91 422
91 423
91 424
91 425
91 426
91 427
91 428
91 429
91 430
91 431
91 432
91 433
91 434
91 435
91 436
91 437
91 438
91 439
91 440
91 441
91 442
91 443
91 444
91 445
91 446
91 447
91 448
91 449
91 450
91 451
91 452
91 453
91 454
91 455
91 456
91 457
91 458
91 459
91 460
91 461
91 462
91 463
91 464
91 465
91 466
91 467
91 478
91 601
91 602
91 603
91 604
91 605
91 606
91 607
91 608
91 609
91 610
91 611
91 612
91 625
91 626
91 627
91 628
91 629
91 638
91 819
91 820
91 908
91 920
91 921
91 954
91 1004
91 1007
91 1019
91 1028
91 1132
91 1238
91 1248
91 1260
91 1261
92 48
92 49
92 58
92 59
92 88
92 95
92 117
92 126
92 183
92 184
92 185
92 193
92 194
92 207
92 220
92 238
92 239
92 259
92 260
92 274
92 312
92 315
92 316
92 399
92 400
92 468
92 478
92 613
92 620
92 621
92 622
92 623
92 624
92 630
92 637
92 817
92 818
92 908
92 917
92 918
92 919
92 922
92 923
92 924
92 953
92 1004
92 1007
92 1019
92 1028
92 1131
92 1132
92 1238
92 1247
92 1258
92 1259
93 49
93 50
93 59
93 60
93 88
93 95
93 117
93 126
93 194
93 195
93 207
93 220
93 236
93 237
93 260
93 261
93 274
93 316
93 398
93 399
93 414
93 468
93 478
93 613
93 619
93 630
93 637
93 817
93 909
93 910
93 911
93 912
93 913
93 914
93 915
93 916
93 925
93 926
93 953
93 1004
93 1007
93 1019
93 1028
93 1128
93 1129
93 1130
93 1238
93 1247
93 1256
93 1257
94 51
94 52
94 61
94 62
94 88
94 95
94 117
94 126
94 196
94 207
94 220
94 234
94 235
94 261
94 274
94 316
94 394
94 397
94 414
94 468
94 478
94 613
94 618
94 630
94 637
94 712
94 713
94 714
94 715
94 716
94 717
94 718
94 719
94 720
94 816
94 927
94 928
94 953
94 1004
94 1007
94 1019
94 1028
94 1126
94 1127
94 1238
94 1247
94 1254
94 1255
95 52
95 53
95 63
95 64
95 88
95 95
95 117
95 126
95 197
95 207
95 220
95 232
95 233
95 261
95 274
95 316
95 388
95 389
95 390
95 391
95 392
95 393
95 395
95 414
95 468
95 478
95 613
95 618
95 630
95 637
95 711
95 721
95 722
95 723
95 817
95 928
95 929
95 953
95 1003
95 1007
95 1019
95 1028
95 1119
95 1120
95 1121
95 1122
95 1123
95 1124
95 1125
95 1238
95 1247
95 1252
95 1253
96 54
96 55
96 64
96 65
96 88
96 95
96 117
96 126
96 197
96 207
96 220
96 225
96 226
96 227
96 228
96 229
96 230
96 231
96 261
96 274
96 317
96 386
96 387
96 395
96 414
96 468
96 478
96 613
96 618
96 630
96 637
96 707
96 710
96 724
96 725
96 726
96 727
96 728
96 729
96 730
96 731
96 817
96 818
96 929
96 930
96 931
96 952
96 953
96 1003
96 1007
96 1019
96 1028
96 1117
96 1118
96 1237
96 1247
96 1250
96 1251
97 56
97 57
97 66
97 67
97 88
97 95
97 117
97 126
97 198
97 207
97 219
97 223
97 224
97 261
97 274
97 317
97 324
97 325
97 326
97 384
97 385
97 395
97 414
97 468
97 478
97 613
97 618
97 630
97 637
97 705
97 706
97 708
97 709
97 710
97 732
97 733
97 815
97 816
97 932
97 933
97 934
97 935
97 952
97 1003
97 1007
97 1019
97 1028
97 1117
97 1222
97 1223
97 1224
97 1225
97 1226
97 1227
97 1228
97 1229
97 1230
97 1231
97 1232
97 1233
97 1234
97 1235
97 1236
97 1237
97 1248
97 1249
98 57
98 58
98 68
98 69
98 88
98 95
98 117
98 126
98 199
98 200
98 205
98 206
98 219
98 223
98 262
98 274
98 320
98 321
98 322
98 323
98 327
98 384
98 395
98 414
98 468
98 478
98 613
98 618
98 630
98 637
98 703
98 704
98 734
98 735
98 736
98 737
98 789
98 797
98 798
98 799
98 800
98 813
98 814
98 936
98 937
98 951
98 1003
98 1007
98 1019
98 1028
98 1118
98 1119
98 1219
98 1220
98 1221
98 1237
98 1248
99 59
99 60
99 70
99 71
99 88
99 95
99 117
99 126
99 200
99 201
99 204
99 205
99 219
99 222
99 262
99 274
99 318
99 319
99 327
99 383
99 395
99 414
99 468
99 478
99 613
99 618
99 630
99 637
99 702
99 703
99 738
99 739
99 787
99 788
99 790
99 791
99 792
99 796
99 801
99 802
99 803
99 804
99 805
99 806
99 807
99 808
99 813
99 938
99 939
99 951
99 1003
99 1007
99 1019
99 1028
99 1119
99 1120
99 1121
99 1218
99 1237
99 1247
100 60
100 61
100 72
100 73
100 87
100 95
100 117
100 126
100 201
100 202
100 203
100 204
100 220
100 222
100 263
100 274
100 327
100 383
100 395
100 414
100 468
100 478
100 613
100 618
100 630
100 637
100 699
100 700
100 701
100 739
100 786
100 793
100 794
100 809
100 810
100 812
100 940
100 941
100 942
100 943
100 950
100 1003
100 1007
100 1019
100 1028
100 1122
100 1217
100 1237
100 1247
101 62
101 63
101 73
101 74
101 87
101 95
101 117
101 126
101 220
101 222
101 263
101 274
101 328
101 329
101 332
101 333
101 334
101 335
101 336
101 337
101 338
101 339
101 340
101 341
101 342
101 343
101 344
101 345
101 346
101 347
101 348
101 349
101 383
101 395
101 414
101 468
101 478
101 613
101 618
101 630
101 637
101 698
101 740
101 741
101 742
101 743
101 785
101 794
101 810
101 813
101 944
101 945
101 946
101 947
101 948
101 1003
101 1007
101 1019
101 1028
101 1123
101 1217
101 1237
101 1247
102 64
102 65
102 75
102 76
102 87
102 95
102 117
102 126
102 220
102 222
102 264
102 274
102 330
102 350
102 351
102 353
102 364
102 365
102 366
102 367
102 370
102 383
102 395
102 414
102 468
102 478
102 613
102 618
102 630
102 637
102 697
102 744
102 785
102 811
102 813
102 949
102 1003
102 1007
102 1019
102 1028
102 1123
102 1218
102 1237
102 1247
103 65
103 66
103 67
103 77
103 78
103 87
103 95
103 117
103 126
103 264
103 274
103 330
103 351
103 369
103 371
103 372
103 373
103 374
103 375
103 376
103 377
103 378
103 379
103 380
103 381
103 382
103 383
103 395
103 414
103 468
103 478
103 613
103 618
103 630
103 637
103 697
103 744
103 745
103 785
103 812
103 1003
103 1007
103 1019
103 1028
103 1124
103 1218
103 1219
103 1237
103 1247
104 68
104 69
104 78
104 79
104 87
104 95
104 117
104 126
104 265
104 274
104 330
104 351
104 368
104 395
104 414
104 469
104 470
104 471
104 472
104 473
104 474
104 475
104 476
104 477
104 478
104 613
104 618
104 630
104 637
104 695
104 696
104 745
104 784
104 1003
104 1007
104 1019
104 1028
104 1124
104 1128
104 1220
104 1221
104 1237
104 1247
105 69
105 70
105 80
105 81
105 87
105 95
105 117
105 126
105 265
105 274
105 330
105 351
105 368
105 395
105 414
105 613
105 618
105 630
105 637
105 691
105 692
105 693
105 694
105 746
105 747
105 779
105 783
105 784
105 1003
105 1007
105 1019
105 1028
105 1125
105 1126
105 1127
105 1129
105 1130
105 1221
105 1237
105 1247
106 71
106 72
106 82
106 83
106 87
106 95
106 117
106 126
106 265
106 274
106 330
106 351
106 368
106 395
106 414
106 613
106 618
106 630
106 637
106 689
106 690
106 748
106 775
106 776
106 777
106 778
106 780
106 781
106 783
106 1003
106 1007
106 1019
106 1028
106 1130
106 1172
106 1173
106 1222
106 1237
106 1247
106 1277
106 1278
106 1279
107 72
107 73
107 83
107 84
107 87
107 95
107 117
107 126
107 266
107 272
107 274
107 330
107 351
107 368
107 395
107 414
107 613
107 618
107 630
107 637
107 689
107 749
107 773
107 774
107 781
107 1003
107 1007
107 1019
107 1028
107 1130
107 1146
107 1147
107 1148
107 1149
107 1150
107 1151
107 1152
107 1153
107 1154
107 1155
107 1156
107 1157
107 1158
107 1159
107 1160
107 1161
107 1162
107 1163
107 1164
107 1165
107 1171
107 1174
107 1175
107 1176
107 1177
107 1178
107 1222
107 1237
107 1247
107 1273
107 1274
107 1275
107 1276
108 74
108 75
108 85
108 86
108 87
108 95
108 117
108 126
108 266
108 267
108 272
108 274
108 330
108 351
108 368
108 395
108 414
108 613
108 618
108 630
108 637
108 688
108 749
108 771
108 772
108 1003
108 1007
108 1019
108 1028
108 1116
108 1117
108 1118
108 1119
108 1120
108 1121
108 1122
108 1123
108 1124
108 1125
108 1126
108 1127
108 1128
108 1129
108 1130
108 1131
108 1132
108 1133
108 1134
108 1135
108 1136
108 1137
108 1138
108 1139
108 1140
108 1141
108 1170
108 1179
108 1223
108 1237
108 1247
108 1270
108 1271
108 1272
109 76
109 77
109 95
109 117
109 126
109 268
109 269
109 270
109 271
109 274
109 330
109 351
109 368
109 395
109 414
109 613
109 618
109 630
109 637
109 687
109 688
109 750
109 769
109 770
109 1003
109 1007
109 1019
109 1028
109 1115
109 1142
109 1143
109 1144
109 1145
109 1146
109 1147
109 1148
109 1149
109 1150
109 1151
109 1152
109 1153
109 1154
109 1155
109 1156
109 1157
109 1158
109 1159
109 1160
109 1161
109 1162
109 1163
109 1164
109 1165
109 1166
109 1167
109 1168
109 1169
109 1170
109 1180
109 1181
109 1182
109 1183
109 1184
109 1185
109 1186
109 1187
109 1188
109 1189
109 1190
109 1191
109 1192
109 1193
109 1194
109 1195
109 1196
109 1197
109 1198
109 1199
109 1200
109 1201
109 1202
109 1203
109 1204
109 1205
109 1206
109 1237
109 1247
109 1266
109 1267
109 1268
109 1269
110 77
110 78
110 95
110 117
110 126
110 274
110 330
110 351
110 368
110 395
110 414
110 613
110 618
110 630
110 637
110 685
110 686
110 750
110 769
110 1003
110 1007
110 1019
110 1026
110 1027
110 1114
110 1207
110 1208
110 1209
110 1210
110 1211
110 1212
110 1213
110 1214
110 1215
110 1216
110 1217
110 1218
110 1219
110 1220
110 1221
110 1222
110 1223
110 1224
110 1227
110 1228
110 1229
110 1230
110 1231
110 1232
110 1233
110 1234
110 1235
110 1236
110 1237
110 1247
110 1263
110 1264
110 1265
111 79
111 80
111 95
111 117
111 126
111 274
111 330
111 351
111 368
111 395
111 414
111 613
111 618
111 630
111 637
111 683
111 684
111 750
111 764
111 765
111 766
111 767
111 768
111 1003
111 1007
111 1019
111 1024
111 1025
111 1115
111 1225
111 1226
111 1247
111 1260
111 1261
111 1262
112 80
112 81
112 95
112 117
112 126
112 274
112 330
112 351
112 368
112 395
112 414
112 613
112 618
112 630
112 637
112 682
112 683
112 750
112 762
112 763
112 769
112 770
112 1003
112 1007
112 1020
112 1021
112 1022
112 1023
112 1115
112 1237
112 1247
112 1257
112 1258
112 1259
113 82
113 83
113 95
113 117
113 126
113 274
113 330
113 351
113 368
113 395
113 414
113 584
113 585
113 586
113 587
113 613
113 618
113 630
113 637
113 681
113 682
113 750
113 760
113 761
113 1003
113 1007
113 1115
113 1237
113 1247
113 1253
113 1254
113 1255
113 1256
114 84
114 85
114 95
114 117
114 126
114 274
114 330
114 351
114 368
114 395
114 414
114 582
114 583
114 588
114 589
114 593
114 594
114 595
114 596
114 597
114 598
114 613
114 619
114 620
114 621
114 622
114 623
114 624
114 625
114 630
114 636
114 681
114 750
114 760
114 1003
114 1007
114 1019
114 1115
114 1237
114 1247
114 1250
114 1251
114 1252
115 64
115 85
115 86
115 95
115 97
115 98
115 99
115 100
115 101
115 102
115 103
115 104
115 105
115 106
115 107
115 108
115 109
115 110
115 111
115 112
115 113
115 114
115 115
115 116
115 118
115 126
115 274
115 330
115 351
115 368
115 395
115 414
115 580
115 581
115 590
115 591
115 592
115 599
115 600
115 601
115 602
115 603
115 604
115 605
115 606
115 607
115 608
115 609
115 610
115 611
115 612
115 613
115 626
115 637
115 680
115 750
115 759
115 1003
115 1007
115 1019
115 1115
115 1237
115 1248
115 1249
116 61
116 62
116 63
116 65
116 87
116 119
116 125
116 274
116 330
116 348
116 349
116 351
116 368
116 395
116 414
116 580
116 591
116 626
116 638
116 680
116 750
116 752
116 753
116 754
116 758
116 759
116 1003
116 1007
116 1019
116 1078
116 1079
116 1080
116 1081
116 1082
116 1083
116 1115
116 1237
116 1248
117 60
117 65
117 87
117 119
117 125
117 274
117 330
117 346
117 347
117 351
117 368
117 395
117 414
117 476
117 477
117 478
117 479
117 480
117 481
117 482
117 485
117 486
117 487
117 488
117 489
117 490
117 491
117 580
117 581
117 582
117 583
117 584
117 590
117 591
117 626
117 629
117 638
117 639
117 680
117 755
117 757
117 758
117 1003
117 1008
117 1009
117 1019
117 1077
117 1084
117 1116
117 1237
117 1247
118 59
118 65
118 87
118 119
118 125
118 274
118 330
118 344
118 345
118 351
118 368
118 395
118 414
118 466
118 467
118 468
118 469
118 470
118 471
118 472
118 473
118 474
118 475
118 483
118 484
118 492
118 585
118 586
118 587
118 588
118 589
118 590
118 592
118 624
118 625
118 628
118 639
118 640
118 680
118 755
118 757
118 1003
118 1019
118 1076
118 1084
118 1116
118 1235
118 1236
118 1247
119 59
119 65
119 87
119 119
119 125
119 274
119 331
119 332
119 333
119 334
119 335
119 336
119 337
119 338
119 339
119 340
119 341
119 342
119 343
119 351
119 369
119 370
119 395
119 414
119 465
119 492
119 593
119 594
119 595
119 596
119 597
119 598
119 599
119 600
119 601
119 620
119 621
119 622
119 623
119 626
119 627
119 641
119 642
119 679
119 1003
119 1007
119 1009
119 1019
119 1076
119 1086
119 1087
119 1088
119 1089
119 1090
119 1091
119 1092
119 1116
119 1231
119 1232
119 1233
119 1234
119 1247
120 59
120 65
120 87
120 119
120 125
120 274
120 331
120 351
120 369
120 371
120 372
120 373
120 394
120 395
120 414
120 440
120 441
120 442
120 443
120 444
120 464
120 482
120 483
120 484
120 485
120 486
120 487
120 488
120 489
120 490
120 491
120 492
120 602
120 603
120 604
120 605
120 606
120 619
120 625
120 626
120 643
120 644
120 679
120 1003
120 1007
120 1009
120 1019
120 1076
120 1085
120 1093
120 1117
120 1118
120 1119
120 1227
120 1228
120 1229
120 1230
120 1237
120 1247
121 59
121 65
121 87
121 119
121 125
121 274
121 330
121 350
121 368
121 374
121 375
121 391
121 392
121 393
121 395
121 414
121 437
121 438
121 439
121 445
121 446
121 447
121 448
121 464
121 475
121 476
121 477
121 478
121 479
121 480
121 481
121 607
121 612
121 613
121 618
121 624
121 625
121 644
121 645
121 679
121 1003
121 1007
121 1009
121 1019
121 1076
121 1093
121 1120
121 1121
121 1122
121 1123
121 1124
121 1125
121 1126
121 1224
121 1225
121 1226
121 1237
121 1247
122 59
122 65
122 87
122 119
122 125
122 264
122 265
122 266
122 274
122 330
122 350
122 368
122 376
122 377
122 389
122 390
122 395
122 414
122 435
122 436
122 449
122 450
122 451
122 464
122 471
122 472
122 473
122 474
122 607
122 611
122 618
122 622
122 623
122 645
122 679
122 1003
122 1007
122 1009
122 1019
122 1076
122 1093
122 1127
122 1128
122 1129
122 1130
122 1131
122 1132
122 1133
122 1220
122 1221
122 1222
122 1223
122 1237
122 1247
123 59
123 65
123 87
123 119
123 125
123 263
123 267
123 274
123 330
123 350
123 368
123 377
123 378
123 388
123 395
123 414
123 434
123 435
123 452
123 453
123 464
123 470
123 607
123 611
123 618
123 622
123 645
123 678
123 679
123 1003
123 1007
123 1009
123 1019
123 1076
123 1093
123 1134
123 1135
123 1136
123 1137
123 1138
123 1139
123 1216
123 1217
123 1218
123 1219
123 1237
123 1247
124 59
124 65
124 87
124 95
124 97
124 98
124 99
124 100
124 101
124 102
124 103
124 104
124 105
124 106
124 119
124 125
124 262
124 267
124 274
124 330
124 350
124 368
124 378
124 379
124 387
124 395
124 414
124 433
124 434
124 454
124 455
124 464
124 469
124 607
124 611
124 618
124 622
124 623
124 644
124 645
124 676
124 677
124 1003
124 1007
124 1009
124 1019
124 1076
124 1093
124 1140
124 1141
124 1142
124 1143
124 1144
124 1145
124 1146
124 1147
124 1211
124 1212
124 1213
124 1214
124 1215
124 1237
124 1247
125 59
125 65
125 87
125 95
125 107
125 108
125 109
125 110
125 111
125 112
125 113
125 114
125 115
125 116
125 119
125 125
125 262
125 267
125 274
125 330
125 350
125 368
125 379
125 380
125 387
125 395
125 414
125 433
125 455
125 464
125 469
125 607
125 611
125 618
125 623
125 624
125 643
125 644
125 675
125 676
125 1003
125 1007
125 1009
125 1019
125 1076
125 1093
125 1148
125 1149
125 1150
125 1151
125 1152
125 1153
125 1154
125 1207
125 1208
125 1209
125 1210
125 1237
125 1247
126 59
126 65
126 87
126 95
126 118
126 125
126 262
126 267
126 274
126 330
126 350
126 368
126 381
126 382
126 387
126 395
126 415
126 432
126 456
126 464
126 469
126 607
126 611
126 618
126 625
126 626
126 641
126 642
126 675
126 1003
126 1007
126 1009
126 1019
126 1076
126 1093
126 1155
126 1156
126 1157
126 1158
126 1159
126 1160
126 1161
126 1203
126 1204
126 1205
126 1206
126 1237
126 1247
127 59
127 65
127 87
127 95
127 117
127 125
127 262
127 267
127 274
127 330
127 350
127 368
127 383
127 384
127 385
127 386
127 395
127 415
127 432
127 456
127 464
127 469
127 607
127 611
127 618
127 626
127 627
127 639
127 640
127 674
127 886
127 887
127 888
127 1003
127 1007
127 1009
127 1019
127 1076
127 1093
127 1162
127 1163
127 1164
127 1165
127 1166
127 1167
127 1168
127 1199
127 1200
127 1201
127 1202
127 1237
127 1247
128 59
128 65
128 87
128 95
128 117
128 125
128 262
128 267
128 274
128 330
128 350
128 368
128 395
128 415
128 417
128 431
128 456
128 464
128 469
128 607
128 611
128 618
128 627
128 639
128 673
128 885
128 889
128 1003
128 1007
128 1009
128 1019
128 1076
128 1093
128 1169
128 1198
128 1237
128 1247
129 59
129 65
129 87
129 95
129 117
129 125
129 262
129 267
129 274
129 330
129 350
129 368
129 395
129 414
129 418
129 431
129 457
129 464
129 469
129 607
129 611
129 618
129 628
129 636
129 638
129 672
129 884
129 889
129 1003
129 1007
129 1009
129 1019
129 1076
129 1093
129 1170
129 1171
129 1172
129 1173
129 1174
129 1195
129 1196
129 1197
129 1237
129 1247
130 59
130 65
130 87
130 95
130 117
130 125
130 262
130 267
130 274
130 330
130 350
130 368
130 395
130 414
130 419
130 420
130 428
130 429
130 430
130 431
130 458
130 459
130 464
130 469
130 586
130 587
130 588
130 589
130 593
130 594
130 595
130 607
130 611
130 618
130 628
130 629
130 637
130 638
130 672
130 884
130 889
130 1003
130 1007
130 1009
130 1019
130 1076
130 1093
130 1175
130 1176
130 1177
130 1178
130 1179
130 1180
130 1181
130 1182
130 1191
130 1192
130 1193
130 1194
130 1237
130 1247
131 59
131 65
131 87
131 95
131 117
131 125
131 262
131 267
131 274
131 330
131 350
131 368
131 395
131 414
131 421
131 422
131 423
131 424
131 425
131 426
131 427
131 460
131 461
131 464
131 469
131 518
131 519
131 584
131 585
131 590
131 591
131 592
131 596
131 597
131 598
131 599
131 600
131 601
131 602
131 603
131 604
131 605
131 606
131 607
131 611
131 618
131 629
131 630
131 637
131 672
131 884
131 889
131 984
131 985
131 1003
131 1007
131 1009
131 1019
131 1076
131 1093
131 1183
131 1184
131 1185
131 1186
131 1187
131 1188
131 1189
131 1190
131 1237
131 1247
132 59
132 65
132 87
132 95
132 117
132 125
132 262
132 267
132 274
132 310
132 317
132 330
132 350
132 368
132 395
132 414
132 462
132 464
132 469
132 500
132 501
132 502
132 503
132 504
132 505
132 506
132 507
132 508
132 509
132 510
132 511
132 514
132 515
132 516
132 517
132 520
132 521
132 584
132 591
132 612
132 613
132 618
132 630
132 636
132 672
132 884
132 889
132 983
132 986
132 1003
132 1007
132 1009
132 1019
132 1076
132 1092
132 1237
132 1247
133 31
133 32
133 33
133 59
133 65
133 87
133 95
133 117
133 125
133 207
133 208
133 209
133 210
133 262
133 267
133 274
133 310
133 317
133 330
133 350
133 368
133 395
133 414
133 464
133 469
133 499
133 512
133 513
133 521
133 584
133 585
133 586
133 591
133 618
133 630
133 636
133 672
133 884
133 889
133 982
133 986
133 1003
133 1007
133 1009
133 1019
133 1076
133 1092
133 1237
133 1247
134 27
134 28
134 29
134 30
134 34
134 59
134 65
134 87
134 95
134 117
134 125
134 203
134 206
134 211
134 262
134 267
134 275
134 276
134 277
134 278
134 279
134 280
134 281
134 282
134 283
134 284
134 285
134 286
134 287
134 288
134 289
134 290
134 291
134 292
134 293
134 294
134 295
134 296
134 297
134 298
134 299
134 300
134 301
134 302
134 303
134 304
134 305
134 306
134 307
134 308
134 309
134 310
134 318
134 319
134 320
134 321
134 322
134 323
134 324
134 325
134 326
134 327
134 328
134 329
134 330
134 350
134 367
134 395
134 414
134 464
134 469
134 498
134 512
134 521
134 587
134 588
134 589
134 590
134 591
134 592
134 593
134 594
134 618
134 630
134 636
134 672
134 884
134 889
134 982
134 986
134 1003
134 1007
134 1009
134 1019
134 1076
134 1092
134 1237
134 1247
135 26
135 34
135 59
135 65
135 72
135 73
135 74
135 87
135 95
135 117
135 125
135 200
135 201
135 202
135 204
135 206
135 211
135 262
135 267
135 350
135 367
135 395
135 414
135 464
135 469
135 498
135 510
135 511
135 512
135 513
135 514
135 515
135 516
135 517
135 518
135 519
135 520
135 521
135 595
135 596
135 597
135 598
135 606
135 612
135 613
135 618
135 630
135 636
135 673
135 884
135 889
135 982
135 986
135 1003
135 1007
135 1009
135 1019
135 1076
135 1092
135 1237
135 1247
136 25
136 34
136 59
136 65
136 71
136 75
136 87
136 95
136 117
136 125
136 199
136 204
136 206
136 211
136 213
136 214
136 215
136 216
136 217
136 218
136 219
136 220
136 221
136 222
136 223
136 224
136 225
136 226
136 262
136 267
136 310
136 317
136 350
136 367
136 395
136 414
136 464
136 469
136 498
136 504
136 505
136 506
136 507
136 508
136 509
136 599
136 605
136 607
136 611
136 618
136 627
136 628
136 629
136 636
136 674
136 884
136 889
136 982
136 986
136 1003
136 1007
136 1009
136 1019
136 1076
136 1085
136 1086
136 1087
136 1088
136 1089
136 1090
136 1091
136 1092
136 1237
136 1247
137 25
137 34
137 59
137 65
137 70
137 75
137 87
137 95
137 117
137 125
137 198
137 204
137 206
137 210
137 227
137 262
137 267
137 310
137 317
137 336
137 337
137 338
137 350
137 367
137 395
137 414
137 464
137 469
137 498
137 503
137 599
137 604
137 607
137 611
137 618
137 627
137 629
137 636
137 675
137 884
137 889
137 982
137 986
137 1003
137 1007
137 1009
137 1019
137 1057
137 1076
137 1094
137 1237
137 1247
138 25
138 34
138 50
138 51
138 52
138 53
138 54
138 55
138 56
138 57
138 58
138 59
138 65
138 70
138 71
138 72
138 73
138 74
138 75
138 76
138 77
138 78
138 87
138 95
138 117
138 125
138 198
138 204
138 206
138 209
138 227
138 262
138 267
138 310
138 317
138 335
138 339
138 350
138 367
138 395
138 414
138 464
138 469
138 498
138 502
138 599
138 604
138 607
138 611
138 618
138 626
138 636
138 675
138 884
138 889
138 982
138 986
138 1002
138 1007
138 1009
138 1019
138 1054
138 1055
138 1056
138 1058
138 1076
138 1080
138 1094
138 1237
138 1247
139 25
139 34
139 48
139 49
139 61
139 65
139 69
139 79
139 87
139 95
139 117
139 125
139 198
139 204
139 206
139 209
139 227
139 262
139 267
139 310
139 317
139 334
139 340
139 341
139 342
139 343
139 344
139 345
139 346
139 347
139 348
139 350
139 367
139 395
139 414
139 464
139 469
139 498
139 502
139 583
139 584
139 585
139 586
139 587
139 588
139 589
139 590
139 591
139 592
139 593
139 594
139 595
139 596
139 597
139 598
139 599
139 604
139 607
139 611
139 618
139 626
139 636
139 675
139 884
139 889
139 982
139 986
139 1002
139 1007
139 1009
139 1019
139 1053
139 1058
139 1076
139 1080
139 1094
139 1237
139 1247
140 25
140 35
140 36
140 37
140 47
140 48
140 61
140 65
140 68
140 79
140 87
140 95
140 117
140 125
140 198
140 204
140 206
140 209
140 227
140 262
140 267
140 310
140 317
140 334
140 351
140 367
140 395
140 414
140 464
140 469
140 476
140 477
140 478
140 479
140 480
140 481
140 482
140 483
140 484
140 498
140 503
140 511
140 512
140 513
140 514
140 515
140 516
140 517
140 518
140 519
140 520
140 521
140 581
140 582
140 588
140 604
140 607
140 611
140 618
140 625
140 629
140 636
140 675
140 884
140 889
140 982
140 986
140 1002
140 1007
140 1009
140 1019
140 1052
140 1058
140 1076
140 1080
140 1094
140 1237
140 1247
141 25
141 30
141 31
141 32
141 33
141 35
141 38
141 39
141 47
141 61
141 65
141 68
141 79
141 87
141 95
141 117
141 125
141 161
141 162
141 163
141 198
141 204
141 206
141 209
141 225
141 226
141 227
141 262
141 267
141 310
141 317
141 334
141 338
141 349
141 351
141 367
141 395
141 414
141 464
141 470
141 471
141 472
141 473
141 474
141 475
141 485
141 486
141 487
141 488
141 489
141 490
141 491
141 492
141 493
141 494
141 495
141 496
141 497
141 498
141 503
141 505
141 506
141 507
141 508
141 509
141 510
141 522
141 523
141 524
141 581
141 604
141 607
141 611
141 618
141 625
141 629
141 636
141 675
141 884
141 889
141 982
141 987
141 988
141 989
141 990
141 991
141 992
141 1002
141 1007
141 1009
141 1019
141 1052
141 1058
141 1076
141 1080
141 1094
141 1237
141 1247
142 25
142 29
142 39
142 40
142 46
142 61
142 65
142 68
142 79
142 87
142 95
142 117
142 125
142 160
142 164
142 198
142 204
142 206
142 209
142 221
142 222
142 223
142 224
142 262
142 267
142 310
142 317
142 334
142 338
142 349
142 351
142 367
142 395
142 414
142 464
142 470
142 498
142 502
142 525
142 526
142 527
142 583
142 584
142 585
142 586
142 587
142 604
142 607
142 611
142 618
142 625
142 629
142 636
142 674
142 884
142 889
142 982
142 986
142 993
142 1002
142 1007
142 1009
142 1019
142 1052
142 1058
142 1076
142 1080
142 1094
142 1237
142 1247
143 25
143 28
143 40
143 41
143 47
143 61
143 65
143 68
143 79
143 87
143 95
143 117
143 125
143 159
143 164
143 198
143 204
143 206
143 209
143 220
143 262
143 267
143 310
143 317
143 334
143 338
143 349
143 351
143 367
143 395
143 414
143 464
143 469
143 498
143 502
143 528
143 529
143 588
143 589
143 590
143 591
143 598
143 604
143 607
143 611
143 618
143 625
143 629
143 636
143 647
143 674
143 884
143 889
143 982
143 985
143 993
143 1002
143 1007
143 1009
143 1019
143 1052
143 1058
143 1076
143 1080
143 1092
143 1093
143 1237
143 1247
144 25
144 28
144 41
144 42
144 48
144 49
144 50
144 51
144 61
144 65
144 68
144 79
144 87
144 94
144 117
144 125
144 159
144 164
144 198
144 204
144 206
144 209
144 219
144 262
144 267
144 299
144 310
144 317
144 334
144 338
144 351
144 367
144 395
144 414
144 464
144 469
144 498
144 502
144 529
144 592
144 597
144 599
144 604
144 607
144 611
144 618
144 625
144 629
144 636
144 645
144 646
144 648
144 649
144 674
144 884
144 887
144 889
144 982
144 985
144 993
144 1002
144 1007
144 1009
144 1019
144 1052
144 1058
144 1076
144 1080
144 1090
144 1091
144 1237
144 1247
145 25
145 28
145 42
145 43
145 61
145 66
145 68
145 79
145 87
145 94
145 116
145 125
145 159
145 164
145 198
145 204
145 206
145 210
145 213
145 214
145 215
145 216
145 217
145 218
145 219
145 262
145 267
145 298
145 300
145 310
145 317
145 334
145 338
145 348
145 367
145 395
145 414
145 464
145 469
145 498
145 502
145 530
145 531
145 580
145 581
145 583
145 587
145 588
145 592
145 596
145 599
145 604
145 607
145 611
145 618
145 625
145 629
145 636
145 644
145 649
145 650
145 674
145 883
145 889
145 976
145 977
145 978
145 979
145 980
145 981
145 982
145 985
145 993
145 1002
145 1007
145 1009
145 1019
145 1052
145 1058
145 1076
145 1080
145 1090
145 1237
145 1247
146 25
146 28
146 43
146 49
146 50
146 51
146 61
146 66
146 68
146 79
146 87
146 94
146 116
146 125
146 159
146 164
146 198
146 204
146 206
146 211
146 262
146 267
146 298
146 300
146 303
146 304
146 305
146 306
146 307
146 308
146 309
146 317
146 334
146 338
146 348
146 350
146 367
146 395
146 414
146 464
146 469
146 498
146 502
146 532
146 579
146 582
146 596
146 599
146 604
146 607
146 611
146 618
146 625
146 629
146 636
146 643
146 650
146 674
146 880
146 881
146 882
146 883
146 889
146 975
146 993
146 1002
146 1007
146 1009
146 1019
146 1052
146 1058
146 1076
146 1080
146 1092
146 1093
146 1237
146 1247
147 25
147 28
147 43
147 46
147 47
147 48
147 61
147 66
147 68
147 79
147 87
147 94
147 116
147 125
147 159
147 164
147 168
147 169
147 193
147 194
147 195
147 196
147 197
147 198
147 200
147 201
147 202
147 204
147 206
147 211
147 262
147 267
147 298
147 301
147 302
147 317
147 334
147 338
147 351
147 367
147 395
147 414
147 464
147 469
147 498
147 502
147 532
147 578
147 582
147 596
147 599
147 604
147 607
147 611
147 618
147 625
147 629
147 636
147 643
147 651
147 674
147 879
147 889
147 974
147 993
147 1002
147 1007
147 1009
147 1019
147 1052
147 1058
147 1076
147 1080
147 1094
147 1237
147 1247
148 25
148 28
148 44
148 46
148 61
148 66
148 68
148 79
148 87
148 94
148 116
148 125
148 159
148 164
148 165
148 166
148 167
148 170
148 192
148 204
148 205
148 206
148 211
148 262
148 267
148 297
148 301
148 317
148 332
148 333
148 334
148 336
148 337
148 338
148 349
148 351
148 367
148 395
148 414
148 464
148 469
148 498
148 502
148 533
148 579
148 580
148 581
148 582
148 583
148 584
148 585
148 596
148 599
148 604
148 607
148 611
148 618
148 621
148 622
148 623
148 624
148 625
148 637
148 642
148 643
148 651
148 675
148 878
148 889
148 974
148 993
148 1002
148 1007
148 1009
148 1019
148 1052
148 1057
148 1059
148 1060
148 1061
148 1062
148 1063
148 1064
148 1065
148 1066
148 1067
148 1076
148 1080
148 1094
148 1237
148 1247
149 25
149 28
149 44
149 46
149 47
149 61
149 66
149 68
149 79
149 87
149 94
149 116
149 125
149 159
149 163
149 171
149 191
149 207
149 211
149 262
149 267
149 297
149 301
149 317
149 331
149 349
149 351
149 367
149 395
149 414
149 464
149 469
149 498
149 502
149 533
149 534
149 535
149 586
149 587
149 596
149 599
149 603
149 607
149 611
149 618
149 620
149 637
149 638
149 639
149 640
149 641
149 652
149 675
149 879
149 889
149 974
149 993
149 1002
149 1007
149 1009
149 1019
149 1052
149 1055
149 1056
149 1068
149 1076
149 1080
149 1094
149 1237
149 1247
150 25
150 28
150 44
150 47
150 61
150 66
150 68
150 79
150 87
150 94
150 116
150 125
150 159
150 171
150 191
150 207
150 211
150 262
150 267
150 296
150 302
150 303
150 304
150 305
150 306
150 307
150 308
150 309
150 317
150 330
150 367
150 395
150 414
150 464
150 469
150 498
150 502
150 536
150 537
150 588
150 596
150 599
150 603
150 607
150 611
150 618
150 620
150 641
150 652
150 653
150 667
150 668
150 669
150 670
150 676
150 880
150 881
150 889
150 974
150 993
150 1002
150 1007
150 1009
150 1019
150 1052
150 1055
150 1069
150 1076
150 1080
150 1094
150 1237
150 1247
151 25
151 28
151 44
151 47
151 61
151 66
151 68
151 79
151 87
151 94
151 116
151 125
151 155
151 156
151 157
151 158
151 159
151 171
151 191
151 207
151 211
151 262
151 267
151 296
151 310
151 317
151 330
151 367
151 395
151 414
151 464
151 469
151 498
151 502
151 537
151 538
151 588
151 596
151 599
151 603
151 607
151 611
151 618
151 620
151 635
151 641
151 654
151 655
151 665
151 666
151 671
151 672
151 676
151 881
151 889
151 974
151 993
151 1002
151 1007
151 1009
151 1019
151 1052
151 1069
151 1076
151 1080
151 1093
151 1094
151 1237
151 1247
152 25
152 28
152 45
152 47
152 61
152 66
152 68
152 79
152 87
152 94
152 116
152 125
152 154
152 171
152 191
152 207
152 211
152 262
152 267
152 295
152 310
152 317
152 330
152 347
152 348
152 350
152 367
152 395
152 414
152 464
152 469
152 498
152 502
152 539
152 580
152 583
152 584
152 588
152 596
152 599
152 603
152 607
152 611
152 618
152 620
152 635
152 641
152 656
152 657
152 665
152 672
152 673
152 674
152 675
152 676
152 879
152 880
152 881
152 889
152 974
152 993
152 1002
152 1007
152 1009
152 1019
152 1052
152 1069
152 1076
152 1080
152 1091
152 1092
152 1237
152 1247
153 25
153 28
153 45
153 47
153 50
153 61
153 66
153 68
153 79
153 87
153 94
153 116
153 125
153 154
153 171
153 188
153 191
153 207
153 211
153 262
153 268
153 295
153 303
153 310
153 317
153 330
153 347
153 350
153 367
153 395
153 414
153 464
153 469
153 498
153 502
153 540
153 578
153 579
153 581
153 582
153 585
153 586
153 587
153 588
153 596
153 599
153 603
153 607
153 611
153 613
153 618
153 620
153 635
153 641
153 657
153 658
153 664
153 878
153 889
153 974
153 993
153 1002
153 1007
153 1009
153 1019
153 1052
153 1068
153 1069
153 1076
153 1080
153 1090
153 1091
153 1237
153 1247
154 25
154 28
154 45
154 47
154 50
154 51
154 61
154 66
154 68
154 79
154 87
154 94
154 116
154 125
154 154
154 171
154 185
154 186
154 187
154 189
154 191
154 207
154 211
154 262
154 268
154 294
154 304
154 310
154 317
154 330
154 347
154 348
154 350
154 367
154 395
154 414
154 464
154 469
154 498
154 502
154 540
154 578
154 581
154 596
154 599
154 603
154 607
154 611
154 613
154 618
154 620
154 635
154 641
154 658
154 659
154 664
154 877
154 889
154 974
154 985
154 993
154 1002
154 1007
154 1009
154 1018
154 1052
154 1065
154 1066
154 1067
154 1076
154 1080
154 1088
154 1089
154 1237
154 1247
155 25
155 28
155 45
155 47
155 51
155 52
155 61
155 66
155 68
155 79
155 87
155 94
155 116
155 125
155 155
155 156
155 171
155 183
155 184
155 207
155 211
155 262
155 268
155 294
155 305
155 310
155 317
155 331
155 350
155 367
155 395
155 414
155 464
155 469
155 498
155 502
155 541
155 578
155 579
155 581
155 596
155 599
155 603
155 607
155 611
155 618
155 620
155 635
155 641
155 659
155 664
155 877
155 889
155 974
155 985
155 993
155 1002
155 1007
155 1009
155 1018
155 1052
155 1065
155 1076
155 1080
155 1086
155 1087
155 1237
155 1247
156 25
156 28
156 44
156 47
156 61
156 66
156 69
156 72
156 73
156 74
156 75
156 78
156 79
156 87
156 94
156 116
156 125
156 157
156 158
156 171
156 182
156 183
156 192
156 193
156 207
156 211
156 262
156 268
156 293
156 305
156 310
156 317
156 331
156 351
156 367
156 394
156 414
156 464
156 469
156 498
156 502
156 541
156 580
156 581
156 582
156 583
156 584
156 596
156 599
156 603
156 607
156 611
156 618
156 620
156 634
156 641
156 659
156 663
156 826
156 827
156 828
156 829
156 830
156 831
156 832
156 833
156 834
156 835
156 836
156 837
156 878
156 879
156 880
156 889
156 974
156 985
156 993
156 1002
156 1007
156 1009
156 1018
156 1052
156 1065
156 1066
156 1067
156 1068
156 1076
156 1081
156 1082
156 1085
156 1237
156 1247
157 25
157 28
157 43
157 44
157 47
157 54
157 56
157 61
157 66
157 70
157 71
157 76
157 77
157 87
157 94
157 116
157 125
157 159
157 172
157 181
157 182
157 193
157 194
157 207
157 211
157 262
157 268
157 293
157 305
157 310
157 317
157 331
157 351
157 367
157 394
157 414
157 464
157 469
157 498
157 502
157 541
157 585
157 596
157 599
157 604
157 607
157 611
157 618
157 620
157 634
157 641
157 659
157 660
157 663
157 826
157 838
157 881
157 889
157 974
157 985
157 993
157 1002
157 1007
157 1009
157 1018
157 1052
157 1069
157 1076
157 1084
157 1237
157 1247
158 43
158 47
158 53
158 57
158 58
158 61
158 66
158 70
158 76
158 87
158 94
158 116
158 125
158 159
158 172
158 181
158 194
158 207
158 211
158 262
158 268
158 292
158 306
158 310
158 317
158 331
158 351
158 367
158 394
158 414
158 464
158 469
158 498
158 502
158 541
158 585
158 596
158 599
158 604
158 607
158 611
158 618
158 634
158 641
158 660
158 661
158 662
158 663
158 826
158 838
158 882
158 889
158 974
158 985
158 993
158 1002
158 1007
158 1009
158 1018
158 1052
158 1069
158 1076
158 1084
158 1236
158 1247
159 42
159 47
159 53
159 59
159 66
159 70
159 76
159 87
159 94
159 116
159 125
159 159
159 172
159 180
159 194
159 207
159 211
159 248
159 249
159 250
159 251
159 262
159 268
159 292
159 307
159 308
159 309
159 310
159 317
159 331
159 350
159 367
159 394
159 414
159 464
159 469
159 498
159 502
159 542
159 585
159 596
159 599
159 603
159 607
159 611
159 618
159 635
159 641
159 827
159 838
159 882
159 889
159 974
159 985
159 993
159 1002
159 1007
159 1009
159 1018
159 1051
159 1054
159 1069
159 1076
159 1084
159 1236
159 1247
160 23
160 24
160 37
160 38
160 39
160 40
160 41
160 42
160 47
160 53
160 59
160 66
160 70
160 76
160 87
160 94
160 116
160 125
160 159
160 172
160 180
160 195
160 207
160 211
160 247
160 252
160 262
160 268
160 291
160 307
160 317
160 331
160 348
160 367
160 394
160 414
160 464
160 469
160 498
160 502
160 542
160 585
160 597
160 598
160 599
160 603
160 607
160 611
160 618
160 636
160 637
160 639
160 640
160 641
160 827
160 837
160 883
160 885
160 886
160 887
160 889
160 974
160 985
160 993
160 1002
160 1007
160 1009
160 1018
160 1051
160 1054
160 1069
160 1076
160 1084
160 1236
160 1247
161 21
161 22
161 30
161 31
161 34
161 35
161 36
161 47
161 53
161 59
161 66
161 70
161 76
161 87
161 94
161 116
161 125
161 159
161 172
161 180
161 195
161 205
161 207
161 211
161 246
161 252
161 262
161 268
161 291
161 317
161 331
161 347
161 349
161 367
161 394
161 414
161 464
161 469
161 497
161 502
161 543
161 585
161 597
161 599
161 603
161 607
161 611
161 618
161 621
161 622
161 623
161 629
161 636
161 828
161 837
161 883
161 889
161 974
161 986
161 988
161 989
161 990
161 991
161 992
161 993
161 1002
161 1007
161 1009
161 1018
161 1051
161 1054
161 1069
161 1076
161 1084
161 1236
161 1247
162 19
162 20
162 33
162 47
162 53
162 59
162 66
162 70
162 76
162 87
162 94
162 116
162 125
162 159
162 172
162 181
162 195
162 196
162 197
162 198
162 200
162 201
162 202
162 204
162 206
162 211
162 246
162 252
162 262
162 268
162 291
162 292
162 293
162 294
162 295
162 296
162 297
162 298
162 299
162 300
162 301
162 302
162 303
162 305
162 306
162 317
162 332
162 333
162 336
162 337
162 346
162 349
162 367
162 394
162 414
162 464
162 469
162 497
162 502
162 543
162 544
162 558
162 559
162 560
162 561
162 562
162 563
162 564
162 565
162 566
162 567
162 568
162 569
162 570
162 571
162 572
162 573
162 574
162 575
162 585
162 596
162 599
162 603
162 607
162 611
162 618
162 624
162 625
162 629
162 636
162 828
162 836
162 883
162 888
162 975
162 976
162 977
162 978
162 987
162 1002
162 1007
162 1009
162 1018
162 1051
162 1054
162 1068
162 1069
162 1076
162 1084
162 1236
162 1247
163 18
163 32
163 37
163 38
163 39
163 47
163 53
163 59
163 66
163 70
163 76
163 87
163 94
163 116
163 125
163 159
163 162
163 172
163 181
163 182
163 194
163 195
163 198
163 204
163 206
163 211
163 246
163 252
163 262
163 268
163 304
163 305
163 317
163 334
163 338
163 341
163 342
163 343
163 344
163 345
163 346
163 349
163 367
163 394
163 414
163 464
163 469
163 497
163 501
163 544
163 557
163 576
163 577
163 578
163 579
163 580
163 581
163 582
163 583
163 584
163 585
163 596
163 599
163 603
163 607
163 611
163 618
163 625
163 626
163 627
163 628
163 629
163 636
163 829
163 836
163 883
163 888
163 981
163 986
163 1002
163 1007
163 1009
163 1018
163 1051
163 1054
163 1064
163 1065
163 1066
163 1067
163 1076
163 1084
163 1236
163 1247
164 18
164 32
164 35
164 36
164 40
164 41
164 47
164 53
164 59
164 66
164 70
164 76
164 87
164 94
164 116
164 125
164 159
164 163
164 166
164 167
164 168
164 169
164 170
164 171
164 172
164 194
164 198
164 204
164 206
164 211
164 246
164 252
164 262
164 268
164 305
164 306
164 307
164 308
164 309
164 317
164 334
164 340
164 349
164 367
164 394
164 414
164 464
164 469
164 497
164 501
164 544
164 556
164 585
164 592
164 593
164 596
164 599
164 603
164 607
164 611
164 618
164 629
164 636
164 829
164 836
164 883
164 888
164 981
164 986
164 1002
164 1007
164 1009
164 1018
164 1051
164 1054
164 1062
164 1063
164 1076
164 1084
164 1236
164 1247
165 18
165 33
165 35
165 41
165 47
165 53
165 59
165 66
165 70
165 76
165 87
165 94
165 116
165 125
165 159
165 164
165 165
165 183
165 184
165 185
165 186
165 187
165 188
165 189
165 190
165 191
165 192
165 193
165 198
165 204
165 206
165 211
165 246
165 252
165 262
165 268
165 310
165 317
165 334
165 339
165 349
165 367
165 394
165 414
165 464
165 469
165 497
165 501
165 545
165 546
165 547
165 548
165 549
165 550
165 551
165 552
165 553
165 554
165 555
165 556
165 557
165 558
165 559
165 560
165 561
165 562
165 563
165 564
165 565
165 585
165 591
165 596
165 599
165 603
165 607
165 611
165 618
165 629
165 636
165 830
165 835
165 883
165 888
165 981
165 986
165 1002
165 1007
165 1009
165 1018
165 1051
165 1055
165 1056
165 1059
165 1060
165 1061
165 1062
165 1076
165 1084
165 1236
165 1247
166 19
166 33
166 41
166 47
166 53
166 59
166 66
166 70
166 76
166 87
166 94
166 116
166 125
166 159
166 164
166 182
166 193
166 198
166 204
166 206
166 211
166 246
166 252
166 262
166 268
166 310
166 317
166 334
166 339
166 349
166 367
166 394
166 414
166 464
166 469
166 497
166 501
166 544
166 566
166 567
166 568
166 569
166 570
166 571
166 572
166 573
166 574
166 575
166 576
166 577
166 578
166 579
166 580
166 581
166 582
166 583
166 584
166 585
166 586
166 587
166 588
166 589
166 591
166 596
166 598
166 599
166 600
166 603
166 607
166 611
166 618
166 629
166 636
166 715
166 716
166 717
166 718
166 830
166 835
166 883
166 888
166 981
166 986
166 1002
166 1007
166 1009
166 1018
166 1051
166 1058
166 1076
166 1084
166 1236
166 1247
167 19
167 32
167 41
167 47
167 53
167 59
167 66
167 70
167 76
167 87
167 94
167 116
167 125
167 159
167 164
167 181
167 193
167 198
167 204
167 206
167 211
167 246
167 252
167 262
167 268
167 310
167 317
167 334
167 339
167 349
167 367
167 394
167 414
167 464
167 469
167 497
167 501
167 543
167 591
167 596
167 598
167 600
167 603
167 607
167 611
167 618
167 629
167 636
167 713
167 714
167 719
167 720
167 830
167 835
167 883
167 888
167 981
167 986
167 1002
167 1007
167 1009
167 1018
167 1051
167 1057
167 1076
167 1084
167 1236
167 1247
168 20
168 32
168 41
168 47
168 53
168 59
168 66
168 70
168 76
168 87
168 94
168 116
168 125
168 159
168 164
168 181
168 193
168 198
168 204
168 206
168 211
168 246
168 252
168 262
168 268
168 310
168 317
168 334
168 339
168 349
168 367
168 394
168 414
168 464
168 469
168 497
168 501
168 543
168 591
168 596
168 598
168 600
168 603
168 607
168 611
168 618
168 629
168 636
168 713
168 720
168 830
168 834
168 883
168 888
168 981
168 986
168 1002
168 1007
168 1009
168 1018
168 1051
168 1057
168 1076
168 1084
168 1236
168 1247
169 20
169 41
169 47
169 53
169 59
169 66
169 70
169 76
169 87
169 94
169 116
169 125
169 159
169 164
169 181
169 193
169 198
169 204
169 206
169 211
169 247
169 252
169 262
169 268
169 310
169 317
169 334
169 339
169 349
169 367
169 394
169 414
169 464
169 469
169 497
169 501
169 543
169 591
169 596
169 598
169 599
169 600
169 603
169 607
169 611
169 618
169 629
169 636
169 712
169 720
169 830
169 834
169 883
169 888
169 981
169 986
169 1002
169 1007
169 1009
169 1018
169 1051
169 1057
169 1076
169 1084
169 1236
169 1247
170 20
170 41
170 47
170 53
170 59
170 66
170 70
170 76
170 87
170 94
170 116
170 125
170 159
170 164
170 181
170 193
170 198
170 204
170 206
170 211
170 247
170 251
170 262
170 268
170 310
170 317
170 334
170 339
170 349
170 367
170 394
170 414
170 464
170 469
170 497
170 501
170 543
170 591
170 596
170 599
170 603
170 607
170 611
170 618
170 629
170 636
170 712
170 720
170 830
170 883
170 888
170 981
170 986
170 1002
170 1007
170 1018
170 1051
170 1057
170 1076
170 1084
170 1236
170 1247
171 21
171 40
171 47
171 53
171 59
171 66
171 70
171 76
171 87
171 94
171 116
171 125
171 159
171 164
171 182
171 183
171 184
171 185
171 188
171 191
171 192
171 193
171 198
171 204
171 206
171 211
171 247
171 251
171 262
171 268
171 310
171 317
171 334
171 339
171 349
171 367
171 394
171 414
171 464
171 469
171 497
171 501
171 543
171 568
171 569
171 570
171 571
171 572
171 573
171 574
171 575
171 576
171 577
171 578
171 579
171 580
171 581
171 582
171 583
171 584
171 587
171 588
171 589
171 591
171 596
171 599
171 603
171 607
171 611
171 618
171 629
171 636
171 641
171 712
171 720
171 830
171 833
171 883
171 888
171 981
171 986
171 1002
171 1006
171 1018
171 1051
171 1057
171 1076
171 1084
171 1236
171 1247
172 21
172 40
172 47
172 53
172 59
172 66
172 70
172 76
172 87
172 94
172 116
172 125
172 159
172 164
172 186
172 187
172 189
172 190
172 198
172 204
172 206
172 211
172 247
172 251
172 310
172 317
172 334
172 339
172 349
172 367
172 394
172 414
172 464
172 469
172 497
172 501
172 544
172 547
172 548
172 549
172 550
172 551
172 552
172 553
172 554
172 555
172 556
172 557
172 558
172 562
172 563
172 564
172 565
172 566
172 567
172 585
172 586
172 591
172 596
172 599
172 603
172 607
172 611
172 618
172 629
172 636
172 639
172 640
172 642
172 712
172 720
172 830
172 833
172 883
172 888
172 981
172 986
172 1002
172 1006
172 1018
172 1051
172 1057
172 1084
172 1236
172 1247
173 22
173 39
173 40
173 47
173 53
173 59
173 66
173 70
173 76
173 87
173 94
173 116
173 125
173 159
173 164
173 189
173 198
173 204
173 206
173 211
173 247
173 251
173 310
173 317
173 334
173 339
173 349
173 367
173 394
173 414
173 464
173 469
173 497
173 501
173 545
173 546
173 559
173 560
173 561
173 585
173 591
173 596
173 599
173 603
173 607
173 611
173 618
173 629
173 636
173 642
173 713
173 720
173 830
173 833
173 883
173 888
173 981
173 986
173 1002
173 1006
173 1018
173 1051
173 1057
173 1077
173 1078
173 1079
173 1080
173 1081
173 1082
173 1083
173 1084
173 1236
173 1247
174 22
174 38
174 39
174 47
174 53
174 59
174 66
174 70
174 76
174 87
174 94
174 116
174 125
174 159
174 164
174 186
174 189
174 197
174 204
174 205
174 206
174 211
174 247
174 251
174 310
174 317
174 334
174 339
174 349
174 367
174 394
174 414
174 464
174 469
174 497
174 501
174 545
174 585
174 591
174 596
174 599
174 602
174 607
174 611
174 618
174 629
174 636
174 642
174 713
174 714
174 719
174 720
174 830
174 833
174 882
174 885
174 886
174 887
174 888
174 981
174 986
174 1002
174 1006
174 1018
174 1051
174 1057
174 1076
174 1077
174 1084
174 1236
174 1247
175 23
175 38
175 47
175 53
175 59
175 66
175 70
175 76
175 87
175 94
175 116
175 125
175 159
175 164
175 185
175 189
175 197
175 247
175 251
175 310
175 317
175 334
175 339
175 349
175 367
175 394
175 414
175 464
175 469
175 497
175 501
175 545
175 585
175 591
175 596
175 599
175 602
175 607
175 611
175 618
175 629
175 636
175 642
175 714
175 719
175 830
175 833
175 882
175 888
175 981
175 986
175 1002
175 1006
175 1018
175 1051
175 1057
175 1076
175 1084
175 1236
175 1247
176 23
176 37
176 47
176 53
176 58
176 66
176 70
176 76
176 87
176 94
176 116
176 125
176 159
176 164
176 185
176 189
176 197
176 242
176 243
176 244
176 245
176 246
176 247
176 248
176 249
176 250
176 251
176 252
176 310
176 317
176 334
176 339
176 367
176 394
176 414
176 464
176 469
176 497
176 501
176 546
176 585
176 591
176 596
176 599
176 602
176 607
176 611
176 618
176 629
176 636
176 639
176 640
176 641
176 642
176 716
176 717
176 830
176 833
176 882
176 884
176 888
176 980
176 986
176 1002
176 1006
176 1018
176 1051
176 1057
176 1076
176 1084
176 1236
176 1247
177 24
177 37
177 47
177 53
177 58
177 66
177 70
177 76
177 87
177 94
177 116
177 125
177 159
177 164
177 185
177 189
177 197
177 210
177 228
177 229
177 230
177 231
177 232
177 233
177 234
177 235
177 236
177 237
177 238
177 239
177 240
177 241
177 253
177 310
177 317
177 333
177 339
177 394
177 414
177 464
177 469
177 497
177 501
177 546
177 585
177 591
177 596
177 599
177 602
177 607
177 611
177 618
177 629
177 636
177 715
177 830
177 833
177 882
177 884
177 888
177 980
177 986
177 1002
177 1006
177 1018
177 1052
177 1054
177 1055
177 1076
177 1084
177 1236
177 1247
178 24
178 38
178 46
178 52
178 58
178 66
178 70
178 76
178 87
178 94
178 116
178 159
178 164
178 185
178 189
178 197
178 210
178 227
178 253
178 310
178 317
178 334
178 335
178 336
178 394
178 414
178 464
178 469
178 497
178 501
178 585
178 591
178 596
178 599
178 602
178 607
178 611
178 618
178 629
178 636
178 715
178 718
178 830
178 833
178 882
178 884
178 888
178 980
178 986
178 1002
178 1006
178 1018
178 1052
178 1053
178 1056
178 1076
178 1084
178 1236
178 1247
179 24
179 38
179 46
179 52
179 58
179 66
179 70
179 76
179 87
179 94
179 116
179 125
179 159
179 164
179 185
179 189
179 197
179 210
179 226
179 253
179 271
179 272
179 273
179 274
179 275
179 310
179 317
179 334
179 337
179 338
179 339
179 394
179 414
179 464
179 469
179 497
179 501
179 582
179 583
179 584
179 585
179 591
179 596
179 599
179 602
179 607
179 611
179 618
179 629
179 668
179 715
179 718
179 830
179 833
179 882
179 980
179 986
179 1002
179 1006
179 1018
179 1052
179 1057
179 1076
179 1084
179 1236
179 1247
180 23
180 24
180 39
180 46
180 52
180 58
180 66
180 70
180 76
180 87
180 94
180 116
180 125
180 159
180 164
180 185
180 189
180 197
180 210
180 226
180 254
180 291
180 292
180 310
180 317
180 333
180 339
180 394
180 414
180 464
180 469
180 497
180 501
180 585
180 591
180 593
180 597
180 599
180 602
180 607
180 611
180 618
180 629
180 666
180 667
180 668
180 715
180 718
180 830
180 833
180 882
180 887
180 889
180 980
180 986
180 1002
180 1006
180 1018
180 1052
180 1057
180 1076
180 1084
180 1236
180 1247
181 22
181 23
181 39
181 46
181 52
181 58
181 66
181 70
181 87
181 94
181 116
181 125
181 159
181 164
181 185
181 189
181 197
181 210
181 225
181 226
181 254
181 290
181 291
181 310
181 317
181 333
181 339
181 394
181 414
181 585
181 591
181 593
181 597
181 599
181 603
181 604
181 605
181 606
181 607
181 611
181 618
181 629
181 635
181 665
181 668
181 715
181 718
181 830
181 834
181 882
181 887
181 889
181 980
181 986
181 1002
181 1006
181 1018
181 1052
181 1057
181 1076
181 1084
181 1236
181 1247
182 22
182 46
182 52
182 58
182 66
182 70
182 76
182 87
182 94
182 116
182 125
182 159
182 164
182 185
182 197
182 211
182 212
182 213
182 214
182 215
182 216
182 217
182 226
182 253
182 290
182 310
182 317
182 333
182 339
182 394
182 414
182 464
182 585
182 590
182 591
182 596
182 599
182 603
182 607
182 626
182 627
182 628
182 635
182 636
182 665
182 668
182 715
182 718
182 829
182 834
182 882
182 887
182 889
182 980
182 986
182 1001
182 1006
182 1018
182 1052
182 1057
182 1076
182 1084
182 1236
182 1247
183 21
183 46
183 52
183 58
183 66
183 70
183 76
183 87
183 94
183 116
183 125
183 159
183 164
183 183
183 184
183 185
183 189
183 190
183 191
183 192
183 193
183 194
183 195
183 197
183 211
183 226
183 253
183 289
183 310
183 317
183 334
183 335
183 336
183 337
183 338
183 339
183 394
183 414
183 464
183 586
183 587
183 588
183 589
183 593
183 596
183 599
183 602
183 607
183 612
183 613
183 629
183 635
183 665
183 668
183 669
183 704
183 705
183 706
183 707
183 708
183 709
183 710
183 711
183 712
183 713
183 714
183 715
183 716
183 717
183 718
183 719
183 720
183 721
183 722
183 723
183 724
183 725
183 726
183 727
183 829
183 834
183 882
183 887
183 889
183 980
183 986
183 1001
183 1006
183 1018
183 1052
183 1057
183 1076
183 1084
183 1236
183 1247
184 20
184 21
184 46
184 52
184 58
184 66
184 70
184 76
184 87
184 94
184 116
184 125
184 156
184 157
184 158
184 159
184 165
184 175
184 176
184 177
184 185
184 189
184 197
184 210
184 226
184 253
184 263
184 264
184 265
184 288
184 289
184 310
184 317
184 334
184 339
184 349
184 394
184 414
184 464
184 469
184 594
184 595
184 596
184 599
184 602
184 607
184 611
184 618
184 629
184 635
184 668
184 669
184 684
184 685
184 686
184 687
184 688
184 689
184 690
184 691
184 692
184 693
184 694
184 695
184 696
184 697
184 698
184 699
184 700
184 701
184 702
184 703
184 728
184 729
184 730
184 731
184 732
184 733
184 734
184 735
184 736
184 737
184 738
184 739
184 740
184 741
184 829
184 834
184 882
184 889
184 980
184 986
184 1001
184 1006
184 1018
184 1052
184 1057
184 1076
184 1084
184 1236
184 1247
185 20
185 46
185 52
185 58
185 66
185 70
185 76
185 87
185 94
185 116
185 159
185 165
185 185
185 188
185 197
185 210
185 226
185 253
185 287
185 288
185 310
185 317
185 333
185 339
185 349
185 394
185 414
185 464
185 469
185 494
185 495
185 599
185 602
185 607
185 611
185 618
185 629
185 635
185 659
185 660
185 661
185 662
185 663
185 664
185 665
185 666
185 669
185 677
185 678
185 679
185 680
185 681
185 682
185 683
185 742
185 743
185 744
185 745
185 746
185 747
185 829
185 834
185 883
185 884
185 888
185 889
185 980
185 986
185 1001
185 1006
185 1015
185 1016
185 1017
185 1018
185 1019
185 1020
185 1021
185 1022
185 1023
185 1051
185 1057
185 1076
185 1084
185 1236
185 1247
186 19
186 46
186 52
186 58
186 66
186 70
186 76
186 84
186 85
186 86
186 87
186 95
186 96
186 97
186 98
186 99
186 100
186 101
186 102
186 103
186 104
186 105
186 106
186 107
186 108
186 109
186 110
186 111
186 112
186 113
186 114
186 115
186 116
186 126
186 159
186 164
186 185
186 188
186 197
186 210
186 226
186 253
186 286
186 287
186 310
186 317
186 333
186 339
186 349
186 367
186 394
186 414
186 464
186 469
186 492
186 493
186 497
186 600
186 601
186 602
186 607
186 611
186 618
186 628
186 629
186 636
186 666
186 667
186 668
186 669
186 670
186 671
186 672
186 673
186 674
186 675
186 676
186 748
186 749
186 750
186 751
186 752
186 753
186 829
186 834
186 883
186 887
186 890
186 980
186 986
186 1001
186 1002
186 1003
186 1004
186 1005
186 1006
186 1007
186 1008
186 1009
186 1010
186 1011
186 1012
186 1013
186 1014
186 1024
186 1051
186 1057
186 1076
186 1084
186 1236
186 1247
187 19
187 28
187 29
187 30
187 46
187 57
187 58
187 67
187 68
187 69
187 70
187 87
187 95
187 116
187 125
187 159
187 164
187 185
187 188
187 197
187 210
187 226
187 254
187 285
187 286
187 310
187 317
187 333
187 339
187 349
187 367
187 394
187 414
187 464
187 469
187 489
187 490
187 491
187 497
187 607
187 611
187 618
187 626
187 627
187 636
187 754
187 755
187 756
187 757
187 829
187 834
187 882
187 886
187 890
187 980
187 986
187 1001
187 1024
187 1051
187 1057
187 1076
187 1084
187 1236
187 1247
188 18
188 19
188 28
188 30
188 31
188 46
188 58
188 67
188 70
188 78
188 87
188 94
188 116
188 125
188 159
188 164
188 185
188 188
188 197
188 210
188 226
188 254
188 285
188 287
188 310
188 316
188 333
188 339
188 349
188 367
188 394
188 414
188 464
188 469
188 487
188 488
188 498
188 499
188 607
188 611
188 618
188 626
188 637
188 657
188 658
188 659
188 660
188 758
188 759
188 760
188 829
188 834
188 882
188 886
188 890
188 964
188 965
188 966
188 980
188 986
188 1000
188 1024
188 1051
188 1057
188 1076
188 1084
188 1236
188 1246
189 19
189 31
189 32
189 42
189 46
189 52
189 58
189 66
189 70
189 77
189 87
189 94
189 116
189 125
189 159
189 164
189 185
189 188
189 197
189 210
189 226
189 254
189 288
189 289
189 310
189 316
189 333
189 339
189 349
189 367
189 385
189 386
189 387
189 388
189 389
189 394
189 414
189 449
189 450
189 451
189 452
189 453
189 454
189 455
189 456
189 457
189 458
189 459
189 460
189 461
189 462
189 463
189 464
189 470
189 471
189 472
189 473
189 474
189 475
189 476
189 477
189 478
189 479
189 480
189 481
189 482
189 483
189 484
189 485
189 486
189 607
189 611
189 618
189 625
189 637
189 638
189 656
189 761
189 762
189 829
189 834
189 882
189 886
189 890
189 942
189 943
189 944
189 945
189 946
189 947
189 948
189 949
189 950
189 963
189 967
189 980
189 986
189 1000
189 1024
189 1052
189 1053
189 1054
189 1055
189 1056
189 1076
189 1084
189 1174
189 1175
189 1176
189 1177
189 1178
189 1179
189 1180
189 1181
189 1182
189 1183
189 1236
189 1245
190 20
190 21
190 38
190 39
190 40
190 41
190 46
190 52
190 58
190 66
190 70
190 77
190 87
190 94
190 116
190 125
190 159
190 164
190 185
190 188
190 197
190 210
190 226
190 290
190 291
190 300
190 310
190 316
190 333
190 339
190 349
190 368
190 369
190 370
190 371
190 372
190 373
190 374
190 375
190 376
190 377
190 378
190 379
190 380
190 381
190 382
190 383
190 384
190 390
190 391
190 392
190 393
190 394
190 414
190 447
190 448
190 464
190 465
190 466
190 467
190 468
190 469
190 470
190 608
190 611
190 618
190 625
190 638
190 655
190 763
190 764
190 765
190 829
190 834
190 882
190 886
190 890
190 941
190 951
190 962
190 967
190 980
190 986
190 1000
190 1024
190 1052
190 1076
190 1077
190 1078
190 1079
190 1080
190 1081
190 1082
190 1083
190 1084
190 1173
190 1184
190 1236
190 1245
191 22
191 23
191 32
191 33
191 34
191 35
191 36
191 37
191 46
191 52
191 58
191 66
191 116
191 125
191 159
191 162
191 163
191 165
191 185
191 188
191 197
191 210
191 226
191 292
191 293
191 294
191 297
191 298
191 299
191 301
191 310
191 316
191 333
191 339
191 349
191 367
191 368
191 394
191 414
191 444
191 445
191 446
191 609
191 610
191 611
191 618
191 625
191 638
191 655
191 766
191 767
191 829
191 834
191 882
191 887
191 890
191 940
191 951
191 962
191 967
191 980
191 986
191 1000
191 1024
191 1051
191 1057
191 1076
191 1084
191 1173
191 1184
191 1236
191 1245
192 32
192 46
192 52
192 58
192 66
192 116
192 125
192 159
192 166
192 167
192 168
192 169
192 185
192 188
192 197
192 210
192 226
192 295
192 301
192 310
192 316
192 333
192 340
192 341
192 342
192 343
192 344
192 345
192 346
192 347
192 348
192 367
192 394
192 415
192 416
192 417
192 418
192 419
192 420
192 421
192 422
192 423
192 424
192 425
192 426
192 427
192 442
192 443
192 613
192 618
192 624
192 638
192 654
192 768
192 769
192 770
192 829
192 834
192 882
192 888
192 889
192 890
192 940
192 951
192 962
192 967
192 980
192 986
192 1000
192 1024
192 1051
192 1057
192 1075
192 1084
192 1173
192 1176
192 1177
192 1184
192 1236
192 1245
193 31
193 46
193 52
193 58
193 66
193 116
193 124
193 158
193 159
193 170
193 171
193 184
193 188
193 197
193 210
193 226
193 295
193 302
193 303
193 309
193 316
193 322
193 323
193 324
193 325
193 326
193 327
193 328
193 329
193 330
193 331
193 332
193 333
193 340
193 348
193 366
193 394
193 415
193 428
193 429
193 430
193 431
193 432
193 433
193 434
193 435
193 436
193 437
193 438
193 439
193 440
193 441
193 613
193 618
193 624
193 638
193 654
193 771
193 772
193 829
193 834
193 882
193 940
193 951
193 962
193 967
193 980
193 986
193 1000
193 1024
193 1051
193 1057
193 1075
193 1084
193 1170
193 1171
193 1177
193 1178
193 1184
193 1236
193 1245
194 24
194 31
194 46
194 52
194 58
194 66
194 116
194 124
194 157
194 158
194 171
194 184
194 188
194 197
194 210
194 295
194 302
194 304
194 305
194 306
194 307
194 308
194 309
194 317
194 318
194 319
194 320
194 321
194 333
194 339
194 348
194 366
194 394
194 414
194 613
194 618
194 624
194 638
194 653
194 654
194 773
194 774
194 775
194 829
194 834
194 882
194 888
194 940
194 951
194 962
194 967
194 980
194 986
194 1000
194 1024
194 1051
194 1057
194 1075
194 1084
194 1169
194 1170
194 1179
194 1180
194 1184
194 1236
194 1245
195 24
195 31
195 58
195 66
195 116
195 124
195 157
195 171
195 184
195 188
195 197
195 210
195 295
195 301
195 309
195 317
195 333
195 339
195 348
195 366
195 394
195 414
195 613
195 618
195 625
195 638
195 652
195 653
195 776
195 829
195 882
195 887
195 940
195 951
195 962
195 967
195 980
195 986
195 1000
195 1024
195 1051
195 1057
195 1075
195 1084
195 1168
195 1169
195 1180
195 1184
195 1236
195 1245
196 24
196 31
196 58
196 66
196 116
196 124
196 156
196 172
196 197
196 210
196 295
196 301
196 309
196 316
196 333
196 339
196 348
196 366
196 394
196 414
196 614
196 615
196 616
196 617
196 618
196 625
196 638
196 651
196 652
196 828
196 829
196 882
196 887
196 940
196 951
196 962
196 967
196 980
196 986
196 1000
196 1024
196 1051
196 1057
196 1075
196 1084
196 1167
196 1168
196 1181
196 1184
196 1236
196 1245
197 24
197 31
197 58
197 66
197 116
197 124
197 156
197 172
197 197
197 210
197 295
197 301
197 309
197 316
197 333
197 339
197 348
197 366
197 394
197 414
197 626
197 638
197 650
197 651
197 829
197 882
197 887
197 940
197 951
197 962
197 967
197 980
197 1000
197 1024
197 1051
197 1056
197 1075
197 1084
197 1167
197 1181
197 1184
197 1236
197 1245
198 24
198 58
198 66
198 116
198 124
198 155
198 172
198 197
198 210
198 295
198 302
198 309
198 316
198 333
198 339
198 348
198 366
198 394
198 414
198 626
198 627
198 638
198 650
198 782
198 783
198 829
198 879
198 880
198 881
198 882
198 940
198 951
198 962
198 967
198 980
198 1000
198 1024
198 1050
198 1056
198 1075
198 1084
198 1166
198 1182
198 1184
198 1236
198 1245
199 58
199 66
199 116
199 124
199 155
199 172
199 197
199 210
199 295
199 302
199 309
199 316
199 333
199 339
199 348
199 366
199 394
199 414
199 627
199 628
199 637
199 638
199 649
199 784
199 785
199 829
199 882
199 939
199 940
199 962
199 967
199 980
199 1000
199 1024
199 1050
199 1056
199 1075
199 1084
199 1166
199 1182
199 1184
199 1236
199 1245
200 58
200 66
200 116
200 124
200 155
200 172
200 197
200 210
200 295
200 302
200 309
200 316
200 333
200 339
200 348
200 366
200 394
200 415
200 628
200 636
200 637
200 648
200 649
200 786
200 787
200 830
200 831
200 832
200 833
200 882
200 887
200 940
200 961
200 968
200 978
200 979
200 980
200 1000
200 1024
200 1050
200 1056
200 1075
200 1084
200 1165
200 1182
200 1184
200 1236
200 1245
201 58
201 66
201 116
201 124
201 154
201 172
201 197
201 210
201 295
201 302
201 309
201 316
201 333
201 339
201 348
201 366
201 394
201 416
201 628
201 636
201 647
201 648
201 788
201 789
201 882
201 887
201 940
201 961
201 968
201 980
201 1000
201 1024
201 1050
201 1056
201 1075
201 1084
201 1165
201 1182
201 1184
201 1236
201 1245
202 58
202 67
202 115
202 124
202 154
202 172
202 197
202 210
202 295
202 302
202 309
202 316
202 333
202 339
202 348
202 366
202 394
202 414
202 417
202 418
202 628
202 635
202 646
202 647
202 790
202 791
202 881
202 887
202 940
202 951
202 961
202 967
202 980
202 1000
202 1024
202 1027
202 1028
202 1029
202 1030
202 1031
202 1032
202 1033
202 1034
202 1035
202 1036
202 1037
202 1038
202 1039
202 1040
202 1041
202 1042
202 1043
202 1044
202 1045
202 1046
202 1047
202 1048
202 1049
202 1050
202 1057
202 1058
202 1059
202 1060
202 1061
202 1062
202 1063
202 1075
202 1084
202 1164
202 1236
202 1245
203 58
203 68
203 115
203 124
203 154
203 172
203 197
203 210
203 295
203 302
203 309
203 316
203 333
203 339
203 348
203 366
203 392
203 393
203 419
203 420
203 628
203 635
203 645
203 646
203 792
203 793
203 881
203 887
203 940
203 951
203 980
203 1000
203 1024
203 1050
203 1057
203 1064
203 1065
203 1066
203 1067
203 1068
203 1069
203 1070
203 1071
203 1072
203 1073
203 1074
203 1075
203 1085
203 1086
203 1087
203 1088
203 1089
203 1090
203 1091
203 1092
203 1093
203 1094
203 1095
203 1096
203 1097
203 1098
203 1099
203 1100
203 1101
203 1102
203 1164
203 1183
203 1236
203 1245
204 58
204 68
204 115
204 124
204 154
204 172
204 197
204 210
204 295
204 309
204 316
204 333
204 339
204 348
204 366
204 391
204 392
204 420
204 421
204 628
204 644
204 645
204 794
204 795
204 881
204 887
204 940
204 951
204 979
204 986
204 1000
204 1024
204 1050
204 1056
204 1075
204 1085
204 1103
204 1104
204 1105
204 1106
204 1107
204 1108
204 1109
204 1110
204 1111
204 1112
204 1113
204 1114
204 1115
204 1116
204 1117
204 1118
204 1119
204 1120
204 1121
204 1122
204 1123
204 1124
204 1125
204 1126
204 1127
204 1128
204 1129
204 1130
204 1131
204 1132
204 1133
204 1134
204 1135
204 1136
204 1137
204 1138
204 1139
204 1140
204 1141
204 1164
204 1183
204 1236
204 1245
205 58
205 68
205 115
205 124
205 155
205 172
205 210
205 309
205 316
205 333
205 348
205 366
205 389
205 390
205 394
205 422
205 423
205 642
205 643
205 796
205 797
205 881
205 887
205 940
205 951
205 979
205 986
205 1000
205 1024
205 1050
205 1056
205 1075
205 1084
205 1142
205 1143
205 1144
205 1145
205 1146
205 1147
205 1148
205 1149
205 1150
205 1151
205 1152
205 1153
205 1154
205 1155
205 1156
205 1157
205 1158
205 1159
205 1160
205 1161
205 1162
205 1163
205 1164
205 1165
205 1183
205 1236
205 1245
206 58
206 68
206 115
206 124
206 155
206 172
206 210
206 309
206 316
206 348
206 366
206 388
206 389
206 424
206 425
206 641
206 642
206 797
206 798
206 887
206 940
206 951
206 979
206 986
206 999
206 1023
206 1050
206 1056
206 1075
206 1084
206 1165
206 1184
206 1185
206 1186
206 1187
206 1188
206 1189
206 1190
206 1191
206 1192
206 1193
206 1194
206 1195
206 1196
206 1197
206 1198
206 1199
206 1200
206 1201
206 1202
206 1203
206 1204
206 1205
206 1206
206 1207
206 1208
206 1209
206 1210
206 1211
206 1212
206 1213
206 1214
206 1215
206 1216
206 1217
206 1218
206 1219
206 1220
206 1236
206 1245
207 58
207 68
207 115
207 124
207 155
207 171
207 309
207 316
207 348
207 366
207 387
207 388
207 425
207 426
207 639
207 640
207 799
207 800
207 940
207 951
207 979
207 986
207 999
207 1023
207 1050
207 1056
207 1075
207 1084
207 1165
207 1184
207 1221
207 1222
207 1223
207 1224
207 1225
207 1226
207 1227
207 1228
207 1229
207 1230
207 1231
207 1232
207 1233
207 1234
207 1235
207 1236
207 1246
208 58
208 68
208 115
208 124
208 156
208 171
208 309
208 316
208 348
208 366
208 385
208 386
208 426
208 427
208 638
208 639
208 801
208 802
208 940
208 951
208 979
208 986
208 999
208 1023
208 1056
208 1075
208 1084
208 1165
208 1183
208 1236
208 1246
208 1278
208 1279
209 58
209 68
209 115
209 124
209 157
209 158
209 170
209 309
209 316
209 348
209 366
209 384
209 385
209 427
209 428
209 638
209 802
209 803
209 940
209 951
209 979
209 986
209 999
209 1023
209 1075
209 1084
209 1165
209 1183
209 1236
209 1245
210 58
210 68
210 115
210 124
210 158
210 169
210 170
210 309
210 316
210 348
210 366
210 383
210 384
210 428
210 429
210 804
210 805
210 806
210 807
210 808
210 809
210 810
210 811
210 812
210 813
210 814
210 815
210 816
210 817
210 818
210 819
210 820
210 821
210 940
210 951
210 999
210 1023
210 1075
210 1084
210 1165
210 1183
210 1236
210 1245
211 58
211 68
211 115
211 124
211 159
211 161
211 162
211 163
211 166
211 167
211 168
211 348
211 366
211 382
211 383
211 429
211 430
211 822
211 823
211 824
211 940
211 951
211 999
211 1023
211 1075
211 1084
211 1165
211 1183
211 1236
211 1245
212 58
212 68
212 115
212 124
212 158
212 165
212 348
212 366
212 381
212 382
212 430
212 825
212 826
212 827
212 940
212 951
212 999
212 1023
212 1075
212 1084
212 1165
212 1183
212 1236
212 1245
213 58
213 68
213 115
213 124
213 158
213 164
213 348
213 366
213 381
213 430
213 828
213 999
213 1023
213 1075
213 1084
213 1165
213 1183
213 1236
213 1245
214 58
214 68
214 115
214 124
214 158
214 164
214 348
214 366
214 380
214 431
214 829
214 830
214 986
214 1166
214 1181
214 1183
214 1236
214 1245
215 115
215 124
215 158
215 164
215 295
215 299
215 348
215 366
215 380
215 431
215 432
215 831
215 832
215 986
215 1167
215 1168
215 1181
215 1183
215 1236
215 1245
216 115
216 124
216 158
216 164
216 296
216 297
216 298
216 299
216 348
216 366
216 379
216 432
216 433
216 833
216 834
216 835
216 986
216 1168
216 1181
216 1183
216 1236
216 1245
217 115
217 124
217 158
217 164
217 348
217 366
217 379
217 433
217 836
217 837
217 838
217 985
217 986
217 1169
217 1183
217 1236
217 1245
218 115
218 124
218 158
218 164
218 348
218 366
218 378
218 434
218 633
218 839
218 840
218 841
218 842
218 1169
218 1170
218 1183
218 1236
218 1245
219 158
219 164
219 348
219 366
219 378
219 434
219 633
219 843
219 844
219 1171
219 1183
219 1236
219 1245
220 158
220 164
220 348
220 366
220 377
220 434
220 633
220 845
220 846
220 847
220 1171
220 1182
220 1236
220 1245
221 348
221 366
221 377
221 435
221 633
221 848
221 849
221 1171
221 1182
221 1235
221 1245
222 348
222 366
222 377
222 435
222 633
222 850
222 851
222 852
222 1171
222 1182
222 1235
222 1245
223 348
223 366
223 376
223 435
223 633
223 853
223 854
223 1171
223 1182
223 1235
223 1245
224 348
224 367
224 368
224 376
224 435
224 633
224 855
224 856
224 1171
224 1182
224 1235
224 1245
225 348
225 369
225 376
225 435
225 633
225 857
225 858
225 1171
225 1182
225 1235
225 1245
226 348
226 366
226 369
226 375
226 435
226 632
226 633
226 858
226 1171
226 1182
226 1235
226 1245
227 348
227 366
227 369
227 375
227 436
227 631
227 632
227 859
227 1171
227 1182
227 1235
227 1245
228 347
228 366
228 369
228 375
228 436
228 630
228 631
228 859
228 860
228 1171
228 1182
228 1235
228 1245
229 347
229 366
229 369
229 376
229 436
229 629
229 630
229 860
229 861
229 1171
229 1182
229 1235
229 1245
230 347
230 366
230 369
230 376
230 436
230 628
230 629
230 861
230 1171
230 1182
230 1235
230 1245
231 347
231 366
231 369
231 376
231 436
231 628
231 862
231 1171
231 1182
231 1235
231 1245
232 347
232 366
232 369
232 376
232 436
232 627
232 862
232 863
232 1171
232 1182
232 1235
232 1245
233 347
233 366
233 369
233 376
233 436
233 627
233 863
233 864
233 1171
233 1182
233 1235
233 1245
234 347
234 366
234 369
234 376
234 436
234 1171
234 1182
234 1235
234 1245
235 347
235 366
235 369
235 377
235 436
235 1235
235 1245
236 347
236 366
236 368
236 377
236 436
236 1235
236 1245
237 347
237 366
237 368
237 377
237 435
237 1235
237 1245
238 347
238 366
238 368
238 377
238 435
238 1235
238 1245
239 347
239 366
239 368
239 378
239 434
240 347
240 366
240 368
240 378
240 434
241 347
241 366
241 368
241 379
241 433
242 347
242 366
242 368
242 379
242 380
242 433
243 347
243 366
243 368
243 380
243 381
243 432
244 347
244 366
244 368
244 381
244 382
244 432
245 347
245 368
245 382
245 383
245 431
246 347
246 367
246 383
246 384
246 430
246 431
247 347
247 366
247 384
247 430
248 347
248 366
248 385
248 429
249 347
249 366
249 385
249 386
249 428
249 429
250 347
250 366
250 386
250 427
250 428
251 347
251 366
251 387
251 426
251 427
252 347
252 366
252 387
252 388
252 393
252 425
252 426
253 347
253 366
253 388
253 389
253 393
253 424
253 425
254 347
254 366
254 389
254 390
254 391
254 415
254 423
254 424
255 347
255 366
255 392
255 393
255 415
255 420
255 421
255 422
256 347
256 366
256 393
256 415
256 419
257 347
257 366
257 393
257 415
257 418
258 347
258 366
258 393
258 416
258 417
259 347
259 366
259 393
259 416
260 347
260 366
260 393
260 415
261 347
261 366
261 393
261 415
262 347
262 366
262 393
262 415
263 347
263 366
263 393
263 415
264 346
264 366
264 393
264 415
265 346
265 366
265 393
265 415
266 346
266 366
266 393
266 415
267 346
267 366
267 393
267 415
268 346
268 366
268 393
268 415
269 346
269 366
269 393
269 415
270 346
270 366
270 393
270 415
271 346
271 366
271 393
271 415
272 346
272 366
272 393
272 415
273 346
273 366
273 393
273 415
274 346
274 366
274 393
274 415
275 346
275 366
275 393
275 415
276 346
276 366
276 393
276 415
277 346
277 366
277 393
277 415
278 346
278 366
278 393
278 415
279 346
279 366
279 393
279 415
280 346
280 366
280 392
280 415
281 346
281 366
281 392
281 415
282 346
282 366
282 392
282 415
283 346
283 366
283 392
283 415
284 346
284 366
284 392
284 415
285 346
285 366
285 392
285 415
286 346
286 366
286 392
286 415
287 346
287 366
287 392
288 346
288 366
289 346
289 366
290 346
290 366
291 346
291 366
292 346
292 366
293 346
293 366
294 346
294 366
295 346
295 366
296 346
296 366
297 346
297 366
298 346
298 366
299 345
299 366
300 345
300 366
301 345
301 366
302 345
302 366
303 345
303 366
304 345
304 366
305 345
305 366
306 345
306 366
307 345
307 366
308 345
308 366
309 345
309 366
310 345
310 366
311 345
311 366
312 345
312 366
313 345
313 366
314 345
314 366
315 345
315 366
316 345
316 366
317 345
317 366
318 345
318 366
319 345
319 366
320 345
320 366
321 345
321 366
322 345
322 366
323 345
324 345
325 345
