0 394
0 480
0 664
0 671
0 844
0 928
1 395
1 481
1 664
1 666
1 671
1 844
1 928
2 395
2 396
2 481
2 482
2 663
2 666
2 672
2 845
2 928
3 396
3 397
3 482
3 483
3 663
3 665
3 672
3 845
3 928
4 397
4 483
4 484
4 672
4 846
4 928
5 397
5 484
5 672
5 846
5 847
5 928
6 397
6 484
6 672
6 928
7 397
7 484
7 672
7 849
7 851
7 928
8 396
8 484
8 672
8 848
8 851
8 852
8 928
9 396
9 482
9 483
9 671
9 848
9 853
9 854
9 868
9 869
9 870
9 928
10 396
10 479
10 480
10 481
10 671
10 848
10 854
10 866
10 867
10 871
10 872
10 928
11 396
11 479
11 671
11 672
11 673
11 674
11 675
11 848
11 855
11 865
11 866
11 872
11 929
12 396
12 479
12 676
12 848
12 855
12 864
12 865
12 872
12 929
13 396
13 480
13 677
13 848
13 855
13 856
13 863
13 864
13 871
13 929
14 395
14 480
14 677
14 848
14 855
14 858
14 859
14 860
14 861
14 862
14 863
14 871
14 929
15 395
15 481
15 677
15 681
15 848
15 855
15 870
15 929
16 395
16 481
16 676
16 679
16 680
16 682
16 848
16 855
16 870
16 929
17 395
17 399
17 481
17 676
17 677
17 678
17 682
17 848
17 855
17 870
17 929
18 395
18 397
18 398
18 400
18 401
18 482
18 682
18 848
18 855
18 870
18 929
19 395
19 397
19 402
19 482
19 682
19 848
19 855
19 866
19 867
19 868
19 869
19 929
20 402
20 482
20 681
20 684
20 685
20 686
20 848
20 855
20 865
20 929
21 402
21 483
21 484
21 485
21 681
21 683
21 686
21 848
21 855
21 864
21 929
22 402
22 486
22 487
22 488
22 489
22 686
22 848
22 855
22 865
22 929
23 402
23 490
23 491
23 686
23 848
23 855
23 866
23 867
23 868
23 869
23 870
23 871
23 872
23 896
23 897
23 898
23 929
24 402
24 491
24 686
24 848
24 855
24 873
24 874
24 875
24 883
24 884
24 885
24 886
24 887
24 888
24 889
24 890
24 891
24 892
24 893
24 894
24 895
24 929
25 402
25 492
25 685
25 848
25 855
25 876
25 877
25 878
25 879
25 880
25 881
25 882
25 897
25 898
25 929
26 403
26 404
26 492
26 684
26 685
26 848
26 855
26 895
26 896
26 929
27 405
27 406
27 493
27 684
27 848
27 855
27 894
27 895
27 929
28 407
28 408
28 493
28 684
28 848
28 855
28 894
28 929
29 408
29 494
29 684
29 848
29 855
29 893
29 929
30 409
30 424
30 425
30 494
30 684
30 848
30 855
30 880
30 881
30 892
30 893
30 929
31 409
31 422
31 423
31 426
31 427
31 495
31 684
31 848
31 855
31 878
31 879
31 882
31 883
31 884
31 885
31 886
31 887
31 888
31 889
31 890
31 891
31 892
31 929
32 410
32 421
32 422
32 427
32 428
32 495
32 496
32 683
32 848
32 855
32 877
32 930
33 410
33 411
33 419
33 420
33 428
33 432
33 433
33 434
33 496
33 497
33 683
33 848
33 855
33 876
33 930
34 411
34 418
34 419
34 429
34 430
34 431
34 435
34 436
34 437
34 497
34 498
34 682
34 848
34 855
34 875
34 930
35 412
35 416
35 417
35 438
35 439
35 498
35 682
35 848
35 855
35 874
35 930
36 412
36 413
36 414
36 415
36 439
36 495
36 496
36 497
36 498
36 682
36 848
36 855
36 874
36 930
37 440
37 492
37 493
37 494
37 682
37 848
37 855
37 873
37 930
38 440
38 492
38 682
38 848
38 856
38 874
38 930
39 440
39 492
39 680
39 681
39 848
39 856
39 874
39 930
40 440
40 493
40 848
40 856
40 875
40 930
41 440
41 446
41 447
41 493
41 679
41 683
41 848
41 856
41 876
41 930
42 440
42 445
42 448
42 493
42 683
42 848
42 856
42 876
42 930
43 439
43 444
43 448
43 493
43 683
43 848
43 856
43 877
43 930
44 439
44 442
44 443
44 449
44 492
44 493
44 683
44 848
44 856
44 877
44 878
44 930
45 439
45 442
45 449
45 484
45 485
45 486
45 487
45 488
45 492
45 684
45 848
45 856
45 879
45 880
45 930
46 438
46 441
46 450
46 483
46 484
46 489
46 490
46 491
46 684
46 848
46 856
46 882
46 883
46 887
46 888
46 889
46 930
47 437
47 441
47 450
47 451
47 483
47 685
47 848
47 856
47 875
47 876
47 877
47 879
47 886
47 930
48 436
48 441
48 451
48 452
48 465
48 466
48 483
48 685
48 686
48 848
48 856
48 874
48 882
48 883
48 887
48 888
48 930
49 436
49 440
49 452
49 463
49 464
49 467
49 468
49 469
49 484
49 686
49 848
49 856
49 873
49 930
50 436
50 440
50 453
50 461
50 462
50 470
50 484
50 485
50 687
50 688
50 848
50 856
50 874
50 875
50 930
51 437
51 440
51 453
51 454
51 459
51 460
51 470
51 485
51 486
51 848
51 856
51 876
51 877
51 930
52 438
52 439
52 440
52 455
52 456
52 457
52 458
52 470
52 487
52 488
52 681
52 682
52 683
52 684
52 688
52 848
52 856
52 878
52 879
52 930
53 470
53 488
53 489
53 681
53 686
53 687
53 848
53 856
53 880
53 881
53 931
54 470
54 489
54 681
54 683
54 684
54 689
54 848
54 856
54 882
54 931
55 470
55 490
55 681
55 683
55 686
55 687
55 690
55 691
55 848
55 856
55 882
55 931
56 470
56 490
56 491
56 691
56 848
56 856
56 881
56 931
57 470
57 491
57 492
57 691
57 848
57 856
57 880
57 931
58 470
58 492
58 691
58 848
58 856
58 880
58 931
59 470
59 492
59 690
59 848
59 856
59 880
59 931
60 469
60 492
60 690
60 848
60 856
60 879
60 880
60 931
61 469
61 492
61 690
61 848
61 856
61 876
61 877
61 878
61 931
62 469
62 489
62 490
62 491
62 492
62 689
62 848
62 856
62 873
62 874
62 875
62 931
63 469
63 487
63 488
63 689
63 848
63 856
63 871
63 872
63 931
64 469
64 487
64 689
64 848
64 856
64 870
64 931
65 469
65 487
65 688
65 848
65 856
65 870
65 931
66 469
66 487
66 488
66 686
66 687
66 848
66 856
66 870
66 931
67 470
67 471
67 472
67 473
67 474
67 475
67 476
67 477
67 488
67 684
67 685
67 848
67 856
67 871
67 931
68 478
68 479
68 480
68 488
68 684
68 848
68 856
68 871
68 872
68 873
68 874
68 875
68 876
68 877
68 888
68 889
68 931
69 481
69 482
69 486
69 487
69 684
69 848
69 856
69 878
69 887
69 888
69 890
69 912
69 913
69 914
69 915
69 931
70 482
70 484
70 485
70 684
70 778
70 779
70 780
70 781
70 782
70 783
70 784
70 848
70 856
70 878
70 886
70 887
70 890
70 891
70 911
70 912
70 916
70 917
70 931
71 482
71 683
71 775
71 776
71 777
71 785
71 786
71 789
71 790
71 791
71 792
71 793
71 794
71 795
71 796
71 797
71 798
71 848
71 856
71 878
71 885
71 886
71 891
71 908
71 909
71 910
71 911
71 917
71 918
71 931
72 483
72 486
72 683
72 774
72 786
72 787
72 788
72 799
72 800
72 801
72 802
72 803
72 804
72 805
72 806
72 807
72 808
72 809
72 810
72 811
72 812
72 813
72 848
72 856
72 878
72 881
72 883
72 884
72 891
72 905
72 906
72 907
72 918
72 919
72 931
73 484
73 487
73 683
73 684
73 773
73 814
73 848
73 856
73 878
73 883
73 891
73 903
73 904
73 919
73 920
73 931
74 487
74 685
74 774
74 775
74 787
74 788
74 789
74 790
74 791
74 814
74 848
74 856
74 878
74 883
74 890
74 902
74 903
74 921
74 922
74 932
75 485
75 486
75 487
75 686
75 776
75 777
75 778
75 779
75 786
75 787
75 792
75 793
75 794
75 795
75 796
75 797
75 798
75 799
75 800
75 801
75 802
75 803
75 814
75 848
75 856
75 878
75 883
75 891
75 900
75 901
75 924
75 932
75 1279
76 686
76 780
76 781
76 782
76 783
76 784
76 785
76 804
76 805
76 806
76 807
76 808
76 809
76 814
76 848
76 856
76 878
76 883
76 891
76 900
76 919
76 920
76 921
76 925
76 932
76 1275
76 1276
76 1277
76 1278
77 479
77 480
77 481
77 686
77 810
77 814
77 848
77 856
77 878
77 883
77 892
77 893
77 894
77 899
77 918
77 919
77 923
77 932
77 1270
77 1271
77 1272
77 1273
77 1274
78 477
78 478
78 481
78 482
78 685
78 686
78 810
78 814
78 848
78 856
78 878
78 883
78 895
78 896
78 897
78 898
78 899
78 909
78 910
78 917
78 918
78 926
78 932
78 1258
78 1259
78 1260
78 1261
78 1262
78 1263
78 1264
78 1265
78 1266
78 1267
78 1268
78 1269
78 1270
78 1276
78 1277
79 477
79 482
79 685
79 810
79 814
79 848
79 856
79 878
79 883
79 906
79 907
79 908
79 911
79 912
79 917
79 924
79 932
79 1235
79 1236
79 1237
79 1238
79 1239
79 1240
79 1241
79 1242
79 1243
79 1244
79 1245
79 1246
79 1247
79 1248
79 1249
79 1250
79 1251
79 1252
79 1253
79 1254
79 1255
79 1256
79 1257
79 1270
79 1271
79 1272
79 1273
79 1274
80 477
80 482
80 685
80 686
80 687
80 688
80 689
80 810
80 814
80 848
80 856
80 878
80 883
80 904
80 905
80 913
80 914
80 915
80 916
80 926
80 932
80 1096
80 1097
80 1098
80 1099
80 1189
80 1190
80 1191
80 1192
80 1193
80 1194
80 1195
80 1196
80 1197
80 1198
80 1212
80 1213
80 1214
80 1215
80 1216
80 1217
80 1218
80 1219
80 1220
80 1221
80 1222
80 1223
80 1224
80 1225
80 1226
80 1227
80 1228
80 1229
80 1230
80 1231
80 1232
80 1233
80 1234
80 1260
80 1261
80 1262
80 1263
80 1264
80 1265
81 477
81 483
81 689
81 810
81 814
81 848
81 856
81 878
81 883
81 903
81 932
81 1085
81 1086
81 1087
81 1088
81 1089
81 1090
81 1091
81 1092
81 1093
81 1094
81 1095
81 1100
81 1121
81 1122
81 1123
81 1124
81 1125
81 1126
81 1127
81 1128
81 1129
81 1130
81 1131
81 1132
81 1133
81 1134
81 1135
81 1136
81 1137
81 1138
81 1139
81 1140
81 1141
81 1142
81 1143
81 1144
81 1145
81 1146
81 1147
81 1148
81 1149
81 1167
81 1168
81 1169
81 1170
81 1171
81 1172
81 1173
81 1174
81 1175
81 1176
81 1177
81 1178
81 1179
81 1180
81 1181
81 1182
81 1183
81 1184
81 1185
81 1186
81 1187
81 1188
81 1199
81 1200
81 1201
81 1202
81 1203
81 1204
81 1205
81 1206
81 1207
81 1208
81 1209
81 1210
81 1211
81 1251
81 1252
81 1253
81 1254
81 1255
81 1256
82 477
82 483
82 689
82 810
82 814
82 848
82 856
82 878
82 883
82 902
82 932
82 1078
82 1079
82 1080
82 1081
82 1082
82 1083
82 1084
82 1101
82 1102
82 1103
82 1104
82 1105
82 1106
82 1107
82 1108
82 1109
82 1110
82 1111
82 1112
82 1113
82 1114
82 1115
82 1116
82 1117
82 1118
82 1119
82 1120
82 1150
82 1151
82 1152
82 1153
82 1154
82 1155
82 1156
82 1157
82 1158
82 1159
82 1160
82 1161
82 1162
82 1163
82 1165
82 1166
82 1172
82 1200
82 1234
82 1235
82 1236
82 1237
82 1238
82 1239
82 1240
82 1241
83 477
83 483
83 689
83 810
83 814
83 848
83 856
83 878
83 883
83 902
83 932
83 1034
83 1035
83 1036
83 1037
83 1038
83 1039
83 1040
83 1041
83 1042
83 1043
83 1044
83 1045
83 1046
83 1047
83 1048
83 1049
83 1050
83 1051
83 1052
83 1053
83 1054
83 1055
83 1056
83 1057
83 1058
83 1059
83 1060
83 1061
83 1062
83 1063
83 1064
83 1065
83 1066
83 1067
83 1068
83 1069
83 1070
83 1071
83 1072
83 1073
83 1074
83 1075
83 1076
83 1077
83 1153
83 1164
83 1165
83 1199
83 1225
83 1226
83 1227
83 1228
83 1229
83 1230
83 1231
83 1232
84 477
84 484
84 689
84 810
84 814
84 848
84 856
84 878
84 883
84 902
84 908
84 909
84 932
84 968
84 969
84 972
84 973
84 974
84 975
84 976
84 977
84 978
84 979
84 980
84 981
84 982
84 983
84 984
84 985
84 986
84 987
84 988
84 989
84 990
84 991
84 992
84 993
84 994
84 995
84 996
84 997
84 998
84 999
84 1002
84 1003
84 1004
84 1005
84 1006
84 1007
84 1008
84 1011
84 1012
84 1013
84 1014
84 1015
84 1016
84 1017
84 1018
84 1019
84 1020
84 1021
84 1022
84 1023
84 1024
84 1025
84 1026
84 1027
84 1028
84 1029
84 1030
84 1031
84 1032
84 1033
84 1120
84 1169
84 1170
84 1199
84 1217
84 1218
84 1219
84 1220
84 1221
84 1222
84 1223
84 1224
85 478
85 484
85 688
85 810
85 814
85 848
85 856
85 878
85 883
85 902
85 907
85 910
85 932
85 967
85 970
85 971
85 1000
85 1001
85 1009
85 1010
85 1120
85 1154
85 1164
85 1169
85 1198
85 1216
86 479
86 485
86 486
86 487
86 488
86 688
86 810
86 814
86 848
86 856
86 878
86 883
86 903
86 906
86 910
86 933
86 934
86 935
86 936
86 937
86 938
86 939
86 940
86 941
86 942
86 943
86 944
86 945
86 946
86 947
86 948
86 949
86 950
86 956
86 957
86 958
86 959
86 960
86 961
86 962
86 963
86 964
86 965
86 966
86 1075
86 1121
86 1155
86 1163
86 1168
86 1198
86 1207
86 1208
86 1209
86 1210
86 1211
86 1212
86 1213
86 1214
86 1215
87 480
87 481
87 482
87 483
87 488
87 689
87 810
87 814
87 848
87 856
87 878
87 883
87 903
87 904
87 905
87 910
87 951
87 952
87 953
87 954
87 955
87 969
87 970
87 988
87 989
87 990
87 991
87 992
87 993
87 1015
87 1016
87 1075
87 1121
87 1156
87 1157
87 1163
87 1167
87 1168
87 1198
87 1199
87 1200
87 1201
87 1202
87 1203
87 1204
87 1205
87 1206
88 485
88 486
88 487
88 488
88 689
88 810
88 814
88 848
88 856
88 878
88 883
88 910
88 985
88 986
88 987
88 1016
88 1075
88 1122
88 1157
88 1158
88 1163
88 1166
88 1167
89 690
89 810
89 814
89 848
89 856
89 878
89 884
89 909
89 930
89 947
89 948
89 954
89 965
89 966
89 984
89 1017
89 1075
89 1122
89 1158
89 1159
89 1165
89 1166
89 1197
90 690
90 810
90 814
90 848
90 856
90 878
90 884
90 908
90 929
90 931
90 932
90 946
90 947
90 954
90 964
90 965
90 983
90 1017
90 1075
90 1123
90 1160
90 1161
90 1163
90 1164
90 1196
91 690
91 810
91 814
91 848
91 856
91 878
91 884
91 907
91 908
91 930
91 931
91 933
91 934
91 944
91 945
91 953
91 957
91 958
91 959
91 963
91 964
91 983
91 1018
91 1019
91 1020
91 1021
91 1074
91 1123
91 1161
91 1162
91 1163
91 1196
92 690
92 810
92 814
92 848
92 856
92 878
92 884
92 906
92 907
92 917
92 918
92 931
92 935
92 936
92 937
92 938
92 939
92 940
92 941
92 942
92 943
92 954
92 955
92 956
92 957
92 959
92 960
92 961
92 962
92 979
92 980
92 981
92 982
92 983
92 1022
92 1074
92 1124
92 1195
93 690
93 810
93 814
93 848
93 856
93 878
93 884
93 906
93 915
93 916
93 931
93 978
93 1022
93 1074
93 1124
93 1195
94 689
94 810
94 814
94 848
94 856
94 878
94 884
94 905
94 913
94 914
94 918
94 932
94 977
94 1023
94 1074
94 1125
94 1194
95 689
95 810
95 814
95 848
95 856
95 878
95 884
95 903
95 904
95 905
95 910
95 911
95 912
95 917
95 932
95 977
95 1023
95 1034
95 1035
95 1036
95 1073
95 1125
95 1194
96 688
96 810
96 814
96 848
96 856
96 878
96 884
96 901
96 902
96 908
96 909
96 916
96 930
96 931
96 932
96 976
96 1023
96 1028
96 1029
96 1033
96 1036
96 1044
96 1045
96 1073
96 1126
96 1193
97 688
97 810
97 814
97 848
97 856
97 878
97 884
97 901
97 907
97 908
97 916
97 928
97 929
97 975
97 1023
97 1026
97 1027
97 1030
97 1032
97 1036
97 1042
97 1043
97 1046
97 1047
97 1074
97 1126
97 1193
98 688
98 810
98 814
98 848
98 856
98 878
98 884
98 900
98 906
98 907
98 915
98 916
98 927
98 928
98 974
98 975
98 1024
98 1025
98 1026
98 1030
98 1032
98 1036
98 1041
98 1042
98 1048
98 1049
98 1074
98 1127
99 687
99 810
99 814
99 848
99 856
99 878
99 884
99 901
99 905
99 906
99 913
99 914
99 927
99 972
99 973
99 1030
99 1032
99 1036
99 1041
99 1049
99 1050
99 1074
99 1127
99 1191
99 1193
99 1194
100 687
100 810
100 814
100 848
100 856
100 878
100 884
100 901
100 902
100 903
100 904
100 912
100 913
100 926
100 972
100 1030
100 1032
100 1036
100 1040
100 1050
100 1051
100 1052
100 1053
100 1054
100 1055
100 1056
100 1057
100 1074
100 1128
100 1191
100 1195
100 1196
101 687
101 810
101 814
101 848
101 856
101 879
101 884
101 912
101 926
101 971
101 1037
101 1038
101 1039
101 1040
101 1058
101 1128
101 1191
101 1197
101 1198
102 687
102 810
102 814
102 848
102 856
102 879
102 884
102 912
102 925
102 926
102 971
102 1058
102 1069
102 1070
102 1071
102 1072
102 1073
102 1074
102 1129
102 1190
102 1199
102 1200
103 687
103 688
103 810
103 814
103 848
103 856
103 879
103 884
103 913
103 914
103 915
103 924
103 925
103 971
103 1058
103 1061
103 1062
103 1063
103 1064
103 1065
103 1066
103 1067
103 1068
103 1075
103 1129
103 1190
103 1201
104 688
104 689
104 810
104 814
104 848
104 856
104 879
104 884
104 916
104 917
104 918
104 923
104 924
104 969
104 970
104 1059
104 1060
104 1130
104 1189
104 1201
105 689
105 690
105 810
105 814
105 848
105 856
105 879
105 884
105 919
105 920
105 921
105 922
105 953
105 954
105 955
105 956
105 957
105 969
105 1058
105 1075
105 1130
105 1189
105 1202
106 690
106 810
106 814
106 848
106 856
106 879
106 884
106 914
106 915
106 916
106 926
106 950
106 951
106 952
106 958
106 968
106 1057
106 1074
106 1131
106 1189
106 1202
107 690
107 810
107 814
107 848
107 856
107 879
107 884
107 901
107 910
107 911
107 912
107 913
107 918
107 919
107 922
107 923
107 924
107 925
107 927
107 947
107 948
107 949
107 958
107 968
107 1057
107 1074
107 1131
107 1189
107 1202
108 690
108 810
108 814
108 848
108 856
108 879
108 884
108 900
108 902
108 903
108 908
108 909
108 928
108 944
108 945
108 946
108 959
108 960
108 961
108 962
108 963
108 964
108 965
108 966
108 967
108 1057
108 1073
108 1132
108 1189
108 1202
109 689
109 810
109 814
109 848
109 856
109 879
109 884
109 898
109 899
109 904
109 905
109 906
109 907
109 908
109 928
109 942
109 943
109 1058
109 1073
109 1132
109 1189
109 1203
110 689
110 810
110 814
110 848
110 856
110 879
110 884
110 898
110 928
110 936
110 937
110 938
110 939
110 940
110 941
110 1058
110 1059
110 1072
110 1132
110 1189
110 1203
111 690
111 810
111 814
111 848
111 856
111 879
111 884
111 898
111 929
111 934
111 935
111 1059
111 1060
111 1072
111 1132
111 1189
111 1203
112 690
112 810
112 814
112 848
112 856
112 879
112 884
112 898
112 929
112 930
112 933
112 934
112 1060
112 1061
112 1072
112 1132
112 1189
112 1203
113 690
113 750
113 751
113 752
113 753
113 810
113 814
113 848
113 856
113 876
113 877
113 878
113 879
113 884
113 896
113 897
113 930
113 931
113 932
113 933
113 1061
113 1062
113 1072
113 1132
113 1189
113 1201
113 1202
114 690
114 746
114 747
114 748
114 749
114 754
114 755
114 756
114 757
114 762
114 763
114 764
114 765
114 766
114 767
114 768
114 769
114 770
114 771
114 772
114 773
114 774
114 775
114 776
114 777
114 778
114 810
114 814
114 848
114 856
114 873
114 874
114 875
114 879
114 884
114 888
114 889
114 890
114 891
114 892
114 893
114 894
114 895
114 896
114 1062
114 1063
114 1071
114 1132
114 1189
114 1200
114 1201
115 690
115 740
115 741
115 742
115 743
115 744
115 745
115 758
115 761
115 779
115 780
115 790
115 791
115 792
115 793
115 794
115 810
115 814
115 848
115 856
115 871
115 872
115 879
115 885
115 887
115 1063
115 1071
115 1132
115 1189
115 1199
115 1200
116 686
116 689
116 738
116 739
116 780
116 781
116 782
116 783
116 784
116 789
116 795
116 796
116 797
116 798
116 810
116 814
116 848
116 857
116 870
116 871
116 879
116 885
116 961
116 1063
116 1070
116 1132
116 1189
116 1199
117 684
117 685
117 687
117 688
117 689
117 736
117 737
117 763
117 767
117 785
117 786
117 788
117 799
117 800
117 801
117 810
117 814
117 848
117 857
117 868
117 869
117 879
117 884
117 955
117 956
117 957
117 958
117 959
117 960
117 1063
117 1070
117 1132
117 1189
117 1198
118 683
118 684
118 732
118 733
118 734
118 735
118 763
118 767
118 786
118 787
118 788
118 802
118 810
118 814
118 848
118 857
118 867
118 868
118 879
118 884
118 948
118 949
118 950
118 951
118 952
118 953
118 954
118 960
118 1063
118 1069
118 1132
118 1189
118 1198
119 683
119 729
119 730
119 731
119 763
119 767
119 802
119 810
119 814
119 848
119 857
119 866
119 867
119 879
119 884
119 939
119 940
119 941
119 942
119 943
119 944
119 945
119 946
119 947
119 960
119 1063
119 1069
119 1132
119 1189
119 1198
120 682
120 700
120 729
120 763
120 767
120 802
120 810
120 814
120 848
120 857
120 864
120 865
120 879
120 884
120 932
120 933
120 934
120 935
120 936
120 937
120 938
120 960
120 1063
120 1068
120 1132
120 1189
120 1198
121 681
121 682
121 697
121 698
121 699
121 701
121 702
121 729
121 763
121 767
121 802
121 810
121 814
121 848
121 857
121 863
121 864
121 879
121 884
121 925
121 926
121 927
121 928
121 929
121 930
121 931
121 960
121 1063
121 1068
121 1132
121 1189
121 1199
122 681
122 695
122 696
122 703
122 704
122 730
122 763
122 767
122 802
122 810
122 814
122 848
122 857
122 862
122 863
122 879
122 884
122 918
122 919
122 920
122 921
122 922
122 923
122 924
122 961
122 1063
122 1067
122 1132
122 1189
122 1199
123 680
123 693
123 694
123 705
123 706
123 707
123 730
123 763
123 802
123 810
123 814
123 848
123 857
123 860
123 861
123 879
123 884
123 909
123 910
123 911
123 912
123 913
123 914
123 915
123 916
123 917
123 961
123 1063
123 1067
123 1132
123 1189
123 1199
124 676
124 677
124 678
124 679
124 691
124 692
124 708
124 709
124 730
124 763
124 769
124 802
124 810
124 814
124 848
124 857
124 860
124 879
124 884
124 902
124 903
124 904
124 905
124 906
124 907
124 908
124 961
124 1063
124 1066
124 1132
124 1189
124 1199
125 674
125 675
125 689
125 690
125 709
125 726
125 727
125 728
125 729
125 730
125 763
125 767
125 769
125 770
125 802
125 810
125 814
125 817
125 818
125 819
125 820
125 821
125 822
125 823
125 824
125 825
125 826
125 827
125 828
125 829
125 830
125 831
125 832
125 833
125 834
125 835
125 836
125 848
125 857
125 879
125 884
125 895
125 896
125 897
125 898
125 899
125 900
125 901
125 959
125 960
125 961
125 1062
125 1066
125 1132
125 1189
125 1199
126 673
126 688
126 689
126 709
126 723
126 724
126 725
126 763
126 767
126 770
126 771
126 802
126 810
126 814
126 815
126 837
126 838
126 848
126 857
126 879
126 884
126 887
126 888
126 889
126 890
126 891
126 892
126 893
126 894
126 958
126 1061
126 1062
126 1065
126 1132
126 1189
126 1199
127 672
127 688
127 708
127 722
127 763
127 767
127 772
127 773
127 803
127 810
127 814
127 838
127 839
127 848
127 857
127 879
127 886
127 957
127 1057
127 1058
127 1059
127 1060
127 1065
127 1132
127 1189
127 1198
127 1199
128 672
128 687
128 707
128 721
128 763
128 767
128 773
128 803
128 810
128 814
128 840
128 848
128 857
128 879
128 957
128 1056
128 1064
128 1132
128 1189
128 1198
129 672
129 687
129 706
129 711
129 712
129 713
129 721
129 763
129 767
129 774
129 803
129 810
129 814
129 841
129 848
129 857
129 875
129 876
129 877
129 878
129 884
129 958
129 1055
129 1064
129 1132
129 1189
129 1197
130 512
130 514
130 673
130 687
130 706
130 707
130 708
130 709
130 710
130 714
130 715
130 716
130 721
130 764
130 767
130 775
130 776
130 777
130 778
130 779
130 780
130 781
130 782
130 783
130 784
130 785
130 786
130 787
130 788
130 803
130 810
130 814
130 841
130 842
130 848
130 857
130 873
130 874
130 884
130 959
130 960
130 1055
130 1064
130 1132
130 1189
130 1195
130 1196
131 510
131 517
131 518
131 674
131 687
131 705
131 717
131 718
131 722
131 764
131 767
131 789
131 790
131 791
131 792
131 793
131 794
131 795
131 796
131 797
131 798
131 799
131 800
131 801
131 803
131 807
131 808
131 810
131 814
131 843
131 844
131 848
131 857
131 872
131 873
131 879
131 884
131 960
131 1054
131 1060
131 1061
131 1062
131 1063
131 1132
131 1189
131 1194
131 1195
132 513
132 674
132 687
132 718
132 722
132 764
132 767
132 804
132 807
132 810
132 814
132 844
132 848
132 857
132 871
132 872
132 879
132 884
132 961
132 1055
132 1056
132 1057
132 1058
132 1059
132 1132
132 1189
132 1193
132 1194
133 508
133 510
133 517
133 518
133 674
133 687
133 719
133 722
133 764
133 767
133 802
133 804
133 806
133 810
133 814
133 844
133 848
133 857
133 870
133 871
133 879
133 884
133 961
133 1132
133 1189
133 1191
133 1192
134 674
134 687
134 719
134 720
134 721
134 722
134 764
134 767
134 802
134 804
134 806
134 810
134 814
134 844
134 848
134 857
134 870
134 879
134 884
134 961
134 1132
134 1191
135 673
135 674
135 687
135 764
135 767
135 802
135 804
135 810
135 814
135 845
135 846
135 847
135 848
135 857
135 869
135 879
135 884
135 960
135 961
135 1132
136 672
136 687
136 764
136 768
136 810
136 814
136 848
136 857
136 870
136 879
136 884
136 959
136 1132
136 1189
137 673
137 674
137 687
137 764
137 768
137 810
137 814
137 848
137 857
137 870
137 879
137 885
137 958
137 1132
137 1189
138 674
138 686
138 764
138 768
138 792
138 793
138 794
138 795
138 796
138 797
138 798
138 799
138 800
138 801
138 802
138 803
138 810
138 814
138 848
138 857
138 871
138 879
138 885
138 958
138 1132
138 1189
139 674
139 685
139 686
139 764
139 768
139 786
139 787
139 788
139 789
139 790
139 791
139 804
139 810
139 814
139 848
139 857
139 871
139 872
139 879
139 885
139 959
139 960
139 961
139 1132
139 1189
140 503
140 674
140 684
140 685
140 764
140 768
140 778
140 779
140 780
140 781
140 782
140 783
140 784
140 785
140 804
140 810
140 814
140 848
140 857
140 872
140 879
140 885
140 1132
140 1189
141 502
141 504
141 674
141 683
141 684
141 764
141 768
141 777
141 804
141 810
141 814
141 848
141 857
141 872
141 879
141 885
141 960
141 961
141 1132
141 1189
142 502
142 504
142 651
142 652
142 653
142 674
142 682
142 683
142 764
142 768
142 777
142 804
142 810
142 815
142 848
142 857
142 872
142 879
142 885
142 896
142 959
142 1132
142 1189
143 500
143 501
143 651
143 653
143 674
143 680
143 681
143 764
143 768
143 777
143 804
143 811
143 815
143 848
143 857
143 872
143 879
143 885
143 894
143 895
143 897
143 898
143 899
143 960
143 1132
143 1189
144 499
144 500
144 504
144 651
144 652
144 653
144 674
144 679
144 680
144 764
144 768
144 777
144 804
144 811
144 815
144 848
144 857
144 872
144 879
144 885
144 892
144 893
144 900
144 901
144 961
144 1132
144 1189
145 499
145 504
145 675
145 678
145 679
145 764
145 768
145 778
145 804
145 811
145 815
145 848
145 857
145 872
145 879
145 885
145 890
145 891
145 902
145 903
145 961
145 1132
145 1189
146 498
146 505
146 675
146 676
146 677
146 764
146 768
146 778
146 804
146 811
146 815
146 848
146 857
146 872
146 879
146 885
146 888
146 889
146 904
146 960
146 961
146 1132
146 1189
147 499
147 506
147 764
147 768
147 778
147 805
147 811
147 815
147 848
147 857
147 872
147 879
147 887
147 905
147 960
147 1132
147 1189
148 499
148 500
148 506
148 764
148 768
148 779
148 805
148 811
148 815
148 848
148 857
148 872
148 879
148 887
148 905
148 960
148 1132
148 1189
149 500
149 501
149 506
149 764
149 768
149 779
149 805
149 811
149 815
149 848
149 857
149 872
149 879
149 887
149 905
149 960
149 1132
149 1189
150 501
150 507
150 764
150 768
150 779
150 805
150 811
150 815
150 848
150 857
150 872
150 879
150 887
150 906
150 960
150 1132
150 1189
151 501
151 507
151 508
151 509
151 510
151 512
151 764
151 768
151 780
151 805
151 811
151 815
151 848
151 857
151 872
151 879
151 887
151 906
151 952
151 953
151 954
151 955
151 956
151 957
151 958
151 959
151 1132
151 1189
152 501
152 764
152 768
152 780
152 805
152 811
152 815
152 848
152 857
152 872
152 879
152 886
152 906
152 950
152 951
152 1132
152 1189
153 500
153 512
153 764
153 768
153 780
153 805
153 811
153 815
153 848
153 857
153 872
153 879
153 886
153 907
153 950
153 1132
153 1190
154 499
154 500
154 511
154 764
154 768
154 781
154 805
154 811
154 815
154 848
154 857
154 872
154 879
154 885
154 907
154 950
154 951
154 952
154 1132
154 1190
155 498
155 499
155 510
155 511
155 764
155 768
155 781
155 805
155 811
155 815
155 848
155 857
155 872
155 879
155 885
155 907
155 952
155 1132
155 1190
156 498
156 509
156 510
156 765
156 768
156 781
156 805
156 811
156 815
156 848
156 857
156 872
156 879
156 885
156 907
156 948
156 950
156 951
156 952
156 1132
156 1190
157 497
157 509
157 765
157 768
157 782
157 806
157 807
157 808
157 809
157 810
157 815
157 848
157 857
157 872
157 879
157 885
157 907
157 948
157 1132
157 1190
158 496
158 497
158 508
158 765
158 768
158 782
158 806
158 812
158 815
158 848
158 857
158 872
158 879
158 885
158 906
158 907
158 948
158 1132
158 1190
159 495
159 496
159 508
159 765
159 768
159 782
159 805
159 812
159 815
159 848
159 857
159 872
159 879
159 885
159 906
159 949
159 1132
159 1190
160 494
160 495
160 505
160 506
160 507
160 508
160 765
160 768
160 783
160 805
160 812
160 815
160 848
160 857
160 872
160 879
160 885
160 905
160 949
160 950
160 1132
160 1190
161 493
161 494
161 503
161 504
161 765
161 768
161 783
161 805
161 812
161 815
161 848
161 857
161 872
161 879
161 885
161 905
161 951
161 952
161 953
161 1132
161 1190
162 493
162 495
162 496
162 497
162 498
162 499
162 500
162 501
162 502
162 765
162 768
162 783
162 805
162 812
162 815
162 848
162 857
162 872
162 879
162 886
162 901
162 902
162 903
162 904
162 1132
162 1190
163 765
163 768
163 784
163 805
163 812
163 815
163 848
163 857
163 872
163 879
163 886
163 887
163 899
163 900
163 952
163 953
163 1132
163 1190
164 765
164 768
164 784
164 806
164 812
164 815
164 848
164 857
164 872
164 879
164 885
164 887
164 898
164 899
164 950
164 951
164 1132
164 1190
165 93
165 94
165 95
165 96
165 97
165 98
165 99
165 100
165 101
165 102
165 103
165 104
165 105
165 106
165 107
165 108
165 109
165 110
165 111
165 112
165 113
165 114
165 115
165 116
165 117
165 118
165 119
165 120
165 121
165 122
165 123
165 124
165 125
165 126
165 127
165 128
165 129
165 130
165 131
165 132
165 133
165 134
165 135
165 136
165 137
165 138
165 139
165 140
165 141
165 142
165 143
165 144
165 145
165 146
165 147
165 148
165 149
165 150
165 151
165 152
165 153
165 154
165 155
165 156
165 157
165 158
165 159
165 160
165 161
165 162
165 163
165 164
165 165
165 166
165 167
165 168
165 169
165 170
165 171
165 172
165 173
165 174
165 175
165 176
165 177
165 178
165 179
165 765
165 768
165 784
165 812
165 815
165 848
165 857
165 872
165 879
165 885
165 888
165 898
165 950
165 1132
165 1190
166 70
166 71
166 72
166 73
166 74
166 75
166 76
166 77
166 78
166 79
166 80
166 81
166 82
166 83
166 84
166 85
166 86
166 87
166 88
166 89
166 90
166 91
166 92
166 180
166 181
166 182
166 183
166 184
166 185
166 186
166 187
166 188
166 189
166 190
166 191
166 192
166 193
166 194
166 195
166 765
166 768
166 785
166 802
166 803
166 804
166 805
166 813
166 814
166 815
166 848
166 857
166 872
166 879
166 885
166 888
166 889
166 897
166 949
166 1132
166 1190
167 57
167 58
167 59
167 60
167 61
167 62
167 63
167 64
167 65
167 66
167 67
167 68
167 69
167 196
167 197
167 198
167 199
167 200
167 201
167 202
167 203
167 204
167 205
167 652
167 653
167 654
167 655
167 656
167 657
167 658
167 659
167 660
167 765
167 768
167 785
167 801
167 805
167 807
167 813
167 817
167 818
167 848
167 857
167 872
167 879
167 885
167 890
167 891
167 897
167 948
167 949
167 1132
167 1190
168 44
168 45
168 46
168 47
168 48
168 49
168 50
168 51
168 52
168 53
168 54
168 55
168 56
168 206
168 647
168 648
168 649
168 650
168 651
168 661
168 662
168 765
168 768
168 785
168 801
168 805
168 806
168 807
168 812
168 818
168 848
168 857
168 872
168 879
168 885
168 891
168 892
168 897
168 947
168 948
168 1132
168 1190
169 31
169 32
169 33
169 34
169 35
169 36
169 37
169 38
169 39
169 40
169 41
169 42
169 43
169 207
169 640
169 641
169 642
169 643
169 644
169 645
169 646
169 663
169 664
169 765
169 768
169 786
169 801
169 811
169 812
169 818
169 848
169 857
169 872
169 879
169 885
169 892
169 897
169 947
169 1132
169 1190
170 30
170 207
170 639
170 664
170 765
170 768
170 786
170 801
170 806
170 811
170 817
170 848
170 857
170 872
170 879
170 885
170 892
170 897
170 946
170 1132
170 1190
171 24
171 25
171 26
171 27
171 28
171 29
171 207
171 635
171 636
171 637
171 638
171 665
171 765
171 768
171 786
171 802
171 807
171 809
171 810
171 817
171 848
171 857
171 872
171 879
171 885
171 892
171 897
171 946
171 1132
171 1190
172 22
172 23
172 207
172 628
172 629
172 630
172 631
172 632
172 633
172 634
172 666
172 667
172 765
172 768
172 787
172 802
172 803
172 807
172 810
172 816
172 817
172 848
172 857
172 872
172 879
172 885
172 892
172 897
172 946
172 1132
172 1190
173 20
173 21
173 208
173 624
173 625
173 626
173 627
173 667
173 704
173 705
173 706
173 707
173 708
173 709
173 710
173 711
173 712
173 713
173 714
173 715
173 716
173 717
173 718
173 719
173 720
173 721
173 722
173 765
173 768
173 787
173 803
173 804
173 808
173 809
173 810
173 816
173 848
173 857
173 872
173 880
173 885
173 892
173 897
173 946
173 1132
173 1190
174 19
174 20
174 208
174 623
174 667
174 690
174 691
174 692
174 693
174 694
174 695
174 696
174 697
174 698
174 699
174 700
174 701
174 702
174 703
174 723
174 724
174 725
174 726
174 727
174 728
174 729
174 730
174 731
174 732
174 733
174 765
174 768
174 788
174 789
174 790
174 791
174 792
174 793
174 794
174 795
174 796
174 797
174 798
174 799
174 800
174 801
174 802
174 848
174 857
174 872
174 880
174 885
174 892
174 897
174 946
174 1132
174 1190
175 17
175 18
175 208
175 622
175 667
175 680
175 681
175 682
175 683
175 684
175 685
175 686
175 687
175 688
175 689
175 734
175 765
175 768
175 814
175 816
175 848
175 857
175 872
175 880
175 885
175 892
175 897
175 947
175 1132
175 1190
176 16
176 17
176 208
176 596
176 597
176 598
176 599
176 622
176 668
176 669
176 670
176 671
176 672
176 673
176 674
176 675
176 676
176 677
176 678
176 679
176 734
176 765
176 768
176 805
176 816
176 848
176 857
176 872
176 880
176 885
176 892
176 897
176 947
176 948
176 1132
176 1190
177 14
177 15
177 209
177 595
177 600
177 622
177 664
177 665
177 666
177 734
177 765
177 769
177 806
177 848
177 857
177 872
177 880
177 885
177 892
177 897
177 949
177 950
177 1132
177 1190
178 13
178 14
178 209
178 321
178 322
178 323
178 324
178 325
178 594
178 600
178 622
178 663
178 734
178 765
178 769
178 806
178 813
178 815
178 819
178 820
178 825
178 826
178 827
178 828
178 829
178 830
178 831
178 832
178 833
178 848
178 857
178 872
178 880
178 885
178 890
178 891
178 897
178 930
178 931
178 951
178 952
178 1132
178 1190
178 1222
178 1223
178 1224
178 1225
178 1226
178 1227
178 1228
178 1229
178 1230
178 1231
178 1232
178 1233
178 1234
178 1235
178 1236
178 1237
178 1238
178 1239
178 1272
178 1273
178 1274
178 1275
178 1276
178 1277
178 1278
178 1279
179 12
179 13
179 209
179 308
179 309
179 310
179 311
179 312
179 313
179 314
179 315
179 316
179 317
179 318
179 319
179 320
179 326
179 594
179 600
179 622
179 662
179 735
179 765
179 769
179 805
179 806
179 813
179 817
179 818
179 821
179 822
179 823
179 824
179 834
179 835
179 836
179 848
179 857
179 874
179 875
179 876
179 877
179 878
179 879
179 887
179 888
179 889
179 892
179 921
179 922
179 928
179 929
179 932
179 933
179 934
179 935
179 936
179 937
179 953
179 954
179 1132
179 1192
179 1193
179 1194
179 1195
179 1196
179 1197
179 1198
179 1199
179 1200
179 1201
179 1202
179 1203
179 1204
179 1220
179 1221
179 1240
179 1241
179 1262
179 1263
179 1264
179 1265
179 1266
179 1267
179 1268
179 1269
179 1270
179 1271
180 10
180 11
180 210
180 301
180 302
180 303
180 304
180 305
180 306
180 307
180 326
180 594
180 600
180 622
180 662
180 735
180 765
180 769
180 804
180 805
180 813
180 816
180 817
180 837
180 838
180 848
180 858
180 863
180 864
180 865
180 866
180 867
180 872
180 873
180 880
180 886
180 892
180 898
180 899
180 900
180 919
180 920
180 923
180 924
180 925
180 926
180 927
180 938
180 939
180 954
180 1132
180 1191
180 1205
180 1206
180 1219
180 1220
180 1241
180 1260
180 1261
181 9
181 10
181 210
181 300
181 326
181 594
181 600
181 622
181 662
181 735
181 765
181 769
181 804
181 813
181 816
181 821
181 838
181 846
181 848
181 858
181 859
181 860
181 861
181 862
181 868
181 869
181 870
181 871
181 880
181 885
181 892
181 897
181 900
181 901
181 917
181 918
181 940
181 941
181 955
181 1058
181 1059
181 1060
181 1061
181 1062
181 1063
181 1064
181 1065
181 1066
181 1067
181 1068
181 1069
181 1070
181 1071
181 1072
181 1132
181 1190
181 1206
181 1218
181 1219
181 1242
181 1259
181 1260
182 7
182 8
182 210
182 299
182 326
182 594
182 600
182 622
182 662
182 735
182 765
182 769
182 803
182 815
182 820
182 839
182 844
182 845
182 848
182 858
182 870
182 880
182 885
182 893
182 897
182 901
182 916
182 917
182 922
182 923
182 941
182 942
182 955
182 956
182 1056
182 1057
182 1073
182 1074
182 1132
182 1190
182 1207
182 1217
182 1218
182 1242
182 1258
182 1259
183 6
183 7
183 211
183 299
183 326
183 594
183 600
183 622
183 662
183 735
183 766
183 769
183 802
183 803
183 815
183 820
183 839
183 842
183 843
183 844
183 848
183 858
183 869
183 880
183 885
183 893
183 897
183 902
183 914
183 915
183 922
183 942
183 943
183 956
183 957
183 963
183 964
183 965
183 966
183 1055
183 1056
183 1074
183 1132
183 1190
183 1207
183 1208
183 1217
183 1242
183 1258
184 4
184 5
184 211
184 299
184 326
184 594
184 600
184 622
184 662
184 735
184 766
184 769
184 802
184 809
184 810
184 811
184 816
184 819
184 839
184 840
184 848
184 857
184 868
184 869
184 878
184 880
184 886
184 893
184 897
184 902
184 903
184 913
184 914
184 921
184 944
184 958
184 959
184 960
184 961
184 962
184 1053
184 1054
184 1074
184 1113
184 1114
184 1115
184 1116
184 1132
184 1190
184 1208
184 1209
184 1216
184 1243
184 1257
185 3
185 4
185 211
185 299
185 326
185 594
185 600
185 622
185 662
185 735
185 766
185 769
185 801
185 808
185 811
185 816
185 817
185 819
185 839
185 848
185 857
185 866
185 867
185 876
185 877
185 880
185 886
185 893
185 897
185 903
185 912
185 913
185 920
185 921
185 945
185 966
185 1052
185 1053
185 1074
185 1112
185 1113
185 1116
185 1117
185 1132
185 1190
185 1209
185 1216
185 1243
185 1244
185 1245
185 1246
185 1256
185 1257
186 0
186 1
186 2
186 212
186 299
186 326
186 501
186 502
186 503
186 504
186 505
186 506
186 507
186 594
186 600
186 622
186 662
186 735
186 766
186 769
186 801
186 807
186 812
186 817
186 839
186 848
186 857
186 865
186 866
186 874
186 875
186 880
186 886
186 893
186 897
186 904
186 910
186 911
186 918
186 919
186 945
186 966
186 1051
186 1052
186 1074
186 1110
186 1111
186 1118
186 1119
186 1120
186 1121
186 1132
186 1190
186 1210
186 1215
186 1247
186 1255
186 1256
187 212
187 299
187 326
187 499
187 500
187 508
187 594
187 600
187 622
187 662
187 736
187 766
187 769
187 800
187 808
187 812
187 818
187 839
187 848
187 857
187 865
187 874
187 880
187 886
187 893
187 897
187 904
187 909
187 916
187 917
187 945
187 967
187 1050
187 1074
187 1109
187 1110
187 1122
187 1132
187 1190
187 1210
187 1211
187 1214
187 1215
187 1247
187 1254
187 1255
188 212
188 299
188 326
188 499
188 508
188 594
188 600
188 622
188 662
188 736
188 766
188 769
188 800
188 807
188 813
188 818
188 819
188 820
188 839
188 840
188 841
188 842
188 843
188 844
188 845
188 846
188 847
188 848
188 849
188 850
188 851
188 852
188 853
188 854
188 855
188 856
188 857
188 858
188 859
188 860
188 861
188 862
188 880
188 886
188 967
188 1049
188 1074
188 1109
188 1122
188 1132
188 1190
188 1211
188 1214
188 1245
188 1246
188 1253
188 1254
189 213
189 299
189 326
189 498
189 508
189 594
189 600
189 621
189 622
189 624
189 625
189 626
189 627
189 628
189 629
189 662
189 736
189 742
189 743
189 744
189 745
189 746
189 747
189 748
189 766
189 769
189 807
189 813
189 818
189 821
189 822
189 823
189 824
189 839
189 863
189 880
189 886
189 1049
189 1074
189 1108
189 1118
189 1119
189 1120
189 1132
189 1190
189 1211
189 1213
189 1245
189 1252
189 1253
190 213
190 299
190 326
190 474
190 475
190 476
190 477
190 478
190 479
190 480
190 481
190 482
190 483
190 484
190 485
190 486
190 498
190 508
190 594
190 600
190 619
190 620
190 630
190 631
190 632
190 633
190 634
190 635
190 636
190 637
190 638
190 639
190 640
190 641
190 642
190 643
190 644
190 645
190 646
190 647
190 648
190 649
190 650
190 651
190 652
190 653
190 654
190 655
190 656
190 662
190 737
190 740
190 741
190 749
190 766
190 769
190 801
190 802
190 814
190 837
190 838
190 864
190 880
190 886
190 969
190 989
190 990
190 991
190 1049
190 1074
190 1108
190 1115
190 1116
190 1117
190 1132
190 1190
190 1211
190 1213
190 1245
190 1252
191 213
191 299
191 326
191 336
191 337
191 338
191 339
191 340
191 341
191 342
191 343
191 472
191 473
191 487
191 498
191 508
191 563
191 594
191 600
191 617
191 618
191 657
191 658
191 661
191 738
191 739
191 750
191 766
191 769
191 803
191 804
191 805
191 806
191 816
191 817
191 838
191 864
191 877
191 878
191 879
191 880
191 887
191 986
191 987
191 988
191 992
191 993
191 1049
191 1074
191 1107
191 1112
191 1113
191 1114
191 1132
191 1190
191 1211
191 1213
191 1245
191 1251
192 213
192 299
192 335
192 344
192 471
192 487
192 498
192 508
192 536
192 537
192 538
192 549
192 554
192 555
192 556
192 562
192 564
192 594
192 600
192 616
192 617
192 658
192 659
192 740
192 741
192 750
192 766
192 769
192 806
192 815
192 817
192 825
192 838
192 864
192 865
192 866
192 880
192 887
192 1049
192 1074
192 1107
192 1110
192 1111
192 1132
192 1190
192 1211
192 1213
192 1245
192 1251
193 214
193 299
193 322
193 323
193 324
193 325
193 326
193 327
193 334
193 344
193 470
193 487
193 498
193 508
193 515
193 516
193 517
193 518
193 519
193 520
193 521
193 522
193 523
193 524
193 525
193 526
193 527
193 528
193 529
193 530
193 531
193 532
193 533
193 534
193 535
193 539
193 544
193 545
193 548
193 550
193 554
193 556
193 562
193 564
193 572
193 573
193 574
193 575
193 594
193 600
193 615
193 616
193 659
193 660
193 742
193 750
193 806
193 815
193 817
193 825
193 838
193 863
193 880
193 886
193 974
193 975
193 985
193 986
193 987
193 988
193 989
193 990
193 991
193 992
193 993
193 994
193 1049
193 1074
193 1107
193 1109
193 1110
193 1132
193 1190
193 1211
193 1213
194 214
194 300
194 320
194 321
194 327
194 334
194 344
194 470
194 487
194 492
194 493
194 494
194 495
194 496
194 497
194 498
194 509
194 510
194 511
194 512
194 513
194 514
194 539
194 543
194 548
194 550
194 554
194 555
194 556
194 562
194 564
194 571
194 576
194 577
194 594
194 600
194 614
194 615
194 660
194 742
194 806
194 815
194 817
194 825
194 838
194 863
194 880
194 886
194 976
194 977
194 978
194 979
194 980
194 981
194 982
194 983
194 984
194 995
194 1049
194 1074
194 1106
194 1109
194 1132
194 1190
194 1278
194 1279
195 214
195 300
195 319
195 320
195 327
195 334
195 344
195 470
195 488
195 489
195 490
195 491
195 503
195 504
195 505
195 540
195 544
195 546
195 548
195 550
195 562
195 564
195 571
195 577
195 594
195 600
195 614
195 660
195 661
195 742
195 806
195 815
195 817
195 825
195 838
195 863
195 880
195 886
195 995
195 1049
195 1074
195 1108
195 1132
195 1190
196 215
196 300
196 318
196 319
196 327
196 334
196 344
196 469
196 470
196 499
196 502
196 506
196 507
196 508
196 516
196 517
196 525
196 526
196 532
196 533
196 534
196 535
196 540
196 544
196 546
196 549
196 551
196 562
196 564
196 571
196 578
196 584
196 585
196 594
196 600
196 613
196 661
196 740
196 741
196 806
196 815
196 817
196 825
196 838
196 863
196 880
196 886
196 995
196 1048
196 1055
196 1056
196 1057
196 1058
196 1059
196 1060
196 1061
196 1062
196 1063
196 1064
196 1065
196 1066
196 1067
196 1072
196 1073
196 1074
196 1105
196 1106
196 1132
196 1190
197 215
197 300
197 318
197 327
197 333
197 344
197 358
197 359
197 464
197 465
197 466
197 467
197 468
197 487
197 499
197 500
197 501
197 515
197 518
197 524
197 527
197 531
197 536
197 540
197 544
197 549
197 551
197 562
197 564
197 571
197 578
197 584
197 586
197 587
197 594
197 600
197 613
197 661
197 740
197 806
197 815
197 817
197 825
197 838
197 863
197 880
197 886
197 996
197 1047
197 1048
197 1053
197 1054
197 1068
197 1069
197 1070
197 1071
197 1072
197 1074
197 1103
197 1104
197 1107
197 1108
197 1109
197 1110
197 1111
197 1112
197 1113
197 1114
197 1132
197 1191
197 1278
197 1279
198 215
198 300
198 317
198 327
198 333
198 344
198 353
198 354
198 355
198 356
198 357
198 360
198 361
198 458
198 464
198 470
198 487
198 514
198 518
198 523
198 527
198 530
198 536
198 540
198 544
198 549
198 551
198 556
198 557
198 562
198 564
198 571
198 578
198 584
198 587
198 594
198 600
198 612
198 661
198 739
198 806
198 815
198 817
198 825
198 838
198 863
198 880
198 886
198 996
198 1047
198 1050
198 1051
198 1052
198 1053
198 1074
198 1103
198 1115
198 1116
198 1117
198 1118
198 1119
198 1120
198 1121
198 1122
198 1123
198 1124
198 1125
198 1126
198 1127
198 1128
198 1129
198 1130
198 1131
198 1132
198 1191
199 215
199 300
199 317
199 327
199 333
199 344
199 348
199 349
199 350
199 351
199 352
199 362
199 363
199 364
199 451
199 452
199 457
199 459
199 464
199 470
199 487
199 511
199 512
199 513
199 514
199 518
199 523
199 527
199 530
199 536
199 540
199 544
199 562
199 564
199 571
199 584
199 587
199 595
199 596
199 597
199 598
199 599
199 600
199 612
199 661
199 740
199 806
199 815
199 817
199 825
199 838
199 863
199 880
199 886
199 996
199 1046
199 1074
199 1102
199 1132
199 1190
200 216
200 300
200 316
200 327
200 333
200 345
200 346
200 347
200 365
200 366
200 442
200 443
200 444
200 450
200 456
200 459
200 464
200 470
200 487
200 491
200 510
200 518
200 523
200 527
200 530
200 536
200 540
200 544
200 562
200 564
200 571
200 587
200 595
200 600
200 611
200 661
200 740
200 806
200 815
200 817
200 825
200 838
200 863
200 880
200 886
200 996
200 1045
200 1046
200 1074
200 1103
200 1132
200 1190
201 216
201 300
201 316
201 327
201 333
201 367
201 368
201 369
201 370
201 441
201 449
201 452
201 457
201 459
201 464
201 470
201 488
201 489
201 490
201 492
201 509
201 518
201 523
201 528
201 530
201 536
201 541
201 542
201 543
201 562
201 564
201 571
201 587
201 594
201 600
201 611
201 661
201 741
201 742
201 743
201 806
201 815
201 817
201 825
201 838
201 863
201 880
201 886
201 997
201 1043
201 1044
201 1074
201 1103
201 1132
201 1190
202 216
202 300
202 316
202 327
202 334
202 344
202 371
202 372
202 440
202 444
202 450
202 452
202 457
202 464
202 470
202 487
202 492
202 509
202 518
202 523
202 528
202 530
202 536
202 562
202 564
202 571
202 587
202 594
202 600
202 610
202 661
202 806
202 815
202 817
202 825
202 838
202 863
202 997
202 1022
202 1023
202 1024
202 1025
202 1026
202 1027
202 1028
202 1029
202 1030
202 1031
202 1032
202 1033
202 1034
202 1035
202 1036
202 1037
202 1038
202 1039
202 1040
202 1041
202 1042
202 1043
202 1074
202 1103
202 1132
202 1190
203 216
203 300
203 304
203 305
203 306
203 307
203 316
203 327
203 334
203 344
203 373
203 374
203 375
203 440
203 444
203 446
203 447
203 448
203 450
203 457
203 464
203 470
203 486
203 492
203 509
203 518
203 523
203 528
203 530
203 537
203 562
203 564
203 571
203 587
203 594
203 600
203 610
203 661
203 740
203 838
203 863
203 998
203 999
203 1000
203 1001
203 1002
203 1003
203 1004
203 1005
203 1006
203 1007
203 1008
203 1009
203 1010
203 1011
203 1012
203 1013
203 1014
203 1015
203 1016
203 1017
203 1018
203 1019
203 1020
203 1021
203 1073
203 1104
203 1132
203 1190
204 217
204 299
204 300
204 301
204 302
204 303
204 308
204 309
204 310
204 311
204 312
204 316
204 327
204 334
204 344
204 376
204 377
204 395
204 396
204 397
204 398
204 399
204 400
204 401
204 402
204 440
204 444
204 450
204 457
204 464
204 470
204 486
204 492
204 509
204 517
204 518
204 523
204 528
204 530
204 537
204 561
204 562
204 564
204 571
204 587
204 594
204 600
204 609
204 661
204 741
204 838
204 863
204 1073
204 1104
204 1132
204 1190
205 217
205 297
205 298
205 313
205 316
205 327
205 334
205 344
205 377
205 387
205 388
205 389
205 390
205 391
205 392
205 393
205 394
205 403
205 440
205 443
205 450
205 457
205 464
205 470
205 486
205 492
205 509
205 515
205 516
205 523
205 528
205 529
205 530
205 571
205 587
205 594
205 609
205 661
205 742
205 838
205 863
205 1073
205 1104
205 1132
205 1190
206 217
206 296
206 297
206 313
206 316
206 327
206 331
206 332
206 333
206 335
206 336
206 337
206 338
206 343
206 377
206 386
206 403
206 440
206 443
206 450
206 486
206 492
206 509
206 515
206 523
206 563
206 571
206 608
206 661
206 742
206 838
206 863
206 1073
206 1105
206 1132
206 1190
207 217
207 282
207 283
207 284
207 285
207 286
207 287
207 288
207 289
207 290
207 296
207 313
207 316
207 327
207 330
207 339
207 343
207 377
207 385
207 403
207 440
207 443
207 450
207 486
207 492
207 509
207 514
207 523
207 527
207 563
207 571
207 608
207 661
207 742
207 838
207 863
207 1073
207 1105
207 1132
207 1190
208 217
208 280
208 281
208 291
208 292
208 295
208 313
208 327
208 339
208 343
208 377
208 385
208 403
208 440
208 444
208 450
208 485
208 486
208 492
208 509
208 514
208 522
208 563
208 608
208 661
208 743
208 838
208 863
208 1073
208 1105
208 1132
208 1190
209 217
209 278
209 279
209 293
209 294
209 325
209 327
209 340
209 342
209 377
209 385
209 403
209 440
209 444
209 450
209 486
209 487
209 493
209 509
209 514
209 563
209 606
209 607
209 608
209 661
209 743
209 838
209 863
209 1073
209 1105
209 1132
209 1190
210 217
210 278
210 294
210 327
210 340
210 377
210 385
210 403
210 444
210 450
210 487
210 493
210 661
210 743
210 838
210 864
210 1073
210 1106
210 1132
210 1190
211 217
211 277
211 327
211 339
211 377
211 385
211 444
211 450
211 487
211 493
211 661
211 743
211 838
211 864
211 1073
211 1106
211 1132
211 1190
212 217
212 276
212 277
212 296
212 327
212 339
212 377
212 386
212 444
212 450
212 607
212 661
212 743
212 838
212 864
212 1106
212 1132
212 1190
213 217
213 276
213 296
213 327
213 339
213 377
213 444
213 450
213 607
213 661
213 743
213 838
213 864
213 1106
213 1132
213 1190
214 217
214 275
214 327
214 339
214 444
214 450
214 607
214 662
214 743
214 838
214 864
214 1107
214 1132
214 1190
215 217
215 327
215 339
215 444
215 450
215 607
215 662
215 743
215 838
215 864
215 1107
215 1132
215 1190
216 217
216 327
216 339
216 444
216 450
216 607
216 662
216 743
216 1132
216 1190
217 217
217 329
217 339
217 444
217 450
217 607
217 662
217 743
217 1132
217 1190
218 217
218 329
218 339
218 607
218 662
218 743
218 1132
218 1190
219 217
219 329
219 339
219 608
219 662
219 743
219 1132
219 1190
220 217
220 329
220 339
220 608
220 662
220 1132
220 1190
221 217
221 330
221 340
221 608
221 662
221 1132
221 1190
222 217
222 330
222 340
222 609
222 662
222 1132
222 1190
223 217
223 330
223 340
223 1132
223 1190
224 217
224 329
224 340
224 1132
224 1190
225 218
225 219
225 328
225 330
225 340
225 1132
225 1190
226 330
226 340
226 1132
226 1190
227 1132
227 1190
228 218
228 1132
228 1190
229 218
229 1132
229 1190
230 218
230 1132
230 1190
231 218
231 1132
231 1190
232 218
232 1132
232 1190
233 218
233 1132
233 1190
234 218
234 1132
234 1190
235 218
235 1132
235 1190
236 218
236 1132
236 1190
237 218
237 1132
237 1190
238 218
238 1132
238 1190
239 218
239 1132
239 1190
240 218
240 1132
240 1190
241 218
241 1132
241 1190
242 1132
242 1190
243 1132
243 1190
244 1132
244 1190
245 1132
245 1190
246 1132
246 1190
247 1132
247 1190
248 1132
248 1190
249 1132
249 1190
250 1132
250 1190
251 1132
251 1191
252 1132
252 1191
253 1132
253 1191
254 1132
254 1191
255 1132
255 1191
256 1132
256 1191
257 1132
257 1191
258 1132
258 1191
259 1132
259 1191
260 1132
260 1191
