0 56
0 207
0 211
0 270
0 282
0 329
0 532
0 729
0 801
0 885
0 891
0 1001
0 1007
0 1059
0 1092
0 1146
0 1194
1 56
1 207
1 211
1 268
1 269
1 270
1 283
1 284
1 285
1 286
1 287
1 288
1 289
1 329
1 533
1 729
1 801
1 883
1 884
1 885
1 891
1 996
1 997
1 998
1 999
1 1000
1 1001
1 1007
1 1059
1 1092
1 1145
1 1146
1 1194
2 56
2 206
2 207
2 210
2 211
2 267
2 290
2 291
2 292
2 293
2 294
2 295
2 296
2 297
2 328
2 329
2 534
2 535
2 727
2 728
2 801
2 879
2 880
2 881
2 882
2 890
2 891
2 989
2 990
2 991
2 992
2 993
2 994
2 995
2 1006
2 1007
2 1059
2 1093
2 1137
2 1139
2 1140
2 1141
2 1142
2 1194
3 56
3 205
3 206
3 210
3 268
3 269
3 270
3 272
3 273
3 274
3 275
3 276
3 277
3 278
3 298
3 299
3 300
3 301
3 302
3 303
3 304
3 305
3 306
3 327
3 328
3 535
3 726
3 727
3 801
3 873
3 874
3 875
3 876
3 877
3 878
3 886
3 887
3 888
3 889
3 983
3 984
3 985
3 986
3 987
3 988
3 1002
3 1003
3 1004
3 1005
3 1059
3 1093
3 1134
3 1135
3 1136
3 1195
4 55
4 56
4 205
4 209
4 279
4 280
4 281
4 282
4 283
4 284
4 307
4 308
4 309
4 310
4 311
4 312
4 326
4 327
4 535
4 726
4 800
4 868
4 869
4 870
4 871
4 872
4 882
4 883
4 884
4 885
4 975
4 976
4 977
4 978
4 979
4 980
4 981
4 982
4 995
4 996
4 997
4 998
4 999
4 1000
4 1058
4 1093
4 1133
4 1139
4 1140
4 1195
5 54
5 55
5 61
5 204
5 208
5 209
5 285
5 286
5 287
5 288
5 289
5 290
5 291
5 313
5 314
5 315
5 316
5 317
5 318
5 325
5 326
5 535
5 725
5 797
5 798
5 800
5 863
5 864
5 865
5 866
5 867
5 878
5 879
5 880
5 881
5 968
5 969
5 970
5 971
5 972
5 973
5 974
5 989
5 990
5 991
5 992
5 993
5 994
5 1058
5 1093
5 1127
5 1128
5 1129
5 1130
5 1131
5 1195
6 57
6 58
6 59
6 60
6 62
6 64
6 65
6 66
6 67
6 68
6 69
6 70
6 71
6 72
6 73
6 74
6 75
6 76
6 203
6 204
6 207
6 208
6 292
6 293
6 294
6 295
6 296
6 297
6 298
6 319
6 320
6 321
6 322
6 323
6 536
6 725
6 797
6 858
6 859
6 860
6 861
6 862
6 872
6 873
6 874
6 875
6 961
6 962
6 963
6 964
6 965
6 966
6 967
6 983
6 984
6 985
6 986
6 987
6 988
6 1058
6 1094
6 1124
6 1125
6 1126
6 1195
7 53
7 54
7 56
7 63
7 77
7 79
7 80
7 81
7 201
7 202
7 206
7 207
7 299
7 300
7 301
7 302
7 303
7 304
7 305
7 306
7 324
7 325
7 536
7 537
7 704
7 705
7 706
7 707
7 717
7 725
7 797
7 854
7 855
7 856
7 857
7 868
7 869
7 870
7 871
7 952
7 953
7 954
7 955
7 956
7 957
7 958
7 959
7 960
7 975
7 976
7 977
7 978
7 979
7 980
7 981
7 982
7 1057
7 1094
7 1120
7 1121
7 1122
7 1123
7 1129
7 1130
7 1195
8 52
8 62
8 78
8 82
8 83
8 84
8 85
8 86
8 87
8 88
8 89
8 200
8 201
8 205
8 206
8 307
8 308
8 309
8 310
8 311
8 312
8 325
8 334
8 537
8 702
8 703
8 708
8 709
8 710
8 711
8 712
8 713
8 714
8 715
8 716
8 718
8 725
8 797
8 818
8 819
8 849
8 850
8 851
8 852
8 853
8 863
8 864
8 865
8 866
8 867
8 941
8 942
8 943
8 944
8 945
8 946
8 947
8 948
8 949
8 950
8 951
8 969
8 970
8 971
8 972
8 973
8 974
8 1057
8 1094
8 1117
8 1118
8 1119
8 1126
8 1127
8 1128
8 1195
9 62
9 77
9 90
9 91
9 92
9 93
9 94
9 95
9 96
9 97
9 200
9 205
9 313
9 314
9 315
9 316
9 317
9 318
9 319
9 326
9 333
9 335
9 537
9 702
9 719
9 725
9 798
9 816
9 817
9 820
9 821
9 843
9 844
9 845
9 846
9 847
9 848
9 859
9 860
9 861
9 862
9 930
9 931
9 932
9 933
9 934
9 935
9 936
9 937
9 938
9 939
9 940
9 963
9 964
9 965
9 966
9 967
9 968
9 1057
9 1095
9 1112
9 1113
9 1114
9 1115
9 1116
9 1123
9 1124
9 1125
9 1194
10 62
10 77
10 98
10 99
10 100
10 101
10 102
10 103
10 104
10 105
10 106
10 199
10 204
10 320
10 321
10 322
10 323
10 324
10 325
10 326
10 332
10 335
10 538
10 701
10 719
10 725
10 798
10 799
10 815
10 816
10 821
10 822
10 838
10 839
10 840
10 841
10 842
10 855
10 856
10 857
10 858
10 920
10 921
10 922
10 923
10 924
10 925
10 926
10 927
10 928
10 929
10 954
10 955
10 956
10 957
10 958
10 959
10 960
10 961
10 962
10 1056
10 1095
10 1108
10 1109
10 1110
10 1111
10 1120
10 1121
10 1122
10 1194
11 62
11 78
11 79
11 80
11 81
11 107
11 108
11 109
11 110
11 111
11 112
11 113
11 114
11 198
11 199
11 203
11 204
11 328
11 329
11 330
11 331
11 332
11 333
11 336
11 337
11 539
11 700
11 701
11 720
11 725
11 800
11 801
11 814
11 815
11 822
11 823
11 833
11 834
11 835
11 836
11 837
11 850
11 851
11 852
11 853
11 854
11 908
11 909
11 910
11 911
11 912
11 913
11 914
11 915
11 916
11 917
11 918
11 919
11 942
11 943
11 944
11 945
11 946
11 947
11 948
11 949
11 950
11 951
11 952
11 953
11 1056
11 1095
11 1105
11 1106
11 1107
11 1116
11 1117
11 1118
11 1119
11 1193
11 1194
12 62
12 82
12 83
12 84
12 85
12 86
12 87
12 88
12 89
12 115
12 116
12 117
12 118
12 119
12 120
12 121
12 122
12 197
12 198
12 201
12 202
12 333
12 334
12 335
12 540
12 699
12 700
12 720
12 721
12 726
12 801
12 802
12 813
12 814
12 823
12 824
12 828
12 829
12 830
12 831
12 832
12 846
12 847
12 848
12 849
12 897
12 898
12 899
12 900
12 901
12 902
12 903
12 904
12 905
12 906
12 907
12 931
12 932
12 933
12 934
12 935
12 936
12 937
12 938
12 939
12 940
12 941
12 1056
12 1096
12 1102
12 1103
12 1104
12 1112
12 1113
12 1114
12 1115
12 1124
12 1192
12 1193
13 62
13 77
13 90
13 91
13 92
13 93
13 94
13 95
13 96
13 97
13 98
13 123
13 124
13 125
13 126
13 127
13 128
13 129
13 130
13 196
13 197
13 200
13 201
13 336
13 337
13 339
13 540
13 698
13 699
13 721
13 726
13 802
13 811
13 812
13 826
13 827
13 841
13 842
13 843
13 844
13 845
13 887
13 888
13 889
13 890
13 891
13 892
13 893
13 894
13 895
13 896
13 920
13 921
13 922
13 923
13 924
13 925
13 926
13 927
13 928
13 929
13 930
13 1056
13 1098
13 1099
13 1100
13 1101
13 1109
13 1110
13 1111
13 1123
13 1191
13 1192
13 1200
13 1201
13 1202
13 1203
13 1204
13 1205
13 1206
13 1207
14 62
14 77
14 99
14 100
14 101
14 102
14 103
14 104
14 105
14 106
14 107
14 131
14 132
14 133
14 134
14 135
14 136
14 137
14 138
14 139
14 196
14 200
14 339
14 340
14 341
14 342
14 343
14 344
14 345
14 346
14 347
14 540
14 696
14 697
14 722
14 723
14 724
14 725
14 726
14 802
14 808
14 809
14 810
14 825
14 836
14 837
14 838
14 839
14 840
14 875
14 876
14 877
14 878
14 879
14 880
14 881
14 882
14 883
14 884
14 885
14 886
14 908
14 909
14 910
14 911
14 912
14 913
14 914
14 915
14 916
14 917
14 918
14 919
14 1055
14 1097
14 1106
14 1107
14 1108
14 1123
14 1191
14 1198
14 1199
14 1207
15 63
15 77
15 108
15 109
15 110
15 111
15 112
15 113
15 114
15 115
15 140
15 141
15 142
15 143
15 144
15 145
15 146
15 147
15 195
15 199
15 348
15 349
15 540
15 694
15 695
15 802
15 806
15 807
15 824
15 832
15 833
15 834
15 835
15 864
15 865
15 866
15 867
15 868
15 869
15 870
15 871
15 872
15 873
15 874
15 897
15 898
15 899
15 900
15 901
15 902
15 903
15 904
15 905
15 906
15 907
15 1055
15 1097
15 1103
15 1104
15 1105
15 1123
15 1190
15 1196
15 1197
15 1208
16 63
16 77
16 116
16 117
16 118
16 119
16 120
16 121
16 122
16 123
16 148
16 149
16 150
16 151
16 152
16 153
16 154
16 155
16 194
16 195
16 198
16 199
16 349
16 540
16 692
16 693
16 802
16 804
16 805
16 824
16 828
16 829
16 830
16 831
16 853
16 854
16 855
16 856
16 857
16 858
16 859
16 860
16 861
16 862
16 863
16 886
16 887
16 888
16 889
16 890
16 891
16 892
16 893
16 894
16 895
16 896
16 1055
16 1097
16 1098
16 1099
16 1100
16 1101
16 1102
16 1122
16 1190
16 1194
16 1195
16 1208
17 63
17 78
17 79
17 80
17 81
17 82
17 124
17 125
17 126
17 127
17 128
17 129
17 130
17 156
17 157
17 158
17 159
17 160
17 161
17 162
17 163
17 193
17 194
17 197
17 198
17 350
17 540
17 691
17 692
17 726
17 728
17 800
17 804
17 825
17 826
17 827
17 842
17 843
17 844
17 845
17 846
17 847
17 848
17 849
17 850
17 851
17 852
17 874
17 875
17 876
17 877
17 878
17 879
17 880
17 881
17 882
17 883
17 884
17 885
17 1055
17 1122
17 1190
17 1191
17 1192
17 1193
17 1208
18 62
18 78
18 83
18 84
18 85
18 86
18 87
18 88
18 89
18 90
18 91
18 92
18 93
18 94
18 131
18 132
18 133
18 134
18 135
18 136
18 137
18 138
18 139
18 164
18 165
18 166
18 167
18 168
18 169
18 170
18 171
18 192
18 193
18 196
18 197
18 350
18 351
18 539
18 691
18 726
18 728
18 798
18 799
18 803
18 831
18 832
18 833
18 834
18 835
18 836
18 837
18 838
18 839
18 840
18 841
18 863
18 864
18 865
18 866
18 867
18 868
18 869
18 870
18 871
18 872
18 873
18 1054
18 1122
18 1208
19 60
19 62
19 77
19 95
19 96
19 97
19 98
19 99
19 100
19 101
19 102
19 103
19 104
19 105
19 106
19 140
19 141
19 142
19 143
19 144
19 145
19 146
19 172
19 173
19 174
19 175
19 176
19 177
19 178
19 192
19 195
19 196
19 351
19 539
19 691
19 796
19 797
19 802
19 827
19 828
19 829
19 830
19 852
19 853
19 854
19 855
19 856
19 857
19 858
19 859
19 860
19 861
19 862
19 1054
19 1098
19 1099
19 1122
19 1206
19 1207
19 1208
19 1278
19 1279
20 60
20 62
20 77
20 107
20 108
20 109
20 110
20 111
20 112
20 113
20 114
20 115
20 116
20 117
20 147
20 148
20 149
20 150
20 151
20 152
20 153
20 154
20 179
20 180
20 181
20 182
20 183
20 184
20 185
20 191
20 194
20 195
20 352
20 539
20 686
20 687
20 688
20 692
20 693
20 795
20 801
20 825
20 841
20 842
20 843
20 844
20 845
20 846
20 847
20 848
20 849
20 850
20 851
20 1054
20 1099
20 1100
20 1122
20 1205
20 1276
20 1277
21 60
21 62
21 77
21 118
21 119
21 120
21 121
21 122
21 123
21 124
21 125
21 126
21 127
21 128
21 155
21 156
21 157
21 158
21 159
21 160
21 161
21 186
21 187
21 188
21 189
21 190
21 191
21 194
21 352
21 538
21 685
21 689
21 694
21 695
21 794
21 800
21 801
21 824
21 830
21 831
21 832
21 833
21 834
21 835
21 836
21 837
21 838
21 839
21 1054
21 1101
21 1102
21 1122
21 1206
21 1207
21 1208
21 1274
21 1275
22 60
22 62
22 77
22 129
22 130
22 131
22 132
22 133
22 134
22 135
22 136
22 137
22 138
22 139
22 162
22 163
22 164
22 165
22 166
22 167
22 168
22 169
22 170
22 194
22 195
22 196
22 197
22 198
22 199
22 351
22 352
22 537
22 684
22 689
22 696
22 697
22 698
22 794
22 799
22 800
22 824
22 825
22 826
22 827
22 828
22 1054
22 1102
22 1103
22 1104
22 1105
22 1106
22 1123
22 1209
22 1272
22 1273
23 62
23 77
23 140
23 141
23 142
23 143
23 144
23 145
23 146
23 147
23 148
23 149
23 150
23 171
23 172
23 173
23 174
23 175
23 176
23 177
23 200
23 201
23 202
23 203
23 204
23 205
23 206
23 350
23 351
23 537
23 684
23 689
23 699
23 700
23 793
23 797
23 798
23 1053
23 1054
23 1107
23 1108
23 1123
23 1124
23 1209
23 1210
23 1270
23 1271
23 1279
24 62
24 77
24 151
24 152
24 153
24 154
24 155
24 156
24 157
24 158
24 159
24 160
24 161
24 178
24 179
24 180
24 181
24 182
24 183
24 184
24 185
24 207
24 208
24 209
24 210
24 211
24 212
24 213
24 349
24 350
24 536
24 684
24 689
24 700
24 701
24 793
24 796
24 797
24 1051
24 1052
24 1109
24 1124
24 1210
24 1268
24 1269
24 1277
24 1278
25 62
25 78
25 162
25 163
25 164
25 165
25 166
25 167
25 168
25 186
25 193
25 214
25 215
25 216
25 217
25 218
25 219
25 220
25 348
25 349
25 536
25 684
25 689
25 701
25 702
25 792
25 796
25 825
25 826
25 1051
25 1109
25 1120
25 1121
25 1122
25 1123
25 1124
25 1210
25 1266
25 1267
25 1275
25 1276
26 62
26 78
26 171
26 172
26 173
26 174
26 175
26 176
26 177
26 178
26 186
26 192
26 194
26 195
26 196
26 197
26 198
26 199
26 200
26 221
26 222
26 223
26 224
26 225
26 226
26 227
26 347
26 348
26 536
26 684
26 689
26 699
26 700
26 784
26 791
26 792
26 795
26 826
26 1050
26 1110
26 1119
26 1210
26 1263
26 1264
26 1265
26 1272
26 1273
26 1274
27 62
27 78
27 170
27 179
27 180
27 181
27 182
27 183
27 184
27 185
27 186
27 193
27 201
27 202
27 203
27 204
27 205
27 206
27 207
27 208
27 228
27 229
27 230
27 231
27 232
27 233
27 234
27 235
27 346
27 536
27 684
27 690
27 691
27 692
27 693
27 694
27 695
27 696
27 697
27 698
27 783
27 785
27 786
27 787
27 788
27 789
27 793
27 794
27 795
27 825
27 826
27 1110
27 1111
27 1118
27 1210
27 1261
27 1262
27 1270
27 1271
28 62
28 78
28 169
28 193
28 209
28 210
28 211
28 212
28 213
28 214
28 215
28 216
28 236
28 237
28 238
28 239
28 240
28 241
28 242
28 345
28 537
28 684
28 690
28 782
28 792
28 824
28 825
28 1048
28 1049
28 1050
28 1112
28 1113
28 1118
28 1210
28 1259
28 1260
28 1268
28 1269
29 62
29 78
29 170
29 171
29 172
29 173
29 174
29 200
29 201
29 217
29 218
29 219
29 220
29 221
29 222
29 223
29 243
29 244
29 245
29 246
29 247
29 248
29 249
29 345
29 537
29 684
29 689
29 782
29 790
29 791
29 823
29 824
29 839
29 840
29 841
29 842
29 843
29 1043
29 1044
29 1045
29 1046
29 1047
29 1113
29 1118
29 1207
29 1208
29 1209
29 1257
29 1258
29 1266
29 1267
30 62
30 78
30 175
30 176
30 177
30 178
30 179
30 180
30 181
30 210
30 211
30 212
30 213
30 225
30 226
30 227
30 228
30 229
30 230
30 231
30 232
30 250
30 251
30 252
30 253
30 254
30 255
30 256
30 345
30 538
30 684
30 689
30 782
30 790
30 821
30 822
30 837
30 838
30 844
30 845
30 1040
30 1041
30 1042
30 1050
30 1114
30 1117
30 1205
30 1206
30 1254
30 1255
30 1256
30 1263
30 1264
30 1265
31 62
31 78
31 169
31 187
31 188
31 189
31 190
31 191
31 192
31 193
31 194
31 195
31 196
31 197
31 198
31 199
31 200
31 218
31 219
31 220
31 221
31 222
31 232
31 234
31 235
31 236
31 237
31 257
31 258
31 259
31 260
31 261
31 262
31 263
31 345
31 539
31 540
31 684
31 689
31 783
31 789
31 819
31 820
31 821
31 836
31 837
31 845
31 1037
31 1038
31 1039
31 1050
31 1114
31 1115
31 1116
31 1117
31 1202
31 1203
31 1204
31 1252
31 1253
31 1261
31 1262
32 62
32 79
32 80
32 81
32 82
32 83
32 84
32 85
32 86
32 87
32 169
32 180
32 181
32 186
32 187
32 201
32 202
32 203
32 204
32 205
32 206
32 207
32 208
32 209
32 210
32 211
32 225
32 226
32 227
32 228
32 229
32 230
32 231
32 232
32 237
32 264
32 265
32 266
32 267
32 268
32 269
32 270
32 271
32 344
32 541
32 542
32 684
32 689
32 783
32 784
32 789
32 815
32 816
32 817
32 818
32 835
32 836
32 845
32 1033
32 1034
32 1035
32 1036
32 1047
32 1048
32 1049
32 1199
32 1200
32 1201
32 1250
32 1251
32 1259
32 1260
33 62
33 79
33 88
33 89
33 169
33 179
33 180
33 184
33 185
33 212
33 213
33 214
33 215
33 216
33 217
33 218
33 219
33 220
33 234
33 235
33 236
33 237
33 272
33 273
33 274
33 275
33 276
33 277
33 344
33 542
33 543
33 684
33 689
33 784
33 788
33 813
33 814
33 834
33 835
33 845
33 1030
33 1031
33 1032
33 1043
33 1044
33 1045
33 1046
33 1197
33 1198
33 1247
33 1248
33 1249
33 1256
33 1257
33 1258
34 62
34 78
34 89
34 90
34 91
34 92
34 169
34 178
34 179
34 183
34 184
34 221
34 222
34 223
34 224
34 225
34 226
34 227
34 228
34 229
34 230
34 278
34 279
34 280
34 281
34 282
34 283
34 284
34 344
34 543
34 544
34 684
34 690
34 691
34 701
34 784
34 788
34 813
34 833
34 834
34 846
34 847
34 848
34 849
34 858
34 935
34 936
34 937
34 1027
34 1028
34 1029
34 1035
34 1037
34 1038
34 1039
34 1040
34 1041
34 1042
34 1195
34 1196
34 1244
34 1245
34 1246
34 1254
34 1255
35 62
35 78
35 93
35 94
35 95
35 169
35 177
35 178
35 182
35 183
35 231
35 232
35 233
35 234
35 235
35 236
35 237
35 238
35 239
35 240
35 285
35 286
35 287
35 288
35 289
35 290
35 291
35 344
35 544
35 545
35 684
35 690
35 692
35 693
35 694
35 695
35 696
35 697
35 698
35 699
35 700
35 702
35 703
35 787
35 813
35 832
35 833
35 850
35 851
35 852
35 856
35 857
35 859
35 860
35 933
35 934
35 938
35 1024
35 1025
35 1026
35 1034
35 1048
35 1195
35 1215
35 1216
35 1217
35 1218
35 1219
35 1220
35 1242
35 1243
35 1252
35 1253
36 62
36 78
36 96
36 169
36 176
36 177
36 181
36 182
36 241
36 242
36 243
36 244
36 245
36 246
36 247
36 248
36 249
36 250
36 292
36 293
36 294
36 295
36 296
36 297
36 298
36 344
36 354
36 545
36 684
36 690
36 703
36 783
36 786
36 813
36 814
36 829
36 830
36 831
36 853
36 854
36 855
36 856
36 860
36 861
36 931
36 932
36 939
36 948
36 949
36 950
36 1020
36 1021
36 1022
36 1023
36 1033
36 1034
36 1048
36 1195
36 1210
36 1211
36 1212
36 1213
36 1214
36 1220
36 1221
36 1240
36 1241
36 1250
36 1251
37 62
37 78
37 97
37 171
37 172
37 173
37 174
37 175
37 176
37 179
37 180
37 181
37 251
37 252
37 253
37 254
37 255
37 256
37 257
37 258
37 259
37 299
37 300
37 301
37 302
37 303
37 304
37 305
37 306
37 344
37 353
37 355
37 547
37 548
37 549
37 684
37 690
37 703
37 780
37 781
37 782
37 785
37 814
37 815
37 825
37 826
37 827
37 828
37 861
37 862
37 931
37 939
37 940
37 946
37 947
37 951
37 952
37 1017
37 1018
37 1019
37 1030
37 1031
37 1032
37 1041
37 1042
37 1048
37 1196
37 1206
37 1207
37 1208
37 1209
37 1221
37 1222
37 1238
37 1239
37 1246
37 1247
37 1248
37 1249
38 62
38 78
38 97
38 170
38 178
38 182
38 183
38 184
38 185
38 260
38 261
38 262
38 263
38 264
38 265
38 266
38 267
38 268
38 269
38 270
38 307
38 308
38 309
38 310
38 311
38 312
38 313
38 314
38 345
38 352
38 355
38 546
38 550
38 551
38 552
38 553
38 554
38 555
38 556
38 557
38 684
38 690
38 700
38 701
38 780
38 784
38 816
38 817
38 823
38 824
38 862
38 930
38 940
38 945
38 952
38 1014
38 1015
38 1016
38 1027
38 1028
38 1029
38 1042
38 1048
38 1196
38 1202
38 1203
38 1204
38 1205
38 1222
38 1235
38 1236
38 1237
38 1244
38 1245
39 62
39 78
39 93
39 94
39 169
39 179
39 180
39 186
39 187
39 188
39 189
39 190
39 191
39 192
39 193
39 194
39 195
39 196
39 197
39 271
39 272
39 273
39 274
39 275
39 276
39 277
39 278
39 279
39 280
39 315
39 316
39 317
39 318
39 319
39 320
39 321
39 322
39 323
39 345
39 352
39 355
39 544
39 545
39 558
39 559
39 560
39 561
39 562
39 563
39 564
39 565
39 684
39 690
39 695
39 696
39 697
39 698
39 699
39 702
39 703
39 704
39 780
39 783
39 818
39 819
39 820
39 821
39 822
39 863
39 929
39 930
39 941
39 944
39 953
39 1009
39 1010
39 1011
39 1012
39 1013
39 1024
39 1025
39 1026
39 1042
39 1048
39 1196
39 1197
39 1198
39 1199
39 1200
39 1201
39 1223
39 1233
39 1234
39 1242
39 1243
40 62
40 79
40 80
40 81
40 82
40 83
40 84
40 85
40 86
40 87
40 88
40 89
40 90
40 91
40 92
40 95
40 96
40 101
40 169
40 198
40 199
40 200
40 201
40 202
40 203
40 204
40 205
40 206
40 207
40 208
40 209
40 281
40 282
40 283
40 284
40 285
40 286
40 287
40 288
40 289
40 324
40 325
40 326
40 327
40 328
40 329
40 330
40 331
40 346
40 351
40 354
40 544
40 546
40 547
40 566
40 567
40 568
40 569
40 570
40 571
40 572
40 573
40 574
40 684
40 692
40 693
40 694
40 780
40 782
40 783
40 863
40 864
40 927
40 928
40 941
40 942
40 943
40 953
40 954
40 1006
40 1007
40 1008
40 1021
40 1022
40 1023
40 1033
40 1042
40 1047
40 1223
40 1231
40 1232
40 1239
40 1240
40 1241
41 62
41 79
41 97
41 98
41 102
41 103
41 104
41 169
41 210
41 211
41 212
41 213
41 214
41 215
41 216
41 217
41 218
41 219
41 220
41 290
41 291
41 292
41 293
41 294
41 295
41 296
41 297
41 298
41 299
41 332
41 333
41 334
41 335
41 336
41 337
41 338
41 339
41 340
41 341
41 346
41 347
41 351
41 354
41 542
41 544
41 545
41 548
41 549
41 550
41 551
41 552
41 553
41 554
41 555
41 556
41 575
41 576
41 577
41 578
41 579
41 580
41 581
41 582
41 583
41 684
41 691
41 700
41 701
41 702
41 703
41 704
41 706
41 707
41 780
41 782
41 864
41 925
41 926
41 927
41 954
41 955
41 962
41 963
41 964
41 965
41 986
41 987
41 988
41 1003
41 1004
41 1005
41 1017
41 1018
41 1019
41 1020
41 1032
41 1042
41 1047
41 1222
41 1223
41 1229
41 1230
41 1237
41 1238
42 62
42 78
42 99
42 105
42 169
42 221
42 300
42 342
42 353
42 542
42 557
42 584
42 684
42 690
42 699
42 708
42 864
42 924
42 956
42 962
42 965
42 985
42 989
42 1002
42 1016
42 1032
42 1042
42 1047
42 1221
42 1228
42 1236
43 62
43 78
43 100
43 101
43 105
43 169
43 222
43 223
43 224
43 225
43 226
43 227
43 228
43 229
43 230
43 231
43 232
43 301
43 302
43 303
43 304
43 305
43 306
43 307
43 308
43 309
43 343
43 344
43 345
43 346
43 347
43 348
43 349
43 350
43 351
43 541
43 558
43 559
43 560
43 561
43 562
43 563
43 564
43 585
43 586
43 587
43 588
43 589
43 590
43 591
43 681
43 682
43 683
43 684
43 690
43 695
43 696
43 697
43 698
43 708
43 864
43 923
43 957
43 958
43 959
43 960
43 961
43 965
43 984
43 989
43 999
43 1000
43 1001
43 1014
43 1015
43 1031
43 1043
43 1044
43 1045
43 1046
43 1047
43 1220
43 1226
43 1227
43 1235
44 62
44 78
44 102
44 103
44 114
44 115
44 116
44 117
44 118
44 170
44 171
44 172
44 173
44 174
44 233
44 234
44 235
44 236
44 237
44 238
44 239
44 240
44 241
44 242
44 243
44 244
44 310
44 311
44 312
44 313
44 314
44 315
44 316
44 317
44 318
44 319
44 351
44 541
44 565
44 566
44 567
44 568
44 569
44 570
44 571
44 572
44 573
44 574
44 592
44 593
44 594
44 595
44 596
44 597
44 598
44 599
44 676
44 677
44 678
44 679
44 680
44 685
44 691
44 692
44 693
44 694
44 707
44 864
44 922
44 923
44 966
44 983
44 984
44 990
44 996
44 997
44 998
44 1010
44 1011
44 1012
44 1013
44 1031
44 1224
44 1225
44 1232
44 1233
44 1234
45 62
45 78
45 85
45 86
45 104
45 105
45 108
45 109
45 110
45 111
45 112
45 113
45 121
45 175
45 176
45 177
45 178
45 179
45 180
45 181
45 182
45 183
45 184
45 185
45 186
45 245
45 246
45 247
45 248
45 249
45 250
45 251
45 252
45 253
45 254
45 255
45 320
45 321
45 322
45 323
45 324
45 325
45 326
45 327
45 328
45 351
45 541
45 575
45 576
45 577
45 578
45 579
45 580
45 581
45 582
45 583
45 600
45 601
45 602
45 603
45 604
45 605
45 606
45 607
45 608
45 671
45 672
45 673
45 674
45 675
45 685
45 706
45 865
45 922
45 966
45 967
45 968
45 969
45 970
45 971
45 983
45 990
45 993
45 994
45 995
45 1007
45 1008
45 1009
45 1031
45 1222
45 1223
45 1230
45 1231
46 62
46 79
46 80
46 81
46 82
46 83
46 84
46 87
46 106
46 107
46 109
46 120
46 122
46 123
46 124
46 125
46 126
46 127
46 128
46 129
46 130
46 131
46 132
46 133
46 134
46 135
46 136
46 137
46 138
46 139
46 140
46 169
46 187
46 188
46 189
46 190
46 191
46 192
46 193
46 194
46 195
46 196
46 197
46 256
46 257
46 258
46 259
46 260
46 261
46 262
46 263
46 264
46 265
46 266
46 267
46 329
46 330
46 331
46 332
46 333
46 334
46 335
46 336
46 337
46 338
46 339
46 351
46 359
46 360
46 361
46 362
46 363
46 364
46 541
46 584
46 585
46 586
46 587
46 588
46 589
46 590
46 591
46 592
46 609
46 610
46 611
46 612
46 613
46 614
46 615
46 616
46 617
46 666
46 667
46 668
46 669
46 670
46 681
46 682
46 683
46 684
46 690
46 706
46 715
46 716
46 717
46 866
46 867
46 868
46 922
46 971
46 982
46 991
46 992
46 1004
46 1005
46 1006
46 1030
46 1220
46 1221
46 1228
46 1229
47 62
47 79
47 87
47 108
47 109
47 110
47 111
47 119
47 123
47 126
47 141
47 142
47 143
47 144
47 145
47 146
47 147
47 148
47 149
47 150
47 151
47 152
47 153
47 154
47 155
47 156
47 157
47 158
47 162
47 169
47 198
47 199
47 200
47 201
47 202
47 203
47 204
47 205
47 206
47 207
47 208
47 209
47 210
47 268
47 269
47 270
47 271
47 272
47 273
47 274
47 275
47 276
47 277
47 278
47 279
47 340
47 341
47 342
47 343
47 344
47 345
47 346
47 347
47 348
47 359
47 365
47 366
47 541
47 593
47 594
47 595
47 596
47 597
47 598
47 599
47 600
47 618
47 619
47 620
47 621
47 622
47 623
47 624
47 625
47 661
47 662
47 663
47 664
47 665
47 676
47 677
47 678
47 679
47 680
47 690
47 706
47 714
47 715
47 718
47 869
47 870
47 878
47 879
47 880
47 881
47 882
47 922
47 971
47 982
47 991
47 1000
47 1001
47 1002
47 1003
47 1030
47 1218
47 1219
47 1226
47 1227
48 62
48 78
48 87
48 111
48 112
48 113
48 114
48 119
48 123
48 159
48 163
48 164
48 165
48 166
48 167
48 168
48 169
48 211
48 212
48 213
48 214
48 215
48 216
48 217
48 218
48 219
48 220
48 221
48 280
48 281
48 282
48 283
48 284
48 285
48 286
48 287
48 288
48 289
48 290
48 349
48 357
48 359
48 364
48 542
48 601
48 602
48 603
48 604
48 605
48 606
48 607
48 608
48 609
48 626
48 627
48 628
48 629
48 630
48 631
48 632
48 633
48 657
48 658
48 659
48 660
48 670
48 671
48 672
48 673
48 674
48 675
48 685
48 690
48 707
48 708
48 713
48 714
48 718
48 871
48 872
48 873
48 874
48 875
48 876
48 877
48 883
48 884
48 922
48 971
48 981
48 990
48 997
48 998
48 999
48 1029
48 1223
48 1224
48 1225
49 62
49 78
49 87
49 115
49 116
49 117
49 118
49 119
49 122
49 126
49 222
49 223
49 224
49 225
49 226
49 227
49 228
49 229
49 230
49 231
49 232
49 291
49 292
49 293
49 294
49 295
49 296
49 297
49 298
49 299
49 300
49 301
49 302
49 303
49 352
49 353
49 354
49 355
49 356
49 359
49 360
49 361
49 362
49 363
49 364
49 543
49 544
49 611
49 612
49 613
49 614
49 615
49 616
49 617
49 618
49 634
49 635
49 636
49 637
49 638
49 639
49 640
49 641
49 642
49 652
49 653
49 654
49 655
49 656
49 666
49 667
49 668
49 669
49 685
49 690
49 701
49 709
49 710
49 711
49 712
49 718
49 884
49 885
49 923
49 972
49 977
49 978
49 979
49 980
49 990
49 994
49 995
49 996
49 1029
49 1218
49 1219
49 1220
49 1221
49 1222
50 62
50 78
50 87
50 119
50 120
50 121
50 122
50 126
50 155
50 233
50 234
50 235
50 236
50 237
50 238
50 239
50 240
50 241
50 242
50 243
50 244
50 245
50 304
50 305
50 306
50 307
50 308
50 309
50 310
50 311
50 312
50 313
50 314
50 545
50 620
50 621
50 622
50 623
50 624
50 625
50 626
50 643
50 644
50 645
50 646
50 647
50 648
50 649
50 650
50 651
50 661
50 662
50 663
50 664
50 665
50 685
50 690
50 698
50 699
50 700
50 702
50 703
50 718
50 886
50 887
50 973
50 974
50 975
50 976
50 991
50 992
50 993
50 1029
51 62
51 78
51 87
51 123
51 124
51 125
51 126
51 127
51 132
51 133
51 154
51 168
51 246
51 247
51 248
51 249
51 250
51 251
51 252
51 253
51 254
51 255
51 256
51 315
51 316
51 317
51 318
51 319
51 320
51 546
51 628
51 629
51 630
51 631
51 632
51 633
51 634
51 656
51 657
51 658
51 659
51 660
51 670
51 671
51 672
51 673
51 685
51 690
51 697
51 704
51 705
51 718
51 888
51 889
51 921
51 922
51 1028
52 62
52 78
52 87
52 127
52 128
52 129
52 130
52 131
52 150
52 154
52 169
52 257
52 258
52 259
52 260
52 261
52 262
52 263
52 264
52 265
52 266
52 267
52 268
52 269
52 321
52 322
52 323
52 324
52 325
52 352
52 353
52 354
52 355
52 360
52 546
52 637
52 652
52 653
52 654
52 655
52 674
52 675
52 685
52 691
52 696
52 705
52 706
52 717
52 718
52 889
52 899
52 900
52 901
52 902
52 921
52 1028
52 1221
53 62
53 78
53 87
53 133
53 138
53 139
53 140
53 141
53 149
53 151
53 152
53 153
53 169
53 270
53 271
53 272
53 273
53 274
53 275
53 276
53 277
53 278
53 279
53 280
53 326
53 327
53 328
53 329
53 330
53 331
53 332
53 333
53 334
53 335
53 336
53 337
53 338
53 351
53 356
53 357
53 358
53 359
53 360
53 547
53 637
53 649
53 650
53 651
53 675
53 676
53 685
53 691
53 697
53 706
53 707
53 708
53 716
53 717
53 890
53 891
53 892
53 893
53 894
53 895
53 896
53 897
53 898
53 903
53 920
53 992
53 993
53 994
53 995
53 996
53 1026
53 1027
53 1221
54 62
54 78
54 87
54 130
54 134
54 135
54 136
54 137
54 141
54 148
54 168
54 173
54 174
54 175
54 176
54 182
54 183
54 184
54 281
54 282
54 283
54 284
54 285
54 286
54 287
54 288
54 289
54 290
54 291
54 292
54 339
54 340
54 341
54 342
54 344
54 345
54 349
54 547
54 632
54 633
54 634
54 635
54 646
54 647
54 648
54 676
54 685
54 691
54 697
54 706
54 716
54 904
54 920
54 997
54 998
54 1024
54 1025
54 1221
55 62
55 78
55 87
55 130
55 142
55 143
55 148
55 167
55 172
55 173
55 176
55 179
55 180
55 181
55 185
55 196
55 197
55 293
55 294
55 295
55 296
55 297
55 298
55 299
55 300
55 301
55 302
55 303
55 304
55 348
55 350
55 547
55 629
55 630
55 631
55 644
55 645
55 653
55 654
55 677
55 685
55 690
55 693
55 698
55 707
55 708
55 715
55 904
55 912
55 913
55 917
55 921
55 998
55 1023
55 1024
55 1221
56 62
56 78
56 87
56 130
56 144
56 145
56 146
56 147
56 167
56 171
56 172
56 176
56 178
56 185
56 191
56 192
56 193
56 194
56 195
56 198
56 199
56 305
56 306
56 307
56 308
56 309
56 310
56 311
56 312
56 313
56 314
56 315
56 334
56 335
56 340
56 341
56 342
56 348
56 350
56 547
56 626
56 627
56 628
56 640
56 641
56 642
56 643
56 652
56 653
56 677
56 685
56 690
56 693
56 698
56 699
56 706
56 715
56 905
56 910
56 911
56 914
56 915
56 916
56 918
56 919
56 922
56 999
56 1000
56 1001
56 1002
56 1003
56 1004
56 1023
56 1222
57 63
57 78
57 87
57 130
57 167
57 168
57 169
57 170
57 171
57 185
57 189
57 190
57 199
57 316
57 317
57 318
57 319
57 320
57 321
57 322
57 323
57 324
57 325
57 326
57 327
57 333
57 334
57 547
57 623
57 624
57 625
57 637
57 638
57 639
57 652
57 677
57 685
57 690
57 694
57 699
57 706
57 712
57 713
57 714
57 906
57 907
57 908
57 909
57 920
57 1005
57 1023
57 1222
58 63
58 78
58 87
58 130
58 185
58 189
58 200
58 201
58 202
58 203
58 204
58 205
58 206
58 207
58 328
58 329
58 330
58 331
58 332
58 333
58 547
58 620
58 621
58 622
58 634
58 635
58 636
58 651
58 677
58 685
58 690
58 694
58 699
58 706
58 710
58 711
58 1006
58 1007
58 1024
58 1222
59 63
59 78
59 87
59 130
59 185
59 188
59 208
59 547
59 617
59 618
59 619
59 631
59 632
59 633
59 651
59 677
59 685
59 690
59 695
59 698
59 706
59 709
59 710
59 1008
59 1009
59 1024
59 1025
59 1222
60 63
60 78
60 87
60 130
60 185
60 188
60 209
60 547
60 613
60 614
60 615
60 616
60 628
60 629
60 630
60 650
60 678
60 685
60 690
60 695
60 696
60 698
60 706
60 707
60 708
60 709
60 1009
60 1026
60 1222
61 63
61 78
61 87
61 130
61 185
61 187
61 209
61 328
61 329
61 330
61 331
61 549
61 550
61 551
61 552
61 553
61 554
61 555
61 556
61 557
61 558
61 559
61 610
61 611
61 612
61 625
61 626
61 627
61 650
61 678
61 685
61 690
61 696
61 1009
61 1026
61 1222
62 63
62 78
62 87
62 130
62 209
62 213
62 214
62 215
62 317
62 318
62 319
62 320
62 321
62 326
62 327
62 548
62 560
62 561
62 562
62 563
62 564
62 565
62 566
62 567
62 568
62 569
62 570
62 571
62 572
62 573
62 574
62 575
62 576
62 577
62 578
62 579
62 580
62 581
62 582
62 583
62 584
62 585
62 586
62 587
62 588
62 606
62 607
62 608
62 609
62 623
62 624
62 649
62 678
62 685
62 690
62 1009
62 1026
62 1222
63 63
63 79
63 87
63 126
63 127
63 128
63 129
63 130
63 210
63 211
63 212
63 215
63 216
63 317
63 322
63 323
63 324
63 325
63 326
63 548
63 589
63 590
63 591
63 592
63 593
63 594
63 595
63 596
63 597
63 598
63 599
63 600
63 601
63 602
63 603
63 604
63 605
63 620
63 621
63 622
63 649
63 679
63 685
63 690
63 1009
63 1010
63 1011
63 1012
63 1013
63 1014
63 1015
63 1016
63 1017
63 1018
63 1019
63 1020
63 1021
63 1026
63 1222
64 63
64 79
64 87
64 116
64 117
64 118
64 119
64 120
64 121
64 122
64 123
64 124
64 125
64 216
64 217
64 223
64 224
64 225
64 226
64 227
64 316
64 549
64 550
64 551
64 552
64 553
64 554
64 618
64 619
64 649
64 679
64 683
64 685
64 690
64 1022
64 1023
64 1024
64 1221
65 63
65 79
65 87
65 111
65 112
65 113
65 114
65 115
65 217
65 221
65 222
65 228
65 229
65 315
65 316
65 555
65 556
65 557
65 558
65 559
65 560
65 561
65 562
65 563
65 564
65 565
65 566
65 567
65 618
65 622
65 623
65 648
65 680
65 683
65 685
65 690
65 1025
65 1220
65 1221
66 63
66 79
66 87
66 110
66 218
66 219
66 220
66 229
66 230
66 312
66 313
66 314
66 315
66 568
66 569
66 570
66 571
66 572
66 573
66 574
66 575
66 576
66 577
66 578
66 579
66 580
66 581
66 582
66 624
66 625
66 626
66 627
66 628
66 629
66 630
66 647
66 648
66 680
66 683
66 685
66 690
66 1219
66 1220
67 63
67 79
67 87
67 109
67 230
67 231
67 310
67 311
67 583
67 584
67 585
67 598
67 599
67 600
67 601
67 631
67 632
67 633
67 634
67 635
67 636
67 637
67 645
67 646
67 681
67 682
67 683
67 685
67 690
67 1218
68 63
68 79
68 87
68 109
68 230
68 306
68 307
68 308
68 309
68 310
68 557
68 594
68 595
68 596
68 597
68 602
68 603
68 604
68 605
68 606
68 607
68 608
68 609
68 610
68 611
68 638
68 639
68 640
68 641
68 642
68 645
68 681
68 683
68 685
68 690
68 1217
69 63
69 79
69 87
69 110
69 229
69 233
69 234
69 235
69 236
69 237
69 238
69 239
69 305
69 558
69 579
69 580
69 581
69 582
69 584
69 585
69 591
69 592
69 593
69 612
69 613
69 614
69 615
69 616
69 617
69 618
69 619
69 643
69 644
69 681
69 683
69 685
69 691
69 1217
70 63
70 79
70 87
70 110
70 227
70 232
70 240
70 241
70 304
70 558
70 559
70 563
70 564
70 565
70 566
70 567
70 568
70 575
70 576
70 577
70 578
70 588
70 589
70 590
70 620
70 621
70 622
70 623
70 624
70 625
70 626
70 627
70 643
70 681
70 683
70 685
70 691
70 1217
70 1230
70 1231
70 1232
71 63
71 79
71 87
71 110
71 226
71 230
71 242
71 243
71 303
71 559
71 562
71 563
71 569
71 570
71 571
71 572
71 573
71 574
71 577
71 580
71 581
71 583
71 584
71 585
71 586
71 587
71 628
71 629
71 630
71 631
71 632
71 633
71 634
71 635
71 643
71 679
71 680
71 681
71 682
71 685
71 691
71 990
71 991
71 992
71 1217
71 1218
71 1219
71 1220
71 1221
71 1228
71 1229
71 1233
71 1234
72 63
72 79
72 87
72 111
72 112
72 113
72 226
72 228
72 243
72 253
72 254
72 255
72 256
72 257
72 302
72 560
72 561
72 562
72 577
72 579
72 636
72 637
72 638
72 639
72 640
72 641
72 642
72 643
72 678
72 681
72 683
72 685
72 691
72 989
72 993
72 1222
72 1223
72 1227
72 1228
72 1235
73 63
73 79
73 87
73 114
73 115
73 116
73 117
73 118
73 119
73 120
73 121
73 122
73 242
73 243
73 251
73 252
73 258
73 259
73 260
73 261
73 262
73 302
73 583
73 679
73 680
73 681
73 682
73 685
73 691
73 988
73 993
73 1224
73 1225
73 1226
73 1235
74 63
74 79
74 87
74 123
74 124
74 125
74 126
74 127
74 241
74 242
74 250
74 251
74 263
74 264
74 302
74 585
74 586
74 587
74 588
74 642
74 685
74 691
74 988
74 993
74 1235
75 63
75 79
75 87
75 128
75 241
75 245
75 246
75 247
75 248
75 249
75 250
75 265
75 266
75 298
75 299
75 302
75 589
75 590
75 591
75 592
75 593
75 594
75 595
75 596
75 597
75 598
75 642
75 685
75 691
75 988
75 993
75 1234
76 63
76 79
76 87
76 128
76 240
76 243
76 244
76 266
76 267
76 295
76 296
76 297
76 300
76 585
76 586
76 599
76 600
76 601
76 602
76 603
76 604
76 605
76 606
76 607
76 608
76 609
76 643
76 680
76 681
76 685
76 691
76 988
76 993
76 1234
76 1257
76 1258
76 1259
76 1260
76 1261
76 1262
76 1263
76 1264
76 1265
76 1266
76 1267
76 1268
76 1269
76 1270
77 63
77 79
77 86
77 128
77 240
77 242
77 267
77 268
77 294
77 586
77 610
77 611
77 612
77 613
77 614
77 615
77 616
77 617
77 618
77 619
77 620
77 643
77 644
77 680
77 685
77 691
77 988
77 993
77 1237
77 1238
77 1239
77 1240
77 1241
77 1242
77 1243
77 1244
77 1245
77 1246
77 1247
77 1248
77 1249
77 1250
77 1251
77 1252
77 1253
77 1254
77 1255
77 1256
77 1271
78 63
78 79
78 86
78 127
78 240
78 242
78 268
78 269
78 293
78 587
78 621
78 622
78 623
78 624
78 625
78 626
78 627
78 628
78 629
78 630
78 645
78 685
78 691
78 988
78 993
78 1236
78 1271
79 63
79 79
79 86
79 127
79 270
79 271
79 293
79 587
79 588
79 631
79 632
79 633
79 634
79 635
79 636
79 637
79 638
79 639
79 640
79 641
79 685
79 691
79 988
79 993
79 1236
79 1271
80 63
80 79
80 86
80 127
80 271
80 288
80 289
80 290
80 291
80 292
80 588
80 589
80 623
80 624
80 625
80 626
80 642
80 643
80 644
80 645
80 685
80 691
80 988
80 993
80 1236
80 1262
80 1263
80 1264
80 1265
80 1266
80 1267
80 1268
80 1269
80 1270
81 63
81 79
81 86
81 127
81 272
81 287
81 590
81 591
81 592
81 593
81 594
81 595
81 596
81 597
81 598
81 599
81 600
81 601
81 602
81 622
81 627
81 646
81 685
81 691
81 988
81 993
81 1236
81 1243
81 1244
81 1245
81 1246
81 1247
81 1248
81 1249
81 1250
81 1251
81 1252
81 1253
81 1254
81 1255
81 1256
81 1257
81 1258
81 1259
81 1260
81 1261
82 63
82 79
82 86
82 126
82 272
82 273
82 286
82 589
82 603
82 604
82 605
82 606
82 607
82 608
82 609
82 610
82 611
82 612
82 613
82 614
82 615
82 622
82 628
82 646
82 685
82 691
82 988
82 993
82 1236
82 1237
82 1238
82 1239
82 1240
82 1241
82 1242
83 63
83 79
83 86
83 126
83 273
83 276
83 277
83 286
83 589
83 616
83 617
83 618
83 619
83 620
83 621
83 628
83 646
83 685
83 691
83 988
83 993
84 63
84 79
84 86
84 126
84 273
84 274
84 275
84 278
84 286
84 589
84 629
84 630
84 631
84 632
84 633
84 634
84 635
84 636
84 637
84 638
84 644
84 645
84 685
84 691
84 988
84 993
84 1234
85 63
85 79
85 86
85 126
85 278
85 286
85 588
85 621
85 639
85 644
85 685
85 691
85 988
85 993
85 1234
86 63
86 79
86 86
86 125
86 278
86 286
86 588
86 621
86 628
86 632
86 640
86 641
86 642
86 643
86 685
86 691
86 988
86 993
86 1235
87 63
87 79
87 86
87 123
87 124
87 125
87 278
87 286
87 588
87 621
87 629
87 632
87 635
87 685
87 691
87 988
87 993
87 1235
88 63
88 79
88 86
88 115
88 116
88 117
88 118
88 119
88 120
88 121
88 122
88 278
88 286
88 589
88 620
88 629
88 630
88 632
88 635
88 685
88 691
88 988
88 993
88 1236
89 63
89 79
89 86
89 112
89 113
89 114
89 278
89 286
89 589
89 590
89 620
89 630
89 635
89 643
89 685
89 691
89 988
89 993
89 1236
89 1237
89 1238
89 1239
90 63
90 79
90 86
90 111
90 278
90 285
90 590
90 620
90 635
90 642
90 685
90 691
90 988
90 993
90 1240
90 1241
91 63
91 79
91 86
91 110
91 278
91 285
91 590
91 619
91 635
91 642
91 685
91 691
91 988
91 993
91 1242
92 63
92 79
92 86
92 110
92 278
92 280
92 281
92 282
92 285
92 590
92 618
92 619
92 635
92 641
92 642
92 685
92 691
92 988
92 993
92 1242
93 63
93 79
93 86
93 110
93 278
93 280
93 283
93 284
93 285
93 591
93 617
93 618
93 635
93 639
93 640
93 685
93 691
93 988
93 993
93 1242
94 63
94 79
94 86
94 110
94 278
94 279
94 280
94 591
94 592
94 598
94 599
94 600
94 601
94 616
94 617
94 636
94 637
94 638
94 685
94 691
94 988
94 994
94 1242
95 63
95 79
95 86
95 110
95 592
95 596
95 597
95 602
95 610
95 615
95 616
95 685
95 691
95 988
95 994
95 1242
96 63
96 79
96 86
96 111
96 112
96 113
96 592
96 596
96 603
96 608
96 609
96 611
96 612
96 613
96 614
96 685
96 691
96 988
96 994
96 1242
97 63
97 79
97 86
97 114
97 115
97 116
97 117
97 118
97 119
97 120
97 121
97 122
97 592
97 595
97 603
97 604
97 607
97 608
97 685
97 691
97 988
97 994
97 1121
97 1122
97 1123
97 1124
97 1241
98 63
98 79
98 86
98 123
98 124
98 125
98 126
98 127
98 592
98 595
98 604
98 605
98 606
98 685
98 691
98 988
98 994
98 1120
98 1124
98 1241
99 63
99 79
99 86
99 128
99 593
99 596
99 685
99 691
99 988
99 994
99 1119
99 1124
99 1241
100 63
100 79
100 86
100 128
100 594
100 595
100 685
100 691
100 988
100 994
100 1119
100 1124
100 1241
101 63
101 80
101 86
101 128
101 685
101 692
101 988
101 994
101 1119
101 1124
101 1240
102 63
102 80
102 86
102 128
102 685
102 692
102 988
102 994
102 1119
102 1124
102 1240
103 63
103 80
103 86
103 129
103 685
103 692
103 988
103 994
103 1119
103 1124
103 1240
104 63
104 80
104 86
104 129
104 685
104 692
104 988
104 994
104 1119
104 1124
104 1240
105 63
105 80
105 86
105 129
105 685
105 692
105 988
105 994
105 1119
105 1124
105 1239
106 63
106 80
106 86
106 129
106 685
106 692
106 988
106 994
106 1119
106 1124
106 1238
106 1239
107 63
107 81
107 82
107 83
107 84
107 85
107 86
107 129
107 685
107 692
107 988
107 994
107 1119
107 1124
107 1236
107 1237
108 63
108 128
108 129
108 685
108 692
108 988
108 994
108 1119
108 1124
108 1234
108 1235
109 63
109 124
109 125
109 126
109 127
109 685
109 692
109 988
109 994
109 1119
109 1124
109 1234
109 1237
109 1238
109 1239
109 1240
109 1241
109 1242
109 1243
109 1244
109 1245
109 1246
109 1247
109 1248
109 1249
109 1250
109 1251
110 63
110 119
110 120
110 121
110 122
110 123
110 685
110 692
110 988
110 994
110 1119
110 1124
110 1252
110 1253
111 63
111 115
111 116
111 117
111 118
111 685
111 692
111 988
111 994
111 1119
111 1124
111 1253
111 1254
112 63
112 113
112 114
112 685
112 692
112 988
112 994
112 1119
112 1124
112 1254
112 1255
113 63
113 111
113 112
113 686
113 692
113 988
113 994
113 1119
113 1125
113 1256
113 1257
114 63
114 111
114 686
114 692
114 988
114 994
114 1119
114 1125
114 1257
114 1258
115 63
115 106
115 107
115 108
115 109
115 110
115 686
115 692
115 988
115 994
115 1119
115 1125
115 1258
116 63
116 101
116 102
116 103
116 104
116 105
116 686
116 692
116 988
116 994
116 1119
116 1125
116 1258
117 63
117 100
117 686
117 692
117 988
117 994
117 1119
117 1125
117 1258
118 63
118 100
118 686
118 692
118 988
118 994
118 1119
118 1125
118 1257
119 63
119 95
119 96
119 97
119 98
119 101
119 102
119 686
119 692
119 988
119 994
119 1119
119 1125
119 1257
120 63
120 94
120 99
120 686
120 692
120 988
120 994
120 1119
120 1125
120 1257
121 63
121 93
121 101
121 102
121 686
121 692
121 988
121 994
121 1119
121 1125
121 1256
122 63
122 93
122 686
122 692
122 988
122 994
122 1120
122 1125
122 1254
122 1255
123 63
123 93
123 686
123 692
123 988
123 994
123 1120
123 1125
123 1254
124 63
124 93
124 686
124 692
124 988
124 994
124 1120
124 1125
124 1253
125 63
125 93
125 686
125 692
125 988
125 994
125 1120
125 1125
125 1253
126 63
126 94
126 95
126 686
126 692
126 988
126 994
126 1120
126 1125
126 1253
127 63
127 96
127 97
127 98
127 99
127 100
127 101
127 102
127 686
127 692
127 988
127 994
127 1120
127 1125
127 1253
128 63
128 103
128 686
128 692
128 988
128 994
128 1120
128 1125
128 1253
129 63
129 104
129 105
129 106
129 686
129 692
129 988
129 994
129 1120
129 1125
129 1253
130 63
130 107
130 686
130 692
130 988
130 994
130 1120
130 1125
130 1254
130 1261
130 1262
130 1263
130 1273
130 1274
130 1275
130 1276
130 1277
131 63
131 107
131 686
131 692
131 988
131 994
131 1120
131 1125
131 1254
131 1260
131 1264
131 1267
131 1268
131 1269
131 1270
131 1271
131 1272
131 1278
131 1279
132 63
132 107
132 686
132 692
132 988
132 994
132 1120
132 1125
132 1255
132 1256
132 1257
132 1258
132 1259
132 1264
132 1265
133 63
133 107
133 686
133 693
133 988
133 994
133 1120
133 1125
133 1259
133 1264
134 63
134 102
134 103
134 104
134 105
134 106
134 107
134 686
134 693
134 988
134 994
134 1120
134 1125
134 1259
134 1264
135 63
135 96
135 97
135 98
135 99
135 100
135 101
135 686
135 693
135 988
135 994
135 1120
135 1125
135 1259
135 1264
136 63
136 95
136 686
136 693
136 988
136 994
136 1120
136 1125
136 1259
136 1264
137 63
137 94
137 686
137 693
137 988
137 995
137 1120
137 1125
137 1259
137 1264
138 63
138 94
138 686
138 693
138 988
138 995
138 1120
138 1125
138 1259
138 1264
139 63
139 93
139 686
139 693
139 988
139 995
139 1120
139 1125
139 1259
139 1264
140 63
140 94
140 95
140 96
140 97
140 98
140 686
140 693
140 988
140 995
140 1120
140 1125
140 1259
140 1264
141 63
141 99
141 100
141 101
141 102
141 103
141 104
141 105
141 686
141 693
141 988
141 995
141 1120
141 1125
141 1259
141 1265
142 63
142 106
142 686
142 693
142 988
142 995
142 1120
142 1125
142 1260
142 1265
143 63
143 106
143 686
143 693
143 988
143 995
143 1120
143 1125
143 1260
143 1265
144 63
144 107
144 686
144 693
144 988
144 995
144 1120
144 1125
144 1260
144 1265
145 63
145 107
145 686
145 693
145 988
145 995
145 1057
145 1058
145 1120
145 1125
145 1260
145 1265
146 63
146 107
146 686
146 693
146 988
146 995
146 1056
146 1120
146 1125
146 1260
146 1265
147 63
147 102
147 103
147 104
147 105
147 106
147 107
147 686
147 693
147 988
147 995
147 1055
147 1058
147 1120
147 1126
147 1260
147 1265
148 63
148 97
148 98
148 99
148 100
148 101
148 686
148 693
148 988
148 995
148 1055
148 1058
148 1120
148 1126
148 1260
148 1265
149 63
149 96
149 686
149 693
149 989
149 995
149 1053
149 1054
149 1055
149 1056
149 1057
149 1058
149 1059
149 1120
149 1126
149 1260
149 1265
150 63
150 95
150 686
150 693
150 989
150 995
150 1052
150 1060
150 1120
150 1126
150 1260
150 1265
151 63
151 95
151 686
151 693
151 989
151 995
151 1051
151 1060
151 1120
151 1126
151 1241
151 1242
151 1243
151 1244
151 1245
151 1260
151 1265
152 63
152 94
152 686
152 693
152 989
152 995
152 1051
152 1060
152 1120
152 1126
152 1238
152 1239
152 1240
152 1245
152 1260
152 1265
153 63
153 94
153 686
153 693
153 989
153 995
153 1052
153 1060
153 1120
153 1126
153 1237
153 1245
153 1260
153 1265
154 63
154 81
154 92
154 93
154 686
154 693
154 989
154 995
154 1052
154 1060
154 1120
154 1126
154 1236
154 1245
154 1260
154 1265
155 63
155 82
155 83
155 84
155 85
155 86
155 87
155 88
155 89
155 90
155 91
155 686
155 693
155 989
155 995
155 1052
155 1060
155 1120
155 1126
155 1236
155 1245
155 1260
155 1265
156 63
156 82
156 686
156 693
156 989
156 995
156 1052
156 1060
156 1120
156 1126
156 1236
156 1245
156 1260
156 1265
157 63
157 81
157 686
157 693
157 989
157 995
157 1053
157 1056
157 1057
157 1058
157 1060
157 1120
157 1126
157 1236
157 1245
157 1260
157 1265
158 64
158 81
158 686
158 693
158 989
158 995
158 1054
158 1055
158 1059
158 1060
158 1120
158 1126
158 1236
158 1245
158 1260
158 1265
159 64
159 81
159 686
159 693
159 989
159 995
159 1054
159 1059
159 1120
159 1126
159 1236
159 1245
159 1260
159 1265
160 64
160 81
160 686
160 693
160 989
160 995
160 1054
160 1059
160 1120
160 1126
160 1237
160 1245
160 1260
160 1265
161 64
161 81
161 686
161 693
161 989
161 995
161 1054
161 1059
161 1120
161 1126
161 1237
161 1245
161 1260
161 1265
162 64
162 81
162 686
162 693
162 989
162 995
162 1055
162 1059
162 1120
162 1126
162 1237
162 1245
162 1260
162 1266
163 64
163 81
163 686
163 693
163 989
163 995
163 1055
163 1059
163 1120
163 1126
163 1237
163 1245
163 1260
163 1266
164 64
164 81
164 321
164 322
164 323
164 324
164 325
164 326
164 327
164 328
164 329
164 330
164 331
164 332
164 333
164 334
164 335
164 336
164 337
164 338
164 339
164 340
164 341
164 342
164 343
164 344
164 345
164 346
164 347
164 348
164 349
164 350
164 351
164 352
164 353
164 354
164 355
164 356
164 357
164 358
164 359
164 360
164 361
164 362
164 363
164 364
164 365
164 366
164 367
164 368
164 369
164 370
164 371
164 372
164 373
164 374
164 375
164 376
164 377
164 378
164 379
164 380
164 381
164 382
164 383
164 384
164 385
164 386
164 387
164 388
164 389
164 390
164 391
164 392
164 393
164 394
164 395
164 396
164 397
164 398
164 399
164 400
164 401
164 686
164 693
164 989
164 995
164 1055
164 1059
164 1120
164 1126
164 1237
164 1245
164 1261
164 1266
165 64
165 81
165 298
165 299
165 300
165 301
165 302
165 303
165 304
165 305
165 306
165 307
165 308
165 309
165 310
165 311
165 312
165 313
165 314
165 315
165 316
165 317
165 318
165 319
165 320
165 402
165 403
165 404
165 686
165 694
165 989
165 995
165 1055
165 1059
165 1120
165 1126
165 1237
165 1246
165 1261
165 1266
166 64
166 81
166 276
166 277
166 278
166 279
166 280
166 281
166 282
166 283
166 284
166 285
166 286
166 287
166 288
166 289
166 290
166 291
166 292
166 293
166 294
166 295
166 296
166 297
166 405
166 686
166 694
166 989
166 995
166 1055
166 1059
166 1120
166 1126
166 1237
166 1247
166 1261
166 1266
167 64
167 81
167 260
167 261
167 262
167 263
167 264
167 265
167 266
167 267
167 268
167 269
167 270
167 271
167 272
167 273
167 274
167 275
167 406
167 686
167 694
167 989
167 995
167 1055
167 1059
167 1120
167 1126
167 1237
167 1247
167 1261
167 1266
168 64
168 81
168 252
168 253
168 254
168 255
168 256
168 257
168 258
168 259
168 406
168 686
168 694
168 989
168 995
168 1055
168 1059
168 1120
168 1126
168 1237
168 1247
168 1261
168 1266
169 64
169 81
169 247
169 248
169 249
169 250
169 251
169 407
169 686
169 694
169 989
169 995
169 1055
169 1059
169 1120
169 1126
169 1237
169 1247
169 1261
169 1266
169 1278
169 1279
170 64
170 81
170 246
170 407
170 686
170 694
170 989
170 995
170 1055
170 1059
170 1120
170 1126
170 1237
170 1247
170 1261
170 1266
171 64
171 81
171 243
171 244
171 245
171 407
171 686
171 694
171 989
171 995
171 1055
171 1059
171 1120
171 1126
171 1237
171 1247
171 1261
171 1266
172 64
172 81
172 240
172 241
172 242
172 408
172 686
172 694
172 989
172 995
172 1055
172 1059
172 1121
172 1126
172 1237
172 1247
172 1261
172 1266
173 64
173 81
173 235
173 236
173 237
173 238
173 239
173 408
173 686
173 694
173 989
173 995
173 1055
173 1059
173 1121
173 1126
173 1237
173 1247
173 1261
173 1266
174 64
174 81
174 233
174 234
174 408
174 686
174 694
174 989
174 996
174 1055
174 1059
174 1121
174 1126
174 1237
174 1247
174 1261
174 1266
175 64
175 81
175 231
175 232
175 409
175 686
175 694
175 989
175 1056
175 1059
175 1121
175 1126
175 1237
175 1247
175 1262
175 1264
175 1265
175 1266
175 1267
175 1268
175 1269
176 64
176 81
176 230
176 231
176 409
176 686
176 694
176 989
176 995
176 1056
176 1059
176 1121
176 1126
176 1237
176 1247
176 1255
176 1256
176 1257
176 1258
176 1259
176 1260
176 1261
176 1262
176 1263
177 64
177 82
177 228
177 229
177 410
177 686
177 694
177 989
177 995
177 1056
177 1059
177 1121
177 1126
177 1238
177 1247
177 1254
178 64
178 82
178 227
178 228
178 410
178 686
178 694
178 989
178 995
178 1056
178 1059
178 1121
178 1126
178 1215
178 1216
178 1217
178 1218
178 1219
178 1220
178 1221
178 1222
178 1223
178 1224
178 1225
178 1226
178 1227
178 1228
178 1229
178 1230
178 1231
178 1232
178 1238
178 1247
178 1253
179 82
179 226
179 227
179 411
179 686
179 694
179 988
179 989
179 995
179 1056
179 1060
179 1121
179 1126
179 1214
179 1233
179 1238
179 1247
179 1253
180 61
180 62
180 63
180 64
180 82
180 225
180 226
180 411
180 686
180 694
180 987
180 988
180 996
180 1056
180 1060
180 1121
180 1127
180 1213
180 1233
180 1238
180 1248
180 1249
180 1250
180 1251
180 1252
180 1253
181 60
181 64
181 82
181 223
181 224
181 411
181 686
181 694
181 987
181 996
181 1056
181 1060
181 1121
181 1127
181 1213
181 1233
181 1238
182 59
182 64
182 82
182 222
182 223
182 411
182 686
182 694
182 821
182 822
182 823
182 824
182 825
182 826
182 827
182 828
182 829
182 830
182 831
182 832
182 833
182 834
182 835
182 836
182 837
182 838
182 839
182 840
182 989
182 996
182 1056
182 1060
182 1121
182 1127
182 1213
182 1238
183 59
183 64
183 82
183 221
183 222
183 412
183 686
183 694
183 813
183 814
183 815
183 816
183 817
183 818
183 819
183 820
183 841
183 842
183 843
183 844
183 845
183 846
183 847
183 848
183 849
183 850
183 851
183 852
183 853
183 854
183 855
183 856
183 857
183 858
183 859
183 860
183 861
183 990
183 996
183 1056
183 1060
183 1121
183 1127
183 1205
183 1213
183 1231
183 1232
183 1233
183 1234
183 1236
183 1237
183 1238
183 1239
183 1240
183 1241
183 1242
183 1243
183 1244
183 1245
183 1246
183 1247
183 1248
184 59
184 64
184 82
184 219
184 220
184 412
184 686
184 694
184 803
184 804
184 805
184 806
184 807
184 808
184 809
184 810
184 811
184 812
184 862
184 863
184 864
184 865
184 866
184 990
184 996
184 1056
184 1060
184 1121
184 1127
184 1138
184 1139
184 1141
184 1181
184 1209
184 1210
184 1211
184 1212
184 1213
184 1214
184 1215
184 1216
184 1217
184 1218
184 1219
184 1220
184 1221
184 1222
184 1223
184 1224
184 1225
184 1226
184 1227
184 1228
184 1229
184 1230
184 1249
184 1250
184 1251
184 1252
184 1253
184 1254
184 1255
184 1256
184 1257
184 1258
184 1259
184 1260
184 1261
184 1262
184 1263
184 1264
184 1265
184 1266
184 1267
184 1268
184 1269
184 1270
184 1271
184 1272
184 1273
184 1274
184 1275
184 1276
184 1277
184 1278
184 1279
185 59
185 64
185 82
185 218
185 219
185 412
185 686
185 694
185 798
185 799
185 800
185 801
185 802
185 867
185 868
185 869
185 990
185 996
185 1024
185 1026
185 1056
185 1060
185 1061
185 1062
185 1063
185 1064
185 1065
185 1066
185 1067
185 1119
185 1120
185 1121
185 1145
185 1146
185 1147
185 1148
185 1149
185 1150
185 1152
185 1153
185 1154
185 1155
185 1156
185 1157
185 1158
185 1159
185 1160
185 1161
185 1162
185 1163
185 1164
185 1165
185 1166
185 1167
185 1168
185 1169
185 1170
185 1171
185 1172
185 1173
185 1188
185 1189
185 1190
185 1191
185 1192
185 1193
185 1194
185 1195
185 1196
185 1197
185 1198
185 1199
185 1200
185 1201
185 1202
185 1203
185 1204
185 1205
185 1206
185 1207
185 1208
186 59
186 64
186 82
186 217
186 218
186 412
186 686
186 694
186 796
186 797
186 870
186 871
186 990
186 996
186 1041
186 1042
186 1043
186 1044
186 1045
186 1046
186 1047
186 1048
186 1049
186 1050
186 1051
186 1052
186 1053
186 1054
186 1055
186 1056
186 1057
186 1058
186 1059
186 1068
186 1069
186 1137
186 1138
186 1139
186 1140
186 1141
186 1142
186 1143
186 1144
186 1174
186 1175
186 1176
186 1177
186 1178
186 1179
186 1180
186 1181
186 1182
186 1183
186 1184
186 1185
186 1186
186 1187
187 59
187 64
187 82
187 216
187 217
187 413
187 686
187 694
187 794
187 795
187 871
187 872
187 990
187 996
187 1023
187 1024
187 1025
187 1026
187 1027
187 1028
187 1029
187 1030
187 1031
187 1032
187 1033
187 1034
187 1035
187 1036
187 1037
187 1038
187 1039
187 1040
187 1069
187 1070
187 1121
187 1127
187 1135
187 1136
188 59
188 64
188 82
188 214
188 215
188 413
188 686
188 694
188 792
188 793
188 873
188 874
188 877
188 990
188 996
188 1013
188 1014
188 1015
188 1016
188 1017
188 1018
188 1019
188 1020
188 1021
188 1022
188 1070
188 1071
188 1121
188 1127
188 1134
188 1135
188 1173
188 1174
189 59
189 64
189 82
189 213
189 214
189 413
189 686
189 694
189 790
189 791
189 874
189 875
189 877
189 990
189 996
189 1011
189 1012
189 1071
189 1072
189 1121
189 1127
189 1133
189 1134
189 1171
189 1172
190 59
190 64
190 82
190 212
190 213
190 413
190 686
190 694
190 788
190 789
190 877
190 990
190 996
190 1009
190 1010
190 1072
190 1073
190 1121
190 1127
190 1131
190 1132
190 1170
190 1171
191 59
191 64
191 82
191 210
191 211
191 414
191 686
191 694
191 786
191 787
191 878
191 879
191 990
191 996
191 1003
191 1004
191 1007
191 1008
191 1073
191 1074
191 1121
191 1127
191 1130
191 1131
191 1170
192 59
192 64
192 82
192 209
192 210
192 414
192 686
192 694
192 784
192 785
192 879
192 880
192 990
192 996
192 1005
192 1006
192 1007
192 1074
192 1075
192 1076
192 1077
192 1121
192 1129
192 1130
192 1169
193 59
193 64
193 82
193 208
193 209
193 414
193 686
193 694
193 782
193 783
193 880
193 881
193 990
193 996
193 1005
193 1006
193 1075
193 1076
193 1121
193 1129
193 1169
194 59
194 64
194 82
194 206
194 207
194 414
194 686
194 694
194 781
194 782
194 881
194 882
194 990
194 996
194 1004
194 1005
194 1076
194 1121
194 1128
194 1168
195 59
195 64
195 82
195 205
195 206
195 415
195 686
195 694
195 780
195 781
195 882
195 883
195 990
195 996
195 1002
195 1003
195 1077
195 1121
195 1127
195 1128
195 1168
196 59
196 64
196 82
196 203
196 204
196 415
196 686
196 694
196 778
196 779
196 883
196 990
196 996
196 1001
196 1002
196 1078
196 1079
196 1121
196 1122
196 1123
196 1124
196 1125
196 1126
196 1159
196 1160
196 1161
196 1162
196 1163
196 1164
196 1165
196 1166
196 1167
197 59
197 64
197 82
197 201
197 202
197 415
197 686
197 695
197 777
197 778
197 884
197 990
197 996
197 1000
197 1001
197 1079
197 1116
197 1117
197 1118
197 1119
197 1120
197 1134
197 1135
197 1136
197 1137
197 1138
197 1139
197 1140
197 1141
197 1142
197 1143
197 1144
197 1145
197 1146
197 1147
197 1148
197 1149
197 1150
197 1151
197 1152
197 1153
197 1154
197 1155
197 1156
197 1157
197 1158
197 1167
198 59
198 64
198 82
198 199
198 200
198 415
198 686
198 695
198 776
198 777
198 884
198 990
198 996
198 999
198 1000
198 1080
198 1108
198 1109
198 1110
198 1111
198 1112
198 1113
198 1114
198 1115
198 1123
198 1124
198 1125
198 1126
198 1127
198 1128
198 1129
198 1130
198 1131
198 1132
198 1133
198 1167
199 59
199 64
199 82
199 198
199 199
199 416
199 686
199 695
199 774
199 775
199 776
199 885
199 990
199 998
199 999
199 1080
199 1084
199 1085
199 1086
199 1087
199 1088
199 1089
199 1090
199 1091
199 1092
199 1093
199 1094
199 1095
199 1096
199 1097
199 1098
199 1099
199 1100
199 1101
199 1102
199 1103
199 1104
199 1105
199 1106
199 1107
199 1116
199 1117
199 1118
199 1119
199 1166
200 59
200 64
200 82
200 197
200 198
200 416
200 686
200 695
200 772
200 773
200 885
200 886
200 990
200 997
200 998
200 1059
200 1060
200 1061
200 1062
200 1063
200 1064
200 1065
200 1066
200 1067
200 1068
200 1069
200 1070
200 1071
200 1072
200 1073
200 1074
200 1075
200 1076
200 1077
200 1078
200 1079
200 1080
200 1083
200 1156
200 1157
200 1158
200 1159
200 1160
200 1161
200 1162
200 1163
200 1164
200 1166
201 59
201 64
201 82
201 195
201 196
201 416
201 686
201 695
201 771
201 772
201 886
201 887
201 995
201 996
201 1036
201 1037
201 1038
201 1039
201 1040
201 1041
201 1042
201 1043
201 1044
201 1045
201 1046
201 1047
201 1048
201 1049
201 1050
201 1051
201 1052
201 1053
201 1054
201 1055
201 1056
201 1057
201 1058
201 1142
201 1143
201 1144
201 1145
201 1146
201 1147
201 1148
201 1149
201 1150
201 1151
201 1152
201 1153
201 1154
201 1155
201 1165
201 1166
202 59
202 64
202 82
202 194
202 195
202 417
202 686
202 695
202 770
202 771
202 887
202 888
202 963
202 964
202 965
202 966
202 967
202 968
202 969
202 970
202 971
202 972
202 973
202 974
202 975
202 976
202 977
202 978
202 979
202 980
202 981
202 982
202 983
202 984
202 985
202 986
202 987
202 988
202 989
202 990
202 992
202 993
202 994
202 1014
202 1015
202 1016
202 1017
202 1018
202 1019
202 1020
202 1021
202 1022
202 1023
202 1024
202 1025
202 1026
202 1027
202 1028
202 1029
202 1030
202 1031
202 1032
202 1033
202 1034
202 1035
202 1124
202 1125
202 1126
202 1127
202 1128
202 1129
202 1130
202 1131
202 1132
202 1133
202 1134
202 1141
202 1165
203 59
203 64
203 82
203 192
203 193
203 417
203 686
203 695
203 768
203 769
203 888
203 936
203 937
203 938
203 939
203 940
203 941
203 942
203 943
203 944
203 945
203 946
203 947
203 948
203 949
203 950
203 951
203 952
203 953
203 954
203 955
203 956
203 957
203 958
203 959
203 960
203 961
203 962
203 995
203 996
203 997
203 998
203 999
203 1000
203 1001
203 1002
203 1003
203 1004
203 1005
203 1006
203 1007
203 1008
203 1009
203 1010
203 1011
203 1012
203 1013
203 1090
203 1091
203 1092
203 1093
203 1094
203 1095
203 1096
203 1097
203 1098
203 1099
203 1100
203 1101
203 1102
203 1109
203 1110
203 1111
203 1112
203 1113
203 1114
203 1115
203 1116
203 1117
203 1118
203 1119
203 1120
203 1121
203 1122
203 1123
203 1135
203 1140
203 1165
204 59
204 64
204 82
204 191
204 192
204 417
204 683
204 684
204 696
204 767
204 768
204 889
204 909
204 910
204 911
204 912
204 913
204 914
204 915
204 916
204 917
204 918
204 919
204 920
204 921
204 922
204 923
204 924
204 925
204 926
204 927
204 928
204 929
204 930
204 931
204 932
204 933
204 934
204 935
204 989
204 990
204 992
204 993
204 1049
204 1050
204 1051
204 1052
204 1053
204 1054
204 1055
204 1056
204 1057
204 1058
204 1059
204 1060
204 1061
204 1062
204 1063
204 1064
204 1073
204 1074
204 1075
204 1076
204 1077
204 1078
204 1079
204 1080
204 1081
204 1084
204 1085
204 1086
204 1087
204 1088
204 1089
204 1103
204 1108
204 1135
204 1140
204 1165
205 59
205 64
205 82
205 189
205 190
205 417
205 685
205 686
205 766
205 767
205 889
205 890
205 892
205 893
205 894
205 895
205 896
205 897
205 898
205 899
205 900
205 901
205 902
205 903
205 904
205 905
205 906
205 907
205 908
205 962
205 963
205 964
205 965
205 966
205 967
205 1030
205 1031
205 1032
205 1033
205 1034
205 1035
205 1036
205 1037
205 1038
205 1039
205 1040
205 1041
205 1042
205 1043
205 1044
205 1045
205 1046
205 1047
205 1048
205 1065
205 1072
205 1082
205 1083
205 1103
205 1107
205 1135
205 1140
205 1164
206 59
206 64
206 188
206 189
206 417
206 686
206 695
206 764
206 765
206 891
206 935
206 936
206 937
206 938
206 1016
206 1017
206 1018
206 1019
206 1020
206 1021
206 1022
206 1023
206 1029
206 1065
206 1071
206 1082
206 1103
206 1107
206 1113
206 1135
206 1140
206 1164
207 59
207 64
207 187
207 188
207 417
207 686
207 695
207 763
207 764
207 873
207 874
207 875
207 876
207 877
207 878
207 879
207 880
207 881
207 882
207 883
207 884
207 885
207 886
207 887
207 888
207 889
207 904
207 905
207 906
207 907
207 993
207 994
207 995
207 996
207 997
207 998
207 999
207 1000
207 1001
207 1002
207 1003
207 1004
207 1005
207 1006
207 1007
207 1008
207 1009
207 1010
207 1011
207 1012
207 1013
207 1014
207 1015
207 1024
207 1028
207 1065
207 1071
207 1083
207 1103
207 1107
207 1113
207 1135
207 1140
207 1164
208 59
208 64
208 82
208 185
208 186
208 416
208 686
208 695
208 761
208 762
208 836
208 837
208 838
208 839
208 840
208 841
208 842
208 843
208 844
208 845
208 846
208 847
208 848
208 849
208 850
208 851
208 852
208 853
208 854
208 855
208 856
208 857
208 858
208 859
208 860
208 861
208 862
208 863
208 864
208 865
208 866
208 867
208 868
208 869
208 870
208 871
208 872
208 964
208 965
208 966
208 967
208 968
208 969
208 970
208 971
208 972
208 973
208 984
208 985
208 986
208 987
208 988
208 989
208 990
208 991
208 992
208 1024
208 1028
208 1065
208 1071
208 1083
208 1103
208 1107
208 1113
208 1135
208 1140
208 1163
209 59
209 64
209 82
209 184
209 185
209 416
209 686
209 695
209 796
209 797
209 798
209 799
209 800
209 801
209 802
209 803
209 804
209 805
209 806
209 807
209 808
209 809
209 810
209 811
209 812
209 813
209 814
209 815
209 816
209 817
209 818
209 819
209 820
209 821
209 822
209 823
209 824
209 825
209 826
209 827
209 828
209 829
209 830
209 831
209 832
209 833
209 834
209 835
209 938
209 939
209 940
209 941
209 942
209 943
209 944
209 945
209 946
209 947
209 948
209 949
209 950
209 951
209 952
209 953
209 954
209 955
209 956
209 957
209 958
209 959
209 960
209 961
209 962
209 963
209 974
209 981
209 982
209 983
209 1024
209 1028
209 1065
209 1071
209 1083
209 1103
209 1107
209 1113
209 1135
209 1140
209 1163
210 59
210 64
210 82
210 182
210 183
210 416
210 686
210 695
210 732
210 733
210 734
210 735
210 736
210 737
210 738
210 739
210 740
210 741
210 742
210 743
210 744
210 745
210 746
210 747
210 748
210 749
210 750
210 751
210 752
210 753
210 755
210 756
210 757
210 758
210 761
210 762
210 763
210 764
210 765
210 766
210 767
210 768
210 769
210 770
210 771
210 772
210 773
210 774
210 775
210 776
210 777
210 778
210 779
210 780
210 781
210 782
210 783
210 784
210 785
210 786
210 787
210 788
210 789
210 790
210 791
210 792
210 793
210 794
210 795
210 926
210 927
210 928
210 929
210 930
210 931
210 932
210 933
210 934
210 935
210 936
210 937
210 974
210 980
210 1024
210 1028
210 1065
210 1071
210 1083
210 1103
210 1107
210 1113
210 1135
210 1140
210 1162
211 59
211 64
211 82
211 181
211 182
211 416
211 686
211 695
211 702
211 703
211 704
211 705
211 706
211 707
211 708
211 709
211 710
211 711
211 712
211 713
211 714
211 715
211 716
211 717
211 718
211 719
211 721
211 722
211 723
211 724
211 725
211 726
211 727
211 728
211 729
211 730
211 731
211 753
211 754
211 759
211 760
211 895
211 896
211 897
211 898
211 899
211 900
211 901
211 902
211 903
211 904
211 905
211 906
211 907
211 908
211 909
211 910
211 911
211 912
211 913
211 914
211 915
211 916
211 917
211 918
211 925
211 974
211 980
211 1024
211 1028
211 1065
211 1071
211 1097
211 1098
211 1099
211 1100
211 1101
211 1102
211 1103
211 1107
211 1112
211 1162
212 59
212 64
212 82
212 179
212 180
212 416
212 672
212 673
212 674
212 675
212 676
212 677
212 678
212 679
212 680
212 681
212 682
212 683
212 684
212 685
212 693
212 694
212 695
212 697
212 698
212 699
212 700
212 701
212 719
212 732
212 733
212 734
212 735
212 736
212 737
212 738
212 739
212 740
212 741
212 742
212 743
212 744
212 745
212 746
212 747
212 748
212 749
212 750
212 751
212 752
212 753
212 864
212 865
212 866
212 867
212 868
212 869
212 870
212 871
212 872
212 873
212 874
212 875
212 876
212 877
212 878
212 879
212 880
212 881
212 882
212 883
212 884
212 885
212 886
212 887
212 888
212 889
212 890
212 891
212 892
212 893
212 894
212 919
212 924
212 974
212 980
212 1024
212 1028
212 1065
212 1071
212 1078
212 1079
212 1080
212 1081
212 1082
212 1083
212 1084
212 1085
212 1086
212 1087
212 1088
212 1089
212 1090
212 1091
212 1092
212 1093
212 1094
212 1095
212 1096
212 1107
212 1162
213 59
213 64
213 82
213 179
213 416
213 671
213 686
213 692
213 702
213 703
213 704
213 705
213 706
213 707
213 708
213 709
213 710
213 711
213 712
213 713
213 714
213 715
213 716
213 717
213 718
213 719
213 863
213 893
213 919
213 924
213 974
213 980
213 1024
213 1028
213 1065
213 1071
213 1077
213 1107
213 1161
214 58
214 59
214 64
214 82
214 178
214 417
214 418
214 642
214 643
214 644
214 645
214 646
214 647
214 648
214 649
214 650
214 651
214 652
214 653
214 654
214 655
214 656
214 657
214 658
214 659
214 660
214 661
214 662
214 663
214 664
214 666
214 667
214 668
214 669
214 671
214 686
214 688
214 689
214 690
214 691
214 841
214 842
214 843
214 844
214 845
214 846
214 847
214 848
214 849
214 850
214 851
214 852
214 853
214 854
214 855
214 856
214 862
214 893
214 919
214 924
214 974
214 980
214 1024
214 1028
214 1059
214 1060
214 1061
214 1062
214 1063
214 1064
214 1065
214 1072
214 1073
214 1074
214 1075
214 1076
214 1107
214 1161
215 58
215 64
215 83
215 177
215 178
215 417
215 611
215 612
215 613
215 614
215 615
215 616
215 617
215 618
215 619
215 620
215 621
215 622
215 623
215 624
215 625
215 626
215 627
215 628
215 629
215 630
215 631
215 632
215 633
215 634
215 635
215 636
215 638
215 639
215 640
215 641
215 664
215 804
215 805
215 806
215 807
215 808
215 809
215 810
215 811
215 812
215 813
215 814
215 815
215 816
215 817
215 818
215 819
215 820
215 821
215 822
215 823
215 824
215 825
215 826
215 827
215 828
215 829
215 830
215 831
215 832
215 833
215 834
215 835
215 836
215 837
215 838
215 839
215 840
215 857
215 862
215 893
215 919
215 924
215 974
215 980
215 1024
215 1028
215 1038
215 1039
215 1040
215 1041
215 1042
215 1043
215 1044
215 1045
215 1046
215 1047
215 1048
215 1049
215 1050
215 1051
215 1052
215 1053
215 1054
215 1055
215 1056
215 1057
215 1058
215 1070
215 1096
215 1097
215 1098
215 1099
215 1100
215 1101
215 1107
215 1161
216 57
216 64
216 83
216 175
216 176
216 417
216 519
216 520
216 521
216 581
216 582
216 583
216 584
216 585
216 586
216 587
216 588
216 589
216 590
216 591
216 592
216 593
216 594
216 595
216 596
216 597
216 598
216 599
216 600
216 601
216 602
216 603
216 604
216 605
216 606
216 607
216 608
216 609
216 636
216 642
216 643
216 644
216 645
216 646
216 647
216 648
216 649
216 650
216 651
216 652
216 653
216 654
216 655
216 656
216 657
216 658
216 659
216 660
216 661
216 662
216 663
216 664
216 766
216 767
216 768
216 769
216 770
216 771
216 772
216 773
216 774
216 775
216 776
216 777
216 778
216 787
216 788
216 789
216 790
216 791
216 792
216 793
216 794
216 795
216 796
216 797
216 798
216 799
216 800
216 801
216 802
216 803
216 857
216 862
216 893
216 919
216 924
216 974
216 980
216 1019
216 1020
216 1021
216 1022
216 1023
216 1024
216 1029
216 1030
216 1031
216 1032
216 1033
216 1034
216 1035
216 1036
216 1037
216 1070
216 1078
216 1079
216 1080
216 1081
216 1082
216 1083
216 1086
216 1087
216 1088
216 1089
216 1090
216 1091
216 1092
216 1093
216 1094
216 1095
216 1102
216 1107
216 1161
217 57
217 59
217 64
217 83
217 174
217 175
217 417
217 551
217 552
217 553
217 554
217 555
217 556
217 557
217 558
217 559
217 560
217 561
217 562
217 563
217 564
217 565
217 566
217 567
217 568
217 569
217 570
217 571
217 572
217 573
217 574
217 575
217 576
217 577
217 579
217 580
217 609
217 611
217 612
217 613
217 614
217 615
217 616
217 617
217 618
217 619
217 620
217 621
217 622
217 623
217 624
217 625
217 626
217 627
217 628
217 629
217 630
217 631
217 632
217 633
217 634
217 635
217 636
217 737
217 738
217 739
217 740
217 741
217 742
217 743
217 744
217 745
217 746
217 747
217 748
217 749
217 750
217 751
217 752
217 753
217 754
217 755
217 756
217 757
217 758
217 759
217 760
217 761
217 762
217 763
217 764
217 765
217 779
217 786
217 857
217 862
217 893
217 919
217 924
217 974
217 980
217 1001
217 1002
217 1003
217 1004
217 1005
217 1006
217 1007
217 1008
217 1009
217 1010
217 1011
217 1012
217 1013
217 1014
217 1015
217 1016
217 1017
217 1018
217 1027
217 1060
217 1061
217 1062
217 1063
217 1064
217 1065
217 1068
217 1069
217 1070
217 1073
217 1074
217 1075
217 1076
217 1077
217 1084
217 1085
217 1102
217 1107
217 1158
217 1160
218 59
218 64
218 83
218 172
218 173
218 417
218 520
218 521
218 522
218 523
218 524
218 525
218 526
218 527
218 528
218 529
218 530
218 531
218 532
218 533
218 534
218 535
218 536
218 537
218 538
218 539
218 540
218 541
218 542
218 544
218 545
218 546
218 547
218 548
218 549
218 550
218 577
218 581
218 582
218 583
218 584
218 585
218 586
218 587
218 588
218 589
218 590
218 591
218 592
218 593
218 594
218 595
218 596
218 597
218 598
218 599
218 600
218 601
218 602
218 603
218 604
218 605
218 606
218 607
218 608
218 609
218 707
218 708
218 709
218 710
218 711
218 712
218 713
218 714
218 715
218 716
218 717
218 718
218 719
218 720
218 721
218 722
218 723
218 724
218 725
218 726
218 727
218 728
218 729
218 730
218 731
218 732
218 733
218 734
218 735
218 736
218 749
218 779
218 785
218 857
218 862
218 893
218 919
218 924
218 974
218 980
218 983
218 984
218 985
218 986
218 987
218 988
218 989
218 990
218 991
218 992
218 993
218 994
218 995
218 996
218 997
218 998
218 999
218 1000
218 1042
218 1043
218 1044
218 1045
218 1046
218 1047
218 1048
218 1049
218 1050
218 1051
218 1052
218 1053
218 1054
218 1055
218 1056
218 1057
218 1058
218 1059
218 1066
218 1072
218 1158
218 1159
218 1160
219 59
219 64
219 83
219 171
219 172
219 417
219 489
219 490
219 491
219 492
219 493
219 494
219 495
219 496
219 497
219 498
219 499
219 500
219 501
219 502
219 503
219 504
219 505
219 506
219 508
219 509
219 510
219 511
219 512
219 513
219 514
219 515
219 516
219 517
219 518
219 519
219 542
219 551
219 552
219 553
219 554
219 555
219 556
219 557
219 558
219 559
219 560
219 561
219 562
219 563
219 564
219 565
219 566
219 567
219 568
219 569
219 570
219 571
219 572
219 573
219 574
219 575
219 576
219 577
219 693
219 694
219 695
219 696
219 697
219 698
219 699
219 700
219 701
219 702
219 703
219 704
219 705
219 706
219 779
219 785
219 857
219 862
219 893
219 919
219 924
219 966
219 967
219 968
219 969
219 970
219 971
219 972
219 973
219 974
219 981
219 982
219 983
219 1026
219 1027
219 1031
219 1032
219 1033
219 1034
219 1035
219 1036
219 1037
219 1038
219 1039
219 1040
219 1041
220 59
220 64
220 83
220 164
220 169
220 170
220 417
220 458
220 459
220 460
220 461
220 462
220 463
220 464
220 465
220 466
220 467
220 468
220 469
220 470
220 472
220 473
220 474
220 475
220 476
220 477
220 478
220 479
220 480
220 481
220 482
220 483
220 484
220 485
220 486
220 487
220 488
220 506
220 520
220 521
220 522
220 523
220 524
220 525
220 526
220 527
220 528
220 529
220 530
220 531
220 532
220 533
220 534
220 535
220 536
220 537
220 538
220 539
220 540
220 541
220 542
220 673
220 674
220 675
220 676
220 677
220 678
220 679
220 680
220 681
220 682
220 683
220 684
220 692
220 748
220 779
220 785
220 857
220 862
220 893
220 919
220 924
220 949
220 950
220 951
220 952
220 953
220 954
220 955
220 956
220 957
220 958
220 959
220 960
220 961
220 962
220 963
220 964
220 965
220 979
220 1006
220 1007
220 1008
220 1009
220 1010
220 1011
220 1012
220 1013
220 1014
220 1015
220 1016
220 1017
220 1018
220 1019
220 1020
220 1021
220 1022
220 1023
220 1024
220 1030
221 60
221 64
221 83
221 165
221 168
221 417
221 427
221 428
221 429
221 430
221 431
221 432
221 433
221 434
221 436
221 437
221 438
221 439
221 440
221 441
221 442
221 443
221 444
221 445
221 446
221 447
221 448
221 449
221 450
221 451
221 452
221 453
221 454
221 455
221 456
221 457
221 470
221 489
221 490
221 491
221 492
221 493
221 494
221 495
221 496
221 497
221 498
221 499
221 500
221 501
221 502
221 503
221 504
221 505
221 506
221 646
221 647
221 648
221 649
221 650
221 651
221 652
221 653
221 654
221 655
221 656
221 657
221 658
221 659
221 660
221 661
221 662
221 663
221 664
221 665
221 666
221 667
221 668
221 669
221 670
221 671
221 672
221 685
221 691
221 747
221 779
221 785
221 857
221 862
221 893
221 924
221 931
221 932
221 933
221 934
221 935
221 936
221 937
221 938
221 939
221 940
221 941
221 942
221 943
221 944
221 945
221 946
221 947
221 948
221 979
221 989
221 990
221 991
221 992
221 993
221 994
221 995
221 996
221 997
221 998
221 999
221 1000
221 1001
221 1002
221 1003
221 1004
221 1005
221 1159
222 60
222 61
222 62
222 63
222 64
222 83
222 166
222 167
222 401
222 402
222 403
222 404
222 405
222 406
222 407
222 408
222 409
222 410
222 411
222 412
222 413
222 414
222 415
222 416
222 417
222 419
222 420
222 421
222 422
222 423
222 424
222 425
222 426
222 434
222 458
222 459
222 460
222 461
222 462
222 463
222 464
222 465
222 466
222 467
222 468
222 469
222 470
222 617
222 618
222 619
222 620
222 621
222 622
222 623
222 624
222 625
222 626
222 627
222 628
222 629
222 630
222 631
222 632
222 633
222 634
222 635
222 636
222 637
222 638
222 639
222 640
222 641
222 642
222 643
222 644
222 645
222 685
222 691
222 747
222 779
222 785
222 857
222 862
222 893
222 913
222 914
222 915
222 916
222 917
222 918
222 925
222 926
222 927
222 928
222 929
222 930
222 971
222 972
222 973
222 974
222 977
222 978
222 979
222 982
222 985
222 986
222 987
222 988
222 1158
223 83
223 163
223 164
223 165
223 365
223 366
223 367
223 368
223 369
223 370
223 371
223 372
223 373
223 374
223 375
223 376
223 377
223 378
223 379
223 380
223 381
223 382
223 383
223 384
223 385
223 386
223 387
223 388
223 389
223 390
223 391
223 392
223 393
223 394
223 395
223 396
223 397
223 398
223 399
223 400
223 427
223 428
223 429
223 430
223 431
223 432
223 433
223 434
223 589
223 590
223 591
223 592
223 593
223 594
223 595
223 596
223 597
223 598
223 599
223 600
223 601
223 602
223 603
223 604
223 605
223 606
223 607
223 608
223 609
223 610
223 611
223 612
223 613
223 614
223 615
223 616
223 685
223 691
223 746
223 779
223 785
223 857
223 862
223 893
223 894
223 895
223 896
223 897
223 898
223 899
223 900
223 901
223 902
223 903
223 904
223 905
223 906
223 907
223 908
223 909
223 910
223 911
223 912
223 953
223 954
223 955
223 956
223 957
223 958
223 959
223 960
223 961
223 962
223 963
223 964
223 965
223 966
223 967
223 968
223 969
223 970
223 975
223 981
223 983
223 984
223 1158
224 64
224 83
224 159
224 160
224 161
224 162
224 330
224 331
224 332
224 333
224 334
224 335
224 336
224 337
224 338
224 339
224 340
224 341
224 342
224 343
224 344
224 345
224 346
224 347
224 348
224 349
224 350
224 351
224 352
224 353
224 354
224 355
224 356
224 357
224 358
224 359
224 360
224 361
224 362
224 363
224 364
224 576
224 577
224 578
224 579
224 580
224 581
224 582
224 583
224 584
224 585
224 586
224 587
224 588
224 685
224 691
224 746
224 779
224 785
224 862
224 873
224 874
224 875
224 876
224 877
224 878
224 879
224 880
224 881
224 882
224 883
224 884
224 885
224 886
224 887
224 888
224 889
224 890
224 891
224 892
224 935
224 936
224 937
224 938
224 939
224 940
224 941
224 942
224 943
224 944
224 945
224 946
224 947
224 948
224 949
224 950
224 951
224 952
224 1158
225 64
225 83
225 155
225 156
225 157
225 158
225 300
225 301
225 302
225 303
225 304
225 305
225 306
225 307
225 308
225 309
225 310
225 311
225 312
225 313
225 314
225 315
225 316
225 317
225 318
225 319
225 320
225 321
225 322
225 323
225 324
225 325
225 326
225 327
225 328
225 329
225 535
225 536
225 537
225 538
225 539
225 540
225 541
225 542
225 543
225 544
225 545
225 546
225 547
225 548
225 549
225 550
225 551
225 552
225 553
225 554
225 555
225 556
225 557
225 558
225 559
225 560
225 561
225 562
225 563
225 564
225 565
225 575
225 685
225 691
225 746
225 779
225 785
225 854
225 855
225 856
225 863
225 864
225 865
225 866
225 867
225 868
225 869
225 870
225 871
225 872
225 926
225 927
225 928
225 929
225 930
225 931
225 932
225 933
225 934
225 1157
226 64
226 83
226 150
226 151
226 152
226 153
226 154
226 277
226 278
226 279
226 280
226 281
226 282
226 283
226 284
226 285
226 286
226 287
226 288
226 289
226 290
226 291
226 292
226 293
226 294
226 295
226 296
226 297
226 298
226 299
226 467
226 468
226 469
226 470
226 471
226 472
226 473
226 474
226 475
226 476
226 477
226 478
226 479
226 480
226 481
226 482
226 483
226 484
226 485
226 486
226 487
226 488
226 489
226 490
226 491
226 492
226 493
226 494
226 495
226 496
226 497
226 498
226 499
226 500
226 501
226 502
226 503
226 504
226 505
226 506
226 507
226 508
226 509
226 510
226 511
226 512
226 513
226 514
226 515
226 516
226 517
226 518
226 519
226 520
226 521
226 522
226 523
226 524
226 525
226 526
226 527
226 528
226 529
226 530
226 531
226 532
226 533
226 534
226 566
226 574
226 685
226 691
226 746
226 779
226 785
226 834
226 835
226 836
226 837
226 838
226 839
226 840
226 841
226 842
226 843
226 844
226 845
226 846
226 847
226 848
226 849
226 850
226 851
226 852
226 853
226 903
226 904
226 905
226 906
226 907
226 908
226 909
226 910
226 911
226 912
226 913
226 914
226 915
226 916
226 917
226 918
226 920
226 925
226 1157
227 64
227 83
227 146
227 147
227 148
227 149
227 253
227 254
227 255
227 256
227 257
227 258
227 259
227 260
227 261
227 262
227 263
227 264
227 265
227 266
227 267
227 268
227 269
227 270
227 271
227 272
227 273
227 274
227 275
227 276
227 394
227 395
227 396
227 397
227 398
227 399
227 400
227 401
227 402
227 403
227 404
227 405
227 406
227 407
227 408
227 409
227 410
227 411
227 412
227 413
227 414
227 415
227 416
227 419
227 420
227 421
227 422
227 423
227 424
227 434
227 435
227 436
227 437
227 438
227 439
227 440
227 441
227 442
227 443
227 444
227 445
227 446
227 447
227 448
227 449
227 450
227 451
227 452
227 453
227 454
227 455
227 456
227 457
227 458
227 459
227 460
227 461
227 462
227 463
227 464
227 465
227 466
227 566
227 574
227 685
227 691
227 746
227 779
227 785
227 815
227 816
227 817
227 818
227 819
227 820
227 821
227 822
227 823
227 824
227 825
227 826
227 827
227 828
227 829
227 830
227 831
227 832
227 833
227 861
227 887
227 888
227 889
227 890
227 891
227 894
227 895
227 896
227 897
227 898
227 899
227 900
227 901
227 902
227 920
227 924
227 1157
228 64
228 83
228 142
228 143
228 144
228 145
228 241
228 242
228 243
228 244
228 245
228 246
228 247
228 248
228 249
228 250
228 251
228 252
228 344
228 345
228 346
228 347
228 348
228 349
228 350
228 351
228 352
228 353
228 354
228 355
228 356
228 357
228 358
228 359
228 360
228 361
228 362
228 363
228 364
228 365
228 366
228 367
228 368
228 369
228 370
228 371
228 372
228 373
228 374
228 375
228 376
228 377
228 378
228 379
228 380
228 381
228 382
228 383
228 384
228 385
228 386
228 387
228 388
228 389
228 390
228 391
228 392
228 393
228 417
228 418
228 425
228 433
228 566
228 574
228 685
228 691
228 746
228 785
228 795
228 796
228 797
228 798
228 799
228 800
228 801
228 802
228 803
228 804
228 805
228 806
228 807
228 808
228 809
228 810
228 811
228 812
228 813
228 814
228 861
228 871
228 872
228 873
228 874
228 875
228 876
228 877
228 878
228 879
228 880
228 881
228 882
228 883
228 884
228 885
228 886
228 892
228 893
228 920
228 924
228 1156
229 64
229 83
229 138
229 139
229 140
229 141
229 240
229 311
229 312
229 313
229 314
229 315
229 316
229 317
229 318
229 319
229 320
229 321
229 322
229 323
229 324
229 325
229 326
229 327
229 328
229 329
229 330
229 331
229 332
229 333
229 334
229 335
229 336
229 337
229 338
229 339
229 340
229 341
229 342
229 343
229 417
229 425
229 432
229 566
229 574
229 685
229 691
229 746
229 775
229 776
229 777
229 778
229 786
229 787
229 788
229 789
229 790
229 791
229 792
229 793
229 794
229 854
229 855
229 864
229 865
229 866
229 867
229 868
229 869
229 870
229 920
229 924
229 1156
230 64
230 83
230 134
230 135
230 136
230 137
230 239
230 286
230 287
230 288
230 289
230 290
230 291
230 292
230 293
230 294
230 295
230 296
230 297
230 298
230 299
230 300
230 301
230 302
230 303
230 304
230 305
230 306
230 307
230 308
230 309
230 310
230 417
230 425
230 432
230 566
230 574
230 685
230 691
230 745
230 756
230 757
230 758
230 759
230 760
230 761
230 762
230 763
230 764
230 765
230 766
230 767
230 768
230 769
230 770
230 771
230 772
230 773
230 774
230 835
230 836
230 837
230 838
230 839
230 840
230 841
230 842
230 843
230 844
230 845
230 846
230 847
230 848
230 849
230 850
230 851
230 852
230 853
230 856
230 920
230 924
230 1155
231 64
231 83
231 126
231 127
231 128
231 129
231 130
231 131
231 132
231 133
231 239
231 270
231 271
231 272
231 273
231 274
231 275
231 276
231 277
231 278
231 279
231 280
231 281
231 282
231 283
231 284
231 285
231 417
231 425
231 432
231 566
231 574
231 685
231 691
231 736
231 737
231 738
231 739
231 740
231 741
231 742
231 743
231 744
231 745
231 746
231 747
231 748
231 749
231 750
231 751
231 752
231 753
231 754
231 755
231 784
231 816
231 817
231 818
231 819
231 820
231 821
231 822
231 823
231 824
231 825
231 826
231 827
231 828
231 829
231 830
231 831
231 832
231 833
231 834
231 920
231 924
231 1155
232 64
232 83
232 239
232 255
232 256
232 257
232 258
232 259
232 260
232 261
232 262
232 263
232 264
232 265
232 266
232 267
232 268
232 269
232 417
232 425
232 432
232 567
232 574
232 685
232 691
232 717
232 718
232 719
232 720
232 721
232 722
232 723
232 724
232 725
232 726
232 727
232 728
232 729
232 730
232 731
232 732
232 733
232 734
232 735
232 781
232 784
232 797
232 798
232 799
232 800
232 801
232 802
232 803
232 804
232 805
232 806
232 807
232 808
232 809
232 810
232 811
232 812
232 813
232 814
232 815
232 1155
233 62
233 63
233 239
233 248
233 249
233 250
233 251
233 252
233 253
233 254
233 417
233 425
233 432
233 567
233 574
233 685
233 691
233 697
233 698
233 699
233 700
233 701
233 702
233 703
233 704
233 705
233 706
233 707
233 708
233 709
233 710
233 711
233 712
233 713
233 714
233 715
233 716
233 779
233 786
233 787
233 788
233 789
233 790
233 791
233 792
233 793
233 794
233 795
233 796
233 1154
234 64
234 84
234 120
234 121
234 122
234 123
234 239
234 247
234 417
234 425
234 432
234 567
234 575
234 677
234 678
234 679
234 680
234 681
234 682
234 683
234 684
234 685
234 692
234 693
234 694
234 695
234 696
234 759
234 760
234 761
234 762
234 763
234 764
234 765
234 766
234 767
234 768
234 769
234 770
234 771
234 772
234 773
234 774
234 775
234 776
234 777
234 778
234 780
234 1154
235 64
235 83
235 117
235 118
235 119
235 239
235 246
235 418
235 426
235 432
235 567
235 575
235 657
235 658
235 659
235 660
235 661
235 662
235 663
235 664
235 665
235 666
235 667
235 668
235 669
235 670
235 671
235 672
235 673
235 674
235 675
235 676
235 740
235 741
235 742
235 743
235 744
235 745
235 748
235 749
235 750
235 751
235 752
235 753
235 754
235 755
235 756
235 757
235 758
235 1154
236 64
236 83
236 114
236 115
236 116
236 239
236 246
236 418
236 426
236 432
236 567
236 575
236 637
236 638
236 639
236 640
236 641
236 642
236 643
236 644
236 645
236 646
236 647
236 648
236 649
236 650
236 651
236 652
236 653
236 654
236 655
236 656
236 690
236 721
236 722
236 723
236 724
236 725
236 726
236 727
236 728
236 729
236 730
236 731
236 732
236 733
236 734
236 735
236 736
236 737
236 738
236 739
236 1154
237 64
237 83
237 110
237 111
237 112
237 113
237 239
237 246
237 418
237 426
237 432
237 567
237 575
237 618
237 619
237 620
237 621
237 622
237 623
237 624
237 625
237 626
237 627
237 628
237 629
237 630
237 631
237 632
237 633
237 634
237 635
237 636
237 690
237 702
237 703
237 704
237 705
237 706
237 707
237 708
237 709
237 710
237 711
237 712
237 713
237 714
237 715
237 716
237 717
237 718
237 719
237 720
237 1154
238 64
238 83
238 107
238 108
238 109
238 239
238 246
238 418
238 426
238 432
238 567
238 575
238 598
238 599
238 600
238 601
238 602
238 603
238 604
238 605
238 606
238 607
238 608
238 609
238 610
238 611
238 612
238 613
238 614
238 615
238 616
238 617
238 684
238 693
238 694
238 695
238 696
238 697
238 698
238 699
238 700
238 701
238 1154
239 64
239 83
239 105
239 106
239 239
239 246
239 418
239 426
239 432
239 567
239 575
239 579
239 580
239 581
239 582
239 583
239 584
239 585
239 586
239 587
239 588
239 589
239 590
239 591
239 592
239 593
239 594
239 595
239 596
239 597
239 666
239 667
239 668
239 669
239 670
239 671
239 672
239 673
239 674
239 675
239 676
239 677
239 678
239 679
239 680
239 681
239 682
239 683
239 685
239 686
239 692
239 1154
240 64
240 83
240 103
240 104
240 239
240 246
240 418
240 426
240 433
240 559
240 560
240 561
240 562
240 563
240 564
240 565
240 566
240 567
240 576
240 577
240 578
240 649
240 650
240 651
240 652
240 653
240 654
240 655
240 656
240 657
240 658
240 659
240 660
240 661
240 662
240 663
240 664
240 665
240 686
240 691
240 1154
241 64
241 83
241 101
241 102
241 103
241 239
241 246
241 418
241 426
241 433
241 539
241 540
241 541
241 542
241 543
241 544
241 545
241 546
241 547
241 548
241 549
241 550
241 551
241 552
241 553
241 554
241 555
241 556
241 557
241 558
241 573
241 630
241 631
241 632
241 633
241 634
241 635
241 636
241 637
241 638
241 639
241 640
241 641
241 642
241 643
241 644
241 645
241 646
241 647
241 648
241 686
241 691
241 1154
242 64
242 83
242 99
242 100
242 239
242 246
242 418
242 426
242 433
242 520
242 521
242 522
242 523
242 524
242 525
242 526
242 527
242 528
242 529
242 530
242 531
242 532
242 533
242 534
242 535
242 536
242 537
242 538
242 574
242 613
242 614
242 615
242 616
242 617
242 618
242 619
242 620
242 621
242 622
242 623
242 624
242 625
242 626
242 627
242 628
242 629
242 686
242 691
242 1154
243 64
243 83
243 98
243 99
243 239
243 246
243 418
243 426
243 433
243 500
243 501
243 502
243 503
243 504
243 505
243 506
243 507
243 508
243 509
243 510
243 511
243 512
243 513
243 514
243 515
243 516
243 517
243 518
243 519
243 574
243 597
243 598
243 599
243 600
243 601
243 602
243 603
243 604
243 605
243 606
243 607
243 608
243 609
243 610
243 611
243 612
243 686
243 691
243 1154
244 64
244 83
244 97
244 98
244 239
244 246
244 418
244 426
244 433
244 481
244 482
244 483
244 484
244 485
244 486
244 487
244 488
244 489
244 490
244 491
244 492
244 493
244 494
244 495
244 496
244 497
244 498
244 499
244 573
244 574
244 583
244 584
244 585
244 586
244 587
244 588
244 589
244 590
244 591
244 592
244 593
244 594
244 595
244 596
244 686
244 691
245 64
245 83
245 95
245 96
245 240
245 246
245 418
245 426
245 433
245 461
245 462
245 463
245 464
245 465
245 466
245 467
245 468
245 469
245 470
245 471
245 472
245 473
245 474
245 475
245 476
245 477
245 478
245 479
245 480
245 566
245 577
245 578
245 579
245 580
245 581
245 582
245 686
245 691
246 64
246 83
246 94
246 95
246 240
246 246
246 418
246 426
246 433
246 443
246 444
246 445
246 446
246 447
246 448
246 449
246 450
246 451
246 452
246 453
246 454
246 455
246 456
246 457
246 458
246 459
246 460
246 547
246 548
246 549
246 550
246 551
246 552
246 553
246 554
246 555
246 556
246 557
246 558
246 559
246 560
246 561
246 562
246 563
246 564
246 565
246 567
246 568
246 576
247 64
247 83
247 94
247 240
247 246
247 418
247 424
247 425
247 426
247 434
247 435
247 436
247 437
247 438
247 439
247 440
247 441
247 442
247 527
247 528
247 529
247 530
247 531
247 532
247 533
247 534
247 535
247 536
247 537
247 538
247 539
247 540
247 541
247 542
247 543
247 544
247 545
247 546
247 568
247 575
248 64
248 83
248 93
248 240
248 246
248 405
248 406
248 407
248 408
248 409
248 410
248 411
248 412
248 413
248 414
248 415
248 416
248 417
248 418
248 419
248 420
248 421
248 422
248 423
248 509
248 510
248 511
248 512
248 513
248 514
248 515
248 516
248 517
248 518
248 519
248 520
248 521
248 522
248 523
248 524
248 525
248 526
248 568
248 575
249 64
249 83
249 93
249 240
249 246
249 387
249 388
249 389
249 390
249 391
249 392
249 393
249 394
249 395
249 396
249 397
249 398
249 399
249 400
249 401
249 402
249 403
249 404
249 432
249 489
249 490
249 491
249 492
249 493
249 494
249 495
249 496
249 497
249 498
249 499
249 500
249 501
249 502
249 503
249 504
249 505
249 506
249 507
249 508
249 568
249 575
250 64
250 83
250 92
250 240
250 246
250 368
250 369
250 370
250 371
250 372
250 373
250 374
250 375
250 376
250 377
250 378
250 379
250 380
250 381
250 382
250 383
250 384
250 385
250 386
250 432
250 469
250 470
250 471
250 472
250 473
250 474
250 475
250 476
250 477
250 478
250 479
250 480
250 481
250 482
250 483
250 484
250 485
250 486
250 487
250 488
250 568
250 575
251 64
251 83
251 92
251 240
251 246
251 350
251 351
251 352
251 353
251 354
251 355
251 356
251 357
251 358
251 359
251 360
251 361
251 362
251 363
251 364
251 365
251 366
251 367
251 432
251 447
251 448
251 449
251 450
251 451
251 452
251 453
251 454
251 455
251 456
251 457
251 458
251 459
251 460
251 461
251 462
251 463
251 464
251 465
251 466
251 467
251 468
251 568
251 575
252 64
252 84
252 91
252 240
252 246
252 331
252 332
252 333
252 334
252 335
252 336
252 337
252 338
252 339
252 340
252 341
252 342
252 343
252 344
252 345
252 346
252 347
252 348
252 349
252 420
252 423
252 424
252 425
252 435
252 436
252 437
252 438
252 439
252 440
252 441
252 442
252 443
252 444
252 445
252 446
252 568
252 575
253 64
253 84
253 91
253 240
253 246
253 313
253 314
253 315
253 316
253 317
253 318
253 319
253 320
253 321
253 322
253 323
253 324
253 325
253 326
253 327
253 328
253 329
253 330
253 393
253 394
253 395
253 396
253 397
253 398
253 399
253 400
253 401
253 402
253 403
253 404
253 405
253 406
253 407
253 408
253 409
253 410
253 411
253 412
253 413
253 414
253 415
253 416
253 417
253 418
253 419
253 421
253 422
253 426
253 427
253 434
253 568
253 575
254 64
254 84
254 90
254 240
254 246
254 294
254 295
254 296
254 297
254 298
254 299
254 300
254 301
254 302
254 303
254 304
254 305
254 306
254 307
254 308
254 309
254 310
254 311
254 312
254 370
254 371
254 372
254 373
254 374
254 375
254 376
254 377
254 378
254 379
254 380
254 381
254 382
254 383
254 384
254 385
254 386
254 387
254 388
254 389
254 390
254 391
254 392
254 421
254 427
254 433
254 568
254 575
255 64
255 84
255 90
255 240
255 246
255 276
255 277
255 278
255 279
255 280
255 281
255 282
255 283
255 284
255 285
255 286
255 287
255 288
255 289
255 290
255 291
255 292
255 293
255 352
255 353
255 354
255 355
255 356
255 357
255 358
255 359
255 360
255 361
255 362
255 363
255 364
255 365
255 366
255 367
255 368
255 369
255 422
255 427
255 433
255 568
256 64
256 84
256 90
256 240
256 246
256 275
256 351
256 422
256 427
256 433
256 568
257 64
257 84
257 89
257 240
257 246
257 257
257 258
257 259
257 260
257 261
257 262
257 263
257 264
257 265
257 266
257 267
257 268
257 269
257 270
257 271
257 272
257 273
257 274
257 333
257 334
257 335
257 336
257 337
257 338
257 339
257 340
257 341
257 342
257 343
257 344
257 345
257 346
257 347
257 348
257 349
257 350
257 422
257 427
258 64
258 84
258 89
258 240
258 247
258 248
258 249
258 250
258 251
258 252
258 253
258 254
258 255
258 256
258 315
258 316
258 317
258 318
258 319
258 320
258 321
258 322
258 323
258 324
258 325
258 326
258 327
258 328
258 329
258 330
258 331
258 332
259 65
259 84
259 89
259 240
259 295
259 296
259 297
259 298
259 299
259 300
259 301
259 302
259 303
259 304
259 305
259 306
259 307
259 308
259 309
259 310
259 311
259 312
259 313
259 314
260 65
260 84
260 89
260 240
260 277
260 278
260 279
260 280
260 281
260 282
260 283
260 284
260 285
260 286
260 287
260 288
260 289
260 290
260 291
260 292
260 293
260 294
261 65
261 84
261 89
261 240
261 258
261 259
261 260
261 261
261 262
261 263
261 264
261 265
261 266
261 267
261 268
261 269
261 270
261 271
261 272
261 273
261 274
261 275
261 276
262 65
262 84
262 88
262 240
262 249
262 250
262 251
262 252
262 253
262 254
262 255
262 256
262 257
262 1278
262 1279
263 65
263 84
263 88
263 240
263 248
263 1278
264 65
264 84
264 88
264 240
264 247
265 65
265 84
265 88
265 240
265 247
266 65
266 84
266 88
266 240
266 247
267 65
267 84
267 87
267 240
267 247
268 65
268 84
268 87
268 240
268 247
269 65
269 84
269 87
269 240
269 247
270 65
270 84
270 87
271 65
271 84
271 87
272 65
272 84
273 65
273 84
274 65
274 84
275 65
275 84
276 65
276 84
277 65
277 84
278 65
278 84
279 65
279 84
280 65
280 84
281 65
281 84
282 65
282 84
283 65
283 84
284 65
284 84
285 65
