0 108
0 115
0 207
0 226
0 233
0 260
0 272
0 355
0 359
0 671
0 833
0 851
0 990
0 1052
0 1137
1 109
1 110
1 111
1 112
1 113
1 114
1 115
1 208
1 227
1 234
1 235
1 261
1 273
1 352
1 353
1 354
1 355
1 360
1 671
1 833
1 851
1 991
1 1052
1 1137
1 1277
1 1278
1 1279
2 208
2 209
2 228
2 229
2 236
2 237
2 262
2 263
2 274
2 275
2 352
2 360
2 361
2 671
2 833
2 851
2 991
2 1052
2 1136
2 1137
2 1272
2 1273
2 1274
2 1275
2 1276
3 209
3 210
3 230
3 231
3 238
3 239
3 264
3 265
3 266
3 276
3 277
3 352
3 353
3 362
3 363
3 671
3 833
3 851
3 991
3 1052
3 1134
3 1135
3 1271
4 118
4 119
4 120
4 121
4 122
4 123
4 124
4 125
4 126
4 211
4 212
4 232
4 233
4 240
4 241
4 267
4 268
4 269
4 278
4 279
4 354
4 355
4 363
4 364
4 670
4 833
4 851
4 989
4 990
4 1053
4 1131
4 1132
4 1133
4 1270
5 106
5 107
5 108
5 109
5 110
5 111
5 112
5 113
5 114
5 115
5 116
5 117
5 127
5 212
5 213
5 234
5 235
5 236
5 242
5 243
5 270
5 271
5 272
5 280
5 281
5 355
5 356
5 364
5 365
5 670
5 833
5 851
5 988
5 1053
5 1131
5 1270
6 105
6 127
6 214
6 215
6 216
6 217
6 218
6 237
6 238
6 244
6 245
6 273
6 274
6 282
6 283
6 357
6 358
6 365
6 366
6 440
6 441
6 442
6 443
6 444
6 445
6 446
6 447
6 670
6 833
6 851
6 987
6 1053
6 1131
6 1132
6 1270
7 106
7 107
7 108
7 109
7 127
7 219
7 220
7 239
7 240
7 246
7 247
7 275
7 276
7 284
7 285
7 358
7 359
7 367
7 368
7 428
7 429
7 430
7 431
7 432
7 433
7 434
7 435
7 436
7 437
7 438
7 439
7 448
7 670
7 833
7 851
7 987
7 1054
7 1132
7 1133
7 1269
8 112
8 113
8 114
8 115
8 126
8 221
8 222
8 241
8 242
8 248
8 249
8 277
8 278
8 279
8 286
8 287
8 359
8 360
8 368
8 369
8 427
8 449
8 670
8 833
8 851
8 986
8 1054
8 1134
8 1135
8 1269
9 45
9 116
9 117
9 127
9 222
9 223
9 224
9 225
9 242
9 243
9 250
9 251
9 280
9 281
9 288
9 289
9 361
9 362
9 369
9 370
9 426
9 449
9 670
9 833
9 852
9 987
9 992
9 993
9 994
9 995
9 996
9 1054
9 1135
9 1268
10 43
10 44
10 46
10 47
10 118
10 119
10 127
10 128
10 226
10 227
10 244
10 245
10 252
10 253
10 282
10 283
10 290
10 291
10 362
10 363
10 371
10 372
10 426
10 440
10 441
10 442
10 443
10 444
10 445
10 446
10 447
10 448
10 449
10 669
10 670
10 833
10 852
10 987
10 988
10 991
10 992
10 997
10 998
10 999
10 1055
10 1135
10 1268
11 39
11 40
11 41
11 42
11 47
11 120
11 121
11 128
11 129
11 227
11 228
11 246
11 247
11 254
11 255
11 284
11 285
11 292
11 293
11 364
11 365
11 372
11 373
11 427
11 428
11 429
11 430
11 431
11 432
11 433
11 434
11 435
11 436
11 437
11 438
11 439
11 668
11 669
11 833
11 852
11 988
11 990
11 991
11 1000
11 1001
11 1002
11 1055
11 1134
11 1267
12 36
12 37
12 38
12 46
12 47
12 122
12 123
12 129
12 130
12 228
12 229
12 230
12 231
12 232
12 233
12 234
12 235
12 248
12 249
12 256
12 257
12 285
12 286
12 294
12 295
12 365
12 374
12 375
12 668
12 833
12 852
12 989
12 990
12 1003
12 1004
12 1055
12 1133
12 1134
12 1267
13 36
13 42
13 43
13 44
13 45
13 124
13 125
13 130
13 236
13 237
13 250
13 251
13 258
13 259
13 287
13 288
13 296
13 297
13 362
13 363
13 364
13 365
13 375
13 376
13 667
13 833
13 852
13 989
13 1005
13 1006
13 1007
13 1056
13 1133
13 1267
14 36
14 37
14 38
14 39
14 40
14 41
14 126
14 127
14 131
14 238
14 239
14 252
14 253
14 260
14 261
14 289
14 290
14 298
14 299
14 357
14 358
14 359
14 360
14 361
14 376
14 377
14 667
14 833
14 852
14 990
14 991
14 1008
14 1009
14 1010
14 1011
14 1056
14 1132
14 1266
15 128
15 129
15 240
15 241
15 254
15 255
15 262
15 263
15 291
15 292
15 300
15 301
15 352
15 353
15 354
15 355
15 356
15 377
15 378
15 666
15 833
15 852
15 992
15 993
15 994
15 1012
15 1013
15 1014
15 1056
15 1131
15 1132
15 1266
16 242
16 256
16 257
16 264
16 265
16 293
16 294
16 302
16 303
16 304
16 347
16 348
16 349
16 350
16 351
16 379
16 380
16 666
16 833
16 852
16 995
16 996
16 1015
16 1016
16 1017
16 1056
16 1130
16 1131
16 1266
17 242
17 258
17 259
17 266
17 267
17 295
17 296
17 305
17 306
17 332
17 333
17 334
17 335
17 336
17 337
17 338
17 339
17 340
17 341
17 342
17 343
17 344
17 345
17 346
17 370
17 371
17 372
17 373
17 374
17 380
17 381
17 666
17 833
17 852
17 997
17 998
17 1018
17 1019
17 1020
17 1057
17 1130
17 1266
18 243
18 260
18 261
18 268
18 269
18 270
18 297
18 298
18 306
18 307
18 320
18 321
18 322
18 323
18 324
18 325
18 326
18 327
18 328
18 329
18 330
18 331
18 361
18 362
18 363
18 364
18 365
18 366
18 367
18 368
18 369
18 375
18 376
18 381
18 382
18 666
18 833
18 852
18 999
18 1000
18 1001
18 1002
18 1021
18 1022
18 1023
18 1057
18 1129
18 1265
19 243
19 262
19 263
19 271
19 272
19 299
19 300
19 308
19 309
19 318
19 319
19 352
19 353
19 354
19 355
19 356
19 357
19 358
19 359
19 360
19 376
19 377
19 383
19 384
19 666
19 833
19 852
19 1003
19 1004
19 1005
19 1024
19 1025
19 1026
19 1057
19 1129
19 1264
20 243
20 264
20 265
20 273
20 274
20 301
20 302
20 303
20 310
20 311
20 317
20 318
20 343
20 344
20 345
20 346
20 347
20 348
20 349
20 350
20 351
20 378
20 379
20 384
20 385
20 666
20 834
20 852
20 1006
20 1007
20 1008
20 1027
20 1028
20 1029
20 1057
20 1128
20 1263
21 243
21 266
21 267
21 275
21 276
21 304
21 305
21 312
21 313
21 316
21 317
21 335
21 336
21 337
21 338
21 339
21 340
21 341
21 342
21 379
21 380
21 386
21 387
21 666
21 834
21 852
21 1000
21 1001
21 1009
21 1010
21 1011
21 1030
21 1031
21 1032
21 1057
21 1128
21 1263
22 242
22 243
22 268
22 269
22 277
22 278
22 306
22 307
22 314
22 315
22 316
22 331
22 332
22 333
22 334
22 380
22 381
22 387
22 388
22 666
22 834
22 852
22 1001
22 1002
22 1012
22 1013
22 1014
22 1033
22 1034
22 1035
22 1057
22 1128
22 1262
22 1263
23 240
23 241
23 270
23 271
23 279
23 280
23 308
23 309
23 326
23 327
23 328
23 329
23 330
23 382
23 383
23 389
23 390
23 666
23 834
23 852
23 1002
23 1003
23 1015
23 1016
23 1017
23 1036
23 1037
23 1038
23 1057
23 1129
23 1261
23 1262
24 239
24 240
24 272
24 273
24 281
24 282
24 310
24 311
24 324
24 325
24 383
24 384
24 390
24 391
24 666
24 834
24 852
24 1003
24 1018
24 1019
24 1020
24 1039
24 1040
24 1041
24 1057
24 1129
24 1260
24 1261
25 238
25 239
25 274
25 275
25 283
25 284
25 312
25 313
25 323
25 385
25 386
25 391
25 392
25 666
25 834
25 853
25 1004
25 1021
25 1022
25 1042
25 1043
25 1044
25 1045
25 1058
25 1130
25 1260
26 98
26 238
26 276
26 277
26 285
26 286
26 314
26 315
26 322
26 386
26 387
26 393
26 394
26 665
26 834
26 853
26 1004
26 1023
26 1024
26 1025
26 1046
26 1047
26 1048
26 1058
26 1059
26 1130
26 1259
27 96
27 97
27 99
27 238
27 239
27 278
27 279
27 287
27 288
27 316
27 317
27 323
27 387
27 388
27 394
27 395
27 665
27 834
27 853
27 1004
27 1026
27 1027
27 1028
27 1049
27 1050
27 1059
27 1060
27 1130
27 1259
28 94
28 95
28 99
28 239
28 280
28 281
28 289
28 290
28 318
28 319
28 324
28 325
28 389
28 390
28 396
28 397
28 664
28 665
28 834
28 853
28 1004
28 1029
28 1030
28 1031
28 1051
28 1052
28 1053
28 1061
28 1062
28 1131
28 1216
28 1217
28 1218
28 1219
28 1220
28 1221
28 1222
28 1223
28 1224
28 1225
28 1226
28 1227
28 1228
28 1229
28 1230
28 1231
28 1232
28 1233
28 1234
28 1235
28 1236
28 1257
28 1258
29 94
29 98
29 99
29 240
29 282
29 283
29 291
29 292
29 319
29 320
29 326
29 327
29 390
29 391
29 397
29 398
29 662
29 663
29 834
29 853
29 1003
29 1032
29 1033
29 1034
29 1054
29 1055
29 1056
29 1131
29 1215
29 1237
29 1238
29 1239
29 1240
29 1241
29 1242
29 1257
30 94
30 97
30 98
30 284
30 285
30 293
30 294
30 321
30 322
30 328
30 329
30 391
30 392
30 399
30 400
30 661
30 662
30 834
30 853
30 1004
30 1035
30 1036
30 1057
30 1058
30 1059
30 1131
30 1213
30 1214
30 1243
30 1244
30 1245
30 1246
30 1256
31 94
31 95
31 96
31 236
31 237
31 238
31 239
31 286
31 287
31 295
31 296
31 323
31 324
31 330
31 331
31 393
31 394
31 400
31 401
31 660
31 661
31 834
31 853
31 1004
31 1037
31 1038
31 1039
31 1060
31 1061
31 1132
31 1211
31 1212
31 1247
31 1248
31 1249
31 1250
31 1251
31 1252
31 1253
31 1254
31 1255
32 234
32 235
32 288
32 289
32 297
32 298
32 325
32 326
32 332
32 333
32 394
32 395
32 402
32 403
32 659
32 660
32 834
32 853
32 1004
32 1040
32 1041
32 1042
32 1062
32 1063
32 1064
32 1132
32 1210
33 227
33 228
33 232
33 233
33 290
33 291
33 299
33 300
33 327
33 328
33 334
33 335
33 336
33 395
33 396
33 403
33 404
33 405
33 659
33 834
33 853
33 1004
33 1043
33 1044
33 1045
33 1046
33 1065
33 1066
33 1133
33 1209
34 227
34 229
34 230
34 231
34 232
34 292
34 293
34 301
34 302
34 303
34 329
34 330
34 337
34 338
34 397
34 398
34 406
34 407
34 658
34 834
34 853
34 1004
34 1047
34 1048
34 1049
34 1067
34 1133
34 1208
34 1209
35 227
35 294
35 295
35 304
35 305
35 331
35 332
35 339
35 340
35 398
35 399
35 407
35 408
35 657
35 658
35 834
35 853
35 1004
35 1050
35 1051
35 1052
35 1067
35 1133
35 1207
35 1208
36 228
36 295
36 296
36 306
36 307
36 333
36 334
36 341
36 342
36 399
36 400
36 408
36 409
36 657
36 834
36 853
36 1004
36 1053
36 1054
36 1055
36 1067
36 1133
36 1207
37 228
37 229
37 233
37 234
37 235
37 297
37 298
37 308
37 309
37 335
37 336
37 343
37 344
37 401
37 402
37 410
37 411
37 656
37 834
37 853
37 1004
37 1056
37 1057
37 1058
37 1067
37 1133
37 1206
38 229
38 230
38 231
38 232
38 236
38 237
38 238
38 299
38 300
38 310
38 311
38 337
38 338
38 345
38 346
38 402
38 403
38 411
38 412
38 656
38 834
38 853
38 1004
38 1059
38 1060
38 1061
38 1067
38 1134
38 1205
38 1206
39 239
39 240
39 301
39 302
39 303
39 312
39 313
39 339
39 340
39 347
39 348
39 403
39 404
39 405
39 413
39 414
39 656
39 834
39 853
39 881
39 882
39 883
39 1004
39 1062
39 1063
39 1064
39 1067
39 1134
39 1205
40 241
40 242
40 304
40 305
40 314
40 315
40 341
40 342
40 349
40 350
40 406
40 407
40 414
40 415
40 656
40 834
40 853
40 880
40 881
40 883
40 1005
40 1065
40 1066
40 1067
40 1134
40 1204
41 243
41 244
41 306
41 307
41 316
41 317
41 343
41 344
41 351
41 352
41 407
41 408
41 416
41 417
41 655
41 834
41 854
41 879
41 880
41 884
41 1005
41 1134
41 1204
42 244
42 308
42 318
42 345
42 353
42 409
42 417
42 655
42 834
42 854
42 879
42 884
42 1005
42 1134
42 1203
43 244
43 309
43 319
43 346
43 354
43 410
43 418
43 655
43 834
43 854
43 878
43 884
43 1006
43 1066
43 1134
43 1203
44 245
44 310
44 311
44 320
44 321
44 347
44 348
44 355
44 356
44 410
44 411
44 419
44 420
44 655
44 834
44 854
44 876
44 877
44 884
44 1006
44 1067
44 1134
44 1203
45 245
45 246
45 312
45 313
45 322
45 323
45 349
45 350
45 357
45 358
45 411
45 412
45 420
45 421
45 654
45 834
45 854
45 875
45 884
45 1006
45 1067
45 1068
45 1135
45 1202
46 246
46 314
46 315
46 324
46 325
46 351
46 352
46 359
46 360
46 413
46 414
46 422
46 423
46 654
46 834
46 854
46 875
46 884
46 1006
46 1068
46 1135
46 1202
47 247
47 316
47 317
47 326
47 327
47 353
47 354
47 361
47 362
47 414
47 415
47 423
47 424
47 654
47 834
47 854
47 877
47 884
47 1005
47 1006
47 1068
47 1136
47 1201
47 1202
48 247
48 248
48 318
48 319
48 328
48 329
48 355
48 356
48 363
48 364
48 415
48 416
48 425
48 426
48 654
48 834
48 854
48 877
48 884
48 1004
48 1005
48 1068
48 1136
48 1200
48 1201
49 248
49 320
49 321
49 330
49 331
49 356
49 357
49 365
49 366
49 417
49 418
49 426
49 427
49 654
49 834
49 854
49 876
49 877
49 884
49 1003
49 1004
49 1068
49 1137
49 1200
50 248
50 322
50 323
50 332
50 333
50 358
50 359
50 367
50 368
50 418
50 419
50 427
50 428
50 653
50 654
50 834
50 854
50 874
50 875
50 884
50 1002
50 1003
50 1068
50 1137
50 1199
51 248
51 324
51 325
51 334
51 335
51 336
51 360
51 361
51 369
51 370
51 371
51 419
51 420
51 429
51 430
51 653
51 834
51 854
51 874
51 883
51 1001
51 1002
51 1069
51 1138
51 1199
52 248
52 326
52 327
52 337
52 338
52 362
52 363
52 372
52 373
52 421
52 422
52 430
52 431
52 653
52 834
52 854
52 873
52 883
52 1000
52 1001
52 1069
52 1138
52 1198
53 247
53 328
53 329
53 339
53 340
53 364
53 365
53 374
53 375
53 422
53 423
53 432
53 433
53 653
53 834
53 854
53 874
53 882
53 998
53 999
53 1069
53 1138
53 1198
54 247
54 248
54 249
54 330
54 331
54 341
54 342
54 366
54 367
54 376
54 377
54 423
54 424
54 433
54 434
54 653
54 834
54 854
54 874
54 882
54 996
54 997
54 998
54 1069
54 1136
54 1137
54 1197
55 243
55 244
55 245
55 246
55 250
55 251
55 252
55 253
55 332
55 333
55 343
55 344
55 368
55 369
55 370
55 378
55 379
55 425
55 426
55 435
55 436
55 653
55 834
55 854
55 874
55 881
55 992
55 993
55 994
55 995
55 1069
55 1134
55 1135
55 1197
56 241
56 254
56 255
56 256
56 334
56 335
56 336
56 345
56 346
56 371
56 372
56 380
56 381
56 426
56 427
56 436
56 437
56 438
56 653
56 834
56 854
56 873
56 874
56 879
56 880
56 990
56 991
56 1069
56 1133
56 1134
56 1196
57 230
57 231
57 232
57 233
57 234
57 235
57 236
57 237
57 238
57 239
57 240
57 243
57 244
57 245
57 246
57 257
57 258
57 259
57 337
57 338
57 347
57 348
57 373
57 374
57 382
57 383
57 427
57 428
57 439
57 440
57 652
57 834
57 854
57 873
57 877
57 878
57 940
57 941
57 989
57 990
57 1069
57 1132
57 1133
57 1196
58 230
58 247
58 248
58 249
58 260
58 261
58 262
58 339
58 340
58 348
58 349
58 374
58 375
58 384
58 385
58 429
58 430
58 440
58 441
58 651
58 652
58 834
58 854
58 873
58 874
58 875
58 876
58 877
58 939
58 942
58 989
58 1069
58 1131
58 1195
59 230
59 231
59 250
59 251
59 263
59 264
59 265
59 266
59 341
59 342
59 347
59 351
59 352
59 353
59 354
59 355
59 376
59 377
59 386
59 387
59 430
59 431
59 442
59 443
59 651
59 835
59 855
59 939
59 942
59 988
59 1069
59 1130
59 1194
60 231
60 232
60 252
60 253
60 254
60 267
60 268
60 269
60 270
60 343
60 344
60 345
60 346
60 356
60 362
60 363
60 378
60 379
60 388
60 389
60 394
60 395
60 396
60 397
60 432
60 433
60 443
60 444
60 650
60 835
60 855
60 939
60 942
60 988
60 1069
60 1130
60 1193
61 233
61 234
61 235
61 236
61 255
61 256
61 257
61 271
61 272
61 273
61 356
61 360
61 361
61 364
61 365
61 380
61 381
61 390
61 391
61 398
61 399
61 407
61 434
61 435
61 445
61 446
61 650
61 835
61 855
61 940
61 942
61 979
61 980
61 981
61 988
61 1069
61 1130
61 1192
62 237
62 238
62 239
62 240
62 241
62 242
62 243
62 258
62 259
62 260
62 274
62 275
62 341
62 342
62 356
62 358
62 359
62 366
62 367
62 368
62 369
62 370
62 371
62 372
62 373
62 374
62 382
62 383
62 392
62 393
62 400
62 401
62 402
62 403
62 404
62 405
62 406
62 408
62 409
62 435
62 436
62 437
62 446
62 447
62 650
62 835
62 855
62 940
62 941
62 942
62 979
62 982
62 983
62 988
62 1069
62 1130
62 1181
62 1182
62 1183
62 1184
62 1185
62 1186
62 1187
62 1188
62 1189
62 1192
63 244
63 245
63 246
63 247
63 248
63 249
63 261
63 262
63 263
63 276
63 277
63 278
63 339
63 340
63 356
63 357
63 358
63 375
63 376
63 377
63 378
63 379
63 384
63 385
63 394
63 395
63 410
63 411
63 438
63 439
63 447
63 448
63 650
63 835
63 855
63 980
63 984
63 985
63 988
63 1068
63 1130
63 1172
63 1173
63 1174
63 1175
63 1176
63 1177
63 1178
63 1179
63 1180
63 1190
63 1191
64 250
64 251
64 264
64 265
64 279
64 280
64 337
64 338
64 380
64 386
64 387
64 396
64 397
64 412
64 413
64 439
64 440
64 449
64 450
64 650
64 835
64 855
64 980
64 986
64 987
64 988
64 1068
64 1130
64 1170
64 1171
65 251
65 266
65 267
65 268
65 269
65 281
65 282
65 283
65 335
65 336
65 387
65 388
65 389
65 398
65 399
65 413
65 414
65 415
65 441
65 442
65 450
65 451
65 650
65 835
65 855
65 898
65 899
65 900
65 940
65 944
65 980
65 1068
65 1130
65 1169
65 1170
65 1190
66 252
66 270
66 271
66 272
66 284
66 285
66 331
66 335
66 384
66 389
66 390
66 391
66 400
66 401
66 402
66 416
66 417
66 418
66 443
66 444
66 452
66 453
66 649
66 835
66 855
66 898
66 900
66 901
66 939
66 941
66 942
66 943
66 945
66 946
66 980
66 1068
66 1130
66 1168
66 1169
66 1189
67 253
67 254
67 273
67 274
67 275
67 286
67 287
67 288
67 314
67 330
67 332
67 333
67 334
67 385
67 386
67 392
67 393
67 419
67 420
67 437
67 438
67 444
67 445
67 453
67 454
67 649
67 835
67 855
67 897
67 902
67 903
67 940
67 941
67 946
67 947
67 980
67 1068
67 1130
67 1167
67 1168
67 1189
68 255
68 256
68 276
68 277
68 278
68 289
68 290
68 312
68 313
68 315
68 316
68 317
68 318
68 319
68 320
68 329
68 387
68 394
68 395
68 401
68 402
68 421
68 422
68 430
68 431
68 432
68 433
68 434
68 435
68 436
68 439
68 440
68 441
68 442
68 443
68 446
68 447
68 455
68 456
68 648
68 835
68 855
68 897
68 903
68 904
68 941
68 948
68 949
68 980
68 1068
68 1130
68 1165
68 1166
68 1189
69 256
69 257
69 279
69 280
69 281
69 291
69 292
69 293
69 311
69 312
69 321
69 329
69 396
69 397
69 400
69 401
69 422
69 423
69 428
69 429
69 447
69 448
69 456
69 457
69 648
69 835
69 855
69 897
69 941
69 949
69 979
69 1068
69 1130
69 1164
69 1165
69 1188
70 257
70 258
70 259
70 260
70 282
70 283
70 294
70 295
70 309
70 310
70 321
70 327
70 328
70 329
70 398
70 399
70 400
70 423
70 424
70 427
70 428
70 449
70 450
70 458
70 459
70 648
70 835
70 855
70 897
70 898
70 899
70 900
70 901
70 902
70 903
70 941
70 950
70 977
70 978
70 979
70 1068
70 1130
70 1163
70 1164
70 1188
71 261
71 284
71 285
71 286
71 296
71 297
71 298
71 309
71 322
71 325
71 326
71 424
71 425
71 426
71 451
71 452
71 459
71 460
71 649
71 650
71 651
71 835
71 855
71 941
71 950
71 965
71 966
71 967
71 968
71 969
71 970
71 971
71 972
71 973
71 974
71 975
71 976
71 1067
71 1130
71 1162
71 1163
71 1188
72 262
72 287
72 288
72 289
72 299
72 300
72 308
72 322
72 323
72 324
72 452
72 453
72 461
72 462
72 649
72 835
72 855
72 941
72 950
72 962
72 963
72 964
72 1067
72 1130
72 1161
72 1162
72 1188
73 262
73 290
73 291
73 292
73 301
73 302
73 303
73 304
73 308
73 454
73 455
73 462
73 463
73 649
73 650
73 651
73 835
73 855
73 941
73 951
73 958
73 959
73 960
73 961
73 1067
73 1130
73 1159
73 1160
73 1188
74 263
74 293
74 294
74 295
74 305
74 306
74 456
74 457
74 463
74 464
74 649
74 835
74 855
74 941
74 951
74 955
74 956
74 957
74 1067
74 1130
74 1157
74 1158
74 1188
75 264
75 265
75 296
75 297
75 306
75 307
75 457
75 458
75 465
75 466
75 648
75 835
75 856
75 940
75 952
75 953
75 954
75 1067
75 1130
75 1155
75 1156
75 1188
76 265
76 266
76 298
76 299
76 300
76 307
76 459
76 460
76 466
76 467
76 647
76 648
76 835
76 856
76 928
76 929
76 930
76 931
76 940
76 1067
76 1130
76 1153
76 1154
76 1188
77 266
77 267
77 301
77 302
77 303
77 304
77 460
77 461
77 468
77 469
77 647
77 835
77 856
77 926
77 927
77 932
77 933
77 940
77 1067
77 1131
77 1151
77 1152
77 1188
78 268
78 305
78 307
78 385
78 462
78 463
78 469
78 470
78 471
78 646
78 835
78 856
78 924
78 925
78 934
78 935
78 940
78 1067
78 1131
78 1151
78 1188
79 268
79 384
79 386
79 387
79 460
79 464
79 465
79 472
79 473
79 646
79 835
79 856
79 923
79 936
79 937
79 940
79 1066
79 1131
79 1151
79 1187
80 268
80 297
80 298
80 299
80 300
80 301
80 383
80 388
80 465
80 466
80 473
80 474
80 646
80 835
80 856
80 922
80 938
80 1066
80 1131
80 1152
80 1187
81 269
81 294
81 295
81 296
81 383
81 388
81 467
81 468
81 475
81 476
81 646
81 835
81 856
81 922
81 1066
81 1131
81 1152
81 1153
81 1187
82 270
82 292
82 293
82 383
82 388
82 468
82 469
82 476
82 477
82 646
82 835
82 856
82 921
82 1066
82 1131
82 1153
82 1187
83 271
83 288
83 289
83 290
83 291
83 383
83 388
83 470
83 471
83 472
83 478
83 479
83 646
83 835
83 856
83 922
83 1066
83 1131
83 1154
83 1186
83 1187
84 271
84 272
84 278
84 279
84 280
84 281
84 282
84 283
84 284
84 285
84 286
84 287
84 383
84 388
84 473
84 474
84 479
84 480
84 645
84 646
84 835
84 856
84 922
84 1067
84 1131
84 1154
84 1155
84 1186
85 272
85 277
85 383
85 388
85 469
85 474
85 481
85 645
85 835
85 856
85 922
85 1067
85 1131
85 1155
85 1185
86 272
86 276
86 383
86 388
86 469
86 475
86 482
86 644
86 835
86 856
86 923
86 1067
86 1131
86 1155
86 1185
87 273
87 274
87 275
87 276
87 383
87 388
87 470
87 475
87 476
87 482
87 483
87 644
87 835
87 856
87 923
87 924
87 1067
87 1131
87 1156
87 1185
88 383
88 388
88 470
88 471
88 477
88 478
88 483
88 484
88 643
88 835
88 856
88 924
88 925
88 1067
88 1131
88 1156
88 1157
88 1185
89 383
89 388
89 472
89 473
89 478
89 479
89 485
89 486
89 643
89 835
89 856
89 925
89 1067
89 1131
89 1157
89 1184
90 365
90 366
90 367
90 368
90 369
90 370
90 371
90 372
90 373
90 374
90 375
90 376
90 377
90 378
90 379
90 380
90 381
90 382
90 383
90 389
90 390
90 474
90 475
90 479
90 480
90 486
90 487
90 642
90 643
90 835
90 856
90 926
90 1067
90 1131
90 1158
90 1183
90 1184
91 364
91 391
91 476
91 480
91 481
91 488
91 489
91 642
91 835
91 856
91 926
91 1068
91 1131
91 1158
91 1159
91 1183
92 363
92 391
92 477
92 481
92 482
92 489
92 490
92 641
92 835
92 857
92 926
92 1068
92 1132
92 1133
92 1134
92 1135
92 1136
92 1137
92 1138
92 1139
92 1140
92 1141
92 1142
92 1143
92 1144
92 1145
92 1159
92 1182
93 363
93 391
93 477
93 483
93 484
93 491
93 492
93 640
93 835
93 857
93 924
93 925
93 926
93 1068
93 1146
93 1147
93 1148
93 1149
93 1150
93 1151
93 1152
93 1153
93 1154
93 1155
93 1156
93 1157
93 1158
93 1159
93 1182
94 364
94 365
94 366
94 367
94 368
94 369
94 370
94 371
94 372
94 373
94 374
94 375
94 376
94 377
94 378
94 379
94 380
94 381
94 382
94 383
94 390
94 478
94 484
94 485
94 492
94 493
94 639
94 835
94 857
94 870
94 871
94 872
94 873
94 874
94 875
94 876
94 877
94 878
94 879
94 916
94 917
94 918
94 919
94 920
94 921
94 922
94 923
94 1034
94 1068
94 1131
94 1181
95 384
95 390
95 478
95 479
95 485
95 486
95 494
95 495
95 639
95 835
95 857
95 869
95 880
95 881
95 882
95 883
95 914
95 915
95 1033
95 1035
95 1036
95 1037
95 1068
95 1131
95 1181
96 384
96 389
96 480
96 481
96 487
96 488
96 496
96 497
96 639
96 835
96 857
96 868
96 884
96 912
96 913
96 1032
96 1038
96 1068
96 1131
96 1180
96 1181
97 384
97 388
97 481
97 482
97 489
97 490
97 497
97 498
97 639
97 835
97 857
97 868
97 885
97 908
97 909
97 910
97 911
97 1032
97 1039
97 1040
97 1041
97 1054
97 1055
97 1056
97 1068
97 1131
97 1179
97 1180
98 385
98 386
98 387
98 388
98 482
98 491
98 492
98 499
98 500
98 639
98 836
98 857
98 867
98 885
98 886
98 906
98 907
98 1032
98 1042
98 1043
98 1044
98 1045
98 1052
98 1053
98 1056
98 1068
98 1131
98 1177
98 1178
99 483
99 492
99 493
99 500
99 501
99 638
99 836
99 857
99 862
99 863
99 864
99 865
99 866
99 867
99 886
99 887
99 904
99 905
99 1032
99 1046
99 1051
99 1052
99 1057
99 1068
99 1131
99 1177
100 483
100 494
100 495
100 502
100 503
100 638
100 836
100 858
100 859
100 860
100 861
100 887
100 902
100 903
100 1032
100 1047
100 1048
100 1049
100 1050
100 1057
100 1068
100 1131
100 1176
101 483
101 496
101 497
101 504
101 505
101 638
101 836
101 858
101 888
101 900
101 901
101 1032
101 1057
101 1058
101 1059
101 1060
101 1061
101 1062
101 1063
101 1064
101 1065
101 1066
101 1067
101 1068
101 1131
101 1175
101 1176
102 483
102 498
102 499
102 506
102 507
102 638
102 836
102 857
102 888
102 898
102 899
102 1019
102 1020
102 1021
102 1022
102 1023
102 1024
102 1025
102 1026
102 1027
102 1028
102 1029
102 1030
102 1031
102 1032
102 1055
102 1056
102 1131
102 1174
102 1175
103 483
103 499
103 500
103 508
103 509
103 639
103 836
103 857
103 889
103 897
103 898
103 999
103 1000
103 1001
103 1002
103 1003
103 1004
103 1005
103 1006
103 1007
103 1008
103 1009
103 1010
103 1011
103 1012
103 1013
103 1014
103 1015
103 1016
103 1017
103 1018
103 1055
103 1068
103 1131
103 1174
104 483
104 501
104 502
104 510
104 511
104 639
104 640
104 836
104 857
104 889
104 895
104 896
104 997
104 998
104 1032
104 1055
104 1056
104 1057
104 1058
104 1059
104 1068
104 1131
104 1174
104 1175
105 483
105 503
105 504
105 505
105 511
105 512
105 641
105 826
105 827
105 828
105 857
105 890
105 893
105 894
105 995
105 996
105 1032
105 1059
105 1068
105 1131
105 1175
105 1176
106 482
106 506
106 507
106 513
106 514
106 641
106 824
106 825
106 829
106 830
106 831
106 832
106 833
106 834
106 836
106 857
106 890
106 891
106 892
106 992
106 993
106 994
106 1032
106 1060
106 1069
106 1131
106 1176
106 1177
107 483
107 507
107 508
107 514
107 515
107 640
107 824
107 836
107 857
107 990
107 991
107 1007
107 1008
107 1009
107 1010
107 1014
107 1015
107 1016
107 1017
107 1024
107 1025
107 1026
107 1027
107 1028
107 1029
107 1030
107 1031
107 1060
107 1069
107 1131
107 1177
107 1178
108 484
108 485
108 486
108 509
108 510
108 516
108 517
108 640
108 823
108 836
108 857
108 987
108 988
108 989
108 1006
108 1011
108 1012
108 1013
108 1018
108 1019
108 1020
108 1021
108 1022
108 1023
108 1060
108 1069
108 1131
108 1179
109 487
109 488
109 511
109 512
109 518
109 519
109 641
109 642
109 823
109 836
109 858
109 984
109 985
109 986
109 990
109 1005
109 1060
109 1131
109 1180
110 489
110 490
110 491
110 492
110 493
110 494
110 495
110 496
110 512
110 513
110 519
110 520
110 642
110 822
110 836
110 858
110 982
110 983
110 984
110 991
110 992
110 1005
110 1060
110 1066
110 1067
110 1068
110 1131
110 1180
110 1181
111 497
111 498
111 499
111 514
111 515
111 521
111 522
111 643
111 822
111 836
111 858
111 975
111 976
111 977
111 978
111 979
111 980
111 981
111 982
111 986
111 992
111 1005
111 1060
111 1064
111 1065
111 1066
111 1131
111 1181
111 1182
112 500
112 501
112 516
112 517
112 522
112 523
112 641
112 821
112 836
112 858
112 963
112 964
112 965
112 966
112 967
112 968
112 969
112 970
112 971
112 972
112 973
112 974
112 982
112 983
112 993
112 1003
112 1004
112 1061
112 1062
112 1063
112 1070
112 1131
112 1182
112 1183
113 501
113 502
113 518
113 519
113 524
113 525
113 639
113 640
113 821
113 836
113 858
113 961
113 962
113 993
113 994
113 1002
113 1003
113 1070
113 1131
113 1183
113 1184
114 502
114 503
114 504
114 505
114 519
114 520
114 526
114 527
114 639
114 821
114 836
114 858
114 960
114 961
114 995
114 996
114 997
114 1001
114 1002
114 1070
114 1131
114 1184
115 506
115 507
115 521
115 522
115 527
115 638
115 820
115 836
115 858
115 958
115 959
115 998
115 999
115 1000
115 1001
115 1070
115 1131
115 1183
115 1184
116 508
116 509
116 523
116 524
116 527
116 638
116 820
116 836
116 858
116 958
116 1070
116 1132
116 1182
116 1183
117 509
117 510
117 525
117 638
117 819
117 836
117 858
117 957
117 1070
117 1132
117 1181
117 1182
118 510
118 511
118 518
118 519
118 520
118 521
118 522
118 637
118 819
118 836
118 858
118 954
118 955
118 956
118 957
118 1070
118 1132
118 1180
118 1181
119 511
119 516
119 517
119 637
119 819
119 836
119 858
119 954
119 1070
119 1131
119 1133
119 1179
119 1180
120 512
120 515
120 516
120 527
120 528
120 637
120 818
120 836
120 858
120 953
120 1070
120 1131
120 1134
120 1135
120 1136
120 1137
120 1138
120 1139
120 1178
121 512
121 513
121 514
121 528
121 636
121 818
121 836
121 858
121 953
121 1070
121 1131
121 1140
121 1177
122 529
122 635
122 817
122 836
122 859
122 860
122 952
122 1070
122 1131
122 1141
122 1176
122 1177
123 529
123 530
123 635
123 817
123 836
123 859
123 861
123 951
123 952
123 1070
123 1131
123 1142
123 1175
123 1176
124 530
124 634
124 816
124 836
124 858
124 862
124 950
124 951
124 1070
124 1131
124 1142
124 1174
124 1175
125 531
125 634
125 816
125 835
125 836
125 859
125 862
125 868
125 869
125 949
125 1070
125 1131
125 1143
125 1173
125 1174
126 531
126 634
126 816
126 833
126 834
126 859
126 863
126 864
126 865
126 866
126 867
126 870
126 871
126 872
126 873
126 874
126 875
126 876
126 948
126 1070
126 1131
126 1143
126 1172
126 1173
127 532
127 635
127 815
127 833
127 836
127 859
127 877
127 878
127 879
127 880
127 881
127 882
127 948
127 1070
127 1131
127 1144
127 1172
128 532
128 635
128 815
128 832
128 836
128 859
128 883
128 948
128 1070
128 1131
128 1144
128 1171
129 533
129 636
129 765
129 766
129 814
129 832
129 836
129 859
129 884
129 948
129 1070
129 1131
129 1145
129 1171
130 533
130 534
130 636
130 637
130 763
130 764
130 767
130 814
130 832
130 836
130 859
130 885
130 886
130 947
130 948
130 1070
130 1132
130 1146
130 1147
130 1170
130 1171
131 534
131 535
131 637
131 761
131 762
131 768
131 814
131 831
131 836
131 859
131 887
131 888
131 903
131 904
131 946
131 947
131 1070
131 1132
131 1147
131 1148
131 1169
131 1170
132 535
132 637
132 760
132 761
132 768
132 769
132 814
132 830
132 831
132 836
132 859
132 889
132 890
132 891
132 901
132 902
132 946
132 1070
132 1132
132 1148
132 1149
132 1169
133 536
133 636
133 759
133 769
133 770
133 814
133 829
133 830
133 836
133 859
133 892
133 893
133 894
133 900
133 901
133 904
133 929
133 930
133 931
133 932
133 933
133 934
133 935
133 936
133 937
133 945
133 1070
133 1132
133 1149
133 1150
133 1168
134 536
134 636
134 758
134 770
134 771
134 814
134 828
134 829
134 836
134 859
134 895
134 896
134 897
134 898
134 899
134 904
134 928
134 929
134 938
134 939
134 941
134 942
134 943
134 944
134 945
134 1070
134 1132
134 1150
134 1151
134 1167
134 1168
135 536
135 636
135 757
135 758
135 771
135 772
135 814
135 828
135 836
135 859
135 904
135 928
135 939
135 940
135 1070
135 1132
135 1152
135 1153
135 1167
136 536
136 637
136 755
136 756
136 772
136 790
136 814
136 827
136 836
136 859
136 904
136 926
136 927
136 1070
136 1132
136 1153
136 1154
136 1166
137 536
137 637
137 753
137 754
137 773
137 788
137 789
137 791
137 792
137 814
137 827
137 837
137 859
137 904
137 922
137 923
137 924
137 925
137 927
137 940
137 1070
137 1132
137 1154
137 1165
137 1166
138 536
138 637
138 752
138 753
138 773
138 774
138 787
138 788
138 793
138 814
138 826
138 837
138 859
138 905
138 919
138 920
138 921
138 927
138 940
138 941
138 1070
138 1132
138 1155
138 1164
138 1165
139 537
139 637
139 751
139 752
139 775
139 776
139 783
139 784
139 785
139 786
139 787
139 793
139 814
139 819
139 820
139 821
139 822
139 823
139 824
139 825
139 826
139 837
139 859
139 905
139 906
139 917
139 918
139 927
139 941
139 1070
139 1132
139 1155
139 1164
140 537
140 637
140 778
140 779
140 780
140 793
140 814
140 817
140 818
140 837
140 859
140 906
140 907
140 916
140 917
140 925
140 926
140 942
140 1070
140 1132
140 1156
140 1157
140 1158
140 1159
140 1160
140 1161
140 1162
140 1163
141 538
141 637
141 751
141 752
141 753
141 754
141 755
141 756
141 757
141 758
141 759
141 760
141 761
141 762
141 763
141 764
141 765
141 766
141 767
141 768
141 769
141 770
141 771
141 772
141 773
141 774
141 775
141 776
141 782
141 783
141 784
141 785
141 786
141 787
141 788
141 789
141 790
141 791
141 792
141 793
141 814
141 816
141 817
141 837
141 859
141 907
141 908
141 909
141 910
141 915
141 916
141 924
141 942
141 1070
141 1132
142 539
142 637
142 750
142 777
142 778
142 779
142 780
142 781
142 814
142 816
142 837
142 859
142 911
142 912
142 913
142 914
142 915
142 924
142 942
142 1070
142 1132
143 539
143 637
143 749
143 794
143 812
143 814
143 816
143 837
143 860
143 924
143 942
143 1070
143 1132
144 540
144 637
144 749
144 794
144 812
144 814
144 815
144 816
144 837
144 860
144 925
144 941
144 1070
144 1132
145 540
145 630
145 631
145 632
145 633
145 634
145 635
145 636
145 637
145 638
145 639
145 640
145 641
145 642
145 643
145 644
145 645
145 646
145 647
145 648
145 649
145 650
145 651
145 652
145 653
145 749
145 794
145 812
145 837
145 860
145 925
145 940
145 941
145 1070
145 1132
146 540
146 603
146 604
146 605
146 606
146 607
146 608
146 609
146 610
146 611
146 612
146 613
146 614
146 615
146 616
146 617
146 618
146 619
146 620
146 621
146 622
146 623
146 624
146 625
146 626
146 627
146 628
146 629
146 654
146 749
146 794
146 812
146 837
146 860
146 925
146 938
146 939
146 1070
146 1132
147 540
147 602
147 654
147 749
147 794
147 812
147 837
147 860
147 925
147 937
147 938
147 1070
147 1132
148 541
148 601
148 654
148 749
148 794
148 812
148 837
148 860
148 926
148 927
148 935
148 936
148 1070
148 1132
149 541
149 601
149 654
149 749
149 794
149 812
149 837
149 860
149 928
149 933
149 934
149 1070
149 1132
150 541
150 601
150 654
150 730
150 731
150 750
150 794
150 813
150 837
150 860
150 928
150 933
150 1070
150 1132
151 541
151 601
151 654
151 686
151 687
151 729
151 748
151 750
151 794
151 813
151 837
151 860
151 928
151 932
151 1070
151 1132
152 541
152 601
152 654
152 685
152 688
152 729
152 748
152 750
152 794
152 813
152 837
152 860
152 928
152 932
152 1070
152 1133
153 541
153 601
153 654
153 684
153 688
153 729
153 731
153 748
153 750
153 795
153 813
153 837
153 860
153 928
153 932
153 1070
153 1133
154 542
154 601
154 654
154 684
154 688
154 728
154 731
154 748
154 750
154 795
154 813
154 837
154 860
154 928
154 932
154 1070
154 1133
155 542
155 601
155 654
155 684
155 688
155 728
155 731
155 748
155 750
155 795
155 813
155 837
155 860
155 928
155 932
155 1070
155 1133
156 542
156 601
156 654
156 684
156 688
156 728
156 731
156 748
156 750
156 795
156 813
156 837
156 860
156 928
156 932
156 1070
156 1133
157 542
157 549
157 550
157 551
157 557
157 558
157 601
157 654
157 684
157 688
157 729
157 730
157 731
157 748
157 750
157 795
157 813
157 837
157 860
157 928
157 933
157 1070
157 1133
158 542
158 547
158 548
158 552
158 553
158 554
158 555
158 556
158 559
158 560
158 561
158 601
158 654
158 684
158 688
158 748
158 750
158 767
158 768
158 769
158 770
158 771
158 772
158 795
158 813
158 837
158 860
158 928
158 933
158 1070
158 1133
159 386
159 542
159 546
159 547
159 562
159 563
159 564
159 565
159 566
159 567
159 568
159 569
159 570
159 571
159 572
159 573
159 574
159 575
159 576
159 577
159 601
159 654
159 684
159 688
159 748
159 750
159 765
159 766
159 773
159 774
159 795
159 813
159 837
159 861
159 928
159 933
159 1070
159 1133
160 386
160 543
160 544
160 545
160 546
160 578
160 579
160 602
160 654
160 684
160 688
160 748
160 750
160 761
160 762
160 763
160 764
160 775
160 776
160 795
160 813
160 837
160 861
160 928
160 933
160 1070
160 1133
161 386
161 496
161 579
161 602
161 654
161 684
161 688
161 748
161 750
161 757
161 758
161 759
161 760
161 776
161 777
161 795
161 813
161 837
161 861
161 929
161 933
161 1070
161 1133
162 386
162 493
162 494
162 495
162 497
162 580
162 581
162 582
162 583
162 584
162 602
162 654
162 684
162 688
162 748
162 750
162 755
162 756
162 777
162 778
162 795
162 814
162 837
162 861
162 929
162 933
162 1070
162 1133
163 386
163 492
163 497
163 585
163 602
163 654
163 684
163 688
163 748
163 750
163 755
163 778
163 779
163 795
163 814
163 837
163 861
163 929
163 933
163 1070
163 1133
164 386
164 395
164 491
164 497
164 585
164 602
164 654
164 662
164 663
164 684
164 688
164 748
164 750
164 754
164 779
164 780
164 795
164 814
164 837
164 861
164 929
164 933
164 1070
164 1133
165 386
165 395
165 491
165 497
165 538
165 539
165 585
165 602
165 654
165 661
165 664
165 684
165 688
165 695
165 748
165 750
165 752
165 753
165 780
165 781
165 795
165 814
165 837
165 861
165 929
165 933
165 1070
165 1133
166 386
166 395
166 491
166 497
166 537
166 540
166 586
166 602
166 655
166 660
166 664
166 684
166 688
166 695
166 706
166 734
166 745
166 748
166 750
166 752
166 781
166 782
166 795
166 814
166 837
166 861
166 929
166 933
166 1070
166 1133
167 386
167 395
167 491
167 497
167 536
167 540
167 587
167 588
167 602
167 655
167 660
167 664
167 684
167 688
167 695
167 706
167 715
167 734
167 745
167 783
167 784
167 795
167 796
167 814
167 837
167 861
167 929
167 933
167 1070
167 1133
168 386
168 395
168 491
168 497
168 536
168 540
168 589
168 590
168 602
168 655
168 660
168 664
168 684
168 688
168 695
168 706
168 715
168 734
168 745
168 784
168 785
168 794
168 795
168 796
168 814
168 837
168 861
168 929
168 933
168 1070
168 1133
169 386
169 395
169 491
169 497
169 536
169 540
169 591
169 592
169 602
169 655
169 660
169 664
169 684
169 688
169 695
169 706
169 715
169 734
169 745
169 786
169 787
169 788
169 789
169 790
169 791
169 792
169 793
169 794
169 796
169 814
169 837
169 861
169 929
169 933
169 1070
169 1133
170 386
170 395
170 491
170 497
170 536
170 540
170 592
170 602
170 655
170 660
170 664
170 684
170 688
170 695
170 706
170 715
170 734
170 745
170 796
170 814
170 837
170 861
170 929
170 933
170 1070
170 1133
171 386
171 395
171 491
171 498
171 536
171 540
171 593
171 602
171 655
171 660
171 664
171 684
171 688
171 695
171 706
171 715
171 734
171 745
171 796
171 814
171 837
171 861
171 929
171 933
171 1070
171 1133
172 387
172 395
172 492
172 498
172 536
172 540
172 593
172 594
172 602
172 655
172 660
172 664
172 684
172 688
172 695
172 706
172 715
172 734
172 745
172 796
172 814
172 837
172 861
172 929
172 933
172 1070
172 1133
173 387
173 395
173 492
173 498
173 536
173 540
173 594
173 595
173 602
173 655
173 660
173 664
173 684
173 688
173 695
173 706
173 715
173 734
173 745
173 796
173 814
173 837
173 861
173 929
173 933
173 1070
173 1134
174 387
174 395
174 492
174 498
174 536
174 540
174 595
174 602
174 655
174 660
174 664
174 685
174 689
174 695
174 706
174 715
174 735
174 745
174 796
174 815
174 837
174 861
174 929
174 933
174 1070
174 1134
175 387
175 395
175 492
175 498
175 536
175 540
175 596
175 602
175 655
175 660
175 664
175 685
175 689
175 695
175 706
175 715
175 735
175 745
175 796
175 815
175 837
175 861
175 929
175 934
175 1070
175 1134
176 387
176 396
176 492
176 498
176 536
176 540
176 596
176 602
176 655
176 660
176 664
176 685
176 689
176 695
176 706
176 715
176 735
176 745
176 796
176 815
176 838
176 862
176 929
176 934
176 1070
176 1134
177 387
177 396
177 492
177 498
177 536
177 540
177 597
177 598
177 599
177 600
177 601
177 602
177 655
177 660
177 664
177 685
177 689
177 695
177 706
177 715
177 735
177 745
177 796
177 815
177 838
177 862
177 929
177 934
177 1070
177 1134
178 387
178 396
178 492
178 498
178 536
178 540
178 602
178 655
178 661
178 664
178 685
178 689
178 695
178 706
178 715
178 735
178 745
178 796
178 815
178 838
178 862
178 929
178 934
178 1070
178 1134
179 387
179 396
179 492
179 498
179 536
179 540
179 602
179 655
179 661
179 664
179 685
179 689
179 696
179 707
179 715
179 735
179 745
179 796
179 815
179 838
179 862
179 929
179 934
179 1070
179 1134
180 387
180 396
180 492
180 498
180 536
180 541
180 602
180 655
180 661
180 664
180 685
180 689
180 696
180 707
180 715
180 735
180 745
180 796
180 815
180 838
180 862
180 929
180 934
180 1070
180 1134
181 387
181 396
181 492
181 498
181 536
181 541
181 602
181 655
181 661
181 664
181 685
181 689
181 696
181 707
181 716
181 735
181 745
181 796
181 815
181 838
181 862
181 929
181 934
181 1070
181 1134
182 387
182 396
182 492
182 498
182 536
182 541
182 602
182 655
182 685
182 689
182 696
182 707
182 716
182 735
182 745
182 796
182 815
182 838
182 862
182 929
182 934
182 1070
182 1134
183 387
183 396
183 492
183 498
183 536
183 541
183 602
183 655
183 685
183 689
183 696
183 707
183 716
183 735
183 745
183 797
183 815
183 838
183 862
183 929
183 934
183 1070
183 1134
184 387
184 396
184 492
184 498
184 536
184 541
184 602
184 655
184 685
184 689
184 696
184 707
184 716
184 735
184 745
184 797
184 815
184 838
184 862
184 929
184 934
184 1070
184 1134
185 387
185 396
185 492
185 498
185 536
185 541
185 603
185 656
185 657
185 696
185 707
185 716
185 735
185 745
185 797
185 815
185 838
185 862
185 929
185 934
185 1070
185 1134
186 387
186 396
186 492
186 498
186 536
186 541
186 603
186 656
186 696
186 707
186 716
186 735
186 745
186 797
186 816
186 838
186 862
186 930
186 934
186 1070
186 1134
187 387
187 396
187 492
187 498
187 536
187 541
187 603
187 656
187 657
187 696
187 707
187 716
187 735
187 745
187 797
187 816
187 838
187 862
187 930
187 934
187 1070
187 1134
188 387
188 396
188 493
188 499
188 536
188 541
188 603
188 696
188 707
188 716
188 735
188 745
188 797
188 816
188 838
188 862
188 930
188 934
188 1070
188 1134
189 387
189 396
189 493
189 499
189 536
189 541
189 603
189 655
189 696
189 707
189 716
189 736
189 745
189 797
189 816
189 838
189 862
189 930
189 934
189 1070
189 1134
190 387
190 396
190 493
190 499
190 603
190 655
190 696
190 707
190 716
190 736
190 745
190 797
190 816
190 838
190 862
190 930
190 934
190 1070
190 1134
191 387
191 396
191 600
191 601
191 602
191 603
191 655
191 696
191 707
191 716
191 736
191 745
191 797
191 816
191 838
191 862
191 930
191 934
191 1070
191 1134
192 387
192 396
192 655
192 716
192 736
192 745
192 797
192 816
192 838
192 862
192 930
192 935
192 1070
192 1134
193 387
193 396
193 655
193 716
193 736
193 797
193 816
193 838
193 863
193 930
193 935
193 1070
193 1134
194 220
194 221
194 222
194 223
194 224
194 225
194 226
194 227
194 228
194 229
194 387
194 396
194 491
194 601
194 655
194 736
194 797
194 816
194 838
194 863
194 930
194 935
194 1070
194 1134
195 209
195 210
195 211
195 212
195 213
195 214
195 215
195 216
195 217
195 218
195 219
195 230
195 231
195 232
195 233
195 234
195 235
195 236
195 387
195 396
195 491
195 601
195 655
195 736
195 797
195 816
195 838
195 863
195 930
195 935
195 1070
195 1135
196 198
196 199
196 200
196 201
196 202
196 203
196 204
196 205
196 206
196 207
196 208
196 237
196 238
196 387
196 396
196 492
196 601
196 655
196 736
196 797
196 816
196 838
196 863
196 930
196 935
196 1070
196 1135
197 188
197 189
197 190
197 191
197 192
197 193
197 194
197 195
197 196
197 197
197 238
197 388
197 396
197 601
197 655
197 797
197 816
197 838
197 863
197 930
197 935
197 1070
197 1135
198 178
198 179
198 180
198 181
198 182
198 183
198 184
198 185
198 186
198 187
198 239
198 388
198 397
198 601
198 655
198 797
198 817
198 838
198 863
198 930
198 935
198 1070
198 1135
199 172
199 173
199 174
199 175
199 176
199 177
199 239
199 388
199 397
199 601
199 655
199 817
199 838
199 863
199 930
199 935
199 1070
199 1135
200 170
200 171
200 240
200 388
200 397
200 601
200 654
200 817
200 838
200 863
200 930
200 935
200 1070
200 1135
201 169
201 170
201 240
201 388
201 397
201 601
201 654
201 817
201 838
201 863
201 930
201 935
201 1070
201 1135
202 167
202 168
202 241
202 388
202 397
202 817
202 838
202 863
202 930
202 935
202 1070
202 1135
203 166
203 167
203 241
203 388
203 397
203 817
203 838
203 863
203 930
203 935
203 1070
203 1135
204 165
204 166
204 241
204 388
204 397
204 838
204 863
204 930
204 935
204 1070
204 1135
205 164
205 165
205 241
205 388
205 397
205 838
205 863
205 930
205 935
205 1070
205 1135
206 163
206 164
206 241
206 388
206 397
206 838
206 863
206 930
206 935
206 1070
206 1135
207 162
207 163
207 242
207 388
207 397
207 863
207 931
207 935
207 1070
207 1135
208 161
208 162
208 243
208 388
208 397
208 863
208 931
208 935
208 1070
208 1135
209 160
209 161
209 242
209 388
209 397
209 864
209 931
209 936
209 1070
209 1135
210 159
210 160
210 242
210 864
210 931
210 936
210 1070
210 1135
211 158
211 159
211 242
211 1070
211 1135
212 158
212 242
212 1070
212 1135
213 157
213 242
213 1070
213 1135
214 153
214 154
214 155
214 156
214 157
214 242
214 1070
214 1135
215 148
215 149
215 150
215 151
215 152
215 156
215 242
215 1070
215 1135
216 242
216 1070
216 1136
217 153
217 242
217 1070
217 1136
218 145
218 146
218 147
218 148
218 149
218 242
218 1070
218 1136
219 141
219 142
219 143
219 144
219 242
219 1070
219 1136
220 138
220 139
220 140
220 242
220 1070
220 1136
221 137
221 242
221 1070
221 1136
222 136
222 242
222 1070
222 1136
223 136
223 242
223 1070
223 1136
224 135
224 242
224 1070
224 1136
225 135
225 242
225 1070
225 1136
226 134
226 242
226 1070
226 1136
227 133
227 242
227 1070
227 1136
228 133
228 241
228 1070
228 1136
229 133
229 241
229 1070
229 1136
230 134
230 1070
230 1136
231 135
231 1070
231 1136
232 136
232 1070
232 1136
233 136
233 1070
233 1136
234 136
234 1070
234 1136
235 137
235 1070
235 1136
236 137
236 1070
236 1136
237 137
237 1070
237 1136
238 138
238 1070
238 1137
239 138
239 1070
239 1137
240 139
240 1070
240 1137
241 1070
241 1137
242 1070
242 1137
243 1070
243 1137
244 1137
245 1137
246 1137
247 1137
248 1137
280 1278
280 1279
