0 699
1 699
2 699
3 699
4 699
5 699
6 699
7 699
8 699
9 699
10 699
11 699
12 699
13 699
14 699
15 699
16 699
17 699
18 699
19 699
20 699
21 699
22 694
22 695
22 696
22 697
22 698
23 692
23 693
24 690
24 691
25 689
25 690
26 688
26 689
27 688
28 687
29 687
30 687
31 687
32 688
33 90
33 91
33 92
33 93
33 94
33 688
34 86
34 87
34 88
34 89
34 95
34 96
34 688
35 83
35 84
35 85
35 96
35 688
36 78
36 79
36 80
36 81
36 82
36 97
36 641
36 642
36 643
36 644
36 669
36 670
36 671
36 687
37 76
37 77
37 97
37 98
37 640
37 645
37 646
37 667
37 668
37 672
37 673
37 685
37 686
38 74
38 75
38 98
38 99
38 639
38 647
38 648
38 667
38 674
38 682
38 683
38 684
39 52
39 53
39 54
39 55
39 56
39 57
39 58
39 59
39 60
39 61
39 62
39 63
39 74
39 99
39 639
39 649
39 650
39 666
39 675
39 680
39 681
40 12
40 13
40 14
40 15
40 16
40 17
40 18
40 19
40 20
40 21
40 22
40 23
40 24
40 25
40 50
40 51
40 64
40 65
40 66
40 67
40 73
40 100
40 639
40 651
40 652
40 666
40 675
40 676
40 677
40 678
40 679
41 11
41 26
41 27
41 48
41 49
41 68
41 71
41 72
41 100
41 639
41 652
41 665
42 10
42 28
42 48
42 68
42 71
42 100
42 639
42 652
42 665
43 10
43 29
43 47
43 69
43 70
43 101
43 639
43 653
43 665
44 10
44 29
44 30
44 47
44 102
44 103
44 639
44 653
44 663
44 664
45 10
45 31
45 32
45 33
45 47
45 104
45 105
45 638
45 653
45 663
46 10
46 34
46 35
46 45
46 46
46 106
46 107
46 108
46 638
46 653
46 662
47 10
47 36
47 37
47 38
47 39
47 40
47 41
47 42
47 43
47 44
47 109
47 110
47 638
47 653
47 662
48 9
48 111
48 638
48 654
48 655
48 656
48 662
49 0
49 1
49 2
49 3
49 4
49 5
49 6
49 7
49 8
49 9
49 111
49 638
49 657
49 662
50 112
50 638
50 657
50 661
50 662
51 113
51 114
51 115
51 116
51 117
51 118
51 638
51 657
51 659
51 660
52 119
52 120
52 121
52 122
52 123
52 124
52 125
52 126
52 127
52 128
52 129
52 130
52 131
52 132
52 133
52 134
52 135
52 136
52 137
52 138
52 638
52 657
52 659
53 139
53 140
53 638
54 140
54 141
54 638
55 141
55 638
56 142
56 638
57 142
57 143
57 638
58 143
58 144
58 638
59 144
59 145
59 637
60 145
60 637
61 146
61 636
62 146
62 636
63 82
63 83
63 147
63 148
63 635
64 81
64 84
64 85
64 86
64 149
64 150
64 635
65 80
65 87
65 151
65 152
65 635
66 80
66 87
66 152
66 153
66 154
66 155
66 156
66 157
66 158
66 635
67 80
67 87
67 159
67 160
67 632
67 633
67 634
67 635
68 80
68 87
68 160
68 630
68 631
69 80
69 87
69 161
69 629
69 630
70 80
70 87
70 161
70 629
71 80
71 88
71 161
71 628
71 1134
72 80
72 88
72 161
72 628
72 1128
72 1129
72 1130
72 1131
72 1132
72 1133
72 1135
73 80
73 88
73 162
73 163
73 164
73 628
73 1123
73 1124
73 1125
73 1126
73 1127
73 1135
74 81
74 88
74 165
74 166
74 167
74 168
74 169
74 170
74 171
74 625
74 626
74 627
74 628
74 1118
74 1119
74 1120
74 1121
74 1122
74 1135
75 81
75 88
75 172
75 623
75 624
75 1111
75 1112
75 1113
75 1114
75 1115
75 1116
75 1117
75 1135
76 81
76 88
76 173
76 621
76 622
76 1108
76 1109
76 1110
76 1135
77 81
77 88
77 173
77 621
77 1107
77 1135
78 81
78 88
78 173
78 620
78 1106
78 1135
79 81
79 88
79 173
79 620
79 1106
79 1135
80 81
80 88
80 174
80 619
80 1106
80 1135
81 81
81 88
81 174
81 619
81 1106
81 1135
82 81
82 88
82 175
82 619
82 1106
82 1135
83 81
83 89
83 176
83 177
83 619
83 1106
83 1135
84 81
84 89
84 177
84 178
84 619
84 1106
84 1135
85 81
85 89
85 179
85 619
85 1106
85 1135
86 81
86 89
86 180
86 181
86 619
86 1106
86 1135
87 81
87 89
87 182
87 183
87 618
87 619
87 1106
87 1135
88 81
88 89
88 183
88 184
88 616
88 617
88 1106
88 1135
89 81
89 89
89 184
89 185
89 616
89 747
89 748
89 749
89 750
89 751
89 1106
89 1135
90 81
90 89
90 185
90 186
90 187
90 188
90 189
90 190
90 191
90 615
90 734
90 735
90 736
90 737
90 738
90 739
90 740
90 741
90 742
90 743
90 744
90 745
90 746
90 752
90 1106
90 1135
91 81
91 89
91 192
91 193
91 194
91 614
91 615
91 722
91 723
91 724
91 725
91 726
91 727
91 728
91 729
91 730
91 731
91 732
91 733
91 752
91 1106
91 1135
92 81
92 89
92 195
92 196
92 213
92 214
92 215
92 216
92 217
92 218
92 219
92 614
92 710
92 711
92 712
92 713
92 714
92 715
92 716
92 717
92 718
92 719
92 720
92 721
92 752
92 1106
92 1135
93 81
93 89
93 197
93 198
93 199
93 211
93 212
93 220
93 221
93 613
93 702
93 703
93 704
93 705
93 706
93 707
93 708
93 709
93 752
93 1106
93 1135
94 81
94 89
94 200
94 201
94 202
94 203
94 208
94 209
94 210
94 221
94 613
94 701
94 752
94 1106
94 1135
95 81
95 89
95 204
95 205
95 206
95 207
95 222
95 229
95 230
95 613
95 700
95 752
95 1106
95 1135
96 82
96 89
96 223
96 224
96 227
96 228
96 231
96 232
96 613
96 700
96 752
96 1106
96 1135
97 82
97 90
97 225
97 226
97 227
97 233
97 234
97 612
97 613
97 700
97 753
97 1106
97 1135
98 82
98 90
98 234
98 611
98 612
98 700
98 753
98 1106
98 1135
99 82
99 90
99 235
99 610
99 611
99 700
99 753
99 1106
99 1135
100 82
100 90
100 236
100 610
100 700
100 753
100 1106
100 1135
101 82
101 90
101 236
101 240
101 241
101 609
101 700
101 753
101 1106
101 1135
102 82
102 90
102 236
102 238
102 239
102 242
102 243
102 286
102 287
102 288
102 289
102 290
102 291
102 609
102 700
102 753
102 1106
102 1135
103 82
103 90
103 236
103 238
103 244
103 245
103 246
103 284
103 285
103 292
103 293
103 302
103 303
103 304
103 305
103 306
103 307
103 609
103 700
103 753
103 1106
103 1132
103 1133
103 1134
103 1135
104 82
104 90
104 236
104 238
104 247
104 283
104 284
104 294
104 295
104 296
104 297
104 298
104 299
104 300
104 301
104 308
104 309
104 609
104 700
104 753
104 1106
104 1125
104 1126
104 1129
104 1130
104 1131
105 82
105 90
105 236
105 237
105 238
105 248
105 283
105 309
105 310
105 607
105 608
105 609
105 700
105 748
105 749
105 750
105 751
105 752
105 753
105 1106
105 1114
105 1115
105 1116
105 1117
105 1118
105 1119
105 1120
105 1121
105 1122
105 1123
105 1124
105 1127
105 1128
106 82
106 90
106 248
106 249
106 282
106 311
106 312
106 330
106 331
106 337
106 338
106 339
106 340
106 606
106 700
106 735
106 736
106 737
106 738
106 739
106 740
106 741
106 742
106 743
106 744
106 745
106 746
106 747
106 1107
106 1108
106 1109
106 1110
106 1111
106 1112
106 1113
106 1127
107 82
107 90
107 249
107 250
107 265
107 266
107 267
107 268
107 269
107 282
107 313
107 314
107 315
107 328
107 329
107 332
107 333
107 334
107 335
107 336
107 341
107 605
107 700
107 722
107 723
107 724
107 727
107 728
107 731
107 732
107 733
107 734
107 1123
107 1127
108 82
108 90
108 251
108 252
108 261
108 262
108 263
108 264
108 270
108 271
108 282
108 316
108 317
108 328
108 342
108 604
108 605
108 700
108 710
108 711
108 712
108 713
108 714
108 715
108 716
108 717
108 718
108 719
108 720
108 721
108 725
108 729
108 1123
108 1127
109 82
109 91
109 253
109 260
109 272
109 273
109 281
109 318
109 327
109 342
109 345
109 346
109 604
109 701
109 702
109 703
109 704
109 705
109 706
109 707
109 708
109 709
109 725
109 729
109 1123
109 1127
110 82
110 91
110 254
110 255
110 256
110 257
110 258
110 259
110 273
110 280
110 319
110 320
110 321
110 322
110 323
110 324
110 325
110 326
110 342
110 344
110 347
110 348
110 603
110 725
110 729
110 1123
110 1127
111 82
111 91
111 273
111 278
111 279
111 348
111 402
111 403
111 404
111 405
111 406
111 407
111 408
111 409
111 410
111 411
111 412
111 413
111 414
111 415
111 416
111 417
111 418
111 419
111 603
111 725
111 729
111 1123
111 1127
112 82
112 91
112 274
112 277
112 278
112 348
112 386
112 387
112 388
112 389
112 390
112 391
112 400
112 401
112 420
112 421
112 602
112 725
112 729
112 1123
112 1127
113 82
113 91
113 274
113 276
113 277
113 282
113 348
113 378
113 379
113 380
113 381
113 384
113 385
113 392
113 393
113 398
113 399
113 422
113 423
113 602
113 725
113 729
113 1123
113 1127
114 82
114 91
114 274
114 276
114 281
114 283
114 348
114 376
114 377
114 382
114 383
114 384
114 394
114 395
114 396
114 397
114 423
114 603
114 604
114 605
114 606
114 726
114 730
114 1123
114 1127
115 82
115 91
115 280
115 283
115 348
115 375
115 376
115 424
115 607
115 608
115 726
115 730
115 1123
115 1127
116 83
116 91
116 280
116 283
116 347
116 375
116 424
116 425
116 426
116 427
116 428
116 609
116 726
116 730
116 1123
116 1127
117 83
117 91
117 280
117 283
117 347
117 374
117 429
117 609
117 726
117 730
117 1123
117 1127
118 83
118 91
118 280
118 283
118 349
118 350
118 351
118 352
118 371
118 372
118 373
118 430
118 609
118 726
118 730
118 1123
118 1127
119 83
119 91
119 280
119 283
119 353
119 354
119 366
119 367
119 368
119 369
119 370
119 431
119 432
119 610
119 726
119 730
119 1123
119 1127
120 83
120 91
120 280
120 283
120 354
120 364
120 365
120 432
120 610
120 727
120 730
120 1123
120 1127
121 83
121 92
121 280
121 283
121 354
121 363
121 364
121 433
121 610
121 726
121 727
121 728
121 730
121 1123
121 1128
122 83
122 92
122 102
122 103
122 104
122 105
122 106
122 107
122 108
122 109
122 280
122 284
122 354
122 361
122 362
122 363
122 434
122 435
122 609
122 723
122 724
122 725
122 731
122 1123
122 1128
123 83
123 92
123 100
123 101
123 110
123 111
123 280
123 284
123 354
123 359
123 360
123 380
123 381
123 382
123 436
123 448
123 449
123 450
123 451
123 452
123 453
123 454
123 455
123 456
123 457
123 458
123 459
123 460
123 461
123 462
123 463
123 464
123 465
123 466
123 608
123 722
123 732
123 733
123 1124
123 1128
124 83
124 92
124 96
124 97
124 98
124 99
124 111
124 280
124 284
124 355
124 356
124 357
124 358
124 379
124 382
124 436
124 440
124 441
124 442
124 443
124 444
124 445
124 446
124 447
124 467
124 605
124 606
124 607
124 721
124 733
124 1124
124 1128
125 83
125 92
125 95
125 96
125 111
125 280
125 284
125 379
125 382
125 437
125 438
125 439
125 468
125 604
125 721
125 734
125 1124
125 1128
126 83
126 92
126 94
126 95
126 111
126 280
126 284
126 379
126 382
126 469
126 470
126 603
126 721
126 734
126 1124
126 1128
127 83
127 92
127 94
127 109
127 110
127 111
127 280
127 284
127 379
127 382
127 470
127 471
127 603
127 721
127 734
127 1124
127 1128
128 83
128 94
128 108
128 280
128 284
128 379
128 382
128 472
128 603
128 720
128 734
128 1124
128 1128
129 83
129 95
129 101
129 102
129 103
129 104
129 105
129 106
129 107
129 281
129 284
129 379
129 382
129 473
129 603
129 720
129 735
129 1124
129 1128
130 83
130 96
130 97
130 98
130 99
130 100
130 281
130 284
130 379
130 382
130 474
130 475
130 479
130 480
130 481
130 482
130 483
130 484
130 485
130 486
130 487
130 488
130 603
130 720
130 735
130 1124
130 1128
131 83
131 281
131 284
131 379
131 382
131 475
131 477
131 478
131 489
131 490
131 602
131 720
131 735
131 1124
131 1128
132 83
132 94
132 95
132 281
132 284
132 379
132 382
132 475
132 477
132 491
132 602
132 720
132 735
132 1124
132 1128
133 83
133 93
133 281
133 284
133 379
133 382
133 475
133 477
133 491
133 602
133 720
133 735
133 1124
133 1128
134 83
134 92
134 281
134 284
134 379
134 382
134 437
134 438
134 492
134 602
134 720
134 734
134 1124
134 1128
135 83
135 92
135 281
135 284
135 379
135 382
135 436
135 439
135 492
135 493
135 602
135 721
135 734
135 1124
135 1128
136 83
136 92
136 281
136 284
136 379
136 382
136 435
136 439
136 493
136 602
136 721
136 733
136 1124
136 1128
137 83
137 92
137 281
137 284
137 379
137 382
137 435
137 439
137 494
137 602
137 722
137 732
137 733
137 1124
137 1128
138 84
138 92
138 281
138 284
138 379
138 382
138 435
138 439
138 494
138 601
138 602
138 722
138 723
138 724
138 732
138 1124
138 1128
139 84
139 92
139 281
139 284
139 293
139 294
139 295
139 296
139 297
139 379
139 382
139 435
139 439
139 494
139 599
139 600
139 725
139 726
139 729
139 731
139 1124
139 1128
140 84
140 93
140 281
140 285
140 286
140 287
140 288
140 289
140 290
140 291
140 292
140 298
140 379
140 382
140 435
140 439
140 494
140 597
140 598
140 727
140 731
140 1124
140 1128
141 84
141 93
141 281
141 284
141 299
141 380
141 382
141 435
141 440
141 494
141 597
141 727
141 731
141 1124
141 1128
142 84
142 93
142 281
142 283
142 380
142 383
142 435
142 440
142 463
142 464
142 494
142 596
142 727
142 731
142 1124
142 1128
143 84
143 93
143 281
143 283
143 292
143 293
143 294
143 295
143 296
143 297
143 298
143 380
143 383
143 436
143 440
143 462
143 494
143 495
143 496
143 497
143 530
143 596
143 727
143 731
143 1124
143 1128
144 84
144 93
144 281
144 284
144 287
144 288
144 289
144 290
144 291
144 380
144 383
144 436
144 440
144 461
144 464
144 498
144 499
144 529
144 531
144 532
144 533
144 534
144 595
144 727
144 731
144 1124
144 1128
145 84
145 93
145 281
145 285
145 286
145 380
145 383
145 424
145 425
145 436
145 440
145 461
145 464
145 478
145 499
145 528
145 535
145 536
145 595
145 727
145 731
145 1124
145 1128
146 84
146 93
146 281
146 285
146 303
146 304
146 305
146 380
146 383
146 418
146 419
146 420
146 421
146 428
146 429
146 430
146 431
146 432
146 433
146 434
146 435
146 440
146 461
146 464
146 477
146 479
146 499
146 528
146 537
146 596
146 727
146 731
146 1124
146 1128
147 84
147 93
147 281
147 285
147 302
147 306
147 380
147 383
147 417
147 422
147 427
147 436
147 440
147 461
147 464
147 476
147 479
147 499
147 528
147 537
147 596
147 597
147 598
147 599
147 600
147 727
147 731
147 1124
147 1128
148 84
148 93
148 281
148 285
148 301
148 306
148 380
148 383
148 417
148 422
148 426
148 436
148 440
148 461
148 464
148 476
148 479
148 499
148 527
148 537
148 601
148 727
148 731
148 1124
148 1128
149 84
149 93
149 281
149 285
149 301
149 306
149 380
149 383
149 418
149 422
149 426
149 436
149 440
149 461
149 465
149 476
149 479
149 499
149 527
149 537
149 601
149 727
149 731
149 1124
149 1128
150 84
150 93
150 281
150 285
150 301
150 306
150 380
150 383
150 415
150 418
150 422
150 426
150 436
150 440
150 462
150 465
150 476
150 479
150 500
150 527
150 538
150 601
150 727
150 731
150 1124
150 1128
151 84
151 93
151 281
151 285
151 301
151 306
151 380
151 383
151 415
151 418
151 422
151 426
151 436
151 440
151 462
151 465
151 476
151 479
151 501
151 502
151 527
151 539
151 540
151 601
151 728
151 732
151 1124
151 1128
152 84
152 93
152 281
152 285
152 301
152 306
152 380
152 383
152 415
152 418
152 422
152 426
152 436
152 440
152 462
152 465
152 476
152 479
152 502
152 503
152 527
152 540
152 601
152 728
152 732
152 1124
152 1128
153 84
153 93
153 281
153 285
153 301
153 306
153 380
153 383
153 415
153 418
153 422
153 426
153 436
153 440
153 462
153 465
153 476
153 479
153 503
153 504
153 527
153 540
153 601
153 728
153 732
153 1124
153 1128
154 84
154 93
154 198
154 199
154 200
154 201
154 202
154 281
154 285
154 301
154 306
154 380
154 383
154 415
154 418
154 422
154 426
154 436
154 441
154 462
154 465
154 476
154 479
154 483
154 484
154 504
154 527
154 540
154 601
154 728
154 732
154 1124
154 1128
155 84
155 93
155 197
155 198
155 203
155 204
155 281
155 285
155 301
155 306
155 380
155 383
155 414
155 418
155 422
155 426
155 436
155 441
155 451
155 452
155 453
155 462
155 465
155 476
155 479
155 482
155 485
155 504
155 526
155 527
155 540
155 600
155 728
155 732
155 1124
155 1128
156 84
156 94
156 195
156 196
156 205
156 281
156 285
156 295
156 301
156 306
156 380
156 383
156 412
156 413
156 415
156 418
156 422
156 426
156 436
156 441
156 451
156 453
156 462
156 465
156 476
156 479
156 481
156 485
156 504
156 526
156 540
156 595
156 596
156 597
156 598
156 599
156 728
156 732
156 1124
156 1128
157 84
157 94
157 195
157 205
157 282
157 286
157 294
157 296
157 301
157 307
157 380
157 383
157 412
157 415
157 418
157 423
157 427
157 431
157 436
157 441
157 450
157 453
157 462
157 465
157 476
157 479
157 481
157 485
157 504
157 540
157 593
157 594
157 728
157 732
157 1124
157 1128
158 84
158 94
158 194
158 205
158 282
158 286
158 293
158 296
158 301
158 307
158 380
158 383
158 410
158 412
158 415
158 418
158 423
158 427
158 430
158 432
158 436
158 441
158 450
158 453
158 462
158 465
158 476
158 479
158 481
158 485
158 497
158 498
158 499
158 504
158 522
158 523
158 524
158 540
158 563
158 564
158 565
158 591
158 592
158 728
158 732
158 1124
158 1128
159 85
159 94
159 194
159 199
159 200
159 205
159 282
159 286
159 293
159 296
159 301
159 307
159 317
159 318
159 319
159 320
159 321
159 322
159 323
159 324
159 325
159 326
159 327
159 328
159 329
159 330
159 331
159 332
159 333
159 334
159 335
159 336
159 337
159 338
159 339
159 380
159 383
159 409
159 412
159 415
159 418
159 423
159 427
159 432
159 436
159 441
159 450
159 453
159 462
159 465
159 476
159 479
159 481
159 485
159 497
159 500
159 501
159 502
159 503
159 520
159 521
159 524
159 538
159 539
159 561
159 562
159 566
159 567
159 568
159 569
159 570
159 585
159 586
159 587
159 588
159 589
159 590
159 728
159 732
159 1124
159 1128
160 85
160 94
160 193
160 198
160 205
160 282
160 286
160 293
160 296
160 301
160 307
160 315
160 316
160 340
160 341
160 342
160 343
160 344
160 345
160 380
160 383
160 409
160 413
160 414
160 415
160 419
160 423
160 427
160 432
160 436
160 441
160 450
160 453
160 462
160 465
160 476
160 479
160 481
160 485
160 498
160 518
160 519
160 525
160 537
160 550
160 551
160 552
160 558
160 559
160 560
160 561
160 570
160 583
160 584
160 728
160 732
160 1124
160 1128
161 85
161 94
161 194
161 197
161 200
161 205
161 282
161 286
161 293
161 296
161 301
161 307
161 315
161 346
161 380
161 383
161 408
161 419
161 423
161 427
161 432
161 437
161 441
161 450
161 453
161 462
161 465
161 476
161 479
161 481
161 485
161 499
161 504
161 505
161 506
161 507
161 508
161 509
161 510
161 511
161 512
161 517
161 518
161 525
161 538
161 543
161 548
161 549
161 555
161 571
161 581
161 582
161 728
161 732
161 1124
161 1128
162 85
162 94
162 194
162 195
162 197
162 200
162 205
162 282
162 286
162 293
162 298
162 299
162 300
162 307
162 314
162 346
162 378
162 379
162 380
162 383
162 408
162 411
162 415
162 419
162 423
162 427
162 432
162 438
162 441
162 450
162 453
162 462
162 465
162 476
162 479
162 481
162 485
162 500
162 501
162 515
162 516
162 526
162 537
162 539
162 540
162 547
162 553
162 554
162 556
162 557
162 571
162 572
162 581
162 728
162 732
162 1124
162 1128
163 85
163 94
163 195
163 196
163 200
163 204
163 207
163 208
163 282
163 286
163 290
163 291
163 292
163 297
163 301
163 307
163 314
163 346
163 377
163 383
163 408
163 411
163 415
163 419
163 423
163 427
163 432
163 438
163 441
163 450
163 453
163 462
163 465
163 476
163 479
163 481
163 485
163 505
163 506
163 507
163 513
163 514
163 526
163 536
163 541
163 542
163 551
163 552
163 558
163 559
163 573
163 574
163 580
163 728
163 732
163 1124
163 1128
163 1142
163 1143
164 85
164 94
164 196
164 201
164 202
164 203
164 204
164 209
164 282
164 286
164 289
164 293
164 296
164 301
164 307
164 313
164 347
164 376
164 380
164 383
164 408
164 411
164 415
164 419
164 423
164 427
164 432
164 438
164 441
164 453
164 462
164 466
164 471
164 472
164 473
164 474
164 479
164 481
164 485
164 504
164 508
164 509
164 510
164 511
164 512
164 527
164 536
164 543
164 550
164 551
164 559
164 560
164 574
164 578
164 579
164 728
164 732
164 1100
164 1124
164 1128
164 1138
164 1139
164 1140
164 1141
164 1144
164 1145
164 1146
164 1147
164 1148
165 85
165 94
165 209
165 282
165 286
165 288
165 293
165 296
165 301
165 307
165 313
165 347
165 376
165 380
165 383
165 408
165 411
165 415
165 419
165 423
165 427
165 432
165 438
165 441
165 447
165 448
165 449
165 450
165 463
165 466
165 470
165 475
165 481
165 485
165 503
165 527
165 528
165 536
165 543
165 549
165 550
165 560
165 561
165 575
165 576
165 577
165 728
165 732
165 1098
165 1099
165 1101
165 1124
165 1128
165 1135
165 1136
165 1137
165 1149
165 1150
165 1151
166 85
166 94
166 197
166 209
166 282
166 286
166 288
166 293
166 296
166 301
166 307
166 312
166 348
166 376
166 380
166 383
166 408
166 411
166 415
166 419
166 423
166 427
166 432
166 438
166 441
166 446
166 447
166 451
166 463
166 466
166 469
166 475
166 482
166 485
166 503
166 528
166 535
166 544
166 547
166 548
166 561
166 728
166 732
166 1097
166 1098
166 1101
166 1124
166 1128
166 1133
166 1134
166 1152
167 85
167 94
167 197
167 201
167 209
167 282
167 286
167 288
167 293
167 296
167 301
167 307
167 312
167 349
167 350
167 351
167 376
167 380
167 384
167 408
167 411
167 415
167 419
167 423
167 427
167 432
167 438
167 441
167 444
167 445
167 451
167 463
167 466
167 469
167 475
167 482
167 486
167 500
167 501
167 502
167 503
167 529
167 535
167 544
167 545
167 546
167 547
167 562
167 597
167 598
167 599
167 600
167 601
167 602
167 603
167 728
167 732
167 1096
167 1097
167 1101
167 1124
167 1128
167 1133
167 1153
168 85
168 94
168 197
168 201
168 209
168 282
168 286
168 288
168 293
168 297
168 301
168 308
168 309
168 310
168 311
168 352
168 376
168 380
168 384
168 405
168 406
168 407
168 408
168 409
168 410
168 411
168 415
168 419
168 423
168 427
168 432
168 438
168 444
168 451
168 463
168 466
168 469
168 475
168 482
168 486
168 498
168 499
168 529
168 535
168 562
168 563
168 596
168 604
168 728
168 732
168 1094
168 1095
168 1101
168 1124
168 1128
168 1132
168 1153
168 1154
169 85
169 94
169 197
169 201
169 209
169 282
169 286
169 288
169 293
169 297
169 301
169 352
169 376
169 380
169 383
169 385
169 397
169 398
169 399
169 400
169 401
169 402
169 403
169 404
169 411
169 416
169 419
169 423
169 427
169 432
169 438
169 444
169 451
169 463
169 466
169 469
169 475
169 482
169 486
169 490
169 491
169 492
169 493
169 494
169 495
169 496
169 497
169 530
169 535
169 563
169 564
169 595
169 604
169 729
169 733
169 1093
169 1094
169 1101
169 1124
169 1128
169 1132
169 1154
170 85
170 94
170 130
170 131
170 197
170 201
170 209
170 282
170 286
170 288
170 293
170 297
170 302
170 307
170 352
170 376
170 380
170 383
170 385
170 396
170 411
170 416
170 419
170 423
170 427
170 432
170 438
170 444
170 451
170 463
170 466
170 469
170 475
170 482
170 486
170 489
170 530
170 534
170 564
170 595
170 604
170 729
170 733
170 1093
170 1101
170 1124
170 1128
170 1132
170 1154
171 85
171 94
171 128
171 129
171 132
171 198
171 201
171 209
171 282
171 286
171 288
171 293
171 297
171 302
171 307
171 352
171 376
171 380
171 383
171 385
171 389
171 390
171 395
171 411
171 416
171 419
171 423
171 427
171 432
171 438
171 444
171 450
171 463
171 466
171 469
171 475
171 482
171 486
171 488
171 497
171 530
171 534
171 564
171 595
171 604
171 729
171 733
171 1092
171 1101
171 1124
171 1128
171 1132
171 1154
172 85
172 95
172 126
172 127
172 132
172 133
172 149
172 150
172 151
172 152
172 153
172 154
172 198
172 201
172 209
172 282
172 286
172 288
172 293
172 297
172 302
172 307
172 352
172 369
172 370
172 371
172 376
172 380
172 383
172 385
172 386
172 387
172 388
172 391
172 392
172 395
172 411
172 416
172 419
172 423
172 428
172 431
172 432
172 436
172 437
172 438
172 444
172 450
172 463
172 466
172 469
172 475
172 482
172 486
172 488
172 498
172 499
172 500
172 501
172 502
172 531
172 532
172 533
172 534
172 565
172 595
172 604
172 729
172 733
172 1091
172 1092
172 1101
172 1124
172 1129
172 1132
172 1154
173 85
173 95
173 125
173 126
173 133
173 134
173 139
173 140
173 141
173 142
173 143
173 144
173 145
173 146
173 147
173 148
173 198
173 201
173 209
173 282
173 286
173 288
173 293
173 297
173 302
173 307
173 352
173 368
173 372
173 376
173 380
173 383
173 393
173 396
173 411
173 416
173 420
173 421
173 422
173 423
173 429
173 436
173 444
173 449
173 454
173 463
173 466
173 469
173 475
173 482
173 484
173 485
173 503
173 565
173 591
173 592
173 595
173 604
173 729
173 733
173 1090
173 1091
173 1101
173 1125
173 1129
173 1133
173 1154
174 85
174 95
174 124
174 125
174 135
174 139
174 154
174 198
174 201
174 209
174 282
174 288
174 293
174 297
174 302
174 307
174 352
174 367
174 373
174 376
174 380
174 383
174 396
174 405
174 406
174 407
174 410
174 414
174 429
174 436
174 444
174 449
174 454
174 463
174 466
174 469
174 475
174 481
174 482
174 503
174 566
174 573
174 574
174 590
174 593
174 596
174 604
174 729
174 733
174 1089
174 1090
174 1101
174 1125
174 1129
174 1133
174 1154
175 85
175 95
175 124
175 129
175 135
175 139
175 140
175 153
175 196
175 198
175 201
175 209
175 282
175 289
175 293
175 297
175 302
175 307
175 352
175 367
175 373
175 374
175 375
175 376
175 380
175 383
175 394
175 397
175 399
175 400
175 401
175 402
175 403
175 404
175 408
175 409
175 413
175 415
175 417
175 419
175 423
175 429
175 436
175 444
175 449
175 454
175 463
175 466
175 470
175 475
175 481
175 503
175 566
175 571
175 572
175 575
175 589
175 593
175 596
175 604
175 611
175 612
175 613
175 614
175 615
175 616
175 617
175 729
175 733
175 1088
175 1089
175 1101
175 1125
175 1129
175 1133
175 1154
176 85
176 95
176 123
176 128
176 130
176 134
176 140
176 153
176 192
176 193
176 194
176 195
176 199
176 201
176 209
176 282
176 289
176 290
176 291
176 292
176 293
176 298
176 299
176 301
176 307
176 352
176 367
176 381
176 383
176 394
176 398
176 408
176 411
176 413
176 415
176 417
176 419
176 423
176 429
176 436
176 444
176 449
176 454
176 463
176 466
176 470
176 475
176 481
176 504
176 510
176 511
176 512
176 513
176 514
176 515
176 516
176 517
176 518
176 519
176 520
176 521
176 522
176 567
176 570
176 571
176 589
176 593
176 596
176 600
176 604
176 610
176 618
176 619
176 620
176 621
176 622
176 623
176 624
176 625
176 626
176 627
176 729
176 733
176 1087
176 1088
176 1101
176 1125
176 1129
176 1133
176 1154
177 85
177 95
177 123
177 127
177 130
177 133
177 141
177 152
177 192
177 199
177 201
177 209
177 282
177 300
177 307
177 352
177 367
177 381
177 384
177 408
177 411
177 413
177 415
177 417
177 419
177 423
177 429
177 436
177 444
177 449
177 454
177 463
177 466
177 470
177 475
177 481
177 482
177 504
177 509
177 523
177 524
177 568
177 569
177 570
177 574
177 575
177 576
177 577
177 578
177 579
177 580
177 581
177 582
177 583
177 584
177 585
177 588
177 589
177 593
177 596
177 599
177 601
177 604
177 609
177 628
177 629
177 729
177 733
177 1086
177 1087
177 1101
177 1125
177 1129
177 1133
177 1154
178 85
178 95
178 124
178 127
178 130
178 133
178 141
178 142
178 152
178 192
178 193
178 198
178 201
178 209
178 279
178 280
178 281
178 289
178 290
178 291
178 292
178 293
178 297
178 300
178 307
178 353
178 367
178 381
178 384
178 394
178 398
178 408
178 411
178 413
178 415
178 417
178 419
178 423
178 429
178 436
178 442
178 444
178 449
178 454
178 463
178 466
178 470
178 475
178 482
178 504
178 508
178 525
178 526
178 574
178 586
178 587
178 595
178 596
178 599
178 601
178 604
178 609
178 630
178 729
178 733
178 1086
178 1101
178 1125
178 1129
178 1133
178 1154
179 85
179 95
179 124
179 125
179 126
179 127
179 130
179 132
179 133
179 142
179 143
179 151
179 177
179 180
179 181
179 182
179 193
179 198
179 201
179 209
179 278
179 282
179 288
179 293
179 299
179 307
179 353
179 367
179 381
179 384
179 392
179 393
179 398
179 408
179 411
179 413
179 415
179 417
179 419
179 423
179 429
179 430
179 432
179 435
179 438
179 442
179 444
179 448
179 451
179 454
179 463
179 466
179 470
179 475
179 482
179 504
179 508
179 526
179 573
179 587
179 593
179 594
179 596
179 597
179 601
179 602
179 603
179 604
179 606
179 607
179 608
179 631
179 729
179 733
179 1085
179 1101
179 1125
179 1129
179 1134
179 1154
180 86
180 95
180 132
180 143
180 144
180 146
180 147
180 148
180 151
180 176
180 178
180 179
180 184
180 185
180 186
180 194
180 198
180 201
180 209
180 217
180 218
180 219
180 220
180 277
180 282
180 287
180 294
180 298
180 300
180 308
180 353
180 367
180 381
180 384
180 391
180 395
180 398
180 408
180 411
180 413
180 415
180 417
180 419
180 424
180 430
180 431
180 433
180 434
180 439
180 442
180 444
180 448
180 451
180 454
180 464
180 467
180 470
180 475
180 482
180 487
180 488
180 489
180 490
180 491
180 492
180 493
180 494
180 495
180 496
180 497
180 498
180 499
180 500
180 501
180 508
180 526
180 572
180 587
180 592
180 593
180 598
180 608
180 631
180 632
180 729
180 733
180 1085
180 1101
180 1125
180 1129
180 1134
180 1154
181 86
181 95
181 127
181 144
181 145
181 148
181 150
181 175
181 178
181 183
181 187
181 194
181 195
181 198
181 202
181 209
181 215
181 216
181 221
181 277
181 282
181 287
181 294
181 297
181 300
181 308
181 353
181 367
181 381
181 384
181 390
181 395
181 398
181 408
181 411
181 413
181 415
181 417
181 419
181 424
181 433
181 439
181 442
181 444
181 448
181 456
181 464
181 467
181 470
181 475
181 481
181 486
181 502
181 508
181 526
181 571
181 588
181 592
181 608
181 632
181 729
181 733
181 1084
181 1101
181 1125
181 1129
181 1134
181 1154
182 86
182 95
182 127
182 130
182 144
182 148
182 150
182 175
182 178
182 182
182 187
182 195
182 196
182 198
182 203
182 209
182 214
182 221
182 277
182 282
182 287
182 294
182 297
182 300
182 308
182 353
182 367
182 381
182 384
182 390
182 395
182 398
182 411
182 413
182 415
182 417
182 419
182 424
182 428
182 433
182 439
182 444
182 449
182 450
182 451
182 455
182 457
182 464
182 467
182 470
182 476
182 481
182 485
182 503
182 507
182 526
182 571
182 588
182 591
182 603
182 608
182 633
182 729
182 733
182 1084
182 1094
182 1095
182 1096
182 1097
182 1098
182 1099
182 1100
182 1101
182 1125
182 1129
182 1135
182 1136
182 1137
182 1138
182 1139
182 1140
182 1141
182 1142
182 1143
182 1144
182 1145
182 1146
182 1147
182 1148
182 1149
182 1150
182 1151
182 1152
182 1153
182 1154
183 86
183 95
183 127
183 130
183 144
183 148
183 150
183 175
183 178
183 182
183 187
183 196
183 203
183 209
183 213
183 221
183 277
183 282
183 287
183 294
183 297
183 300
183 308
183 353
183 367
183 381
183 384
183 390
183 395
183 398
183 404
183 405
183 406
183 413
183 415
183 417
183 419
183 424
183 428
183 433
183 439
183 444
183 452
183 458
183 464
183 476
183 480
183 485
183 503
183 507
183 527
183 570
183 588
183 591
183 602
183 607
183 633
183 729
183 733
183 1084
183 1085
183 1086
183 1087
183 1088
183 1089
183 1090
183 1091
183 1092
183 1093
183 1125
183 1129
184 86
184 95
184 127
184 130
184 144
184 175
184 178
184 182
184 187
184 197
184 203
184 209
184 213
184 220
184 259
184 260
184 261
184 262
184 263
184 264
184 265
184 266
184 267
184 268
184 269
184 277
184 282
184 287
184 294
184 297
184 300
184 308
184 353
184 368
184 381
184 384
184 390
184 395
184 398
184 403
184 407
184 413
184 415
184 417
184 419
184 424
184 428
184 433
184 439
184 452
184 476
184 480
184 485
184 503
184 507
184 527
184 569
184 570
184 589
184 591
184 602
184 607
184 633
184 733
184 1125
184 1129
185 86
185 95
185 127
185 130
185 144
185 148
185 176
185 177
185 178
185 182
185 186
185 198
185 203
185 208
185 209
185 214
185 220
185 258
185 270
185 271
185 272
185 273
185 274
185 277
185 282
185 287
185 294
185 297
185 300
185 308
185 353
185 368
185 381
185 384
185 390
185 424
185 428
185 433
185 434
185 435
185 436
185 437
185 438
185 439
185 440
185 441
185 442
185 443
185 444
185 452
185 476
185 480
185 484
185 504
185 507
185 527
185 533
185 534
185 535
185 536
185 537
185 538
185 568
185 590
185 602
185 607
185 633
185 1125
185 1129
186 86
186 95
186 127
186 130
186 144
186 148
186 183
186 184
186 185
186 186
186 198
186 203
186 207
186 214
186 220
186 257
186 275
186 276
186 277
186 283
186 287
186 294
186 297
186 302
186 308
186 353
186 368
186 381
186 384
186 391
186 424
186 428
186 429
186 430
186 431
186 432
186 433
186 445
186 446
186 447
186 448
186 449
186 450
186 451
186 452
186 454
186 477
186 478
186 479
186 480
186 484
186 504
186 505
186 506
186 519
186 520
186 521
186 522
186 523
186 524
186 525
186 526
186 527
186 529
186 530
186 531
186 532
186 539
186 570
186 589
186 601
186 607
186 631
186 633
186 1125
186 1129
187 86
187 96
187 127
187 130
187 144
187 148
187 178
187 198
187 203
187 206
187 214
187 220
187 257
187 283
187 287
187 294
187 297
187 302
187 308
187 354
187 355
187 356
187 357
187 358
187 359
187 360
187 361
187 368
187 381
187 384
187 391
187 422
187 423
187 424
187 425
187 426
187 427
187 454
187 455
187 483
187 509
187 510
187 511
187 512
187 513
187 514
187 515
187 516
187 517
187 518
187 539
187 570
187 589
187 600
187 601
187 606
187 633
187 1125
187 1129
188 86
188 96
188 127
188 130
188 144
188 148
188 178
188 182
188 197
188 203
188 209
188 210
188 211
188 212
188 213
188 214
188 219
188 256
188 283
188 287
188 294
188 297
188 302
188 308
188 362
188 368
188 381
188 384
188 392
188 423
188 424
188 456
188 457
188 482
188 483
188 501
188 502
188 503
188 504
188 508
188 540
188 570
188 589
188 600
188 605
188 634
188 1125
188 1129
189 86
189 96
189 127
189 130
189 144
189 148
189 178
189 182
189 194
189 195
189 196
189 203
189 208
189 219
189 256
189 283
189 287
189 294
189 297
189 302
189 308
189 362
189 368
189 381
189 384
189 392
189 457
189 458
189 481
189 482
189 494
189 495
189 496
189 497
189 498
189 499
189 500
189 570
189 590
189 605
189 634
189 1125
189 1129
190 86
190 96
190 127
190 130
190 144
190 148
190 178
190 182
190 194
190 196
190 198
190 203
190 208
190 219
190 240
190 241
190 242
190 243
190 244
190 245
190 246
190 247
190 255
190 283
190 287
190 294
190 297
190 302
190 308
190 362
190 368
190 381
190 384
190 391
190 422
190 459
190 460
190 480
190 481
190 488
190 489
190 490
190 491
190 492
190 493
190 605
190 634
190 1125
190 1129
191 86
191 96
191 127
191 130
191 144
191 148
191 178
191 182
191 194
191 195
191 196
191 198
191 203
191 208
191 219
191 239
191 248
191 249
191 255
191 283
191 288
191 294
191 298
191 302
191 308
191 422
191 460
191 480
191 482
191 483
191 484
191 485
191 486
191 487
191 605
191 632
191 1125
191 1129
192 86
192 96
192 127
192 130
192 144
192 148
192 178
192 182
192 194
192 198
192 203
192 209
192 219
192 238
192 249
192 250
192 256
192 283
192 288
192 294
192 298
192 300
192 302
192 308
192 421
192 461
192 462
192 463
192 464
192 465
192 466
192 474
192 475
192 476
192 477
192 478
192 480
192 501
192 502
192 508
192 509
192 605
192 632
192 1125
192 1129
193 86
193 96
193 127
193 130
193 144
193 149
193 178
193 181
193 209
193 219
193 238
193 250
193 251
193 256
193 283
193 288
193 294
193 298
193 300
193 302
193 308
193 420
193 421
193 467
193 468
193 469
193 470
193 471
193 472
193 473
193 488
193 494
193 495
193 500
193 503
193 507
193 604
193 605
193 632
193 964
193 1125
193 1129
194 86
194 96
194 127
194 130
194 145
194 149
194 177
194 181
194 198
194 200
194 203
194 204
194 205
194 208
194 209
194 219
194 237
194 251
194 252
194 256
194 283
194 288
194 294
194 298
194 300
194 302
194 308
194 420
194 459
194 460
194 464
194 465
194 466
194 485
194 486
194 487
194 489
194 493
194 499
194 503
194 508
194 510
194 603
194 604
194 632
194 962
194 963
194 965
194 966
194 1125
194 1129
195 86
195 96
195 127
195 130
195 145
195 149
195 177
195 181
195 195
195 196
195 197
195 198
195 203
195 206
195 207
195 219
195 231
195 232
195 233
195 234
195 235
195 252
195 253
195 302
195 308
195 419
195 453
195 454
195 455
195 456
195 457
195 458
195 476
195 477
195 478
195 479
195 484
195 489
195 492
195 496
195 499
195 503
195 508
195 510
195 602
195 961
195 966
195 992
195 993
195 1125
195 1129
196 86
196 96
196 127
196 130
196 145
196 149
196 177
196 181
196 194
196 199
196 204
196 219
196 223
196 224
196 225
196 226
196 227
196 228
196 229
196 230
196 236
196 303
196 308
196 419
196 446
196 447
196 448
196 449
196 450
196 451
196 452
196 467
196 468
196 474
196 475
196 483
196 489
196 492
196 496
196 499
196 503
196 507
196 510
196 960
196 966
196 991
196 994
196 995
196 1024
196 1125
196 1129
197 86
197 96
197 127
197 130
197 145
197 149
197 177
197 181
197 194
197 199
197 204
197 220
197 221
197 222
197 236
197 308
197 418
197 440
197 441
197 442
197 443
197 444
197 445
197 462
197 465
197 466
197 469
197 474
197 480
197 483
197 487
197 488
197 489
197 493
197 494
197 496
197 499
197 503
197 507
197 510
197 960
197 966
197 990
197 996
197 1022
197 1023
197 1025
197 1026
197 1125
197 1129
198 86
198 96
198 127
198 130
198 145
198 149
198 177
198 181
198 194
198 199
198 204
198 210
198 211
198 212
198 213
198 214
198 215
198 216
198 217
198 218
198 219
198 220
198 237
198 302
198 303
198 417
198 418
198 433
198 434
198 435
198 436
198 437
198 438
198 439
198 461
198 463
198 464
198 469
198 473
198 480
198 484
198 486
198 489
198 493
198 496
198 499
198 503
198 960
198 966
198 990
198 996
198 1021
198 1027
198 1125
198 1129
199 86
199 96
199 127
199 130
199 145
199 149
199 177
199 181
199 194
199 200
199 201
199 202
199 203
199 204
199 205
199 206
199 207
199 208
199 209
199 225
199 226
199 227
199 228
199 229
199 230
199 231
199 232
199 233
199 234
199 235
199 237
199 304
199 309
199 416
199 417
199 426
199 427
199 428
199 429
199 430
199 431
199 432
199 453
199 454
199 455
199 456
199 457
199 460
199 463
199 469
199 473
199 480
199 484
199 489
199 492
199 496
199 499
199 960
199 966
199 990
199 996
199 1020
199 1027
199 1125
199 1129
200 86
200 96
200 127
200 130
200 145
200 149
200 177
200 181
200 192
200 193
200 194
200 195
200 196
200 197
200 198
200 199
200 200
200 239
200 304
200 308
200 420
200 421
200 422
200 423
200 424
200 425
200 449
200 450
200 451
200 452
200 457
200 460
200 464
200 469
200 473
200 480
200 484
200 489
200 492
200 496
200 960
200 966
200 990
200 996
200 1020
200 1027
200 1125
200 1129
201 87
201 96
201 127
201 130
201 177
201 182
201 183
201 184
201 185
201 186
201 187
201 188
201 189
201 190
201 191
201 240
201 304
201 308
201 413
201 414
201 415
201 416
201 417
201 418
201 419
201 441
201 447
201 448
201 457
201 460
201 464
201 469
201 473
201 480
201 484
201 489
201 960
201 966
201 990
201 996
201 1020
201 1027
201 1125
201 1129
202 167
202 168
202 169
202 170
202 171
202 172
202 173
202 174
202 175
202 176
202 177
202 180
202 181
202 182
202 407
202 408
202 409
202 410
202 411
202 412
202 432
202 433
202 434
202 435
202 436
202 437
202 438
202 439
202 440
202 442
202 446
202 457
202 460
202 464
202 469
202 473
202 480
202 484
202 960
202 966
202 990
202 996
202 1020
202 1027
202 1125
202 1129
203 165
203 166
203 177
203 178
203 179
203 242
203 243
203 244
203 400
203 401
203 402
203 403
203 404
203 405
203 406
203 429
203 430
203 431
203 442
203 445
203 457
203 460
203 464
203 470
203 474
203 480
203 960
203 966
203 990
203 996
203 1020
203 1027
203 1125
203 1129
204 244
204 245
204 393
204 394
204 395
204 396
204 397
204 398
204 399
204 422
204 428
204 442
204 445
204 457
204 460
204 464
204 470
204 474
204 960
204 966
204 990
204 997
204 1020
204 1027
204 1125
204 1129
205 167
205 246
205 247
205 387
205 388
205 389
205 390
205 391
205 392
205 416
205 417
205 418
205 419
205 420
205 421
205 423
205 427
205 442
205 445
205 457
205 461
205 464
205 470
205 960
205 966
205 990
205 997
205 1020
205 1027
205 1125
205 1129
206 159
206 160
206 161
206 247
206 248
206 379
206 380
206 381
206 382
206 383
206 384
206 385
206 386
206 410
206 413
206 414
206 415
206 423
206 427
206 442
206 445
206 458
206 461
206 463
206 960
206 966
206 990
206 997
206 1021
206 1027
206 1125
206 1129
207 157
207 158
207 249
207 250
207 369
207 370
207 371
207 372
207 373
207 374
207 375
207 376
207 377
207 378
207 407
207 408
207 409
207 411
207 412
207 423
207 427
207 442
207 445
207 960
207 966
207 990
207 997
207 1021
207 1027
207 1125
207 1129
208 155
208 156
208 251
208 252
208 361
208 362
208 363
208 364
208 365
208 366
208 367
208 368
208 406
208 411
208 423
208 428
208 442
208 445
208 960
208 966
208 990
208 997
208 1021
208 1027
208 1125
208 1129
209 154
209 155
209 252
209 253
209 352
209 353
209 354
209 355
209 356
209 357
209 358
209 359
209 360
209 392
209 393
209 394
209 395
209 396
209 397
209 398
209 399
209 405
209 411
209 424
209 428
209 443
209 446
209 960
209 966
209 990
209 997
209 1021
209 1027
209 1125
209 1129
210 152
210 153
210 254
210 255
210 343
210 344
210 345
210 346
210 347
210 348
210 349
210 350
210 351
210 383
210 384
210 385
210 386
210 387
210 388
210 389
210 390
210 391
210 399
210 405
210 424
210 428
210 443
210 446
210 960
210 966
210 990
210 997
210 1021
210 1027
210 1125
210 1129
211 150
211 151
211 255
211 256
211 257
211 258
211 259
211 260
211 261
211 262
211 334
211 335
211 336
211 337
211 338
211 339
211 340
211 341
211 342
211 379
211 380
211 381
211 382
211 399
211 405
211 424
211 428
211 443
211 446
211 960
211 966
211 990
211 997
211 1021
211 1028
211 1125
211 1129
212 149
212 150
212 263
212 264
212 265
212 266
212 267
212 268
212 269
212 270
212 325
212 326
212 327
212 328
212 329
212 330
212 331
212 332
212 333
212 368
212 369
212 370
212 371
212 378
212 399
212 406
212 422
212 423
212 424
212 429
212 441
212 442
212 443
212 446
212 960
212 966
212 990
212 997
212 1021
212 1028
212 1125
212 1129
213 148
213 271
213 309
213 324
213 367
213 372
213 377
213 399
213 406
213 424
213 429
213 443
213 960
213 966
213 990
213 997
213 1021
213 1028
213 1125
213 1129
214 147
214 271
214 305
214 306
214 307
214 308
214 309
214 316
214 317
214 318
214 319
214 320
214 321
214 322
214 323
214 358
214 359
214 360
214 361
214 362
214 363
214 364
214 365
214 366
214 372
214 377
214 400
214 406
214 424
214 428
214 960
214 966
214 990
214 997
214 1021
214 1028
214 1125
214 1129
215 146
215 147
215 272
215 310
215 311
215 312
215 313
215 314
215 315
215 347
215 348
215 349
215 350
215 351
215 352
215 353
215 354
215 355
215 356
215 357
215 372
215 377
215 400
215 406
215 424
215 428
215 960
215 966
215 990
215 997
215 1021
215 1028
215 1125
215 1129
216 144
216 145
216 272
216 298
216 299
216 300
216 301
216 302
216 303
216 304
216 305
216 306
216 307
216 308
216 309
216 342
216 343
216 344
216 345
216 346
216 372
216 377
216 400
216 406
216 424
216 428
216 960
216 966
216 990
216 997
216 1021
216 1028
216 1125
216 1129
217 143
217 144
217 272
217 289
217 290
217 291
217 292
217 293
217 294
217 295
217 296
217 297
217 332
217 333
217 341
217 372
217 378
217 400
217 406
217 424
217 428
217 961
217 967
217 990
217 997
217 1021
217 1028
217 1125
217 1129
218 141
218 142
218 272
218 281
218 282
218 283
218 284
218 285
218 286
218 287
218 288
218 323
218 324
218 325
218 326
218 327
218 328
218 329
218 330
218 331
218 334
218 340
218 373
218 378
218 400
218 406
218 424
218 961
218 967
218 990
218 997
218 1021
218 1028
218 1125
218 1129
219 140
219 141
219 273
219 274
219 275
219 276
219 277
219 278
219 279
219 280
219 314
219 315
219 316
219 317
219 318
219 319
219 320
219 321
219 322
219 334
219 340
219 373
219 378
219 400
219 406
219 961
219 967
219 990
219 997
219 1021
219 1028
219 1125
219 1129
220 138
220 139
220 264
220 265
220 266
220 267
220 268
220 269
220 270
220 271
220 272
220 303
220 304
220 305
220 306
220 307
220 308
220 309
220 310
220 311
220 312
220 313
220 334
220 340
220 373
220 378
220 400
220 406
220 961
220 967
220 990
220 997
220 1021
220 1028
220 1125
220 1129
221 136
221 137
221 257
221 258
221 259
221 260
221 261
221 262
221 263
221 294
221 295
221 296
221 297
221 298
221 299
221 300
221 301
221 302
221 334
221 340
221 373
221 378
221 400
221 406
221 961
221 967
221 991
221 998
221 1021
221 1028
221 1125
221 1129
222 134
222 135
222 136
222 249
222 250
222 251
222 252
222 253
222 254
222 255
222 256
222 290
222 291
222 292
222 293
222 334
222 340
222 370
222 371
222 372
222 373
222 378
222 400
222 406
222 961
222 967
222 991
222 998
222 1021
222 1028
222 1126
222 1130
223 131
223 132
223 133
223 241
223 242
223 243
223 244
223 245
223 246
223 247
223 248
223 289
223 335
223 340
223 365
223 366
223 367
223 368
223 369
223 378
223 400
223 961
223 967
223 991
223 998
223 1021
223 1028
223 1126
223 1130
224 127
224 128
224 129
224 130
224 233
224 234
224 235
224 236
224 237
224 238
224 239
224 240
224 281
224 282
224 288
224 335
224 340
224 360
224 361
224 362
224 363
224 364
224 378
224 961
224 967
224 991
224 998
224 1021
224 1028
224 1126
224 1130
225 126
225 225
225 226
225 227
225 228
225 229
225 230
225 231
225 232
225 273
225 274
225 275
225 276
225 277
225 278
225 279
225 280
225 283
225 288
225 335
225 340
225 355
225 356
225 357
225 358
225 359
225 368
225 369
225 373
225 378
225 961
225 967
225 991
225 998
225 1022
225 1028
225 1126
225 1130
226 126
226 218
226 219
226 220
226 221
226 222
226 223
226 224
226 263
226 264
226 265
226 266
226 267
226 268
226 269
226 270
226 271
226 272
226 283
226 288
226 335
226 340
226 350
226 351
226 352
226 353
226 354
226 364
226 365
226 373
226 378
226 961
226 967
226 991
226 998
226 1022
226 1028
226 1126
226 1130
227 126
227 210
227 211
227 212
227 213
227 214
227 215
227 216
227 217
227 255
227 256
227 257
227 258
227 259
227 260
227 261
227 262
227 283
227 288
227 335
227 340
227 345
227 346
227 347
227 348
227 349
227 359
227 360
227 373
227 378
227 961
227 967
227 991
227 998
227 1022
227 1028
227 1126
227 1130
228 125
228 126
228 201
228 202
228 203
228 204
228 205
228 206
228 207
228 208
228 209
228 246
228 247
228 248
228 249
228 250
228 251
228 252
228 253
228 254
228 277
228 283
228 288
228 335
228 341
228 342
228 343
228 344
228 354
228 355
228 374
228 961
228 967
228 991
228 998
228 1022
228 1028
228 1126
228 1130
229 122
229 123
229 124
229 194
229 195
229 196
229 197
229 198
229 199
229 200
229 238
229 239
229 240
229 241
229 242
229 243
229 244
229 245
229 277
229 283
229 288
229 334
229 335
229 339
229 349
229 350
229 351
229 991
229 998
229 1022
229 1028
230 119
230 120
230 121
230 186
230 187
230 188
230 189
230 190
230 191
230 192
230 193
230 228
230 229
230 230
230 231
230 232
230 233
230 234
230 235
230 236
230 237
230 277
230 283
230 288
230 328
230 329
230 330
230 331
230 332
230 333
230 338
230 344
230 345
230 346
230 1022
230 1028
231 116
231 117
231 118
231 178
231 179
231 180
231 181
231 182
231 183
231 184
231 185
231 220
231 221
231 222
231 223
231 224
231 225
231 226
231 227
231 277
231 283
231 289
231 323
231 324
231 325
231 326
231 327
231 339
231 340
231 342
232 113
232 114
232 115
232 171
232 172
232 173
232 174
232 175
232 176
232 177
232 216
232 217
232 218
232 219
232 277
232 283
232 289
232 318
232 319
232 320
232 321
232 322
232 333
232 334
232 335
232 341
233 110
233 111
233 112
233 162
233 163
233 164
233 165
233 166
233 167
233 168
233 169
233 170
233 207
233 215
233 276
233 283
233 289
233 313
233 314
233 315
233 316
233 317
233 327
233 328
233 329
233 330
233 331
233 341
234 107
234 108
234 109
234 154
234 155
234 156
234 157
234 158
234 159
234 160
234 161
234 199
234 200
234 201
234 202
234 203
234 204
234 205
234 206
234 208
234 214
234 276
234 283
234 289
234 308
234 309
234 310
234 311
234 312
234 322
234 323
234 324
234 325
234 326
234 335
234 341
235 104
235 105
235 106
235 147
235 148
235 149
235 150
235 151
235 152
235 153
235 191
235 192
235 193
235 194
235 195
235 196
235 197
235 198
235 208
235 214
235 276
235 283
235 289
235 302
235 303
235 304
235 305
235 306
235 307
235 318
235 319
235 320
235 321
235 335
236 100
236 101
236 102
236 103
236 139
236 140
236 141
236 142
236 143
236 144
236 145
236 146
236 184
236 185
236 186
236 187
236 188
236 189
236 190
236 208
236 214
236 275
236 283
236 289
236 297
236 298
236 299
236 300
236 301
236 313
236 314
236 315
236 316
236 317
237 98
237 99
237 130
237 131
237 132
237 133
237 134
237 135
237 136
237 137
237 138
237 177
237 178
237 179
237 180
237 181
237 182
237 183
237 208
237 214
237 275
237 283
237 289
237 292
237 293
237 294
237 295
237 296
237 308
237 309
237 310
237 311
237 312
238 96
238 97
238 123
238 124
238 125
238 126
238 127
238 128
238 129
238 168
238 169
238 170
238 171
238 172
238 173
238 174
238 175
238 176
238 208
238 214
238 274
238 283
238 289
238 291
238 302
238 303
238 304
238 305
238 306
238 307
239 94
239 95
239 115
239 116
239 117
239 118
239 119
239 120
239 121
239 122
239 161
239 162
239 163
239 164
239 165
239 166
239 167
239 208
239 214
239 274
239 283
239 286
239 287
239 288
239 298
239 299
239 300
239 301
240 92
240 93
240 107
240 108
240 109
240 110
240 111
240 112
240 113
240 114
240 154
240 155
240 156
240 157
240 158
240 159
240 160
240 208
240 214
240 278
240 279
240 280
240 281
240 282
240 285
240 293
240 294
240 295
240 296
240 297
241 99
241 100
241 101
241 102
241 103
241 104
241 105
241 106
241 146
241 147
241 148
241 149
241 150
241 151
241 152
241 153
241 208
241 214
241 273
241 274
241 275
241 276
241 277
241 285
241 287
241 288
241 291
241 292
242 90
242 91
242 92
242 93
242 94
242 95
242 96
242 97
242 98
242 139
242 140
242 141
242 142
242 143
242 144
242 145
242 208
242 214
242 268
242 269
242 270
242 271
242 272
242 283
242 290
243 84
243 85
243 86
243 87
243 88
243 89
243 90
243 131
243 132
243 133
243 134
243 135
243 136
243 137
243 138
243 209
243 214
243 263
243 264
243 265
243 266
243 267
243 279
243 280
243 281
243 282
243 284
243 289
244 76
244 77
244 78
244 79
244 80
244 81
244 82
244 83
244 123
244 124
244 125
244 126
244 127
244 128
244 129
244 130
244 209
244 214
244 259
244 260
244 261
244 262
244 274
244 275
244 276
244 277
244 278
244 284
244 289
245 67
245 68
245 69
245 70
245 71
245 72
245 73
245 74
245 75
245 116
245 117
245 118
245 119
245 120
245 121
245 122
245 209
245 214
245 254
245 255
245 256
245 257
245 258
245 270
245 271
245 272
245 273
245 284
245 289
246 60
246 61
246 62
246 63
246 64
246 65
246 66
246 109
246 110
246 111
246 112
246 113
246 114
246 115
246 209
246 214
246 249
246 250
246 251
246 252
246 253
246 264
246 265
246 266
246 267
246 268
246 269
246 284
246 289
247 52
247 53
247 54
247 55
247 56
247 57
247 58
247 59
247 100
247 101
247 102
247 103
247 104
247 105
247 106
247 107
247 108
247 209
247 214
247 245
247 246
247 247
247 248
247 259
247 260
247 261
247 262
247 263
247 284
247 289
248 44
248 45
248 46
248 47
248 48
248 49
248 50
248 51
248 87
248 97
248 98
248 99
248 209
248 214
248 240
248 241
248 242
248 243
248 244
248 254
248 255
248 256
248 257
248 258
248 284
248 289
249 37
249 38
249 39
249 40
249 41
249 42
249 43
249 80
249 81
249 84
249 85
249 86
249 88
249 96
249 209
249 214
249 233
249 234
249 235
249 236
249 237
249 238
249 239
249 249
249 250
249 251
249 252
249 253
249 284
249 290
250 28
250 29
250 30
250 31
250 32
250 33
250 34
250 35
250 36
250 73
250 74
250 75
250 76
250 77
250 78
250 79
250 82
250 83
250 88
250 95
250 209
250 214
250 228
250 229
250 230
250 231
250 232
250 245
250 246
250 247
250 248
250 284
250 290
251 20
251 21
251 22
251 23
251 24
251 25
251 26
251 27
251 64
251 65
251 66
251 67
251 68
251 69
251 70
251 71
251 72
251 88
251 95
251 209
251 214
251 223
251 224
251 225
251 226
251 227
251 240
251 241
251 242
251 243
251 244
251 284
251 290
252 10
252 11
252 12
252 13
252 14
252 15
252 16
252 17
252 18
252 19
252 57
252 58
252 59
252 60
252 61
252 62
252 63
252 82
252 88
252 95
252 209
252 214
252 217
252 218
252 219
252 220
252 221
252 222
252 234
252 235
252 236
252 237
252 238
252 239
253 0
253 1
253 2
253 3
253 4
253 5
253 6
253 7
253 8
253 9
253 50
253 51
253 52
253 53
253 54
253 55
253 56
253 81
253 88
253 95
253 209
253 214
253 216
253 230
253 231
253 232
253 233
254 43
254 44
254 45
254 46
254 47
254 48
254 49
254 81
254 88
254 96
254 207
254 208
254 209
254 212
254 213
254 225
254 226
254 227
254 228
254 229
255 36
255 37
255 38
255 39
255 40
255 41
255 42
255 81
255 88
255 96
255 200
255 201
255 202
255 203
255 204
255 205
255 206
255 211
255 220
255 221
255 222
255 223
255 224
256 35
256 81
256 88
256 96
256 199
256 210
256 214
256 219
257 28
257 29
257 30
257 31
257 32
257 33
257 34
257 80
257 88
257 96
257 195
257 196
257 197
257 198
257 211
257 212
257 213
257 217
257 218
258 20
258 21
258 22
258 23
258 24
258 25
258 26
258 27
258 80
258 88
258 96
258 190
258 191
258 192
258 193
258 194
258 216
259 13
259 14
259 15
259 16
259 17
259 18
259 19
259 80
259 88
259 96
259 184
259 185
259 186
259 187
259 188
259 189
259 206
259 207
259 208
259 215
260 6
260 7
260 8
260 9
260 10
260 11
260 12
260 80
260 88
260 96
260 179
260 180
260 181
260 182
260 183
260 200
260 201
260 202
260 203
260 204
260 205
260 209
260 215
261 0
261 1
261 2
261 3
261 4
261 5
261 80
261 88
261 96
261 174
261 175
261 176
261 177
261 178
261 195
261 196
261 197
261 198
261 199
261 209
261 215
262 79
262 88
262 96
262 167
262 168
262 169
262 170
262 171
262 172
262 173
262 190
262 191
262 192
262 193
262 194
262 209
262 215
263 79
263 88
263 96
263 162
263 163
263 164
263 165
263 166
263 186
263 187
263 188
263 189
263 209
264 79
264 88
264 96
264 157
264 158
264 159
264 160
264 161
264 181
264 182
264 183
264 184
264 185
264 209
265 79
265 88
265 96
265 151
265 152
265 153
265 154
265 155
265 156
265 176
265 177
265 178
265 179
265 180
266 80
266 88
266 96
266 146
266 147
266 148
266 149
266 150
266 171
266 172
266 173
266 174
266 175
267 80
267 81
267 88
267 96
267 141
267 142
267 143
267 144
267 145
267 165
267 166
267 167
267 168
267 169
267 170
268 81
268 82
268 88
268 96
268 134
268 135
268 136
268 137
268 138
268 139
268 140
268 161
268 162
268 163
268 164
269 82
269 83
269 88
269 97
269 129
269 130
269 131
269 132
269 133
269 156
269 157
269 158
269 159
269 160
270 83
270 84
270 88
270 97
270 124
270 125
270 126
270 127
270 128
270 151
270 152
270 153
270 154
270 155
271 84
271 85
271 88
271 97
271 118
271 119
271 120
271 121
271 122
271 123
271 146
271 147
271 148
271 149
271 150
272 85
272 86
272 88
272 97
272 113
272 114
272 115
272 116
272 117
272 144
272 145
273 86
273 88
273 97
273 108
273 109
273 110
273 111
273 112
273 139
273 140
273 141
273 142
273 143
274 88
274 97
274 101
274 102
274 103
274 104
274 105
274 106
274 107
274 131
274 132
274 133
274 134
274 135
274 136
274 137
274 138
275 88
275 98
275 99
275 100
275 126
275 127
275 128
275 129
275 130
276 82
276 83
276 84
276 85
276 86
276 87
276 121
276 122
276 123
276 124
276 125
277 77
277 78
277 79
277 80
277 81
277 116
277 117
277 118
277 119
277 120
278 72
278 73
278 74
278 75
278 76
278 112
278 113
278 114
278 115
279 65
279 66
279 67
279 68
279 69
279 70
279 71
279 109
279 110
279 111
280 60
280 61
280 62
280 63
280 64
280 105
280 106
280 107
280 108
281 55
281 56
281 57
281 58
281 59
281 99
281 100
281 101
281 102
281 103
281 104
282 49
282 50
282 51
282 52
282 53
282 54
282 98
283 44
283 45
283 46
283 47
283 48
283 83
283 84
283 85
283 86
283 87
283 88
283 89
283 97
284 38
284 39
284 40
284 41
284 42
284 43
284 78
284 79
284 80
284 81
284 82
284 89
284 97
285 32
285 33
285 34
285 35
285 36
285 37
285 72
285 73
285 74
285 75
285 76
285 77
285 89
285 97
286 27
286 28
286 29
286 30
286 31
286 66
286 67
286 68
286 69
286 70
286 71
286 89
286 97
287 21
287 22
287 23
287 24
287 25
287 26
287 61
287 62
287 63
287 64
287 65
287 89
287 97
288 16
288 17
288 18
288 19
288 20
288 55
288 56
288 57
288 58
288 59
288 60
288 89
288 97
289 11
289 12
289 13
289 14
289 15
289 50
289 51
289 52
289 53
289 54
289 89
289 97
290 5
290 6
290 7
290 8
290 9
290 10
290 44
290 45
290 46
290 47
290 48
290 49
290 89
290 97
291 0
291 1
291 2
291 3
291 4
291 39
291 40
291 41
291 42
291 43
291 89
291 97
292 32
292 33
292 34
292 35
292 36
292 37
292 38
292 89
292 97
293 27
293 28
293 29
293 30
293 31
293 90
293 97
294 22
294 23
294 24
294 25
294 26
294 90
295 16
295 17
295 18
295 19
295 20
295 21
296 11
296 12
296 13
296 14
296 15
297 5
297 6
297 7
297 8
297 9
297 10
298 4
299 0
299 1
299 2
299 3
314 1278
314 1279
