0 267
0 279
0 313
0 321
0 338
0 666
0 791
1 267
1 279
1 313
1 321
1 338
1 666
1 790
2 267
2 279
2 313
2 321
2 338
2 666
2 789
3 267
3 280
3 314
3 321
3 338
3 666
3 788
4 266
4 280
4 314
4 315
4 316
4 317
4 318
4 319
4 336
4 337
4 338
4 665
4 787
5 266
5 280
5 320
5 322
5 334
5 335
5 665
5 786
6 265
6 280
6 320
6 322
6 333
6 334
6 665
6 785
7 265
7 280
7 333
7 337
7 664
7 665
7 784
8 264
8 280
8 322
8 323
8 324
8 333
8 334
8 335
8 336
8 338
8 663
8 664
8 783
9 264
9 281
9 321
9 325
9 338
9 528
9 529
9 530
9 660
9 661
9 662
9 781
9 782
10 264
10 281
10 322
10 323
10 325
10 339
10 528
10 530
10 658
10 659
10 780
11 263
11 281
11 339
11 349
11 350
11 351
11 527
11 530
11 655
11 656
11 657
11 779
12 263
12 281
12 339
12 348
12 352
12 526
12 527
12 530
12 653
12 654
12 778
13 263
13 281
13 336
13 337
13 338
13 348
13 352
13 525
13 530
13 650
13 651
13 652
13 777
14 263
14 282
14 335
14 339
14 341
14 342
14 348
14 353
14 524
14 530
14 648
14 649
14 776
15 262
15 282
15 336
15 337
15 338
15 343
15 344
15 345
15 346
15 347
15 353
15 354
15 525
15 530
15 645
15 646
15 647
15 775
16 262
16 282
16 354
16 355
16 526
16 527
16 530
16 643
16 644
16 774
17 262
17 282
17 355
17 527
17 530
17 639
17 640
17 641
17 642
17 773
18 261
18 282
18 355
18 527
18 530
18 637
18 638
18 772
19 261
19 283
19 355
19 526
19 530
19 634
19 635
19 636
19 771
20 254
20 255
20 256
20 261
20 283
20 354
20 355
20 525
20 530
20 632
20 633
20 770
21 254
21 256
21 261
21 283
21 353
21 524
21 530
21 629
21 630
21 631
21 769
22 254
22 255
22 259
22 260
22 283
22 349
22 350
22 351
22 352
22 525
22 530
22 627
22 628
22 768
23 258
23 283
23 349
23 382
23 525
23 526
23 530
23 624
23 625
23 626
23 767
24 257
24 283
24 349
24 381
24 383
24 527
24 530
24 622
24 623
24 766
25 255
25 256
25 257
25 284
25 349
25 380
25 384
25 527
25 530
25 619
25 620
25 621
25 765
26 253
26 254
26 284
26 349
26 380
26 384
26 385
26 527
26 530
26 617
26 618
26 763
26 764
27 253
27 284
27 350
27 351
27 380
27 386
27 387
27 527
27 530
27 614
27 615
27 616
27 762
28 252
28 284
28 352
28 380
28 387
28 388
28 468
28 469
28 470
28 471
28 527
28 530
28 612
28 613
28 761
29 252
29 284
29 352
29 380
29 381
29 388
29 467
29 472
29 473
29 474
29 475
29 476
29 477
29 478
29 479
29 480
29 481
29 527
29 530
29 609
29 610
29 611
29 760
30 252
30 285
30 352
30 388
30 466
30 482
30 483
30 484
30 485
30 486
30 487
30 488
30 489
30 490
30 527
30 530
30 606
30 607
30 608
30 759
31 251
31 252
31 285
31 351
31 352
31 380
31 381
31 387
31 466
31 491
31 492
31 493
31 494
31 495
31 496
31 497
31 498
31 499
31 500
31 527
31 530
31 603
31 604
31 605
31 758
32 251
32 285
32 351
32 379
32 380
32 387
32 465
32 501
32 502
32 503
32 504
32 505
32 506
32 507
32 508
32 509
32 510
32 527
32 530
32 601
32 602
32 757
33 250
33 285
33 351
33 378
33 379
33 387
33 465
33 511
33 512
33 513
33 514
33 515
33 516
33 517
33 518
33 519
33 520
33 527
33 530
33 599
33 600
33 756
34 250
34 285
34 351
34 361
34 362
34 377
34 387
34 465
34 521
34 522
34 523
34 524
34 525
34 526
34 527
34 528
34 529
34 530
34 597
34 598
34 755
35 249
35 285
35 351
35 359
35 360
35 363
35 364
35 376
35 387
35 465
35 530
35 531
35 532
35 533
35 534
35 535
35 536
35 537
35 538
35 539
35 596
35 597
35 754
36 249
36 286
36 351
36 358
36 359
36 364
36 376
36 387
36 464
36 540
36 541
36 542
36 543
36 544
36 545
36 546
36 547
36 548
36 549
36 595
36 596
36 755
36 756
37 249
37 286
37 345
37 346
37 347
37 348
37 349
37 350
37 351
37 358
37 364
37 374
37 375
37 387
37 464
37 550
37 551
37 552
37 553
37 554
37 555
37 556
37 557
37 558
37 594
37 595
37 757
38 243
38 244
38 245
38 246
38 247
38 248
38 249
38 286
38 344
38 357
38 364
38 373
38 374
38 387
38 464
38 559
38 560
38 561
38 562
38 563
38 564
38 565
38 566
38 567
38 568
38 594
38 758
39 242
39 286
39 344
39 357
39 364
39 371
39 372
39 383
39 384
39 385
39 386
39 464
39 569
39 570
39 571
39 572
39 573
39 574
39 575
39 576
39 577
39 578
39 593
39 759
39 760
40 234
40 235
40 241
40 286
40 344
40 345
40 357
40 365
40 369
40 370
40 382
40 463
40 579
40 580
40 581
40 582
40 583
40 584
40 585
40 586
40 587
40 588
40 592
40 593
40 761
41 233
41 236
41 237
41 238
41 239
41 240
41 241
41 287
41 345
41 346
41 356
41 357
41 366
41 367
41 368
41 382
41 463
41 589
41 590
41 591
41 592
41 762
42 232
42 287
42 346
42 355
42 382
42 463
42 649
42 650
42 651
42 652
42 653
42 763
42 764
43 233
43 234
43 235
43 236
43 287
43 347
43 352
43 353
43 354
43 383
43 384
43 385
43 462
43 640
43 641
43 642
43 643
43 644
43 645
43 646
43 647
43 648
43 765
44 237
44 238
44 239
44 240
44 287
44 347
44 351
44 386
44 387
44 462
44 630
44 631
44 632
44 633
44 634
44 635
44 636
44 637
44 638
44 639
44 766
45 241
45 242
45 287
45 348
45 349
45 350
45 388
45 389
45 462
45 621
45 622
45 623
45 624
45 625
45 626
45 627
45 628
45 629
45 767
45 768
46 243
46 244
46 287
46 348
46 350
46 389
46 390
46 462
46 615
46 616
46 617
46 618
46 619
46 620
46 769
46 770
46 771
46 772
46 773
46 774
46 775
46 776
46 777
46 778
46 779
46 780
46 781
46 782
46 783
46 784
46 785
46 786
46 787
46 788
46 789
46 790
46 791
46 792
47 244
47 288
47 348
47 350
47 390
47 462
47 613
47 614
47 792
48 244
48 288
48 380
48 381
48 386
48 387
48 390
48 461
48 610
48 611
48 612
48 792
49 244
49 288
49 379
49 382
49 383
49 384
49 385
49 388
49 389
49 390
49 461
49 608
49 609
49 792
50 243
50 244
50 288
50 380
50 381
50 461
50 606
50 607
50 792
51 241
51 242
51 288
51 382
51 383
51 460
51 603
51 604
51 605
51 792
52 228
52 229
52 230
52 231
52 232
52 233
52 234
52 235
52 236
52 237
52 238
52 239
52 240
52 241
52 288
52 383
52 460
52 601
52 602
52 792
53 217
53 218
53 219
53 228
53 289
53 383
53 460
53 598
53 599
53 600
53 792
54 216
54 220
54 221
54 222
54 223
54 224
54 225
54 226
54 227
54 289
54 383
54 460
54 596
54 597
54 792
55 216
55 289
55 383
55 459
55 594
55 595
55 792
56 216
56 289
56 383
56 459
56 591
56 592
56 593
56 792
57 216
57 287
57 288
57 380
57 381
57 382
57 383
57 459
57 589
57 590
57 793
58 216
58 287
58 378
58 379
58 382
58 459
58 586
58 587
58 588
58 793
59 216
59 286
59 377
59 380
59 381
59 382
59 383
59 458
59 584
59 585
59 793
60 217
60 286
60 376
60 379
60 383
60 384
60 458
60 581
60 582
60 583
60 793
61 217
61 286
61 376
61 378
61 384
61 385
61 386
61 387
61 458
61 579
61 580
61 793
62 217
62 286
62 387
62 457
62 577
62 578
62 793
63 217
63 286
63 388
63 457
63 574
63 575
63 576
63 793
64 218
64 286
64 388
64 457
64 572
64 573
64 793
65 218
65 219
65 286
65 388
65 457
65 569
65 570
65 571
65 793
66 219
66 286
66 388
66 456
66 567
66 568
66 793
67 211
67 212
67 213
67 219
67 286
67 388
67 456
67 564
67 565
67 566
67 793
68 211
68 214
68 215
68 219
68 286
68 387
68 388
68 456
68 562
68 563
68 793
69 212
69 216
69 217
69 218
69 219
69 286
69 386
69 387
69 456
69 560
69 561
69 793
70 212
70 286
70 385
70 386
70 455
70 557
70 558
70 559
70 793
71 212
71 286
71 384
71 455
71 555
71 556
71 793
72 212
72 286
72 383
72 455
72 552
72 553
72 554
72 793
73 212
73 286
73 383
73 454
73 550
73 551
73 793
74 213
74 286
74 383
74 412
74 413
74 414
74 454
74 548
74 549
74 793
75 213
75 286
75 383
75 411
75 415
75 416
75 454
75 545
75 546
75 547
75 793
75 936
76 213
76 286
76 383
76 408
76 409
76 410
76 417
76 418
76 419
76 454
76 543
76 544
76 793
76 936
77 213
77 286
77 383
77 407
77 420
77 453
77 540
77 541
77 542
77 794
77 936
78 214
78 286
78 383
78 406
78 420
78 453
78 538
78 539
78 794
78 936
79 99
79 100
79 204
79 205
79 206
79 207
79 214
79 286
79 377
79 382
79 383
79 407
79 408
79 409
79 410
79 411
79 412
79 413
79 414
79 415
79 416
79 417
79 418
79 419
79 420
79 453
79 535
79 536
79 537
79 794
79 936
80 98
80 204
80 208
80 209
80 210
80 211
80 212
80 213
80 214
80 286
80 376
80 378
80 381
80 382
80 453
80 533
80 534
80 794
80 936
81 96
81 97
81 100
81 204
81 205
81 286
81 376
81 378
81 379
81 380
81 381
81 452
81 531
81 532
81 794
81 936
82 95
82 96
82 99
82 205
82 206
82 286
82 363
82 364
82 365
82 376
82 452
82 528
82 529
82 530
82 794
82 936
83 93
83 94
83 99
83 206
83 286
83 363
83 365
83 366
83 367
83 368
83 369
83 370
83 371
83 372
83 373
83 374
83 375
83 376
83 452
83 526
83 527
83 794
83 936
84 92
84 93
84 100
84 206
84 286
84 363
84 451
84 524
84 525
84 794
84 936
85 92
85 100
85 206
85 286
85 363
85 451
85 794
85 936
86 91
86 100
86 124
86 125
86 126
86 127
86 128
86 129
86 205
86 286
86 361
86 362
86 363
86 451
86 794
86 936
87 91
87 100
87 122
87 123
87 130
87 131
87 132
87 133
87 134
87 135
87 202
87 203
87 204
87 286
87 361
87 451
87 794
87 936
88 90
88 91
88 100
88 122
88 136
88 137
88 138
88 139
88 140
88 141
88 142
88 200
88 201
88 286
88 361
88 451
88 794
88 936
89 89
89 90
89 100
89 122
89 136
89 142
89 200
89 286
89 362
89 450
89 794
89 936
90 88
90 89
90 99
90 122
90 123
90 133
90 134
90 135
90 136
90 137
90 138
90 139
90 140
90 141
90 142
90 199
90 286
90 362
90 450
90 794
90 936
91 86
91 87
91 99
91 123
91 124
91 132
91 144
91 145
91 200
91 286
91 362
91 450
91 794
91 936
92 85
92 86
92 100
92 101
92 102
92 124
92 131
92 143
92 145
92 200
92 201
92 202
92 286
92 362
92 449
92 794
92 936
93 83
93 84
93 103
93 104
93 105
93 106
93 107
93 108
93 109
93 124
93 131
93 143
93 144
93 145
93 203
93 204
93 205
93 286
93 362
93 449
93 794
93 936
94 82
94 110
94 123
94 124
94 130
94 206
94 207
94 286
94 361
94 449
94 794
94 936
95 82
95 110
95 122
95 123
95 130
95 208
95 209
95 286
95 360
95 449
95 794
95 936
96 82
96 111
96 114
96 122
96 130
96 209
96 210
96 286
96 359
96 448
96 794
96 936
97 83
97 111
97 112
97 113
97 115
97 122
97 129
97 210
97 286
97 359
97 448
97 795
97 936
98 83
98 116
98 123
98 129
98 154
98 155
98 211
98 286
98 359
98 448
98 795
98 936
99 83
99 116
99 117
99 123
99 129
99 153
99 156
99 212
99 286
99 358
99 448
99 795
99 936
100 83
100 117
100 118
100 119
100 120
100 121
100 122
100 123
100 130
100 153
100 156
100 212
100 286
100 358
100 421
100 422
100 423
100 424
100 425
100 426
100 427
100 448
100 449
100 795
100 936
101 83
101 130
101 152
101 157
101 213
101 286
101 358
101 409
101 410
101 411
101 412
101 413
101 414
101 450
101 451
101 452
101 795
101 936
102 84
102 131
102 152
102 157
102 213
102 286
102 356
102 357
102 408
102 415
102 416
102 417
102 418
102 419
102 420
102 421
102 422
102 423
102 424
102 425
102 426
102 427
102 428
102 429
102 430
102 431
102 432
102 433
102 434
102 435
102 436
102 437
102 438
102 439
102 440
102 441
102 442
102 443
102 444
102 445
102 446
102 447
102 530
102 795
102 936
103 71
103 72
103 73
103 74
103 75
103 76
103 84
103 131
103 132
103 133
103 134
103 135
103 152
103 158
103 213
103 286
103 356
103 407
103 451
103 452
103 529
103 795
103 936
104 68
104 69
104 70
104 77
104 84
104 136
104 152
104 158
104 213
104 286
104 357
104 402
104 403
104 404
104 405
104 406
104 407
104 453
104 528
104 795
104 802
104 803
104 804
104 936
105 66
105 67
105 77
105 78
105 79
105 80
105 81
105 82
105 83
105 84
105 136
105 153
105 158
105 213
105 286
105 357
105 401
105 407
105 453
105 527
105 795
105 798
105 799
105 800
105 801
105 804
105 936
106 65
106 66
106 136
106 154
106 155
106 157
106 207
106 208
106 209
106 210
106 211
106 212
106 286
106 356
106 357
106 400
106 407
106 453
106 526
106 795
106 796
106 797
106 804
106 936
107 64
107 65
107 137
107 155
107 156
107 157
107 205
107 206
107 286
107 356
107 401
107 407
107 453
107 525
107 804
107 936
108 63
108 64
108 137
108 138
108 184
108 185
108 186
108 203
108 204
108 286
108 355
108 401
108 407
108 453
108 524
108 804
108 936
109 62
109 63
109 138
109 139
109 156
109 158
109 184
109 187
109 188
109 201
109 202
109 286
109 355
109 401
109 407
109 453
109 523
109 804
109 936
110 62
110 139
110 140
110 156
110 158
110 184
110 185
110 189
110 190
110 191
110 192
110 193
110 194
110 195
110 196
110 197
110 198
110 199
110 200
110 286
110 356
110 401
110 407
110 453
110 522
110 804
110 936
111 61
111 140
111 156
111 158
111 159
111 186
111 187
111 286
111 356
111 400
111 407
111 453
111 521
111 804
111 936
112 60
112 61
112 141
112 142
112 143
112 156
112 159
112 189
112 190
112 191
112 192
112 193
112 194
112 195
112 286
112 356
112 400
112 407
112 453
112 520
112 804
112 936
113 59
113 60
113 144
113 145
113 146
113 147
113 148
113 149
113 150
113 151
113 152
113 153
113 154
113 155
113 156
113 160
113 196
113 197
113 286
113 356
113 398
113 399
113 407
113 453
113 519
113 804
113 936
114 58
114 59
114 160
114 161
114 197
114 286
114 357
114 398
114 407
114 453
114 517
114 518
114 804
114 936
115 58
115 162
115 197
115 286
115 358
115 359
115 397
115 407
115 453
115 516
115 804
115 936
116 57
116 162
116 197
116 286
116 359
116 397
116 407
116 453
116 515
116 804
116 936
117 57
117 162
117 197
117 286
117 360
117 397
117 406
117 453
117 514
117 564
117 565
117 566
117 567
117 568
117 569
117 570
117 571
117 572
117 573
117 804
117 936
118 56
118 162
118 198
118 286
118 360
118 396
118 397
118 406
118 453
118 513
118 552
118 553
118 554
118 555
118 556
118 557
118 558
118 559
118 560
118 561
118 562
118 563
118 574
118 804
118 936
119 57
119 162
119 198
119 199
119 286
119 360
119 396
119 406
119 453
119 512
119 551
119 574
119 804
119 936
120 20
120 57
120 162
120 199
120 286
120 360
120 395
120 406
120 453
120 511
120 550
120 574
120 804
120 936
121 19
121 21
121 22
121 28
121 29
121 57
121 163
121 199
121 286
121 360
121 395
121 406
121 453
121 510
121 550
121 575
121 804
121 936
122 19
122 23
122 24
122 25
122 26
122 27
122 30
122 57
122 163
122 164
122 199
122 286
122 359
122 360
122 367
122 368
122 369
122 370
122 371
122 372
122 373
122 374
122 395
122 406
122 453
122 509
122 550
122 575
122 804
122 936
123 20
123 21
123 30
123 57
123 164
123 165
123 193
123 194
123 195
123 196
123 197
123 198
123 199
123 286
123 357
123 358
123 366
123 375
123 395
123 406
123 453
123 508
123 550
123 575
123 804
123 936
124 21
124 30
124 58
124 166
124 167
124 177
124 178
124 191
124 192
124 286
124 345
124 346
124 357
124 365
124 375
124 395
124 406
124 453
124 507
124 550
124 564
124 565
124 566
124 567
124 568
124 569
124 570
124 571
124 572
124 573
124 574
124 575
124 804
124 936
125 22
125 31
125 32
125 33
125 34
125 35
125 36
125 58
125 167
125 168
125 176
125 179
125 180
125 181
125 182
125 183
125 184
125 185
125 186
125 187
125 188
125 189
125 190
125 191
125 286
125 345
125 354
125 355
125 356
125 366
125 367
125 368
125 369
125 370
125 371
125 372
125 373
125 374
125 375
125 394
125 406
125 453
125 506
125 507
125 551
125 552
125 553
125 554
125 555
125 556
125 557
125 558
125 562
125 563
125 804
125 936
126 22
126 37
126 38
126 39
126 40
126 41
126 42
126 58
126 169
126 170
126 176
126 286
126 294
126 351
126 352
126 353
126 394
126 406
126 453
126 508
126 509
126 510
126 511
126 512
126 513
126 514
126 515
126 516
126 517
126 518
126 519
126 520
126 559
126 560
126 561
126 562
126 804
126 936
127 14
127 22
127 58
127 171
127 172
127 176
127 286
127 292
127 293
127 295
127 296
127 342
127 343
127 344
127 345
127 346
127 347
127 348
127 349
127 394
127 406
127 453
127 520
127 567
127 568
127 804
127 936
128 13
128 15
128 22
128 42
128 58
128 173
128 176
128 286
128 292
128 296
128 341
128 349
128 394
128 406
128 453
128 520
128 559
128 569
128 804
128 936
129 13
129 15
129 20
129 21
129 42
129 58
129 174
129 175
129 286
129 291
129 296
129 340
129 349
129 394
129 406
129 453
129 520
129 558
129 570
129 804
129 936
130 13
130 16
130 17
130 18
130 19
130 43
130 58
130 286
130 290
130 291
130 297
130 340
130 349
130 394
130 406
130 453
130 520
130 558
130 571
130 572
130 804
130 936
131 14
131 43
131 58
131 286
131 290
131 297
131 339
131 349
131 394
131 406
131 453
131 520
131 557
131 558
131 573
131 574
131 804
131 936
132 14
132 43
132 58
132 286
132 289
132 297
132 339
132 350
132 394
132 406
132 453
132 520
132 555
132 556
132 574
132 804
132 936
133 11
133 12
133 13
133 14
133 43
133 58
133 286
133 289
133 297
133 339
133 350
133 394
133 405
133 453
133 520
133 555
133 575
133 804
133 936
134 0
134 1
134 2
134 3
134 4
134 5
134 6
134 7
134 8
134 9
134 10
134 43
134 59
134 286
134 289
134 297
134 339
134 350
134 394
134 405
134 453
134 520
134 554
134 575
134 804
134 936
135 43
135 59
135 286
135 289
135 297
135 339
135 351
135 352
135 353
135 354
135 355
135 356
135 357
135 358
135 359
135 360
135 361
135 362
135 363
135 364
135 365
135 366
135 367
135 368
135 369
135 370
135 371
135 372
135 394
135 405
135 453
135 520
135 554
135 575
135 804
135 936
136 43
136 59
136 286
136 290
136 297
136 339
136 373
136 394
136 405
136 453
136 520
136 554
136 575
136 804
136 936
137 43
137 59
137 286
137 290
137 297
137 339
137 373
137 392
137 393
137 405
137 453
137 520
137 554
137 575
137 804
137 936
138 43
138 59
138 286
138 291
138 294
138 296
138 297
138 338
138 373
138 392
138 405
138 453
138 508
138 509
138 510
138 511
138 512
138 515
138 518
138 520
138 554
138 575
138 804
138 936
139 43
139 59
139 286
139 292
139 293
139 295
139 296
139 337
139 338
139 373
139 391
139 405
139 453
139 507
139 513
139 517
139 519
139 520
139 554
139 574
139 804
139 936
140 43
140 59
140 286
140 292
140 295
140 336
140 373
140 391
140 405
140 453
140 506
140 513
140 516
140 519
140 520
140 555
140 574
140 804
140 936
141 43
141 59
141 286
141 292
141 335
141 373
141 390
141 404
141 453
141 507
141 513
141 516
141 519
141 520
141 555
141 574
141 804
141 936
142 44
142 59
142 286
142 296
142 297
142 298
142 335
142 373
142 390
142 403
142 453
142 507
142 513
142 516
142 519
142 520
142 556
142 574
142 804
142 936
143 44
143 59
143 286
143 291
143 292
143 295
143 299
143 300
143 334
143 373
143 389
143 403
143 453
143 508
143 509
143 510
143 511
143 512
143 513
143 517
143 518
143 519
143 520
143 556
143 557
143 573
143 804
143 936
144 44
144 60
144 286
144 290
144 295
144 300
144 301
144 333
144 334
144 373
144 389
144 403
144 453
144 500
144 501
144 502
144 503
144 504
144 505
144 506
144 513
144 517
144 520
144 557
144 558
144 571
144 572
144 804
144 936
145 44
145 60
145 286
145 290
145 292
145 295
145 301
145 330
145 331
145 332
145 373
145 388
145 403
145 453
145 499
145 516
145 520
145 558
145 559
145 569
145 570
145 804
145 936
146 44
146 60
146 286
146 289
146 292
146 295
146 302
146 328
146 329
146 374
146 381
146 382
146 383
146 388
146 403
146 453
146 498
146 516
146 520
146 804
146 936
147 44
147 60
147 286
147 289
147 292
147 295
147 302
147 324
147 325
147 326
147 327
147 374
147 381
147 384
147 387
147 403
147 453
147 500
147 501
147 502
147 503
147 504
147 505
147 506
147 507
147 508
147 516
147 520
147 558
147 559
147 560
147 561
147 562
147 563
147 564
147 565
147 566
147 567
147 568
147 569
147 570
147 804
147 936
148 44
148 60
148 286
148 288
148 292
148 295
148 303
148 323
148 374
148 381
148 382
148 384
148 387
148 403
148 453
148 499
148 509
148 510
148 513
148 516
148 520
148 557
148 571
148 804
148 936
149 44
149 60
149 286
149 288
149 292
149 295
149 304
149 322
149 374
149 387
149 402
149 453
149 498
149 503
149 504
149 505
149 506
149 510
149 513
149 516
149 520
149 556
149 571
149 804
149 936
150 44
150 60
150 286
150 288
150 292
150 295
150 305
150 323
150 374
150 388
150 402
150 453
150 498
150 502
150 506
150 510
150 513
150 516
150 520
150 556
150 571
150 804
150 936
151 44
151 60
151 286
151 288
151 292
151 295
151 305
151 323
151 374
151 388
151 402
151 453
151 497
151 502
151 506
151 510
151 513
151 516
151 520
151 556
151 571
151 804
151 936
152 44
152 60
152 286
152 288
152 292
152 295
152 305
152 324
152 374
152 389
152 401
152 453
152 497
152 502
152 506
152 510
152 513
152 516
152 520
152 557
152 571
152 804
152 936
153 44
153 60
153 286
153 288
153 292
153 295
153 305
153 324
153 374
153 380
153 381
153 382
153 383
153 389
153 401
153 453
153 497
153 502
153 506
153 510
153 513
153 516
153 520
153 557
153 571
153 804
153 936
154 45
154 61
154 286
154 288
154 292
154 295
154 304
154 324
154 374
154 378
154 379
154 384
154 385
154 400
154 453
154 497
154 502
154 505
154 506
154 511
154 516
154 520
154 557
154 571
154 804
154 936
155 45
155 61
155 286
155 288
155 292
155 295
155 303
155 324
155 375
155 376
155 385
155 386
155 387
155 388
155 389
155 391
155 400
155 453
155 497
155 502
155 504
155 512
155 516
155 520
155 557
155 571
155 804
155 936
156 45
156 61
156 286
156 288
156 292
156 295
156 302
156 324
156 377
156 400
156 453
156 498
156 502
156 504
156 513
156 516
156 520
156 557
156 571
156 804
156 936
157 45
157 61
157 286
157 288
157 292
157 295
157 302
157 324
157 377
157 387
157 388
157 389
157 399
157 453
157 499
157 500
157 502
157 504
157 513
157 516
157 520
157 558
157 559
157 560
157 561
157 571
157 804
157 936
158 45
158 61
158 286
158 288
158 292
158 295
158 301
158 324
158 377
158 399
158 453
158 501
158 502
158 504
158 513
158 516
158 520
158 562
158 563
158 564
158 565
158 567
158 568
158 569
158 570
158 571
158 804
158 936
159 45
159 61
159 286
159 288
159 292
159 295
159 301
159 323
159 377
159 399
159 453
159 504
159 510
159 511
159 512
159 516
159 520
159 562
159 565
159 566
159 804
159 936
160 45
160 61
160 286
160 289
160 292
160 295
160 300
160 324
160 377
160 399
160 453
160 504
160 509
160 516
160 520
160 562
160 565
160 804
160 936
161 45
161 61
161 286
161 289
161 292
161 295
161 299
161 300
161 324
161 377
161 399
161 453
161 504
161 509
161 513
161 516
161 520
161 562
161 566
161 804
161 936
162 45
162 61
162 286
162 290
162 295
162 298
162 299
162 324
162 378
162 399
162 453
162 504
162 509
162 513
162 516
162 520
162 562
162 566
162 804
162 936
163 45
163 61
163 286
163 291
163 292
163 296
163 297
163 298
163 324
163 378
163 399
163 453
163 504
163 509
163 513
163 516
163 520
163 562
163 566
163 804
163 936
164 45
164 62
164 286
164 292
164 325
164 379
164 399
164 453
164 504
164 509
164 513
164 516
164 520
164 562
164 566
164 805
164 936
165 46
165 62
165 286
165 292
165 295
165 325
165 326
165 379
165 380
165 399
165 453
165 504
165 509
165 513
165 516
165 519
165 562
165 566
165 805
165 936
166 46
166 62
166 286
166 292
166 295
166 326
166 380
166 399
166 453
166 504
166 509
166 513
166 516
166 519
166 562
166 566
166 805
166 936
167 46
167 62
167 286
167 292
167 295
167 327
167 380
167 399
167 453
167 504
167 509
167 513
167 516
167 519
167 562
167 566
167 805
167 936
168 46
168 62
168 287
168 292
168 295
168 327
168 328
168 380
168 399
168 453
168 504
168 508
168 513
168 516
168 519
168 562
168 566
168 805
168 936
169 46
169 62
169 287
169 292
169 295
169 328
169 379
169 399
169 453
169 504
169 505
169 507
169 508
169 513
169 516
169 519
169 562
169 566
169 805
170 46
170 62
170 287
170 292
170 295
170 328
170 379
170 399
170 453
170 502
170 506
170 513
170 516
170 519
170 562
170 566
170 805
171 46
171 62
171 287
171 292
171 295
171 328
171 379
171 399
171 453
171 502
171 506
171 513
171 516
171 519
171 562
171 566
171 805
172 46
172 62
172 287
172 292
172 295
172 328
172 380
172 398
172 399
172 453
172 502
172 506
172 513
172 516
172 519
172 562
172 566
172 805
173 46
173 62
173 287
173 292
173 295
173 328
173 380
173 381
173 394
173 395
173 396
173 397
173 398
173 453
173 502
173 506
173 513
173 516
173 519
173 562
173 566
173 805
174 46
174 62
174 287
174 292
174 295
174 328
174 381
174 382
174 392
174 393
174 453
174 502
174 506
174 513
174 516
174 519
174 562
174 566
174 805
175 46
175 63
175 287
175 292
175 295
175 328
175 382
175 383
175 384
175 385
175 386
175 387
175 388
175 389
175 390
175 391
175 392
175 453
175 502
175 506
175 513
175 516
175 519
175 562
175 566
175 805
176 46
176 63
176 287
176 292
176 295
176 328
176 453
176 502
176 506
176 513
176 516
176 519
176 562
176 566
176 805
177 46
177 63
177 288
177 289
177 290
177 291
177 292
177 295
177 328
177 453
177 502
177 506
177 513
177 516
177 519
177 562
177 566
177 805
178 47
178 63
178 296
178 297
178 328
178 453
178 502
178 506
178 513
178 516
178 519
178 562
178 566
178 805
179 47
179 63
179 292
179 298
179 328
179 453
179 502
179 506
179 513
179 516
179 519
179 562
179 566
179 805
180 47
180 63
180 292
180 295
180 298
180 328
180 453
180 502
180 506
180 513
180 516
180 519
180 562
180 566
180 805
181 47
181 63
181 292
181 295
181 299
181 328
181 453
181 502
181 506
181 513
181 516
181 519
181 562
181 566
181 805
182 47
182 63
182 292
182 295
182 299
182 327
182 453
182 502
182 506
182 514
182 516
182 519
182 562
182 566
182 805
183 47
183 63
183 292
183 295
183 299
183 326
183 327
183 453
183 502
183 506
183 514
183 519
183 562
183 566
183 805
184 47
184 63
184 292
184 295
184 299
184 323
184 324
184 325
184 453
184 502
184 506
184 514
184 519
184 562
184 566
184 805
185 47
185 64
185 292
185 295
185 299
185 322
185 453
185 502
185 506
185 514
185 519
185 563
185 566
185 805
186 47
186 64
186 292
186 295
186 299
186 321
186 344
186 345
186 346
186 347
186 348
186 349
186 350
186 351
186 352
186 353
186 354
186 355
186 356
186 357
186 362
186 363
186 364
186 365
186 366
186 367
186 453
186 502
186 506
186 514
186 519
186 563
186 566
186 805
187 47
187 64
187 292
187 295
187 299
187 321
187 342
187 343
187 358
187 359
187 360
187 361
187 368
187 369
187 453
187 502
187 506
187 514
187 519
187 563
187 566
187 805
188 47
188 64
188 292
188 295
188 300
188 321
188 342
188 369
188 453
188 502
188 506
188 514
188 519
188 563
188 566
188 805
189 47
189 64
189 291
189 295
189 300
189 320
189 321
189 341
189 361
189 362
189 369
189 453
189 502
189 506
189 514
189 519
189 563
189 566
189 805
190 48
190 64
190 291
190 295
190 300
190 319
190 320
190 341
190 362
190 369
190 453
190 502
190 506
190 514
190 519
190 563
190 566
190 805
191 48
191 64
191 291
191 295
191 300
191 314
191 315
191 316
191 317
191 318
191 319
191 341
191 362
191 369
191 453
191 502
191 506
191 514
191 519
191 563
191 566
191 805
192 48
192 64
192 291
192 295
192 300
192 312
192 313
192 339
192 340
192 363
192 370
192 453
192 502
192 506
192 514
192 519
192 563
192 566
192 805
193 48
193 64
193 291
193 295
193 300
193 311
193 339
193 363
193 371
193 453
193 502
193 506
193 514
193 519
193 563
193 566
193 805
194 48
194 64
194 291
194 295
194 300
194 310
194 338
194 363
194 371
194 453
194 502
194 506
194 514
194 519
194 563
194 566
194 805
195 48
195 65
195 291
195 295
195 299
195 310
195 338
195 363
195 453
195 502
195 506
195 514
195 519
195 563
195 566
195 805
196 0
196 1
196 2
196 3
196 4
196 5
196 6
196 7
196 8
196 9
196 10
196 11
196 12
196 13
196 14
196 15
196 16
196 17
196 18
196 19
196 20
196 21
196 22
196 23
196 24
196 25
196 26
196 27
196 48
196 65
196 291
196 295
196 299
196 310
196 338
196 363
196 453
196 502
196 506
196 514
196 519
196 563
196 566
196 805
197 28
197 29
197 30
197 31
197 32
197 33
197 34
197 35
197 36
197 37
197 38
197 39
197 40
197 41
197 42
197 43
197 44
197 45
197 46
197 47
197 48
197 49
197 50
197 51
197 52
197 53
197 54
197 55
197 56
197 57
197 58
197 59
197 60
197 65
197 291
197 295
197 299
197 309
197 310
197 338
197 363
197 453
197 502
197 506
197 514
197 519
197 563
197 566
197 805
198 61
198 62
198 63
198 64
198 65
198 66
198 67
198 291
198 295
198 299
198 308
198 309
198 338
198 363
198 453
198 502
198 506
198 514
198 519
198 563
198 566
198 805
199 68
199 69
199 70
199 291
199 295
199 299
199 308
199 338
199 453
199 502
199 506
199 514
199 519
199 563
199 566
199 805
200 71
200 72
200 73
200 291
200 295
200 299
200 307
200 338
200 453
200 502
200 506
200 514
200 519
200 563
200 566
200 805
201 74
201 75
201 291
201 295
201 299
201 307
201 338
201 453
201 502
201 506
201 514
201 519
201 563
201 566
201 805
202 76
202 77
202 78
202 291
202 295
202 299
202 307
202 453
202 502
202 506
202 514
202 519
202 563
202 566
202 805
203 79
203 80
203 81
203 291
203 295
203 299
203 307
203 453
203 502
203 506
203 514
203 519
203 563
203 566
203 805
204 82
204 83
204 84
204 291
204 295
204 300
204 307
204 452
204 502
204 506
204 514
204 519
204 563
204 566
204 805
205 85
205 86
205 87
205 291
205 295
205 300
205 307
205 452
205 518
205 563
205 566
205 805
206 88
206 89
206 291
206 295
206 300
206 306
206 518
206 563
206 566
206 805
207 90
207 91
207 92
207 291
207 295
207 300
207 518
207 563
207 566
207 805
208 93
208 94
208 95
208 291
208 295
208 563
208 566
208 805
209 96
209 97
209 291
209 295
209 563
209 566
209 805
210 98
210 99
210 291
210 295
210 563
210 567
210 805
211 100
211 101
211 102
211 291
211 295
211 563
211 567
211 805
212 103
212 104
212 291
212 295
212 563
212 567
212 805
213 105
213 291
213 295
213 563
213 567
213 805
214 106
214 291
214 295
214 563
214 567
214 805
215 107
215 108
215 291
215 295
215 563
215 567
215 805
216 109
216 110
216 291
216 563
216 567
216 805
217 111
217 112
217 291
217 296
217 297
217 563
217 567
217 805
218 113
218 114
218 296
218 563
218 567
218 805
219 115
219 116
219 289
219 290
219 291
219 295
219 567
219 805
220 117
220 118
220 119
220 120
220 295
220 805
221 121
221 122
221 123
221 124
221 125
221 126
221 291
221 295
221 805
222 127
222 128
222 129
222 130
222 131
222 132
222 133
222 134
222 135
222 136
222 137
222 291
222 295
222 805
223 138
223 139
223 140
223 141
223 142
223 143
223 144
223 145
223 146
223 147
223 291
223 295
223 805
224 148
224 149
224 150
224 151
224 152
224 153
224 154
224 155
224 156
224 157
224 291
224 295
224 805
225 158
225 159
225 160
225 161
225 162
225 163
225 164
225 165
225 166
225 167
225 168
225 291
225 295
225 805
226 169
226 170
226 171
226 172
226 173
226 174
226 175
226 804
227 176
227 177
227 178
227 179
227 804
228 180
228 181
228 182
228 183
228 804
229 184
229 185
229 186
229 187
229 803
230 188
230 189
230 190
230 804
231 191
231 192
231 804
232 193
232 194
232 804
233 195
233 196
233 804
234 197
234 198
234 199
234 200
234 804
235 804
236 804
237 201
237 202
237 804
238 203
238 804
239 204
239 804
240 204
240 205
240 804
241 205
241 206
241 804
242 206
242 804
243 206
243 804
244 207
244 804
245 207
245 804
246 207
246 804
247 207
247 803
247 804
248 207
248 802
248 803
249 208
249 802
250 208
250 801
251 208
251 801
252 208
252 801
253 208
253 801
254 208
254 801
255 209
255 801
256 209
256 801
257 209
257 801
258 209
258 801
259 209
259 801
260 209
260 801
261 209
261 801
262 208
262 801
263 208
263 801
264 207
264 801
265 801
266 801
267 801
268 801
269 801
270 801
271 801
272 802
273 802
274 802
275 802
276 802
277 802
278 802
279 802
280 802
281 802
282 802
283 802
284 802
285 802
286 802
287 802
288 802
289 802
290 802
382 1034
382 1035
383 1036
