0 44
0 988
0 992
0 1021
1 44
1 988
1 993
1 994
1 995
1 1021
2 44
2 988
2 996
2 997
2 1009
2 1010
2 1011
2 1012
2 1013
2 1014
2 1015
2 1022
3 43
3 988
3 998
3 999
3 1004
3 1005
3 1006
3 1007
3 1008
3 1016
3 1017
3 1018
3 1019
3 1020
4 42
4 43
4 987
4 999
4 1003
5 42
5 986
5 1000
5 1002
6 41
6 985
6 1000
7 42
7 983
7 984
7 985
7 1000
8 42
8 982
8 1001
8 1002
9 42
9 981
10 39
10 40
10 41
10 42
10 981
11 38
11 981
12 37
12 982
13 35
13 36
13 37
13 982
14 34
14 51
14 52
14 53
14 983
15 35
15 36
15 37
15 38
15 49
15 50
15 54
15 55
15 983
16 38
16 39
16 47
16 48
16 49
16 55
16 56
16 57
16 58
16 59
16 983
17 39
17 40
17 46
17 60
17 61
17 66
17 67
17 68
17 69
17 70
17 71
17 982
18 40
18 45
18 62
18 63
18 64
18 65
18 72
18 73
18 982
19 40
19 43
19 44
19 73
19 74
19 982
20 40
20 42
20 43
20 74
20 75
20 982
21 75
21 982
22 76
22 963
22 964
22 965
22 966
22 967
22 982
23 76
23 962
23 968
23 969
23 974
23 981
24 77
24 961
24 970
24 971
24 972
24 973
24 975
24 976
24 977
24 978
24 979
25 77
25 961
25 980
25 983
26 77
26 959
26 960
27 76
27 77
27 957
27 958
27 982
28 75
28 76
28 956
28 957
29 72
29 73
29 74
29 75
29 956
30 68
30 69
30 70
30 71
30 955
31 67
31 955
32 67
32 954
33 68
33 69
33 954
34 70
34 71
35 71
35 952
35 953
36 71
36 951
36 954
37 72
37 949
37 950
38 73
38 942
38 943
38 944
38 945
38 946
38 947
38 948
38 949
38 955
39 74
39 940
39 941
40 74
40 939
40 940
41 74
41 939
42 74
42 940
43 74
43 940
44 74
44 940
45 74
45 75
45 939
45 940
46 75
46 939
47 75
47 938
48 67
48 68
48 69
48 75
48 938
49 66
49 69
49 75
49 938
50 66
50 70
50 74
50 939
51 66
51 71
51 72
51 73
51 74
51 939
51 940
52 67
52 68
52 69
52 75
52 940
53 64
53 65
53 72
53 73
53 76
53 77
53 940
54 63
54 77
54 78
54 940
55 64
55 65
55 78
55 939
56 79
56 939
57 79
57 938
58 79
58 83
58 84
58 85
58 86
58 87
58 939
59 80
59 81
59 82
59 88
59 89
59 939
59 940
59 941
60 90
60 91
61 91
61 92
61 941
62 92
62 940
63 93
63 939
64 93
64 94
64 938
65 94
65 938
66 94
66 917
66 918
66 919
66 920
66 923
66 924
66 938
67 94
67 916
67 917
67 920
67 921
67 922
67 925
67 926
67 927
67 937
68 94
68 915
68 916
68 928
68 929
68 937
69 94
69 915
69 929
69 937
70 94
70 914
70 930
70 936
71 94
71 914
71 930
71 934
71 935
72 96
72 97
72 914
72 931
72 932
72 933
72 934
73 97
73 915
73 916
74 98
74 914
75 98
75 915
75 916
76 98
76 915
76 916
77 98
77 916
78 98
78 916
79 98
79 917
80 98
80 104
80 105
80 106
80 107
80 108
81 97
81 102
81 103
81 109
81 110
81 915
81 916
82 97
82 99
82 100
82 101
82 110
82 111
82 914
82 915
83 111
83 112
83 900
83 901
83 913
83 914
84 113
84 114
84 898
84 899
84 902
84 903
84 911
84 912
85 114
85 898
85 904
85 911
86 114
86 897
86 905
86 906
86 907
86 908
86 909
86 910
87 114
87 897
88 114
88 897
89 114
89 896
90 114
90 892
90 893
90 894
90 895
91 114
91 891
92 114
93 112
93 113
93 114
93 887
93 888
93 889
94 108
94 109
94 110
94 885
94 886
95 107
95 113
95 114
95 115
95 884
95 885
95 890
95 891
95 892
96 108
96 109
96 110
96 115
96 878
96 879
96 880
96 883
96 884
96 890
97 115
97 878
97 881
97 883
98 115
98 877
98 881
98 884
98 885
99 115
99 877
99 881
99 885
100 114
100 869
100 870
100 876
100 882
100 883
100 884
100 885
101 114
101 868
101 871
101 875
101 882
101 884
102 114
102 867
102 872
102 874
102 882
102 884
103 114
103 867
103 872
103 882
104 114
104 865
104 866
104 873
104 874
105 114
105 180
105 181
105 182
105 183
105 184
105 185
105 186
105 187
105 188
105 224
105 225
105 226
105 227
105 865
106 114
106 179
106 180
106 189
106 190
106 222
106 223
106 228
106 229
106 865
106 866
107 114
107 178
107 179
107 190
107 191
107 220
107 221
107 230
107 231
107 866
107 867
108 114
108 178
108 191
108 219
108 220
108 232
108 233
108 867
108 868
109 114
109 177
109 191
109 218
109 219
109 233
109 863
109 864
109 868
109 869
110 112
110 177
110 191
110 210
110 211
110 218
110 233
110 240
110 241
110 242
110 243
110 244
110 245
110 246
110 247
110 248
110 249
110 250
110 862
110 863
110 869
110 870
111 111
111 113
111 178
111 191
111 208
111 209
111 212
111 213
111 214
111 217
111 233
111 238
111 239
111 251
111 252
111 860
111 861
111 862
111 864
111 870
112 110
112 178
112 191
112 208
112 215
112 216
112 233
112 237
112 238
112 252
112 253
112 858
112 859
112 864
112 871
113 110
113 178
113 191
113 198
113 199
113 200
113 208
113 216
113 233
113 234
113 235
113 236
113 237
113 253
113 857
113 858
113 864
113 871
114 110
114 178
114 191
114 194
114 195
114 196
114 197
114 201
114 202
114 208
114 232
114 252
114 253
114 855
114 856
114 865
114 866
114 871
115 108
115 109
115 178
115 191
115 192
115 193
115 203
115 209
115 252
115 854
115 867
115 871
116 108
116 178
116 203
116 209
116 249
116 250
116 251
116 853
116 868
116 869
116 870
117 107
117 176
117 177
117 204
117 208
117 209
117 248
117 853
118 107
118 174
118 175
118 204
118 205
118 206
118 207
118 247
118 854
119 107
119 174
119 247
119 854
120 107
120 173
120 247
120 854
121 106
121 168
121 169
121 170
121 171
121 174
121 246
121 247
121 263
121 264
121 853
122 106
122 167
122 172
122 174
122 246
122 261
122 262
122 265
122 853
123 106
123 166
123 172
123 173
123 174
123 245
123 261
123 266
123 853
124 103
124 104
124 166
124 245
124 260
124 266
124 477
124 478
124 479
124 854
125 103
125 107
125 165
125 245
125 260
125 266
125 466
125 467
125 468
125 469
125 470
125 471
125 472
125 475
125 476
125 480
125 485
125 486
125 854
126 81
126 104
126 105
126 106
126 108
126 137
126 138
126 139
126 140
126 165
126 244
126 245
126 256
126 257
126 260
126 267
126 280
126 281
126 282
126 283
126 450
126 451
126 452
126 453
126 462
126 463
126 464
126 465
126 473
126 474
126 475
126 481
126 482
126 483
126 484
126 487
126 854
127 80
127 82
127 109
127 135
127 136
127 141
127 142
127 143
127 165
127 244
127 246
127 254
127 255
127 258
127 260
127 267
127 278
127 279
127 284
127 285
127 448
127 449
127 454
127 455
127 456
127 457
127 458
127 459
127 460
127 461
127 487
127 855
128 79
128 82
128 109
128 134
128 144
128 165
128 247
128 254
128 258
128 260
128 267
128 278
128 285
128 448
128 487
128 855
129 79
129 83
129 109
129 133
129 145
129 166
129 248
129 253
129 258
129 267
129 274
129 277
129 285
129 289
129 290
129 291
129 292
129 293
129 447
129 488
129 855
130 80
130 83
130 109
130 133
130 145
130 146
130 147
130 148
130 166
130 167
130 248
130 252
130 253
130 259
130 260
130 267
130 270
130 271
130 272
130 273
130 275
130 276
130 277
130 285
130 287
130 288
130 294
130 295
130 296
130 440
130 441
130 442
130 447
130 460
130 461
130 462
130 488
130 489
130 490
130 491
130 492
130 505
130 506
130 856
131 80
131 83
131 109
131 134
131 149
131 150
131 167
131 248
131 251
131 252
131 267
131 269
131 285
131 287
131 437
131 438
131 439
131 443
131 446
131 447
131 460
131 462
131 493
131 494
131 502
131 503
131 504
131 507
131 508
131 856
131 857
132 80
132 84
132 109
132 135
132 150
132 151
132 152
132 153
132 154
132 155
132 156
132 157
132 158
132 159
132 168
132 248
132 250
132 266
132 268
132 295
132 296
132 434
132 435
132 436
132 443
132 445
132 460
132 461
132 462
132 494
132 499
132 500
132 501
132 508
132 858
132 859
133 79
133 84
133 85
133 86
133 87
133 88
133 89
133 110
133 135
133 160
133 161
133 169
133 247
133 266
133 268
133 293
133 294
133 432
133 433
133 495
133 498
133 508
133 860
133 861
134 79
134 90
134 91
134 92
134 93
134 110
134 111
134 135
134 161
134 170
134 240
134 241
134 242
134 293
134 415
134 416
134 417
134 418
134 432
134 496
134 508
134 510
134 511
134 512
134 717
134 718
134 719
134 861
135 80
135 94
135 95
135 111
135 121
135 122
135 123
135 124
135 125
135 126
135 127
135 128
135 133
135 134
135 161
135 170
135 240
135 242
135 292
135 409
135 413
135 414
135 419
135 423
135 424
135 430
135 431
135 513
135 514
135 716
135 720
135 721
135 728
135 861
136 80
136 96
136 111
136 120
136 129
136 130
136 131
136 132
136 133
136 161
136 164
136 165
136 166
136 167
136 168
136 169
136 170
136 240
136 241
136 242
136 292
136 297
136 298
136 299
136 300
136 405
136 406
136 407
136 408
136 410
136 411
136 412
136 413
136 420
136 421
136 422
136 425
136 426
136 427
136 428
136 429
136 515
136 516
136 708
136 709
136 710
136 711
136 712
136 713
136 722
136 723
136 726
136 727
136 729
136 861
137 81
137 96
137 110
137 111
137 119
137 161
137 163
137 292
137 293
137 294
137 295
137 296
137 301
137 302
137 403
137 404
137 516
137 707
137 714
137 723
137 724
137 725
137 730
137 862
138 81
138 96
138 109
138 119
138 302
138 303
138 402
138 403
138 516
138 706
138 730
138 862
138 863
138 864
138 865
138 866
138 867
139 82
139 83
139 84
139 97
139 98
139 99
139 108
139 119
139 304
139 305
139 311
139 312
139 313
139 314
139 315
139 316
139 366
139 367
139 368
139 369
139 370
139 371
139 372
139 400
139 401
139 402
139 516
139 706
139 731
139 732
139 868
140 85
140 86
140 100
140 108
140 110
140 119
140 305
140 306
140 307
140 308
140 309
140 310
140 317
140 318
140 319
140 320
140 321
140 322
140 323
140 324
140 325
140 326
140 327
140 328
140 329
140 330
140 364
140 365
140 373
140 374
140 375
140 376
140 377
140 378
140 379
140 380
140 381
140 399
140 517
140 706
140 733
140 868
141 86
141 87
141 88
141 89
141 90
141 91
141 92
141 93
141 94
141 95
141 96
141 100
141 111
141 112
141 120
141 331
141 332
141 333
141 334
141 360
141 361
141 362
141 363
141 364
141 382
141 398
141 517
141 518
141 706
141 734
141 867
141 868
142 113
142 114
142 115
142 120
142 121
142 122
142 335
142 336
142 337
142 338
142 355
142 356
142 357
142 358
142 359
142 383
142 395
142 396
142 397
142 398
142 519
142 705
142 734
142 867
143 116
143 117
143 123
143 339
143 340
143 341
143 342
143 352
143 353
143 354
143 383
143 384
143 385
143 386
143 387
143 388
143 393
143 394
143 519
143 705
143 735
143 866
144 117
144 118
144 123
144 343
144 344
144 350
144 351
144 389
144 390
144 393
144 519
144 704
144 735
144 866
145 119
145 120
145 121
145 122
145 123
145 345
145 346
145 347
145 348
145 349
145 391
145 519
145 704
145 735
145 866
146 129
146 130
146 131
146 518
146 536
146 537
146 538
146 539
146 540
146 541
146 542
146 543
146 544
146 545
146 546
146 680
146 697
146 698
146 699
146 700
146 701
146 702
146 703
146 736
146 866
147 128
147 131
147 133
147 134
147 135
147 136
147 137
147 519
147 534
147 535
147 547
147 548
147 638
147 652
147 653
147 679
147 681
147 682
147 683
147 684
147 685
147 686
147 687
147 695
147 696
147 736
147 867
148 129
148 130
148 131
148 137
148 519
148 520
148 521
148 522
148 523
148 534
148 549
148 555
148 556
148 557
148 558
148 559
148 560
148 561
148 562
148 563
148 564
148 636
148 637
148 639
148 650
148 651
148 654
148 655
148 678
148 687
148 695
148 736
148 739
148 740
148 741
148 867
148 868
149 133
149 134
149 135
149 136
149 137
149 524
149 525
149 526
149 527
149 528
149 529
149 530
149 531
149 532
149 533
149 550
149 553
149 554
149 565
149 566
149 567
149 568
149 569
149 570
149 571
149 572
149 573
149 632
149 633
149 634
149 635
149 636
149 640
149 641
149 642
149 643
149 644
149 645
149 646
149 647
149 648
149 649
149 650
149 655
149 677
149 678
149 688
149 689
149 690
149 694
149 736
149 737
149 738
149 742
149 743
149 869
150 550
150 551
150 552
150 553
150 574
150 575
150 630
150 631
150 655
150 676
150 677
150 691
150 692
150 693
150 694
150 743
150 869
151 575
151 629
151 630
151 656
151 673
151 674
151 675
151 676
151 743
151 755
151 756
151 757
151 825
151 826
151 827
151 828
151 829
151 830
151 866
151 867
152 576
152 577
152 615
152 628
152 629
152 656
152 657
152 669
152 672
152 743
152 754
152 755
152 758
152 823
152 824
152 831
152 832
152 866
153 578
153 579
153 580
153 581
153 587
153 588
153 589
153 590
153 591
153 592
153 593
153 594
153 595
153 596
153 597
153 598
153 613
153 614
153 616
153 617
153 628
153 658
153 659
153 667
153 668
153 670
153 742
153 747
153 752
153 753
153 759
153 760
153 823
153 833
153 834
153 835
153 836
153 837
153 866
154 582
154 585
154 586
154 599
154 600
154 612
154 613
154 618
154 619
154 620
154 621
154 622
154 623
154 627
154 659
154 660
154 665
154 666
154 743
154 744
154 745
154 746
154 748
154 752
154 761
154 762
154 782
154 823
154 838
154 839
154 866
155 583
155 585
155 600
155 601
155 606
155 607
155 608
155 609
155 610
155 611
155 624
155 625
155 626
155 627
155 660
155 663
155 664
155 748
155 751
155 762
155 781
155 783
155 824
155 839
155 867
156 583
156 601
156 602
156 604
156 605
156 661
156 663
156 748
156 750
156 763
156 775
156 780
156 783
156 824
156 825
156 840
156 867
157 602
157 603
157 604
157 661
157 663
157 763
157 767
157 768
157 769
157 773
157 774
157 776
157 777
157 780
157 783
157 798
157 799
157 800
157 825
157 840
157 841
157 842
157 843
157 844
157 845
157 848
157 849
157 850
157 851
157 868
158 661
158 663
158 749
158 764
158 766
158 770
158 771
158 772
158 777
158 778
158 780
158 783
158 798
158 800
158 825
158 846
158 847
158 848
158 851
158 854
158 868
159 764
159 778
159 784
159 797
159 801
159 825
159 851
159 853
159 855
159 868
160 554
160 555
160 556
160 557
160 558
160 748
160 750
160 785
160 786
160 787
160 788
160 789
160 790
160 791
160 792
160 793
160 794
160 795
160 796
160 797
160 801
160 802
160 823
160 824
160 855
160 860
160 861
160 862
160 868
161 552
161 553
161 559
161 560
161 741
161 748
161 750
161 764
161 802
161 803
161 804
161 805
161 806
161 807
161 808
161 809
161 810
161 811
161 812
161 813
161 814
161 815
161 816
161 817
161 818
161 819
161 820
161 821
161 822
161 855
161 859
161 863
161 864
161 868
162 551
162 560
162 738
162 739
162 740
162 742
162 743
162 764
162 856
162 857
162 858
162 864
162 865
162 866
162 867
162 868
163 550
163 561
163 736
163 737
163 743
163 744
163 750
163 763
164 544
164 545
164 546
164 547
164 548
164 561
164 689
164 690
164 691
164 734
164 735
164 744
164 745
164 750
164 751
164 762
164 763
165 542
165 543
165 549
165 561
165 689
165 691
165 733
165 734
165 745
165 751
165 752
165 762
166 540
166 541
166 549
166 561
166 688
166 692
166 732
166 733
166 745
166 752
166 753
166 757
166 760
166 761
167 539
167 540
167 549
167 561
167 688
167 692
167 732
167 745
167 758
168 537
168 538
168 549
168 561
168 687
168 693
168 731
168 745
168 754
168 758
169 536
169 550
169 560
169 687
169 693
169 731
169 745
169 754
169 758
170 535
170 550
170 560
170 686
170 693
170 731
170 745
170 754
170 758
171 536
171 551
171 561
171 562
171 686
171 694
171 732
171 745
171 754
171 758
172 536
172 537
172 552
172 553
172 559
172 560
172 563
172 564
172 686
172 694
172 733
172 734
172 745
172 754
172 758
173 537
173 538
173 553
173 554
173 557
173 558
173 564
173 565
173 685
173 695
173 734
173 735
173 743
173 744
173 745
173 754
173 758
174 539
174 553
174 556
174 557
174 565
174 566
174 567
174 568
174 569
174 570
174 571
174 572
174 573
174 685
174 696
174 742
174 754
174 758
175 539
175 553
175 556
175 574
175 575
175 684
175 696
175 733
175 734
175 743
175 744
175 754
175 758
176 538
176 553
176 556
176 576
176 684
176 696
176 733
176 745
176 754
176 758
177 538
177 543
177 544
177 545
177 546
177 547
177 553
177 556
177 576
177 685
177 696
177 732
177 745
177 754
177 758
178 539
178 540
178 541
178 542
178 547
178 553
178 556
178 576
178 685
178 695
178 732
178 745
178 754
178 758
179 548
179 553
179 556
179 576
179 685
179 695
179 731
179 745
179 754
179 758
180 522
180 523
180 548
180 549
180 553
180 556
180 576
180 685
180 695
180 731
180 745
180 754
180 757
181 521
181 524
181 525
181 549
181 553
181 556
181 576
181 685
181 695
181 731
181 745
181 754
181 757
182 520
182 525
182 550
182 553
182 556
182 576
182 686
182 687
182 690
182 693
182 694
182 695
182 732
182 744
182 754
182 757
183 520
183 525
183 550
183 551
183 553
183 556
183 576
183 583
183 584
183 688
183 691
183 732
183 733
183 744
183 754
183 757
184 520
184 525
184 551
184 556
184 576
184 582
184 585
184 688
184 691
184 733
184 734
184 743
184 754
184 757
185 520
185 525
185 552
185 556
185 575
185 581
185 585
185 688
185 691
185 734
185 735
185 737
185 740
185 741
185 742
185 743
185 754
185 757
186 520
186 524
186 525
186 552
186 554
186 556
186 569
186 570
186 571
186 572
186 573
186 574
186 575
186 581
186 585
186 651
186 666
186 688
186 691
186 735
186 738
186 754
186 757
187 520
187 524
187 552
187 554
187 556
187 568
187 581
187 585
187 650
187 652
187 665
187 667
187 688
187 691
187 735
187 738
187 754
187 757
188 512
188 513
188 514
188 523
188 552
188 554
188 556
188 567
188 582
188 645
188 646
188 649
188 652
188 665
188 667
188 668
188 669
188 670
188 671
188 672
188 673
188 674
188 675
188 676
188 677
188 678
188 679
188 680
188 681
188 682
188 683
188 684
188 688
188 691
188 705
188 735
188 738
188 754
188 757
189 511
189 514
189 523
189 552
189 554
189 556
189 566
189 644
189 649
189 653
189 654
189 655
189 656
189 657
189 658
189 659
189 660
189 661
189 662
189 663
189 664
189 665
189 685
189 686
189 687
189 688
189 689
189 690
189 691
189 692
189 693
189 694
189 703
189 704
189 706
189 707
189 735
189 738
189 754
189 757
190 499
190 500
190 501
190 502
190 503
190 504
190 505
190 506
190 507
190 508
190 509
190 510
190 511
190 515
190 516
190 517
190 518
190 519
190 521
190 522
190 523
190 552
190 554
190 614
190 615
190 616
190 617
190 630
190 644
190 648
190 649
190 695
190 696
190 697
190 698
190 699
190 700
190 701
190 702
190 708
190 735
190 738
190 754
190 757
191 421
191 422
191 423
191 424
191 425
191 426
191 427
191 428
191 429
191 430
191 431
191 432
191 433
191 434
191 435
191 436
191 437
191 438
191 439
191 440
191 441
191 442
191 443
191 444
191 445
191 446
191 447
191 448
191 449
191 450
191 451
191 452
191 453
191 454
191 455
191 456
191 457
191 458
191 459
191 460
191 461
191 462
191 463
191 464
191 465
191 466
191 467
191 468
191 469
191 470
191 471
191 472
191 473
191 474
191 475
191 476
191 477
191 478
191 479
191 480
191 481
191 482
191 483
191 484
191 485
191 486
191 487
191 488
191 489
191 490
191 491
191 492
191 493
191 494
191 495
191 496
191 497
191 498
191 523
191 552
191 554
191 556
191 612
191 613
191 618
191 629
191 631
191 644
191 648
191 651
191 652
191 709
191 710
191 711
191 712
191 713
191 714
191 715
191 734
191 738
191 754
191 757
192 394
192 395
192 396
192 397
192 398
192 399
192 400
192 401
192 402
192 403
192 404
192 405
192 406
192 407
192 408
192 409
192 410
192 411
192 412
192 413
192 414
192 415
192 416
192 417
192 418
192 419
192 420
192 524
192 551
192 552
192 556
192 610
192 611
192 618
192 628
192 631
192 644
192 716
192 717
192 718
192 719
192 720
192 721
192 722
192 723
192 724
192 725
192 734
192 738
192 754
192 757
193 367
193 368
193 369
193 370
193 371
193 372
193 373
193 374
193 375
193 376
193 377
193 378
193 379
193 380
193 381
193 382
193 383
193 384
193 385
193 386
193 387
193 388
193 389
193 390
193 391
193 392
193 393
193 524
193 553
193 556
193 628
193 631
193 644
193 726
193 727
193 728
193 729
193 730
193 731
193 732
193 733
193 734
193 735
193 736
193 738
193 753
193 757
194 353
194 354
194 355
194 356
194 357
194 358
194 359
194 360
194 361
194 362
194 363
194 364
194 365
194 366
194 524
194 553
194 556
194 628
194 631
194 643
194 644
194 645
194 646
194 738
194 739
194 740
194 741
194 742
194 743
194 744
194 745
194 746
194 747
194 753
194 757
195 352
195 525
195 551
195 552
195 631
195 748
195 749
195 750
195 751
195 752
195 753
195 754
195 757
196 351
196 553
196 627
196 628
196 629
196 630
196 631
196 754
196 757
197 351
197 553
197 556
197 754
197 757
198 167
198 168
198 169
198 170
198 171
198 172
198 173
198 174
198 175
198 176
198 177
198 178
198 179
198 180
198 181
198 182
198 183
198 184
198 185
198 186
198 187
198 188
198 189
198 190
198 191
198 192
198 193
198 194
198 195
198 196
198 351
198 553
198 556
198 754
198 757
199 137
199 138
199 139
199 140
199 141
199 142
199 143
199 144
199 145
199 146
199 147
199 148
199 149
199 150
199 151
199 152
199 153
199 154
199 155
199 156
199 157
199 158
199 159
199 160
199 161
199 162
199 163
199 164
199 165
199 166
199 197
199 198
199 351
199 553
199 556
199 754
199 757
200 119
200 120
200 121
200 122
200 123
200 124
200 125
200 126
200 127
200 128
200 129
200 130
200 131
200 132
200 133
200 134
200 135
200 136
200 199
200 200
200 201
200 202
200 203
200 204
200 205
200 351
200 754
200 757
201 114
201 115
201 116
201 117
201 118
201 206
201 207
201 351
201 754
201 757
202 109
202 110
202 111
202 112
202 113
202 208
202 209
202 351
202 754
202 757
203 104
203 105
203 106
203 107
203 108
203 209
203 210
203 343
203 344
203 345
203 346
203 347
203 348
203 349
203 350
203 351
203 754
203 757
204 98
204 99
204 100
204 101
204 102
204 103
204 210
204 211
204 331
204 332
204 333
204 334
204 335
204 336
204 337
204 338
204 339
204 340
204 341
204 342
204 752
204 753
204 754
204 756
204 757
205 93
205 94
205 95
205 96
205 97
205 211
205 212
205 321
205 322
205 323
205 324
205 325
205 326
205 327
205 328
205 329
205 330
205 757
205 758
205 759
205 760
205 761
205 762
206 88
206 89
206 90
206 91
206 92
206 212
206 213
206 311
206 312
206 313
206 314
206 315
206 316
206 317
206 318
206 319
206 320
206 763
206 764
206 765
206 766
206 767
206 768
206 769
207 83
207 84
207 85
207 86
207 87
207 213
207 214
207 301
207 302
207 303
207 304
207 305
207 306
207 307
207 308
207 309
207 310
207 770
207 771
207 772
207 773
207 774
207 775
207 776
207 777
207 778
207 779
208 80
208 81
208 82
208 214
208 215
208 291
208 292
208 293
208 294
208 295
208 296
208 297
208 298
208 299
208 300
208 780
208 781
208 782
208 783
208 784
208 785
208 786
208 787
208 788
209 78
209 79
209 215
209 216
209 281
209 282
209 283
209 284
209 285
209 286
209 287
209 288
209 289
209 290
209 789
209 790
209 791
209 792
209 793
209 794
209 795
209 796
209 797
210 77
210 78
210 216
210 217
210 272
210 273
210 274
210 275
210 276
210 277
210 278
210 279
210 280
210 374
210 798
210 799
210 800
210 801
210 802
210 803
210 804
210 805
210 806
211 75
211 76
211 217
211 218
211 261
211 262
211 263
211 264
211 265
211 266
211 267
211 268
211 269
211 270
211 271
211 361
211 362
211 363
211 364
211 365
211 807
211 808
211 809
211 810
211 811
211 812
211 813
211 814
211 815
212 74
212 75
212 218
212 219
212 252
212 253
212 254
212 255
212 256
212 257
212 258
212 259
212 260
212 348
212 349
212 350
212 351
212 354
212 355
212 356
212 357
212 358
212 359
212 360
212 373
212 374
212 375
212 376
212 377
212 378
212 379
212 816
212 817
212 818
212 819
212 820
212 821
212 822
212 823
212 824
213 74
213 219
213 251
213 347
213 352
213 366
213 367
213 368
213 369
213 370
213 371
213 372
213 379
213 825
214 73
214 220
214 242
214 243
214 244
214 245
214 246
214 247
214 248
214 249
214 250
214 342
214 343
214 344
214 345
214 346
214 352
214 359
214 360
214 361
214 362
214 363
214 364
214 365
214 380
214 826
214 827
214 828
214 829
214 830
214 831
214 832
214 833
215 72
215 73
215 220
215 221
215 232
215 233
215 234
215 235
215 236
215 237
215 238
215 239
215 240
215 241
215 331
215 332
215 333
215 341
215 353
215 354
215 355
215 356
215 357
215 358
215 380
215 834
215 835
215 836
215 837
215 838
215 839
215 840
215 841
215 842
215 843
216 70
216 71
216 221
216 223
216 224
216 225
216 226
216 227
216 228
216 229
216 230
216 231
216 321
216 322
216 323
216 324
216 325
216 326
216 327
216 328
216 329
216 330
216 334
216 340
216 758
216 844
216 845
216 846
216 847
216 848
216 849
216 850
216 851
216 852
217 69
217 70
217 222
217 311
217 312
217 313
217 314
217 315
217 316
217 317
217 318
217 319
217 320
217 334
217 340
217 378
217 379
217 380
217 757
217 759
217 760
217 761
217 762
217 763
217 764
217 765
217 766
217 767
217 853
217 854
217 855
217 856
217 857
217 858
217 859
217 860
218 68
218 69
218 222
218 306
218 307
218 308
218 309
218 310
218 334
218 341
218 373
218 374
218 375
218 376
218 377
218 768
218 769
218 770
218 771
218 861
218 862
218 863
218 864
218 865
218 866
218 867
218 868
219 66
219 67
219 223
219 296
219 297
219 305
219 335
219 341
219 366
219 367
219 368
219 369
219 370
219 371
219 372
219 772
219 869
219 870
219 871
219 872
219 873
219 874
219 875
219 876
219 877
220 64
220 65
220 223
220 224
220 286
220 287
220 288
220 289
220 290
220 291
220 292
220 293
220 294
220 295
220 298
220 304
220 335
220 341
220 361
220 362
220 363
220 364
220 365
220 772
220 878
220 879
220 880
220 881
220 882
220 883
220 884
220 885
220 886
221 63
221 64
221 224
221 282
221 283
221 284
221 285
221 298
221 304
221 335
221 341
221 355
221 356
221 357
221 358
221 359
221 360
221 772
221 782
221 783
221 784
221 785
221 786
221 787
221 887
221 888
221 889
221 890
221 891
221 892
221 893
221 894
222 62
222 63
222 225
222 274
222 281
222 298
222 304
222 335
222 341
222 350
222 351
222 352
222 353
222 354
222 771
222 772
222 773
222 781
222 788
222 789
222 895
222 896
222 897
222 898
222 899
222 900
222 901
222 902
223 61
223 62
223 225
223 266
223 267
223 268
223 269
223 270
223 271
223 272
223 273
223 275
223 280
223 298
223 305
223 335
223 344
223 345
223 346
223 347
223 348
223 349
223 773
223 790
223 800
223 903
223 904
223 905
223 906
223 907
223 908
223 909
223 910
223 911
224 59
224 60
224 225
224 258
224 259
224 260
224 261
224 262
224 263
224 264
224 265
224 275
224 280
224 298
224 305
224 337
224 338
224 339
224 340
224 341
224 342
224 343
224 773
224 790
224 799
224 801
224 802
224 803
224 804
224 805
224 806
224 807
224 808
224 912
224 913
224 914
224 915
224 916
224 917
224 918
224 919
225 58
225 59
225 225
225 251
225 252
225 253
225 254
225 255
225 256
225 257
225 275
225 280
225 298
225 305
225 331
225 332
225 333
225 334
225 335
225 336
225 773
225 788
225 789
225 790
225 798
225 809
225 810
225 811
225 812
225 813
225 814
225 815
225 920
225 921
225 922
225 923
225 924
225 925
225 926
225 927
226 57
226 58
226 225
226 244
226 245
226 246
226 247
226 248
226 249
226 250
226 275
226 280
226 298
226 305
226 325
226 326
226 327
226 328
226 329
226 330
226 773
226 780
226 790
226 798
226 816
226 817
226 818
226 819
226 820
226 821
226 822
226 928
226 929
226 930
226 931
226 932
226 933
226 934
226 935
227 56
227 57
227 225
227 235
227 236
227 237
227 238
227 239
227 240
227 241
227 242
227 243
227 276
227 280
227 298
227 305
227 319
227 320
227 321
227 322
227 323
227 324
227 774
227 775
227 776
227 780
227 791
227 799
227 823
227 824
227 825
227 826
227 827
227 828
227 829
227 936
227 937
227 938
227 939
227 940
227 941
227 942
227 943
227 944
228 54
228 55
228 225
228 228
228 229
228 230
228 231
228 232
228 233
228 234
228 276
228 280
228 298
228 305
228 313
228 314
228 315
228 316
228 317
228 318
228 777
228 778
228 779
228 780
228 791
228 799
228 830
228 831
228 832
228 945
228 946
228 947
228 948
228 949
228 950
228 951
228 952
229 51
229 52
229 53
229 54
229 226
229 227
229 280
229 299
229 306
229 307
229 308
229 309
229 310
229 311
229 312
229 791
229 799
229 833
229 843
229 844
229 953
229 954
229 955
229 956
229 957
229 958
229 959
229 960
230 49
230 50
230 226
230 280
230 300
230 301
230 302
230 303
230 304
230 305
230 306
230 791
230 799
230 833
230 842
230 845
230 846
230 847
230 848
230 849
230 850
230 961
230 962
230 963
230 964
230 965
230 966
230 967
230 968
231 47
231 48
231 226
231 280
231 294
231 295
231 296
231 297
231 298
231 299
231 300
231 791
231 799
231 833
231 841
231 851
231 852
231 853
231 854
231 855
231 856
231 857
231 969
231 970
231 971
231 972
231 973
231 974
231 975
231 976
232 45
232 46
232 226
232 277
232 278
232 279
232 288
232 289
232 290
232 291
232 292
232 293
232 792
232 793
232 794
232 795
232 796
232 797
232 798
232 799
232 833
232 841
232 858
232 859
232 860
232 861
232 862
232 863
232 977
232 978
232 979
232 980
232 981
232 982
232 983
232 984
233 43
233 44
233 226
233 282
233 283
233 284
233 285
233 286
233 287
233 833
233 841
233 864
233 865
233 866
233 867
233 868
233 869
233 870
233 985
233 986
233 987
233 988
233 989
233 990
233 991
233 992
234 40
234 41
234 42
234 227
234 276
234 277
234 278
234 279
234 280
234 281
234 832
234 833
234 841
234 871
234 872
234 873
234 874
234 875
234 876
234 877
234 993
234 994
234 995
234 996
234 997
234 998
234 999
234 1000
235 36
235 37
235 38
235 39
235 227
235 269
235 270
235 271
235 272
235 273
235 274
235 275
235 833
235 841
235 878
235 879
235 880
235 881
235 882
235 883
235 1001
235 1002
235 1003
235 1004
235 1005
235 1006
235 1007
235 1008
236 32
236 33
236 34
236 35
236 227
236 263
236 264
236 265
236 266
236 267
236 268
236 833
236 884
236 885
236 886
236 887
236 888
236 889
236 890
236 1009
236 1010
236 1011
236 1012
236 1013
236 1014
236 1015
236 1016
236 1017
237 28
237 29
237 30
237 31
237 227
237 257
237 258
237 259
237 260
237 261
237 262
237 833
237 842
237 891
237 892
237 893
237 894
237 895
237 896
237 1018
237 1019
237 1020
237 1021
237 1022
237 1023
237 1024
237 1025
238 20
238 25
238 26
238 27
238 228
238 251
238 252
238 253
238 254
238 255
238 256
238 833
238 841
238 897
238 898
238 899
238 1026
238 1027
238 1028
238 1029
238 1030
238 1031
238 1032
238 1033
238 1034
239 13
239 14
239 15
239 16
239 17
239 23
239 24
239 228
239 245
239 246
239 247
239 248
239 249
239 250
239 834
239 835
239 836
239 841
239 900
239 1035
239 1036
239 1037
239 1038
239 1039
239 1040
239 1041
239 1042
239 1043
239 1044
240 6
240 7
240 8
240 9
240 10
240 11
240 12
240 19
240 20
240 21
240 22
240 228
240 239
240 240
240 241
240 242
240 243
240 244
240 837
240 838
240 839
240 840
240 841
240 900
240 912
240 1045
240 1046
240 1047
240 1048
240 1049
240 1050
240 1051
240 1052
240 1053
241 0
241 1
241 2
241 3
241 4
241 5
241 17
241 18
241 228
241 232
241 233
241 234
241 235
241 236
241 237
241 238
241 901
241 911
241 913
241 914
241 915
241 916
241 917
241 918
241 919
241 1054
241 1055
241 1056
241 1057
241 1058
241 1059
241 1060
241 1061
241 1062
242 229
242 230
242 231
242 901
242 910
242 920
242 921
242 922
242 923
242 924
242 925
242 926
242 1063
242 1064
242 1065
242 1066
242 1067
242 1068
242 1069
242 1070
242 1071
243 901
243 910
243 927
243 928
243 929
243 930
243 931
243 932
243 933
243 1072
243 1073
243 1074
243 1075
243 1076
243 1077
243 1078
243 1079
243 1080
243 1081
244 901
244 910
244 934
244 935
244 936
244 937
244 938
244 939
244 1082
244 1083
244 1084
244 1085
244 1086
244 1087
244 1088
244 1089
245 901
245 940
245 941
245 942
245 943
245 944
245 945
245 946
245 947
245 1090
245 1091
245 1092
245 1093
245 1094
245 1095
245 1096
245 1097
245 1098
246 901
246 948
246 949
246 950
246 951
246 952
246 953
246 954
246 1099
246 1100
246 1101
246 1102
246 1103
246 1104
246 1105
246 1106
246 1107
247 900
247 901
247 902
247 955
247 956
247 957
247 958
247 959
247 960
247 961
247 1108
247 1109
247 1110
247 1111
247 1112
247 1113
247 1114
247 1115
247 1116
247 1117
248 902
248 962
248 963
248 964
248 965
248 966
248 967
248 968
248 1118
248 1119
248 1120
248 1121
248 1122
248 1123
248 1124
248 1125
248 1126
249 902
249 969
249 970
249 971
249 972
249 973
249 974
249 975
249 976
249 1127
249 1128
249 1129
249 1130
249 1131
249 1132
249 1133
249 1134
249 1135
250 902
250 977
250 978
250 979
250 980
250 981
250 982
250 983
250 1136
250 1137
250 1138
250 1139
250 1140
250 1141
250 1142
250 1143
250 1144
250 1145
251 903
251 904
251 905
251 906
251 907
251 908
251 909
251 910
251 984
251 985
251 986
251 987
251 988
251 989
251 1146
251 1147
251 1148
251 1149
251 1150
251 1151
251 1152
251 1153
251 1154
252 990
252 991
252 992
252 993
252 994
252 995
252 996
252 1155
252 1156
252 1157
252 1158
252 1159
252 1160
252 1161
252 1162
252 1163
253 997
253 998
253 999
253 1000
253 1001
253 1002
253 1003
253 1164
253 1165
253 1166
253 1167
253 1168
253 1169
253 1170
253 1171
253 1172
254 1004
254 1005
254 1006
254 1007
254 1008
254 1009
254 1010
254 1011
254 1173
254 1174
254 1175
254 1176
254 1177
254 1178
254 1179
254 1180
254 1181
254 1182
255 1012
255 1013
255 1014
255 1183
255 1184
255 1185
255 1186
255 1187
255 1188
255 1189
255 1190
255 1191
256 1015
256 1192
257 1015
257 1025
257 1193
257 1194
257 1195
257 1196
257 1197
257 1198
257 1199
257 1200
258 1015
258 1024
258 1026
258 1027
258 1028
258 1029
258 1030
258 1031
258 1201
258 1202
258 1203
258 1204
258 1205
258 1206
258 1207
258 1208
258 1209
259 1015
259 1023
259 1032
259 1033
259 1034
259 1035
259 1036
259 1037
259 1038
259 1210
259 1211
259 1212
259 1213
259 1214
259 1215
259 1216
259 1217
259 1218
260 1015
260 1023
260 1039
260 1040
260 1041
260 1042
260 1043
260 1044
260 1045
260 1046
260 1219
260 1220
260 1221
260 1222
260 1223
260 1224
260 1225
260 1226
260 1227
261 1015
261 1023
261 1047
261 1048
261 1049
261 1050
261 1051
261 1052
261 1228
261 1229
261 1230
261 1231
261 1232
261 1233
261 1234
261 1235
261 1236
262 0
262 1015
262 1023
262 1053
262 1054
262 1055
262 1056
262 1057
262 1058
262 1059
262 1237
262 1238
262 1239
262 1240
262 1241
262 1242
262 1243
262 1244
262 1245
262 1246
263 1016
263 1023
263 1060
263 1061
263 1062
263 1063
263 1064
263 1065
263 1247
263 1248
263 1249
263 1250
263 1251
263 1252
263 1253
263 1254
263 1255
264 1016
264 1024
264 1066
264 1067
264 1068
264 1069
264 1070
264 1071
264 1072
264 1256
264 1257
264 1258
264 1259
264 1260
264 1261
264 1262
264 1263
264 1264
265 1016
265 1024
265 1073
265 1074
265 1075
265 1076
265 1077
265 1078
265 1079
265 1080
265 1265
265 1266
265 1267
265 1268
265 1269
265 1270
265 1271
265 1272
265 1273
266 1016
266 1024
266 1081
266 1082
266 1083
266 1084
266 1085
266 1086
266 1274
266 1275
266 1276
266 1277
266 1278
266 1279
267 1016
267 1024
267 1087
267 1088
267 1089
267 1090
267 1091
267 1092
267 1093
268 1016
268 1024
268 1094
268 1095
268 1096
268 1097
268 1098
268 1099
269 1016
269 1024
269 1100
269 1101
269 1102
269 1103
269 1104
269 1105
269 1106
270 1014
270 1015
270 1016
270 1024
270 1107
270 1108
270 1109
270 1110
270 1111
270 1112
270 1113
270 1114
271 1016
271 1017
271 1018
271 1019
271 1024
271 1115
271 1116
271 1117
271 1118
271 1119
271 1120
272 1020
272 1021
272 1022
272 1023
272 1024
272 1121
272 1122
272 1123
272 1124
272 1125
272 1126
272 1127
273 1128
273 1129
273 1130
273 1131
273 1132
273 1133
274 1134
274 1135
274 1136
274 1137
274 1138
274 1139
274 1140
275 1141
275 1142
275 1143
275 1144
275 1145
275 1146
275 1147
275 1148
276 1149
276 1150
276 1151
276 1152
276 1153
276 1154
277 1155
277 1156
277 1157
277 1158
277 1159
277 1160
277 1161
278 1162
278 1163
278 1164
278 1165
278 1166
278 1167
279 1168
279 1169
279 1170
279 1171
279 1172
279 1173
279 1174
280 0
280 1
280 2
280 3
280 1175
280 1176
280 1177
280 1178
280 1179
280 1180
280 1181
280 1182
281 1183
281 1184
281 1185
281 1186
281 1187
281 1188
282 0
282 1
282 2
282 3
282 1189
282 1190
282 1191
282 1192
282 1193
282 1194
282 1195
283 1196
283 1197
283 1198
283 1199
283 1200
283 1201
284 1202
284 1203
284 1204
284 1205
284 1206
284 1207
284 1208
285 1209
285 1210
285 1211
285 1212
285 1213
285 1214
285 1215
285 1216
286 1217
286 1218
286 1219
286 1220
286 1221
286 1222
287 1223
287 1224
287 1225
288 1226
289 1226
289 1243
290 1226
290 1242
290 1244
290 1245
290 1246
290 1247
290 1248
290 1249
290 1250
290 1251
290 1252
291 1227
291 1241
291 1253
291 1254
291 1255
291 1256
291 1257
291 1258
291 1259
292 1227
292 1241
292 1260
292 1261
292 1262
292 1263
292 1264
292 1265
292 1266
293 1227
293 1242
293 1267
293 1268
293 1269
293 1270
293 1271
293 1272
293 1273
293 1274
294 1227
294 1242
294 1275
294 1276
294 1277
294 1278
294 1279
295 1227
295 1242
296 1227
296 1242
297 1227
297 1242
298 1227
298 1242
299 1227
299 1242
300 1227
300 1242
301 1228
301 1242
302 1228
302 1242
303 1228
303 1243
304 1228
304 1243
305 1228
305 1243
306 1228
306 1243
307 1228
307 1243
308 1228
308 1243
309 1228
309 1243
310 1229
310 1243
311 1229
311 1243
312 1229
312 1244
313 1226
313 1227
313 1228
313 1229
313 1244
314 1229
314 1244
315 1230
315 1231
315 1232
315 1244
316 1233
316 1234
316 1235
316 1236
316 1237
316 1238
316 1239
316 1245
317 1240
317 1241
317 1242
317 1243
317 1244
317 1245
323 1278
323 1279
