0 579
0 686
0 1217
0 1269
1 579
1 686
1 1217
1 1269
1 1278
1 1279
2 579
2 686
2 1217
2 1269
3 580
3 685
3 1217
3 1269
4 580
4 684
4 685
4 1216
4 1268
5 580
5 684
5 1216
5 1268
6 580
6 683
6 1216
6 1268
7 580
7 682
7 683
7 1216
7 1268
8 581
8 681
8 682
8 1216
8 1268
9 581
9 582
9 681
9 1216
9 1268
10 582
10 680
10 1216
10 1267
11 582
11 680
11 1216
11 1267
12 582
12 680
12 1215
12 1267
13 582
13 680
13 1215
13 1267
14 565
14 566
14 567
14 581
14 680
14 1215
14 1267
15 563
15 564
15 568
15 569
15 570
15 571
15 572
15 581
15 679
15 1215
15 1267
16 562
16 573
16 574
16 575
16 580
16 581
16 679
16 1215
16 1267
17 562
17 576
17 577
17 578
17 579
17 679
17 1215
17 1266
18 562
18 563
18 679
18 1215
18 1266
19 563
19 679
19 1214
19 1266
20 563
20 679
20 1214
20 1266
21 564
21 679
21 1214
21 1266
22 564
22 679
22 1214
22 1266
23 564
23 679
23 990
23 1214
23 1265
24 565
24 678
24 990
24 1214
24 1265
25 565
25 679
25 990
25 1214
25 1265
26 565
26 679
26 990
26 1214
26 1265
27 565
27 680
27 990
27 1213
27 1265
28 565
28 680
28 990
28 1213
28 1265
29 565
29 680
29 990
29 1213
29 1265
30 565
30 679
30 990
30 1213
30 1264
31 565
31 678
31 679
31 990
31 1213
31 1264
32 565
32 676
32 677
32 990
32 1213
32 1264
33 565
33 676
33 991
33 1213
33 1264
34 565
34 674
34 675
34 991
34 1213
34 1264
35 565
35 672
35 673
35 991
35 1213
35 1264
36 564
36 565
36 586
36 587
36 588
36 589
36 670
36 671
36 991
36 1213
36 1263
37 564
37 584
37 585
37 589
37 590
37 669
37 670
37 944
37 991
37 1213
37 1263
38 563
38 583
38 590
38 591
38 667
38 668
38 944
38 991
38 1213
38 1263
39 556
39 563
39 570
39 571
39 572
39 573
39 574
39 575
39 576
39 577
39 578
39 579
39 580
39 591
39 592
39 666
39 667
39 944
39 991
39 1213
39 1263
40 554
40 555
40 557
40 558
40 559
40 560
40 561
40 562
40 568
40 569
40 581
40 592
40 665
40 666
40 943
40 991
40 1213
40 1263
41 553
41 554
41 566
41 567
41 592
41 664
41 665
41 943
41 991
41 1213
41 1263
42 552
42 566
42 592
42 664
42 943
42 991
42 1213
42 1263
43 550
43 551
43 563
43 564
43 565
43 592
43 662
43 663
43 943
43 991
43 1213
43 1262
44 549
44 561
44 562
44 592
44 659
44 660
44 661
44 942
44 991
44 1213
44 1262
45 548
45 558
45 559
45 560
45 592
45 657
45 658
45 942
45 991
45 1213
45 1262
46 539
46 540
46 541
46 542
46 543
46 544
46 545
46 546
46 547
46 548
46 556
46 557
46 592
46 655
46 656
46 942
46 991
46 1213
46 1262
47 535
47 536
47 537
47 538
47 555
47 556
47 591
47 595
47 596
47 597
47 598
47 599
47 655
47 942
47 991
47 1213
47 1262
48 534
48 554
48 555
48 594
48 600
48 601
48 654
48 941
48 991
48 1213
48 1262
49 535
49 536
49 537
49 538
49 552
49 553
49 589
49 592
49 601
49 654
49 941
49 991
49 1213
49 1261
50 539
50 540
50 541
50 551
50 552
50 589
50 591
50 601
50 654
50 941
50 991
50 1213
50 1261
51 542
51 543
51 544
51 549
51 550
51 602
51 654
51 941
51 991
51 1213
51 1261
52 545
52 546
52 547
52 548
52 549
52 602
52 603
52 604
52 605
52 606
52 607
52 608
52 652
52 653
52 940
52 991
52 1213
52 1261
53 609
53 610
53 611
53 651
53 652
53 940
53 992
53 1213
54 612
54 651
54 940
54 974
54 992
54 1213
55 612
55 650
55 940
55 974
55 992
55 1213
56 613
56 648
56 649
56 940
56 974
56 992
56 1213
57 613
57 647
57 939
57 974
57 992
57 1213
58 613
58 646
58 939
58 974
58 992
58 1213
59 613
59 647
59 939
59 974
59 992
59 1213
60 612
60 613
60 647
60 939
60 974
60 992
60 1213
61 612
61 647
61 938
61 974
61 992
61 1213
62 612
62 646
62 647
62 938
62 974
62 992
62 1213
63 612
63 645
63 646
63 938
63 974
63 992
63 1212
64 612
64 644
64 645
64 938
64 974
64 992
64 1212
65 611
65 644
65 937
65 975
65 992
65 1212
66 611
66 643
66 937
66 975
66 992
66 1212
67 610
67 643
67 937
67 975
67 992
67 1212
68 610
68 643
68 937
68 975
68 992
68 1212
69 606
69 607
69 608
69 609
69 643
69 936
69 975
69 992
69 1212
70 604
70 605
70 643
70 936
70 975
70 992
70 1211
71 604
71 643
71 936
71 975
71 992
71 1211
72 603
72 643
72 936
72 975
72 993
72 1211
73 603
73 643
73 935
73 975
73 993
73 1211
74 603
74 644
74 927
74 935
74 975
74 993
74 1211
75 603
75 644
75 927
75 935
75 975
75 993
75 1211
76 604
76 644
76 926
76 935
76 975
76 993
76 1211
77 604
77 644
77 926
77 934
77 975
77 993
77 1210
78 605
78 606
78 607
78 608
78 644
78 651
78 926
78 934
78 975
78 993
78 1210
79 609
79 610
79 644
79 649
79 650
79 652
79 926
79 934
79 975
79 993
79 1210
80 610
80 611
80 644
80 645
80 647
80 648
80 652
80 913
80 925
80 934
80 975
80 993
80 1210
81 612
81 613
81 645
81 646
81 647
81 652
81 913
81 925
81 934
81 975
81 993
81 1210
82 613
82 652
82 903
82 914
82 925
82 934
82 975
82 993
82 1210
83 614
83 652
83 903
83 914
83 925
83 934
83 975
83 993
83 1210
84 614
84 652
84 903
84 914
84 925
84 934
84 975
84 993
84 1209
85 614
85 652
85 903
85 914
85 924
85 934
85 975
85 993
85 1209
86 614
86 653
86 903
86 915
86 924
86 934
86 975
86 993
86 1209
87 614
87 653
87 903
87 915
87 924
87 934
87 976
87 993
87 1209
88 614
88 654
88 903
88 915
88 924
88 933
88 976
88 993
88 1209
89 614
89 654
89 903
89 915
89 923
89 933
89 976
89 993
89 1209
90 614
90 655
90 903
90 916
90 923
90 932
90 976
90 993
90 1209
91 613
91 646
91 647
91 648
91 649
91 650
91 651
91 652
91 653
91 903
91 916
91 922
91 932
91 976
91 994
91 1209
92 613
92 644
92 645
92 903
92 916
92 922
92 931
92 976
92 994
92 1209
93 612
93 644
93 904
93 917
93 921
93 931
93 976
93 994
93 1209
94 612
94 643
94 904
94 917
94 920
94 930
94 976
94 994
94 1209
95 612
95 642
95 643
95 904
95 917
95 920
95 930
95 976
95 994
95 1208
96 611
96 642
96 904
96 917
96 919
96 930
96 976
96 994
96 1208
97 612
97 641
97 904
97 918
97 919
97 929
97 976
97 994
97 1208
98 612
98 613
98 640
98 904
98 918
98 929
98 976
98 994
98 1208
98 1254
99 614
99 639
99 904
99 928
99 976
99 994
99 1208
99 1254
100 614
100 639
100 904
100 928
100 976
100 994
100 1208
100 1254
101 614
101 638
101 904
101 927
101 976
101 994
101 1208
101 1254
102 434
102 614
102 638
102 904
102 927
102 976
102 994
102 1208
102 1254
103 434
103 614
103 637
103 904
103 926
103 976
103 994
103 1208
103 1254
104 434
104 614
104 635
104 636
104 637
104 926
104 976
104 994
104 1208
104 1254
105 434
105 612
105 613
105 614
105 634
105 926
105 976
105 994
105 1208
105 1254
106 433
106 612
106 633
106 925
106 976
106 994
106 1208
106 1254
107 433
107 612
107 613
107 614
107 633
107 925
107 976
107 994
107 1208
107 1254
108 433
108 615
108 616
108 617
108 618
108 619
108 620
108 621
108 622
108 623
108 633
108 924
108 977
108 994
108 1208
108 1254
109 433
109 624
109 633
109 924
109 977
109 994
109 1208
109 1254
110 433
110 625
110 633
110 923
110 977
110 994
110 1207
110 1254
111 433
111 625
111 626
111 633
111 904
111 923
111 977
111 995
111 1207
111 1254
112 432
112 626
112 627
112 633
112 904
112 923
112 977
112 995
112 1207
112 1254
113 432
113 627
113 632
113 904
113 922
113 977
113 995
113 1207
113 1254
114 432
114 627
114 631
114 904
114 922
114 977
114 995
114 1207
114 1254
115 432
115 626
115 631
115 904
115 921
115 977
115 995
115 1207
115 1254
116 432
116 626
116 631
116 904
116 921
116 977
116 995
116 1207
116 1254
117 432
117 627
117 631
117 904
117 920
117 977
117 995
117 1207
117 1254
118 431
118 618
118 619
118 627
118 632
118 904
118 920
118 977
118 995
118 1207
118 1254
119 431
119 618
119 621
119 627
119 632
119 904
119 919
119 977
119 995
119 1207
120 431
120 618
120 622
120 627
120 633
120 905
120 919
120 977
120 995
120 1207
121 431
121 447
121 620
121 623
121 624
121 626
121 627
121 634
121 635
121 905
121 919
121 977
121 995
121 1207
122 447
122 621
122 625
122 626
122 635
122 905
122 919
122 977
122 995
122 1207
123 447
123 623
123 635
123 905
123 919
123 977
123 995
123 1207
124 447
124 624
124 635
124 905
124 919
124 977
124 995
124 1207
125 447
125 625
125 635
125 905
125 919
125 977
125 995
125 1207
126 447
126 625
126 634
126 635
126 905
126 919
126 977
126 995
126 1206
127 447
127 626
127 634
127 905
127 919
127 977
127 995
127 1206
128 447
128 626
128 633
128 919
128 977
128 995
128 1206
129 421
129 447
129 516
129 517
129 518
129 519
129 520
129 521
129 522
129 523
129 524
129 525
129 626
129 633
129 919
129 977
129 995
129 1206
130 308
130 309
130 310
130 311
130 312
130 313
130 314
130 315
130 316
130 317
130 318
130 319
130 320
130 321
130 322
130 421
130 447
130 493
130 494
130 495
130 496
130 497
130 498
130 499
130 500
130 501
130 502
130 503
130 504
130 505
130 506
130 507
130 508
130 509
130 510
130 511
130 512
130 513
130 514
130 515
130 526
130 527
130 625
130 626
130 631
130 632
130 633
130 905
130 919
130 978
130 996
130 1206
131 290
131 291
131 292
131 293
131 294
131 295
131 296
131 297
131 298
131 299
131 300
131 301
131 302
131 303
131 304
131 305
131 306
131 307
131 323
131 324
131 421
131 447
131 471
131 472
131 473
131 474
131 475
131 476
131 477
131 478
131 479
131 480
131 481
131 482
131 483
131 484
131 485
131 486
131 487
131 488
131 489
131 490
131 491
131 492
131 528
131 529
131 530
131 625
131 629
131 630
131 905
131 919
131 978
131 996
131 1206
132 288
132 289
132 324
132 325
132 421
132 449
132 450
132 451
132 452
132 453
132 454
132 455
132 456
132 457
132 458
132 459
132 460
132 461
132 462
132 463
132 464
132 465
132 466
132 467
132 468
132 469
132 470
132 531
132 532
132 624
132 627
132 628
132 905
132 919
132 978
132 996
132 1206
133 288
133 325
133 421
133 435
133 436
133 437
133 438
133 439
133 440
133 441
133 442
133 443
133 444
133 445
133 446
133 447
133 448
133 533
133 534
133 535
133 613
133 614
133 615
133 623
133 626
133 905
133 919
133 978
133 996
133 1206
134 287
134 325
134 421
134 433
134 434
134 536
134 537
134 538
134 613
134 616
134 617
134 623
134 625
134 905
134 919
134 978
134 996
134 1206
135 288
135 324
135 421
135 433
135 539
135 540
135 613
135 617
135 618
135 622
135 623
135 905
135 920
135 978
135 996
135 1206
136 288
136 324
136 421
136 432
136 541
136 542
136 543
136 614
136 618
136 619
136 620
136 621
136 624
136 905
136 920
136 978
136 996
136 1206
137 289
137 323
137 421
137 432
137 544
137 545
137 614
137 624
137 905
137 920
137 978
137 996
137 1206
138 289
138 323
138 421
138 431
138 546
138 547
138 614
138 624
138 905
138 920
138 978
138 996
138 1206
139 290
139 322
139 421
139 431
139 548
139 614
139 625
139 905
139 920
139 978
139 996
139 1206
140 290
140 321
140 322
140 421
140 430
140 549
140 614
140 625
140 905
140 920
140 978
140 996
140 1206
141 291
141 321
141 421
141 430
141 549
141 614
141 625
141 905
141 920
141 978
141 996
141 1206
142 291
142 320
142 421
142 429
142 549
142 613
142 625
142 905
142 920
142 978
142 996
142 1205
143 292
143 320
143 421
143 429
143 549
143 612
143 613
143 625
143 905
143 920
143 978
143 996
143 1205
144 292
144 319
144 420
144 429
144 549
144 611
144 612
144 625
144 905
144 920
144 978
144 996
144 1205
145 293
145 318
145 319
145 420
145 429
145 549
145 609
145 610
145 625
145 905
145 920
145 978
145 996
145 1205
146 293
146 318
146 420
146 429
146 549
146 609
146 626
146 905
146 920
146 978
146 996
146 1205
147 294
147 317
147 420
147 429
147 549
147 610
147 611
147 626
147 905
147 920
147 978
147 996
147 1205
148 294
148 317
148 420
148 429
148 549
148 611
148 626
148 905
148 920
148 978
148 996
148 1205
149 295
149 316
149 420
149 429
149 549
149 611
149 626
149 905
149 920
149 921
149 922
149 923
149 924
149 978
149 997
149 1205
150 295
150 297
150 316
150 420
150 429
150 549
150 611
150 626
150 905
150 925
150 926
150 927
150 928
150 978
150 997
150 1205
151 295
151 296
151 297
151 315
151 420
151 429
151 549
151 612
151 626
151 905
151 928
151 979
151 997
151 1205
152 296
152 314
152 315
152 420
152 429
152 549
152 612
152 626
152 905
152 925
152 926
152 927
152 928
152 979
152 997
152 1205
153 296
153 314
153 420
153 429
153 549
153 612
153 627
153 905
153 921
153 922
153 923
153 924
153 979
153 997
153 1205
154 296
154 313
154 420
154 429
154 549
154 613
154 627
154 905
154 921
154 979
154 997
154 1205
155 296
155 313
155 420
155 429
155 549
155 613
155 627
155 905
155 921
155 979
155 997
155 1205
156 296
156 312
156 420
156 429
156 549
156 614
156 627
156 905
156 921
156 979
156 997
156 1205
157 296
157 311
157 312
157 420
157 429
157 549
157 614
157 626
157 627
157 838
157 839
157 840
157 905
157 921
157 979
157 997
157 1205
158 296
158 311
158 420
158 429
158 549
158 615
158 619
158 620
158 621
158 622
158 623
158 624
158 625
158 837
158 841
158 905
158 921
158 979
158 997
158 1204
159 296
159 310
159 421
159 422
159 423
159 424
159 425
159 429
159 549
159 616
159 617
159 618
159 836
159 841
159 905
159 921
159 979
159 997
159 1204
160 296
160 310
160 419
160 420
160 426
160 549
160 836
160 841
160 905
160 921
160 979
160 997
160 1204
161 296
161 309
161 418
161 419
161 426
161 550
161 836
161 841
161 905
161 921
161 979
161 997
161 1204
162 296
162 301
162 309
162 418
162 426
162 550
162 836
162 841
162 905
162 921
162 979
162 997
162 1204
163 296
163 302
163 308
163 417
163 427
163 550
163 836
163 841
163 905
163 921
163 979
163 997
163 1204
164 296
164 302
164 303
164 304
164 305
164 306
164 307
164 308
164 417
164 427
164 429
164 550
164 836
164 841
164 905
164 921
164 979
164 997
164 1204
165 296
165 301
165 417
165 427
165 429
165 550
165 837
165 842
165 905
165 921
165 979
165 997
165 1204
166 296
166 301
166 417
166 427
166 429
166 550
166 837
166 843
166 905
166 922
166 979
166 997
166 1204
167 296
167 301
167 417
167 427
167 429
167 550
167 837
167 843
167 905
167 922
167 979
167 997
167 1204
168 296
168 301
168 417
168 427
168 429
168 550
168 837
168 843
168 905
168 922
168 979
168 997
168 1204
169 296
169 301
169 417
169 427
169 429
169 550
169 837
169 843
169 905
169 922
169 979
169 998
169 1204
170 296
170 301
170 417
170 427
170 429
170 550
170 837
170 843
170 905
170 922
170 979
170 998
170 1204
171 296
171 303
171 304
171 305
171 306
171 307
171 308
171 309
171 310
171 311
171 312
171 313
171 314
171 315
171 417
171 427
171 429
171 550
171 837
171 843
171 905
171 922
171 979
171 998
171 1204
172 286
172 287
172 288
172 289
172 290
172 291
172 292
172 293
172 316
172 317
172 417
172 427
172 428
172 429
172 550
172 837
172 843
172 905
172 922
172 980
172 998
172 1204
173 285
173 317
173 318
173 417
173 550
173 837
173 843
173 905
173 922
173 980
173 998
173 1204
174 284
174 318
174 417
174 550
174 837
174 843
174 905
174 922
174 980
174 998
174 1204
175 284
175 318
175 416
175 550
175 837
175 843
175 905
175 922
175 980
175 998
175 1203
176 284
176 318
176 416
176 550
176 837
176 843
176 905
176 922
176 980
176 998
176 1203
177 284
177 318
177 416
177 550
177 837
177 843
177 905
177 922
177 923
177 924
177 925
177 926
177 980
177 998
177 1203
178 284
178 318
178 416
178 550
178 837
178 843
178 905
178 926
178 980
178 998
178 1203
179 284
179 318
179 416
179 550
179 837
179 843
179 905
179 926
179 980
179 998
179 1203
180 284
180 318
180 416
180 550
180 837
180 843
180 905
180 926
180 980
180 998
180 1203
181 284
181 318
181 416
181 550
181 838
181 844
181 905
181 926
181 980
181 998
181 1203
182 283
182 318
182 416
182 550
182 838
182 844
182 905
182 980
182 998
182 1203
183 283
183 318
183 416
183 550
183 613
183 614
183 615
183 623
183 624
183 634
183 838
183 844
183 905
183 980
183 998
183 1203
184 283
184 318
184 417
184 550
184 611
184 612
184 616
184 617
184 618
184 621
184 622
184 625
184 626
184 633
184 635
184 838
184 844
184 905
184 980
184 998
184 1203
185 283
185 318
185 417
185 550
185 611
185 632
185 635
185 838
185 844
185 905
185 980
185 998
185 1203
186 283
186 318
186 418
186 550
186 604
186 632
186 635
186 838
186 844
186 980
186 998
186 1203
187 283
187 318
187 418
187 550
187 602
187 635
187 639
187 640
187 838
187 844
187 980
187 998
187 1203
188 284
188 296
188 301
188 318
188 419
188 550
188 602
188 635
188 638
188 641
188 838
188 844
188 980
188 999
188 1203
189 284
189 285
189 296
189 301
189 317
189 318
189 418
189 419
189 420
189 550
189 581
189 582
189 641
189 838
189 844
189 980
189 999
189 1203
190 285
190 286
190 287
190 288
190 289
190 290
190 291
190 292
190 293
190 294
190 295
190 296
190 302
190 303
190 304
190 305
190 306
190 307
190 308
190 309
190 310
190 311
190 312
190 313
190 314
190 315
190 316
190 317
190 418
190 421
190 422
190 550
190 580
190 637
190 641
190 838
190 844
190 980
190 999
190 1203
191 418
191 423
191 424
191 550
191 579
191 583
191 602
191 603
191 604
191 838
191 844
191 980
191 999
191 1203
192 296
192 301
192 418
192 424
192 550
192 579
192 657
192 658
192 838
192 844
192 980
192 999
192 1203
193 296
193 301
193 418
193 425
193 550
193 579
193 656
193 659
193 838
193 845
193 961
193 962
193 980
193 999
193 1203
194 296
194 301
194 418
194 425
194 426
194 578
194 579
194 580
194 659
194 838
194 845
194 960
194 981
194 999
194 1203
195 296
195 301
195 418
195 426
195 550
195 580
195 583
195 654
195 655
195 839
195 845
195 960
195 962
195 981
195 999
195 1203
196 296
196 301
196 418
196 426
196 550
196 583
196 655
196 839
196 845
196 981
196 999
196 1203
197 296
197 301
197 418
197 426
197 550
197 655
197 659
197 839
197 845
197 981
197 999
197 1203
198 296
198 301
198 418
198 425
198 550
198 655
198 659
198 839
198 845
198 981
198 1203
199 296
199 301
199 418
199 425
199 550
199 655
199 659
199 839
199 845
199 981
199 1203
200 296
200 301
200 418
200 425
200 655
200 659
200 839
200 845
200 981
200 1203
201 296
201 301
201 425
201 655
201 659
201 839
201 845
201 981
201 1202
202 296
202 301
202 424
202 655
202 659
202 839
202 845
202 981
202 1202
203 296
203 301
203 424
203 655
203 660
203 839
203 845
203 981
203 1202
204 296
204 301
204 424
204 655
204 660
204 981
204 1202
205 296
205 301
205 424
205 551
205 655
205 660
205 1202
206 296
206 301
206 424
206 551
206 655
206 660
206 1202
207 296
207 301
207 424
207 551
207 1202
208 296
208 301
208 424
208 551
208 1202
209 296
209 301
209 424
209 551
209 1202
210 296
210 301
210 423
210 551
210 711
210 712
210 713
210 1202
211 296
211 301
211 423
211 551
211 709
211 710
211 714
211 1202
212 296
212 301
212 423
212 551
212 708
212 709
212 714
212 1202
213 296
213 301
213 423
213 551
213 707
213 714
213 1202
214 296
214 301
214 423
214 551
214 706
214 714
214 1202
215 296
215 301
215 423
215 551
215 706
215 714
215 1202
216 296
216 301
216 423
216 551
216 706
216 714
216 857
216 1202
217 296
217 301
217 423
217 551
217 705
217 714
217 1202
218 296
218 301
218 384
218 385
218 386
218 387
218 388
218 422
218 423
218 551
218 705
218 714
218 1202
219 296
219 301
219 383
219 389
219 551
219 705
219 714
219 1202
220 296
220 301
220 382
220 389
220 423
220 551
220 705
220 714
221 296
221 301
221 382
221 389
221 423
221 705
221 714
222 296
222 301
222 382
222 389
222 423
222 705
222 714
223 296
223 301
223 382
223 389
223 423
223 705
223 715
224 296
224 301
224 382
224 389
224 423
224 705
224 715
225 296
225 301
225 382
225 423
225 705
225 715
226 296
226 301
226 380
226 381
226 382
226 423
226 706
226 715
227 296
227 301
227 382
227 389
227 424
227 706
227 715
228 296
228 301
228 382
228 389
228 424
228 706
228 715
228 1278
228 1279
229 296
229 301
229 382
229 389
229 424
229 706
229 715
230 296
230 301
230 382
230 389
230 425
230 706
230 715
231 296
231 301
231 382
231 389
231 425
231 706
231 715
232 296
232 301
232 382
232 389
232 706
232 715
233 296
233 301
233 382
233 389
233 706
233 715
234 296
234 301
234 382
234 389
234 706
234 715
235 296
235 382
235 389
235 706
235 715
236 296
236 301
236 382
236 389
236 706
236 715
237 296
237 301
237 382
237 389
237 706
237 715
238 296
238 301
238 382
238 389
238 706
238 715
239 296
239 301
239 382
239 389
239 706
239 715
240 296
240 301
240 382
240 389
240 706
240 715
241 296
241 301
241 382
241 390
241 706
241 715
242 296
242 301
242 382
242 390
242 706
242 715
243 296
243 382
243 390
243 706
243 715
244 296
244 382
244 390
244 706
244 715
245 301
245 382
245 390
245 706
245 716
246 295
246 296
246 301
246 382
246 390
247 296
247 301
247 382
247 390
248 296
248 301
248 382
248 390
249 296
249 301
249 382
249 390
250 296
250 301
250 382
251 296
251 301
252 296
252 301
253 296
253 301
253 1278
253 1279
254 296
254 301
255 296
255 301
256 296
256 301
257 296
257 301
257 716
258 296
258 301
258 714
258 715
258 716
259 296
259 301
259 709
259 710
259 711
259 712
259 713
260 296
260 301
261 296
261 301
262 296
262 301
263 296
263 301
264 296
264 301
265 296
382 1085
382 1086
382 1087
382 1088
382 1089
382 1090
383 1091
