0 420
0 513
0 685
0 822
0 872
0 1146
0 1195
0 1233
1 151
1 152
1 153
1 421
1 513
1 685
1 822
1 872
1 1146
1 1195
1 1233
2 150
2 154
2 421
2 513
2 685
2 822
2 872
2 1146
2 1196
2 1232
2 1233
3 149
3 154
3 422
3 512
3 684
3 822
3 872
3 1146
3 1196
3 1231
3 1232
4 149
4 154
4 511
4 512
4 684
4 821
4 872
4 1146
4 1197
4 1231
5 149
5 154
5 419
5 420
5 511
5 683
5 821
5 833
5 834
5 835
5 872
5 1146
5 1155
5 1159
5 1160
5 1161
5 1197
5 1231
6 149
6 154
6 419
6 510
6 682
6 685
6 686
6 822
6 831
6 832
6 836
6 872
6 1146
6 1153
6 1154
6 1156
6 1157
6 1158
6 1161
6 1162
6 1197
6 1230
6 1231
7 149
7 154
7 419
7 510
7 682
7 684
7 687
7 688
7 822
7 823
7 827
7 828
7 829
7 830
7 836
7 872
7 1146
7 1151
7 1152
7 1163
7 1164
7 1197
7 1228
7 1229
8 149
8 154
8 419
8 509
8 688
8 824
8 825
8 826
8 836
8 872
8 1147
8 1149
8 1150
8 1164
8 1197
8 1227
8 1228
9 149
9 154
9 420
9 509
9 689
9 836
9 872
9 1147
9 1164
9 1197
9 1225
9 1226
9 1232
9 1233
10 149
10 154
10 420
10 508
10 689
10 835
10 836
10 872
10 1147
10 1164
10 1196
10 1224
10 1225
10 1231
11 149
11 154
11 420
11 508
11 689
11 833
11 834
11 872
11 1147
11 1163
11 1196
11 1223
11 1224
11 1230
11 1231
11 1233
12 149
12 154
12 420
12 508
12 688
12 689
12 832
12 872
12 1147
12 1163
12 1196
12 1222
12 1223
12 1229
12 1230
12 1233
13 149
13 154
13 420
13 507
13 687
13 691
13 692
13 693
13 831
13 872
13 1147
13 1163
13 1197
13 1222
13 1227
13 1228
13 1233
14 149
14 154
14 420
14 507
14 687
14 690
14 694
14 695
14 832
14 833
14 872
14 1147
14 1162
14 1182
14 1197
14 1223
14 1224
14 1225
14 1226
14 1234
14 1235
14 1236
14 1237
14 1238
14 1239
15 149
15 154
15 420
15 507
15 696
15 697
15 834
15 835
15 872
15 1147
15 1162
15 1177
15 1178
15 1179
15 1180
15 1181
15 1183
15 1197
15 1240
16 149
16 154
16 419
16 507
16 698
16 699
16 835
16 848
16 849
16 850
16 872
16 1147
16 1161
16 1176
16 1183
16 1198
16 1240
17 149
17 155
17 419
17 422
17 506
17 699
17 835
17 848
17 851
17 852
17 872
17 1147
17 1158
17 1159
17 1160
17 1175
17 1183
17 1198
17 1240
18 149
18 155
18 418
18 421
18 423
18 424
18 506
18 698
18 699
18 835
18 847
18 853
18 854
18 872
18 1147
18 1155
18 1156
18 1157
18 1175
18 1183
18 1198
18 1240
18 1241
19 149
19 155
19 418
19 420
19 425
19 506
19 696
19 697
19 835
19 847
19 854
19 855
19 872
19 1147
19 1155
19 1175
19 1183
19 1198
19 1268
19 1269
20 149
20 155
20 418
20 420
20 425
20 505
20 696
20 835
20 846
20 847
20 872
20 1147
20 1155
20 1156
20 1175
20 1184
20 1198
20 1238
20 1239
20 1240
20 1241
20 1266
20 1267
21 149
21 155
21 425
21 504
21 695
21 835
21 845
21 846
21 854
21 872
21 1147
21 1156
21 1157
21 1175
21 1184
21 1185
21 1199
21 1238
21 1265
21 1266
21 1269
22 149
22 155
22 425
22 505
22 506
22 507
22 695
22 834
22 844
22 853
22 872
22 1147
22 1158
22 1159
22 1175
22 1186
22 1187
22 1199
22 1237
22 1253
22 1254
22 1255
22 1256
22 1261
22 1262
22 1263
22 1264
22 1268
23 150
23 155
23 426
23 508
23 509
23 510
23 511
23 694
23 834
23 843
23 853
23 872
23 1147
23 1159
23 1160
23 1161
23 1162
23 1163
23 1164
23 1165
23 1166
23 1167
23 1168
23 1169
23 1170
23 1171
23 1172
23 1173
23 1174
23 1175
23 1187
23 1188
23 1189
23 1199
23 1237
23 1252
23 1253
23 1257
23 1258
23 1259
23 1260
23 1269
24 150
24 155
24 426
24 512
24 513
24 514
24 515
24 516
24 694
24 834
24 843
24 852
24 872
24 1147
24 1190
24 1191
24 1192
24 1193
24 1199
24 1236
24 1250
24 1251
24 1269
24 1270
25 150
25 155
25 426
25 517
25 518
25 693
25 835
25 843
25 852
25 872
25 1148
25 1194
25 1195
25 1196
25 1197
25 1198
25 1199
25 1236
25 1249
25 1250
25 1271
25 1272
26 150
26 155
26 426
26 519
26 693
26 835
26 836
26 843
26 853
26 872
26 1148
26 1236
26 1249
26 1272
26 1273
26 1274
26 1275
26 1276
26 1277
27 150
27 155
27 426
27 428
27 429
27 430
27 519
27 692
27 836
27 838
27 839
27 840
27 841
27 843
27 853
27 872
27 1148
27 1236
27 1248
27 1277
28 150
28 155
28 430
28 431
28 519
28 692
28 837
28 844
28 853
28 860
28 861
28 872
28 1148
28 1237
28 1248
28 1277
28 1279
29 150
29 155
29 431
29 432
29 443
29 444
29 445
29 446
29 447
29 519
29 692
29 836
29 844
29 853
29 859
29 867
29 868
29 869
29 870
29 871
29 872
29 1148
29 1237
29 1247
29 1248
30 150
30 155
30 433
30 434
30 440
30 441
30 442
30 447
30 448
30 519
30 692
30 693
30 836
30 844
30 854
30 858
30 859
30 862
30 865
30 866
30 872
30 1148
30 1238
30 1245
30 1246
31 150
31 155
31 434
31 435
31 436
31 437
31 438
31 439
31 448
31 449
31 450
31 451
31 519
31 693
31 836
31 844
31 854
31 857
31 858
31 862
31 863
31 864
31 865
31 872
31 1148
31 1238
31 1239
31 1240
31 1241
31 1242
31 1243
31 1244
32 150
32 155
32 452
32 453
32 519
32 694
32 836
32 844
32 855
32 856
32 857
32 872
32 1148
33 150
33 155
33 454
33 455
33 519
33 694
33 836
33 844
33 870
33 872
33 1148
34 150
34 155
34 456
34 457
34 519
34 694
34 836
34 844
34 868
34 869
34 872
34 1148
35 150
35 155
35 457
35 519
35 694
35 836
35 844
35 867
35 872
35 1148
36 150
36 155
36 457
36 519
36 694
36 836
36 844
36 866
36 872
36 1148
37 150
37 155
37 458
37 519
37 694
37 836
37 844
37 866
37 872
37 1148
38 150
38 155
38 458
38 459
38 519
38 695
38 836
38 844
38 865
38 872
38 1148
39 150
39 155
39 459
39 460
39 518
39 695
39 836
39 844
39 865
39 872
39 1148
40 150
40 155
40 461
40 462
40 518
40 696
40 836
40 844
40 865
40 872
40 1148
41 150
41 155
41 463
41 464
41 517
41 696
41 697
41 836
41 844
41 865
41 872
41 1148
42 150
42 155
42 465
42 517
42 697
42 836
42 844
42 865
42 872
42 1148
43 150
43 155
43 466
43 516
43 698
43 836
43 844
43 865
43 872
43 1149
44 150
44 155
44 467
44 468
44 484
44 485
44 486
44 487
44 516
44 698
44 836
44 844
44 865
44 872
44 1149
45 150
45 155
45 469
45 470
45 471
45 482
45 483
45 488
45 489
45 514
45 515
45 694
45 698
45 836
45 844
45 865
45 872
45 1149
46 150
46 155
46 472
46 473
46 480
46 481
46 489
46 490
46 512
46 513
46 692
46 693
46 695
46 696
46 697
46 698
46 836
46 844
46 864
46 872
46 1149
47 150
47 155
47 474
47 475
47 476
47 477
47 478
47 479
47 490
47 510
47 511
47 692
47 836
47 844
47 864
47 872
47 1149
48 150
48 156
48 490
48 510
48 691
48 836
48 844
48 864
48 873
48 1149
49 150
49 156
49 490
49 510
49 692
49 695
49 696
49 836
49 844
49 864
49 873
49 1149
50 150
50 156
50 490
50 510
50 692
50 693
50 694
50 697
50 836
50 844
50 865
50 873
50 1149
51 150
51 156
51 490
51 511
51 697
51 836
51 844
51 866
51 867
51 873
51 1149
52 150
52 156
52 489
52 511
52 697
52 836
52 844
52 868
52 869
52 870
52 873
52 1149
53 150
53 156
53 488
53 511
53 697
53 836
53 844
53 871
53 873
53 1149
54 150
54 156
54 488
54 512
54 697
54 836
54 844
54 871
54 873
54 1149
55 150
55 156
55 488
55 512
55 697
55 836
55 844
55 871
55 873
55 1149
56 150
56 156
56 489
56 513
56 697
56 836
56 844
56 870
56 871
56 873
56 1149
57 150
57 156
57 489
57 513
57 697
57 836
57 844
57 870
57 873
57 1149
58 150
58 156
58 490
58 514
58 697
58 836
58 844
58 869
58 873
58 1149
59 150
59 156
59 490
59 514
59 697
59 836
59 844
59 869
59 873
59 1149
60 150
60 156
60 491
60 514
60 696
60 697
60 836
60 844
60 869
60 873
60 1150
60 1277
60 1278
60 1279
61 150
61 156
61 491
61 492
61 514
61 695
61 696
61 784
61 785
61 786
61 787
61 788
61 836
61 844
61 869
61 873
61 1150
61 1270
61 1271
61 1272
61 1273
61 1274
61 1275
61 1276
62 150
62 156
62 492
62 493
62 514
62 695
62 783
62 789
62 790
62 793
62 794
62 795
62 796
62 797
62 798
62 799
62 800
62 801
62 802
62 803
62 804
62 836
62 844
62 869
62 873
62 1150
62 1263
62 1264
62 1265
62 1266
62 1267
62 1268
62 1269
63 150
63 156
63 494
63 495
63 513
63 694
63 782
63 791
63 792
63 805
63 806
63 807
63 808
63 809
63 810
63 811
63 812
63 813
63 814
63 815
63 816
63 817
63 818
63 819
63 836
63 844
63 868
63 873
63 1150
63 1256
63 1257
63 1258
63 1259
63 1260
63 1261
63 1262
64 150
64 156
64 495
64 496
64 513
64 695
64 782
64 791
64 820
64 836
64 844
64 868
64 873
64 1150
64 1250
64 1251
64 1252
64 1253
64 1254
64 1255
65 150
65 156
65 496
65 497
65 512
65 695
65 783
65 792
65 793
65 794
65 795
65 796
65 821
65 836
65 844
65 868
65 873
65 1150
65 1242
65 1243
65 1244
65 1245
65 1246
65 1247
65 1248
65 1249
66 150
66 156
66 498
66 512
66 695
66 783
66 784
66 790
66 791
66 792
66 797
66 798
66 799
66 800
66 801
66 802
66 803
66 804
66 805
66 806
66 807
66 808
66 809
66 810
66 811
66 821
66 836
66 844
66 868
66 873
66 1150
66 1235
66 1236
66 1237
66 1238
66 1239
66 1240
66 1241
67 150
67 156
67 498
67 511
67 695
67 784
67 785
67 786
67 787
67 788
67 789
67 812
67 813
67 814
67 815
67 816
67 817
67 821
67 836
67 844
67 868
67 873
67 1150
67 1228
67 1229
67 1230
67 1231
67 1232
67 1233
67 1234
68 151
68 156
68 498
68 511
68 696
68 818
68 821
68 836
68 844
68 868
68 873
68 1150
68 1221
68 1222
68 1223
68 1224
68 1225
68 1226
68 1227
69 151
69 156
69 497
69 510
69 696
69 818
69 821
69 836
69 844
69 869
69 870
69 871
69 872
69 873
69 1150
69 1213
69 1214
69 1215
69 1216
69 1217
69 1218
69 1219
69 1220
70 151
70 156
70 497
70 510
70 696
70 818
70 821
70 836
70 844
70 873
70 1150
70 1206
70 1207
70 1208
70 1209
70 1210
70 1211
70 1212
71 151
71 156
71 497
71 510
71 697
71 818
71 821
71 836
71 844
71 873
71 1151
71 1152
71 1153
71 1154
71 1155
71 1156
71 1200
71 1201
71 1202
71 1203
71 1204
71 1205
72 151
72 156
72 496
72 509
72 697
72 818
72 821
72 836
72 844
72 873
72 1151
72 1157
72 1158
72 1159
72 1160
72 1161
72 1193
72 1194
72 1195
72 1196
72 1197
72 1198
72 1199
73 151
73 156
73 496
73 509
73 698
73 818
73 821
73 836
73 844
73 873
73 1150
73 1162
73 1163
73 1164
73 1165
73 1186
73 1187
73 1188
73 1189
73 1190
73 1191
73 1192
74 151
74 156
74 496
74 508
74 698
74 699
74 818
74 821
74 836
74 844
74 873
74 1150
74 1166
74 1167
74 1168
74 1178
74 1179
74 1180
74 1181
74 1182
74 1183
74 1184
74 1185
75 151
75 156
75 496
75 508
75 699
75 700
75 818
75 821
75 836
75 844
75 873
75 1150
75 1169
75 1170
75 1171
75 1172
75 1173
75 1174
75 1175
75 1176
75 1177
76 151
76 156
76 496
76 507
76 700
76 818
76 821
76 836
76 844
76 873
76 1151
76 1170
77 151
77 156
77 496
77 507
77 701
77 818
77 821
77 836
77 844
77 873
77 1151
78 151
78 157
78 497
78 506
78 701
78 818
78 821
78 836
78 844
78 873
78 1151
78 1171
79 151
79 157
79 497
79 504
79 505
79 701
79 818
79 821
79 836
79 844
79 873
79 1151
79 1171
79 1172
80 151
80 157
80 498
80 504
80 702
80 818
80 821
80 836
80 845
80 873
80 1151
80 1173
80 1174
81 151
81 157
81 499
81 500
81 501
81 702
81 818
81 821
81 836
81 845
81 873
81 1151
81 1174
81 1175
81 1176
82 151
82 157
82 502
82 702
82 818
82 821
82 836
82 845
82 873
82 1151
82 1177
82 1178
82 1179
82 1180
83 151
83 157
83 702
83 818
83 821
83 836
83 845
83 873
83 1151
83 1181
83 1182
84 151
84 157
84 702
84 818
84 821
84 836
84 845
84 873
84 1151
84 1182
84 1183
85 151
85 157
85 701
85 818
85 821
85 836
85 845
85 873
85 1151
85 1183
86 151
86 157
86 701
86 818
86 821
86 836
86 845
86 873
86 1138
86 1139
86 1140
86 1141
86 1142
86 1143
86 1144
86 1145
86 1146
86 1147
86 1148
86 1149
86 1150
86 1151
86 1184
87 151
87 157
87 701
87 818
87 821
87 836
87 845
87 873
87 1110
87 1111
87 1112
87 1113
87 1114
87 1115
87 1116
87 1117
87 1118
87 1119
87 1120
87 1121
87 1122
87 1123
87 1124
87 1125
87 1126
87 1127
87 1128
87 1129
87 1130
87 1131
87 1132
87 1133
87 1134
87 1135
87 1136
87 1137
87 1185
87 1186
88 151
88 157
88 700
88 818
88 821
88 836
88 845
88 873
88 1084
88 1085
88 1086
88 1087
88 1088
88 1089
88 1090
88 1091
88 1092
88 1093
88 1094
88 1095
88 1096
88 1097
88 1098
88 1099
88 1100
88 1101
88 1102
88 1103
88 1104
88 1105
88 1106
88 1107
88 1108
88 1109
88 1186
88 1187
89 151
89 157
89 700
89 818
89 821
89 836
89 845
89 873
89 1056
89 1057
89 1058
89 1059
89 1060
89 1061
89 1062
89 1063
89 1064
89 1065
89 1066
89 1067
89 1068
89 1069
89 1070
89 1071
89 1072
89 1073
89 1074
89 1075
89 1080
89 1081
89 1082
89 1083
89 1187
89 1188
90 151
90 157
90 699
90 818
90 821
90 836
90 845
90 873
90 1028
90 1029
90 1030
90 1031
90 1032
90 1033
90 1034
90 1035
90 1036
90 1037
90 1038
90 1039
90 1040
90 1041
90 1042
90 1043
90 1044
90 1045
90 1046
90 1047
90 1048
90 1049
90 1050
90 1051
90 1052
90 1053
90 1054
90 1055
90 1076
90 1077
90 1078
90 1079
90 1188
90 1189
91 151
91 157
91 699
91 818
91 821
91 836
91 845
91 873
91 1000
91 1001
91 1002
91 1003
91 1004
91 1005
91 1006
91 1007
91 1008
91 1009
91 1010
91 1011
91 1012
91 1013
91 1014
91 1015
91 1016
91 1017
91 1018
91 1019
91 1020
91 1024
91 1025
91 1026
91 1027
91 1189
92 151
92 157
92 699
92 818
92 821
92 836
92 845
92 873
92 972
92 973
92 974
92 975
92 976
92 977
92 978
92 979
92 980
92 981
92 982
92 983
92 984
92 985
92 986
92 987
92 988
92 989
92 990
92 991
92 992
92 993
92 994
92 995
92 996
92 997
92 998
92 999
92 1021
92 1022
92 1023
92 1076
92 1189
93 151
93 157
93 699
93 818
93 821
93 836
93 845
93 873
93 946
93 947
93 948
93 949
93 950
93 951
93 952
93 953
93 954
93 955
93 956
93 957
93 958
93 959
93 960
93 961
93 962
93 963
93 964
93 965
93 966
93 967
93 968
93 969
93 970
93 971
93 1075
93 1076
93 1189
94 151
94 157
94 698
94 818
94 821
94 836
94 845
94 873
94 918
94 919
94 920
94 921
94 922
94 923
94 924
94 925
94 926
94 927
94 928
94 929
94 930
94 931
94 932
94 933
94 934
94 935
94 936
94 937
94 938
94 939
94 940
94 941
94 942
94 943
94 944
94 945
94 1023
94 1075
94 1189
95 151
95 157
95 698
95 818
95 821
95 836
95 845
95 873
95 890
95 891
95 892
95 893
95 894
95 895
95 896
95 897
95 898
95 899
95 900
95 901
95 902
95 903
95 904
95 905
95 906
95 907
95 908
95 909
95 910
95 911
95 912
95 913
95 914
95 915
95 916
95 917
95 1023
95 1074
95 1189
96 151
96 157
96 698
96 819
96 822
96 836
96 845
96 874
96 875
96 876
96 877
96 878
96 879
96 880
96 881
96 884
96 885
96 888
96 889
96 957
96 1024
96 1073
96 1074
96 1189
97 151
97 157
97 698
97 819
97 822
97 836
97 845
97 882
97 883
97 886
97 887
97 945
97 946
97 947
97 948
97 949
97 950
97 957
97 1024
97 1073
97 1189
98 151
98 157
98 698
98 819
98 822
98 836
98 845
98 882
98 886
98 916
98 917
98 951
98 952
98 953
98 954
98 955
98 956
98 1025
98 1072
98 1189
99 151
99 157
99 698
99 819
99 822
99 836
99 845
99 882
99 886
99 914
99 915
99 916
99 1025
99 1072
99 1188
100 151
100 157
100 698
100 819
100 822
100 836
100 845
100 882
100 886
100 891
100 892
100 893
100 894
100 895
100 896
100 897
100 1026
100 1071
100 1188
101 151
101 157
101 699
101 790
101 791
101 792
101 793
101 819
101 822
101 836
101 845
101 882
101 887
101 888
101 889
101 890
101 898
101 903
101 904
101 905
101 906
101 907
101 908
101 909
101 910
101 911
101 912
101 913
101 914
101 956
101 1026
101 1070
101 1071
101 1187
102 151
102 157
102 699
102 769
102 770
102 771
102 772
102 778
102 779
102 780
102 781
102 782
102 783
102 784
102 785
102 786
102 787
102 788
102 789
102 794
102 795
102 805
102 806
102 807
102 808
102 809
102 810
102 819
102 822
102 836
102 845
102 882
102 887
102 899
102 901
102 902
102 915
102 954
102 955
102 957
102 958
102 1027
102 1070
102 1187
103 151
103 157
103 700
103 754
103 755
103 756
103 759
103 760
103 761
103 762
103 763
103 764
103 765
103 766
103 767
103 768
103 773
103 776
103 777
103 796
103 797
103 798
103 804
103 811
103 812
103 813
103 814
103 815
103 816
103 817
103 822
103 836
103 845
103 882
103 886
103 900
103 901
103 915
103 953
103 954
103 958
103 1027
103 1069
103 1187
104 151
104 157
104 700
104 752
104 753
104 757
104 758
104 768
104 774
104 775
104 776
104 799
104 800
104 803
104 818
104 820
104 822
104 836
104 845
104 882
104 886
104 900
104 916
104 953
104 959
104 1028
104 1069
104 1187
105 151
105 157
105 701
105 750
105 752
105 758
105 779
105 800
105 801
105 802
105 803
105 818
105 820
105 822
105 836
105 845
105 882
105 886
105 900
105 916
105 949
105 950
105 951
105 952
105 959
105 960
105 1028
105 1068
105 1188
106 151
106 157
106 701
106 748
106 749
106 753
106 758
106 760
106 761
106 762
106 763
106 764
106 765
106 766
106 767
106 781
106 782
106 783
106 784
106 818
106 820
106 822
106 836
106 845
106 881
106 886
106 900
106 916
106 940
106 941
106 942
106 943
106 944
106 945
106 946
106 947
106 948
106 961
106 962
106 1029
106 1068
106 1188
107 151
107 157
107 700
107 701
107 747
107 748
107 753
107 754
107 755
107 756
107 757
107 758
107 759
107 776
107 780
107 785
107 818
107 820
107 822
107 836
107 845
107 880
107 887
107 900
107 916
107 931
107 932
107 933
107 934
107 935
107 936
107 937
107 938
107 939
107 963
107 964
107 1029
107 1067
107 1188
108 151
108 157
108 695
108 699
108 700
108 745
108 746
108 776
108 779
108 785
108 818
108 820
108 822
108 836
108 845
108 880
108 882
108 887
108 900
108 917
108 923
108 924
108 925
108 926
108 927
108 928
108 929
108 930
108 964
108 1030
108 1067
108 1188
109 151
109 158
109 694
109 696
109 697
109 698
109 699
109 744
109 745
109 776
109 779
109 785
109 818
109 820
109 822
109 836
109 845
109 871
109 872
109 873
109 874
109 875
109 876
109 877
109 878
109 879
109 882
109 887
109 899
109 917
109 918
109 919
109 920
109 921
109 922
109 965
109 1030
109 1067
109 1188
110 151
110 158
110 693
110 714
110 715
110 744
110 776
110 779
110 784
110 785
110 818
110 820
110 822
110 836
110 845
110 871
110 882
110 887
110 899
110 965
110 1030
110 1067
110 1187
111 151
111 158
111 692
111 693
111 706
111 707
111 708
111 709
111 710
111 711
111 712
111 713
111 716
111 717
111 718
111 743
111 776
111 779
111 784
111 818
111 820
111 822
111 836
111 845
111 871
111 872
111 882
111 887
111 899
111 965
111 1030
111 1067
111 1187
112 152
112 158
112 692
112 704
112 705
112 719
112 720
112 743
112 776
112 780
112 784
112 785
112 818
112 820
112 822
112 834
112 836
112 846
112 847
112 848
112 849
112 850
112 872
112 882
112 887
112 898
112 899
112 963
112 964
112 1030
112 1067
112 1186
113 152
113 158
113 691
113 703
113 704
113 720
113 742
113 776
113 780
113 786
113 787
113 818
113 820
113 822
113 832
113 833
113 836
113 846
113 851
113 852
113 853
113 872
113 882
113 887
113 890
113 891
113 892
113 893
113 894
113 895
113 896
113 897
113 961
113 962
113 1030
113 1067
113 1186
114 152
114 158
114 690
114 691
114 703
114 721
114 740
114 741
114 776
114 780
114 787
114 818
114 820
114 822
114 827
114 828
114 829
114 831
114 832
114 845
114 854
114 872
114 882
114 888
114 889
114 961
114 1030
114 1067
114 1185
115 152
115 158
115 687
115 688
115 689
115 702
115 721
115 725
115 726
115 727
115 738
115 739
115 776
115 780
115 788
115 818
115 820
115 822
115 826
115 827
115 829
115 830
115 831
115 836
115 845
115 855
115 872
115 882
115 888
115 961
115 1030
115 1067
115 1185
116 152
116 158
116 687
116 702
116 721
116 724
116 725
116 728
116 729
116 738
116 776
116 780
116 789
116 790
116 809
116 810
116 811
116 812
116 818
116 820
116 822
116 825
116 836
116 845
116 856
116 857
116 871
116 882
116 887
116 961
116 962
116 1030
116 1067
116 1184
117 152
117 158
117 687
117 702
117 721
117 723
117 729
117 730
117 737
117 776
117 780
117 791
117 792
117 798
117 799
117 800
117 801
117 807
117 808
117 813
117 814
117 815
117 816
117 818
117 820
117 822
117 823
117 836
117 845
117 858
117 870
117 871
117 882
117 887
117 962
117 963
117 1030
117 1067
117 1184
118 152
118 158
118 687
118 702
118 730
118 731
118 738
118 776
118 780
118 793
118 794
118 795
118 796
118 797
118 802
118 803
118 804
118 805
118 806
118 818
118 820
118 822
118 836
118 845
118 858
118 868
118 869
118 882
118 887
118 963
118 1030
118 1067
118 1183
119 152
119 158
119 687
119 702
119 731
119 732
119 738
119 776
119 780
119 820
119 822
119 836
119 845
119 859
119 868
119 882
119 887
119 963
119 1030
119 1067
119 1183
120 152
120 158
120 687
120 702
120 732
120 733
120 738
120 776
120 780
120 819
120 822
120 836
120 845
120 859
120 865
120 866
120 867
120 882
120 887
120 963
120 1030
120 1067
120 1183
121 152
121 158
121 687
121 702
121 734
121 735
121 736
121 737
121 776
121 780
121 819
121 822
121 836
121 845
121 860
121 861
121 862
121 863
121 864
121 882
121 887
121 963
121 1030
121 1067
121 1183
122 152
122 158
122 687
122 702
122 776
122 780
122 819
122 822
122 836
122 845
122 882
122 887
122 962
122 1030
122 1067
122 1183
123 152
123 158
123 687
123 702
123 776
123 780
123 814
123 815
123 816
123 822
123 836
123 845
123 882
123 887
123 963
123 1030
123 1067
123 1182
124 152
124 158
124 687
124 701
124 776
124 780
124 808
124 809
124 810
124 811
124 812
124 813
124 817
124 822
124 836
124 845
124 882
124 887
124 963
124 964
124 1030
124 1067
124 1182
125 152
125 158
125 687
125 701
125 776
125 780
125 806
125 807
125 817
125 822
125 836
125 845
125 882
125 887
125 964
125 1030
125 1067
125 1182
126 152
126 158
126 687
126 700
126 776
126 780
126 791
126 792
126 793
126 794
126 795
126 796
126 797
126 798
126 799
126 800
126 801
126 802
126 803
126 804
126 805
126 806
126 817
126 822
126 836
126 845
126 882
126 887
126 963
126 964
126 1030
126 1067
126 1181
127 152
127 158
127 686
127 698
127 699
127 776
127 780
127 790
127 817
127 822
127 836
127 845
127 882
127 887
127 963
127 1030
127 1067
127 1181
128 152
128 158
128 686
128 698
128 776
128 780
128 789
128 817
128 822
128 836
128 845
128 882
128 887
128 962
128 1030
128 1067
128 1180
129 152
129 158
129 686
129 697
129 776
129 780
129 789
129 817
129 823
129 836
129 845
129 882
129 887
129 962
129 1030
129 1067
129 1180
130 152
130 158
130 686
130 697
130 776
130 780
130 789
130 818
130 823
130 836
130 845
130 882
130 887
130 963
130 1030
130 1067
130 1180
131 152
131 158
131 686
131 696
131 697
131 776
131 780
131 789
131 799
131 818
131 820
131 823
131 836
131 845
131 882
131 887
131 963
131 964
131 965
131 1030
131 1067
131 1179
132 152
132 158
132 521
132 684
132 685
132 686
132 695
132 696
132 776
132 780
132 790
132 798
132 800
132 818
132 820
132 823
132 836
132 845
132 882
132 888
132 1030
132 1067
132 1178
133 152
133 158
133 519
133 520
133 522
133 683
133 687
133 695
133 776
133 780
133 790
133 798
133 800
133 818
133 820
133 823
133 836
133 845
133 882
133 888
133 965
133 1030
133 1067
133 1177
134 152
134 158
134 519
134 523
134 684
134 685
134 688
134 689
134 694
134 776
134 780
134 790
134 798
134 800
134 818
134 820
134 823
134 836
134 846
134 882
134 888
134 964
134 1030
134 1067
134 1177
135 152
135 158
135 518
135 523
135 690
135 691
135 692
135 693
135 694
135 776
135 780
135 790
135 798
135 800
135 818
135 820
135 823
135 836
135 846
135 882
135 888
135 960
135 961
135 962
135 963
135 964
135 1030
135 1067
135 1176
136 152
136 158
136 518
136 523
136 776
136 780
136 791
136 798
136 800
136 818
136 823
136 836
136 846
136 882
136 888
136 958
136 959
136 1030
136 1067
136 1176
137 152
137 158
137 518
137 524
137 776
137 780
137 791
137 798
137 818
137 823
137 836
137 846
137 882
137 888
137 957
137 958
137 1030
137 1067
137 1176
138 152
138 158
138 518
138 524
138 525
138 776
138 780
138 791
138 798
138 801
138 818
138 823
138 836
138 846
138 882
138 888
138 955
138 956
138 1030
138 1067
138 1176
139 152
139 158
139 518
139 525
139 526
139 776
139 780
139 791
139 798
139 801
139 809
139 810
139 811
139 818
139 823
139 836
139 846
139 882
139 888
139 954
139 955
139 1030
139 1067
139 1175
140 152
140 159
140 518
140 526
140 776
140 780
140 792
140 798
140 802
140 809
140 811
140 818
140 823
140 836
140 846
140 882
140 888
140 954
140 1030
140 1067
140 1175
141 152
141 159
141 518
141 527
141 776
141 780
141 792
141 798
141 802
141 809
141 811
141 818
141 823
141 836
141 846
141 882
141 888
141 953
141 1030
141 1067
141 1174
142 152
142 159
142 518
142 527
142 528
142 776
142 780
142 792
142 798
142 802
142 809
142 811
142 818
142 823
142 836
142 846
142 882
142 888
142 953
142 1030
142 1067
142 1174
143 152
143 159
143 518
143 528
143 529
143 776
143 780
143 792
143 798
143 802
143 809
143 811
143 818
143 823
143 836
143 846
143 882
143 888
143 953
143 1030
143 1067
143 1173
144 152
144 159
144 518
144 529
144 776
144 780
144 793
144 799
144 802
144 809
144 811
144 818
144 824
144 836
144 846
144 883
144 888
144 953
144 1030
144 1068
144 1173
145 152
145 159
145 518
145 529
145 777
145 780
145 793
145 799
145 803
145 811
145 813
145 814
145 815
145 816
145 818
145 824
145 836
145 846
145 883
145 888
145 952
145 1030
145 1068
145 1172
146 152
146 159
146 518
146 529
146 777
146 780
146 793
146 800
146 803
146 809
146 818
146 824
146 836
146 846
146 883
146 888
146 952
146 1030
146 1068
146 1172
147 152
147 159
147 517
147 528
147 777
147 780
147 793
147 800
147 803
147 809
147 818
147 824
147 836
147 846
147 883
147 888
147 952
147 1030
147 1068
147 1171
148 153
148 159
148 516
148 517
148 528
148 777
148 780
148 794
148 800
148 804
148 809
148 818
148 824
148 836
148 846
148 883
148 888
148 952
148 1030
148 1068
148 1171
149 153
149 159
149 516
149 528
149 777
149 780
149 794
149 800
149 804
149 809
149 817
149 824
149 836
149 846
149 883
149 888
149 952
149 1030
149 1068
149 1170
150 153
150 159
150 515
150 523
150 524
150 525
150 526
150 527
150 777
150 780
150 794
150 800
150 804
150 809
150 817
150 824
150 836
150 846
150 883
150 888
150 951
150 1030
150 1068
150 1169
150 1170
151 153
151 159
151 515
151 521
151 522
151 777
151 780
151 794
151 800
151 804
151 809
151 817
151 824
151 836
151 846
151 883
151 888
151 950
151 1030
151 1068
151 1168
151 1169
152 153
152 159
152 514
152 521
152 777
152 781
152 795
152 800
152 805
152 809
152 817
152 824
152 836
152 846
152 883
152 888
152 949
152 1030
152 1068
152 1167
152 1168
153 153
153 159
153 513
153 514
153 520
153 777
153 781
153 795
153 800
153 805
153 809
153 816
153 824
153 836
153 846
153 883
153 888
153 949
153 1030
153 1068
153 1166
153 1167
154 153
154 159
154 513
154 519
154 520
154 777
154 781
154 795
154 800
154 806
154 816
154 824
154 836
154 846
154 883
154 888
154 948
154 1030
154 1068
154 1164
154 1165
155 153
155 159
155 513
155 514
155 515
155 516
155 517
155 518
155 777
155 781
155 795
155 800
155 806
155 807
155 808
155 809
155 816
155 824
155 836
155 846
155 883
155 888
155 948
155 1030
155 1068
155 1162
155 1163
156 153
156 159
156 662
156 663
156 664
156 665
156 666
156 667
156 668
156 669
156 670
156 671
156 672
156 673
156 674
156 777
156 781
156 796
156 800
156 807
156 809
156 816
156 824
156 836
156 846
156 883
156 889
156 946
156 947
156 1030
156 1068
156 1160
156 1161
157 153
157 159
157 656
157 657
157 658
157 659
157 660
157 661
157 675
157 676
157 677
157 777
157 781
157 796
157 800
157 806
157 809
157 816
157 824
157 836
157 846
157 883
157 889
157 946
157 1030
157 1068
157 1159
157 1160
158 153
158 159
158 649
158 650
158 651
158 652
158 653
158 654
158 655
158 678
158 679
158 777
158 781
158 796
158 800
158 806
158 810
158 814
158 816
158 824
158 836
158 846
158 883
158 889
158 946
158 947
158 1030
158 1068
158 1158
158 1159
158 1223
158 1224
158 1225
158 1226
158 1227
158 1228
158 1229
158 1230
158 1231
158 1232
159 153
159 159
159 641
159 642
159 643
159 644
159 645
159 646
159 647
159 648
159 680
159 681
159 777
159 781
159 797
159 800
159 806
159 811
159 812
159 813
159 815
159 825
159 836
159 846
159 883
159 889
159 947
159 1030
159 1068
159 1157
159 1158
159 1219
159 1220
159 1221
159 1222
159 1233
159 1234
160 153
160 159
160 635
160 636
160 637
160 638
160 639
160 640
160 681
160 777
160 781
160 797
160 798
160 800
160 806
160 810
160 815
160 817
160 825
160 836
160 846
160 883
160 889
160 948
160 1030
160 1068
160 1217
160 1218
160 1235
160 1236
161 153
161 159
161 633
161 634
161 682
161 777
161 781
161 798
161 800
161 806
161 810
161 815
161 817
161 825
161 836
161 846
161 883
161 889
161 948
161 949
161 1030
161 1068
161 1156
161 1157
161 1158
161 1159
161 1160
161 1161
161 1162
161 1163
161 1164
161 1165
161 1189
161 1190
161 1191
161 1192
161 1193
161 1194
161 1195
161 1196
161 1197
161 1198
161 1199
161 1200
161 1215
161 1216
161 1236
161 1237
161 1257
161 1258
161 1259
161 1260
161 1261
161 1262
161 1263
161 1264
161 1265
161 1266
161 1267
161 1268
161 1269
161 1270
161 1271
161 1272
161 1273
162 153
162 159
162 633
162 682
162 777
162 781
162 797
162 800
162 806
162 810
162 815
162 825
162 836
162 846
162 883
162 889
162 934
162 935
162 936
162 937
162 938
162 939
162 940
162 941
162 942
162 943
162 950
162 1030
162 1068
162 1154
162 1155
162 1166
162 1167
162 1168
162 1184
162 1185
162 1186
162 1187
162 1188
162 1201
162 1202
162 1213
162 1214
162 1237
162 1254
162 1255
162 1256
162 1274
162 1275
163 153
163 159
163 615
163 616
163 632
163 682
163 777
163 781
163 797
163 800
163 806
163 810
163 815
163 826
163 827
163 828
163 829
163 830
163 834
163 835
163 836
163 883
163 889
163 931
163 932
163 933
163 944
163 945
163 946
163 952
163 1030
163 1068
163 1153
163 1154
163 1169
163 1170
163 1182
163 1183
163 1202
163 1203
163 1211
163 1212
163 1237
163 1252
163 1253
163 1276
163 1277
164 153
164 159
164 614
164 617
164 632
164 682
164 777
164 781
164 797
164 800
164 806
164 810
164 815
164 826
164 832
164 833
164 836
164 847
164 848
164 849
164 865
164 866
164 876
164 877
164 878
164 879
164 880
164 881
164 891
164 897
164 898
164 899
164 900
164 901
164 902
164 903
164 904
164 905
164 906
164 907
164 908
164 909
164 910
164 929
164 930
164 947
164 948
164 954
164 955
164 956
164 1030
164 1068
164 1152
164 1153
164 1170
164 1180
164 1181
164 1203
164 1210
164 1211
164 1238
164 1250
164 1251
164 1277
164 1278
165 153
165 159
165 613
165 617
165 632
165 681
165 777
165 781
165 797
165 800
165 806
165 810
165 815
165 825
165 832
165 836
165 846
165 849
165 850
165 862
165 863
165 864
165 867
165 868
165 873
165 874
165 875
165 882
165 883
165 890
165 892
165 893
165 895
165 896
165 911
165 912
165 928
165 929
165 949
165 950
165 957
165 958
165 959
165 960
165 961
165 964
165 965
165 966
165 1030
165 1068
165 1151
165 1152
165 1171
165 1180
165 1204
165 1210
165 1238
165 1250
165 1278
166 153
166 159
166 613
166 617
166 632
166 681
166 777
166 781
166 797
166 800
166 806
166 810
166 815
166 825
166 831
166 836
166 846
166 850
166 851
166 860
166 861
166 869
166 870
166 871
166 872
166 883
166 889
166 894
166 912
166 926
166 927
166 951
166 963
166 967
166 968
166 1030
166 1069
166 1150
166 1151
166 1171
166 1179
166 1204
166 1209
166 1238
166 1249
166 1278
167 153
167 159
167 613
167 617
167 631
167 681
167 777
167 781
167 797
167 800
167 807
167 811
167 815
167 825
167 831
167 836
167 846
167 851
167 858
167 859
167 880
167 881
167 883
167 890
167 892
167 912
167 925
167 926
167 951
167 962
167 968
167 1030
167 1149
167 1150
167 1171
167 1178
167 1204
167 1209
167 1238
167 1249
167 1278
168 153
168 159
168 613
168 617
168 631
168 681
168 777
168 781
168 797
168 800
168 807
168 811
168 813
168 815
168 825
168 830
168 836
168 846
168 851
168 856
168 857
168 868
168 869
168 879
168 880
168 883
168 890
168 913
168 923
168 924
168 952
168 962
168 969
168 1030
168 1068
168 1136
168 1137
168 1138
168 1139
168 1140
168 1144
168 1145
168 1146
168 1147
168 1148
168 1149
168 1171
168 1177
168 1205
168 1209
168 1239
168 1248
168 1279
169 153
169 159
169 613
169 618
169 631
169 665
169 666
169 667
169 668
169 669
169 670
169 671
169 681
169 777
169 781
169 797
169 800
169 807
169 811
169 813
169 815
169 825
169 829
169 830
169 836
169 846
169 851
169 854
169 855
169 866
169 867
169 878
169 879
169 883
169 889
169 913
169 921
169 922
169 952
169 961
169 969
169 1030
169 1068
169 1171
169 1177
169 1205
169 1208
169 1239
169 1248
170 153
170 159
170 613
170 618
170 631
170 664
170 672
170 681
170 777
170 781
170 797
170 800
170 807
170 811
170 813
170 815
170 825
170 828
170 836
170 846
170 850
170 853
170 866
170 877
170 883
170 889
170 913
170 920
170 952
170 961
170 969
170 1030
170 1068
170 1171
170 1177
170 1205
170 1208
170 1239
170 1247
171 153
171 160
171 613
171 618
171 621
171 622
171 623
171 624
171 625
171 626
171 627
171 628
171 632
171 661
171 662
171 663
171 673
171 674
171 675
171 681
171 777
171 781
171 797
171 800
171 807
171 811
171 813
171 815
171 818
171 827
171 836
171 846
171 850
171 865
171 876
171 883
171 889
171 913
171 919
171 952
171 960
171 970
171 1030
171 1068
171 1171
171 1176
171 1206
171 1208
171 1239
171 1247
172 153
172 160
172 613
172 618
172 619
172 620
172 629
172 630
172 632
172 647
172 648
172 649
172 650
172 651
172 652
172 653
172 654
172 655
172 656
172 657
172 658
172 659
172 660
172 676
172 677
172 681
172 777
172 781
172 797
172 800
172 807
172 811
172 813
172 815
172 818
172 826
172 827
172 836
172 846
172 850
172 863
172 864
172 874
172 875
172 883
172 889
172 914
172 919
172 952
172 960
172 970
172 971
172 1030
172 1068
172 1206
172 1208
172 1239
172 1246
173 153
173 160
173 509
173 510
173 511
173 512
173 513
173 521
173 522
173 523
173 613
173 617
173 631
173 632
173 634
173 635
173 636
173 637
173 638
173 639
173 640
173 641
173 642
173 643
173 644
173 645
173 646
173 678
173 679
173 681
173 777
173 781
173 797
173 800
173 807
173 811
173 813
173 815
173 818
173 826
173 836
173 842
173 843
173 844
173 845
173 846
173 847
173 848
173 849
173 850
173 863
173 873
173 874
173 883
173 889
173 914
173 918
173 1030
173 1068
173 1207
173 1239
173 1245
174 153
174 160
174 508
174 514
174 515
174 520
174 524
174 525
174 526
174 527
174 612
174 616
174 679
174 681
174 763
174 764
174 765
174 766
174 777
174 781
174 797
174 800
174 807
174 811
174 813
174 815
174 818
174 826
174 831
174 832
174 833
174 834
174 835
174 836
174 837
174 838
174 839
174 840
174 841
174 851
174 883
174 889
174 1068
174 1207
174 1239
174 1245
175 154
175 160
175 507
175 515
175 516
175 519
175 528
175 529
175 612
175 681
175 724
175 725
175 726
175 727
175 728
175 759
175 760
175 761
175 762
175 767
175 768
175 769
175 777
175 781
175 797
175 800
175 807
175 811
175 813
175 815
175 818
175 826
175 827
175 830
175 851
175 883
175 889
175 1241
175 1242
175 1243
175 1244
176 154
176 160
176 507
176 516
176 519
176 529
176 530
176 611
176 612
176 682
176 717
176 718
176 719
176 720
176 721
176 722
176 723
176 729
176 735
176 736
176 737
176 738
176 739
176 740
176 741
176 742
176 757
176 758
176 770
176 771
176 777
176 781
176 811
176 813
176 815
176 818
176 827
176 829
176 851
176 883
176 889
176 1028
176 1029
176 1030
176 1069
176 1207
176 1240
176 1245
177 154
177 160
177 507
177 516
177 520
177 531
177 532
177 533
177 534
177 535
177 536
177 537
177 538
177 539
177 540
177 541
177 542
177 610
177 611
177 682
177 683
177 715
177 716
177 730
177 733
177 734
177 743
177 744
177 756
177 757
177 771
177 777
177 781
177 816
177 817
177 818
177 829
177 881
177 882
177 883
177 890
177 1030
177 1068
177 1185
177 1186
177 1187
177 1188
177 1189
177 1190
177 1191
177 1192
177 1193
177 1194
177 1195
177 1196
177 1197
177 1198
177 1199
177 1200
177 1201
177 1202
177 1203
177 1204
177 1205
177 1206
177 1207
177 1208
177 1209
177 1210
177 1211
177 1212
177 1213
177 1214
177 1215
177 1216
177 1217
177 1218
177 1219
177 1220
177 1221
177 1222
177 1223
177 1224
177 1225
177 1226
177 1227
177 1228
177 1229
177 1230
177 1231
177 1232
177 1233
177 1234
177 1235
177 1236
177 1237
177 1238
177 1239
177 1246
177 1247
177 1248
177 1249
177 1250
177 1251
177 1252
177 1253
177 1254
177 1255
177 1256
177 1257
177 1258
177 1259
177 1260
177 1261
177 1262
177 1263
177 1264
177 1265
177 1266
177 1267
177 1268
177 1269
177 1270
177 1271
177 1272
177 1273
177 1274
177 1275
177 1276
177 1277
177 1278
177 1279
178 154
178 160
178 507
178 517
178 520
178 543
178 550
178 551
178 552
178 553
178 554
178 555
178 609
178 610
178 683
178 684
178 715
178 730
178 733
178 744
178 745
178 755
178 756
178 772
178 777
178 781
178 812
178 813
178 816
178 818
178 827
178 828
178 829
178 883
178 890
178 1030
178 1068
179 154
179 160
179 500
179 501
179 502
179 503
179 504
179 505
179 517
179 518
179 544
179 545
179 546
179 547
179 548
179 549
179 556
179 557
179 607
179 608
179 684
179 685
179 697
179 698
179 699
179 700
179 701
179 702
179 703
179 714
179 731
179 732
179 745
179 746
179 755
179 772
179 773
179 777
179 781
179 811
179 818
179 826
179 829
179 851
179 883
179 889
179 1030
179 1068
180 154
180 160
180 494
180 495
180 496
180 497
180 498
180 499
180 506
180 519
180 558
180 559
180 605
180 606
180 685
180 686
180 695
180 696
180 704
180 705
180 713
180 714
180 746
180 747
180 754
180 773
180 777
180 818
180 826
180 829
180 851
180 883
180 889
180 1030
180 1068
181 154
181 160
181 493
181 559
181 605
181 686
181 687
181 693
181 694
181 705
181 712
181 713
181 747
181 754
181 773
181 819
181 826
181 829
181 851
181 883
181 890
181 1031
181 1068
182 154
182 160
182 492
182 559
182 604
182 687
182 693
182 706
182 712
182 732
182 747
182 754
182 773
182 819
182 826
182 829
182 851
182 883
182 890
182 1031
182 1068
183 154
183 160
183 355
183 356
183 357
183 358
183 359
183 360
183 361
183 362
183 363
183 364
183 492
183 560
183 604
183 688
183 689
183 690
183 692
183 706
183 707
183 711
183 733
183 748
183 753
183 819
183 826
183 829
183 851
183 883
183 890
183 1031
183 1068
184 154
184 160
184 352
184 353
184 354
184 365
184 492
184 560
184 563
184 564
184 565
184 566
184 567
184 568
184 569
184 570
184 571
184 572
184 573
184 603
184 691
184 708
184 709
184 710
184 733
184 748
184 753
184 819
184 826
184 829
184 852
184 883
184 890
184 1031
184 1068
185 154
185 160
185 349
185 350
185 351
185 365
185 492
185 520
185 521
185 522
185 523
185 524
185 525
185 526
185 527
185 528
185 529
185 530
185 531
185 532
185 533
185 534
185 535
185 536
185 537
185 538
185 539
185 540
185 541
185 542
185 543
185 562
185 574
185 575
185 576
185 577
185 603
185 691
185 708
185 733
185 750
185 751
185 752
185 753
185 819
185 826
185 829
185 852
185 883
185 890
185 1031
185 1068
186 154
186 160
186 347
186 348
186 365
186 409
186 410
186 411
186 412
186 413
186 414
186 415
186 416
186 417
186 418
186 419
186 420
186 421
186 422
186 423
186 492
186 517
186 518
186 519
186 544
186 561
186 578
186 579
186 602
186 692
186 708
186 819
186 826
186 829
186 852
186 883
186 890
186 1031
186 1068
187 154
187 160
187 346
187 365
187 397
187 398
187 399
187 400
187 401
187 402
187 403
187 404
187 405
187 406
187 407
187 408
187 424
187 425
187 426
187 427
187 428
187 429
187 430
187 492
187 515
187 516
187 544
187 561
187 579
187 602
187 692
187 819
187 826
187 829
187 852
187 1031
187 1068
188 154
188 160
188 345
188 365
188 395
188 396
188 431
188 432
188 492
188 515
188 545
188 560
188 580
188 601
188 693
188 819
188 826
188 829
188 852
188 1031
188 1068
189 154
189 160
189 345
189 365
189 380
189 381
189 382
189 383
189 384
189 385
189 386
189 394
189 395
189 433
189 434
189 514
189 545
189 560
189 580
189 601
189 693
189 694
189 819
189 826
189 829
189 852
189 1031
189 1068
190 154
190 160
190 344
190 366
190 378
190 379
190 387
190 388
190 389
190 390
190 391
190 392
190 393
190 394
190 435
190 436
190 514
190 545
190 559
190 581
190 600
190 694
190 819
190 827
190 829
190 852
190 1031
190 1068
191 154
191 160
191 344
191 366
191 377
191 378
191 436
191 437
191 491
191 492
191 493
191 513
191 545
191 558
191 559
191 581
191 591
191 592
191 593
191 594
191 595
191 596
191 600
191 695
191 696
191 697
191 827
191 829
191 852
191 1031
191 1068
192 154
192 160
192 344
192 366
192 370
192 371
192 372
192 373
192 374
192 375
192 376
192 377
192 438
192 439
192 475
192 488
192 489
192 490
192 512
192 513
192 546
192 558
192 582
192 591
192 596
192 599
192 827
192 829
192 852
192 1031
192 1068
193 154
193 160
193 343
193 367
193 368
193 369
193 390
193 391
193 439
193 474
193 476
193 477
193 485
193 486
193 487
193 493
193 511
193 512
193 546
193 547
193 548
193 557
193 583
193 591
193 597
193 598
193 599
193 698
193 699
193 827
193 829
193 852
193 1031
193 1068
194 154
194 160
194 343
194 389
194 390
194 440
194 473
194 477
194 478
194 482
194 483
194 484
194 493
194 509
194 510
194 549
194 550
194 557
194 581
194 583
194 591
194 699
194 827
194 829
194 852
194 1031
194 1068
195 154
195 160
195 335
195 336
195 337
195 338
195 339
195 343
195 377
195 378
195 379
195 388
195 389
195 440
195 441
195 473
195 480
195 481
195 508
195 509
195 550
195 555
195 556
195 557
195 581
195 584
195 591
195 598
195 699
195 829
195 852
195 1031
195 1068
196 154
196 160
196 328
196 329
196 330
196 331
196 332
196 333
196 334
196 340
196 341
196 343
196 376
196 380
196 387
196 388
196 441
196 473
196 479
196 506
196 507
196 508
196 547
196 551
196 553
196 554
196 581
196 584
196 592
196 598
196 699
196 829
196 852
196 1031
196 1068
197 154
197 160
197 326
197 327
197 341
197 343
197 375
197 380
197 386
197 387
197 442
197 472
197 478
197 504
197 505
197 548
197 551
197 552
197 553
197 557
197 584
197 592
197 598
197 699
197 852
197 1031
197 1068
198 143
198 144
198 145
198 146
198 147
198 148
198 149
198 150
198 151
198 152
198 160
198 312
198 313
198 314
198 315
198 316
198 317
198 318
198 319
198 320
198 321
198 326
198 343
198 375
198 380
198 385
198 386
198 442
198 469
198 470
198 471
198 473
198 478
198 502
198 503
198 504
198 548
198 557
198 597
198 699
198 852
198 1031
198 1068
199 142
199 153
199 154
199 155
199 156
199 157
199 158
199 159
199 160
199 161
199 162
199 163
199 310
199 311
199 322
199 323
199 375
199 380
199 384
199 385
199 442
199 466
199 467
199 468
199 473
199 479
199 549
199 597
199 698
199 852
199 1031
199 1068
200 141
200 164
200 308
200 309
200 323
200 324
200 375
200 380
200 383
200 384
200 443
200 445
200 446
200 447
200 448
200 449
200 450
200 451
200 452
200 453
200 454
200 455
200 456
200 457
200 458
200 459
200 460
200 461
200 462
200 463
200 464
200 465
200 473
200 479
200 503
200 549
200 597
200 699
200 1031
200 1068
201 141
201 164
201 308
201 324
201 325
201 375
201 380
201 383
201 444
201 473
201 479
201 503
201 549
201 597
201 699
201 1031
201 1068
202 141
202 164
202 307
202 325
202 375
202 380
202 443
202 473
202 479
202 503
202 597
202 700
202 1031
202 1068
203 141
203 164
203 187
203 307
203 325
203 375
203 380
203 444
203 473
203 479
203 597
203 700
203 1031
203 1068
204 141
204 164
204 182
204 183
204 184
204 185
204 186
204 188
204 306
204 325
204 375
204 379
204 380
204 444
204 473
204 479
204 596
204 701
204 1031
204 1068
205 0
205 1
205 2
205 3
205 4
205 5
205 6
205 7
205 8
205 9
205 10
205 141
205 165
205 179
205 180
205 181
205 188
205 306
205 375
205 378
205 379
205 444
205 473
205 479
205 596
205 701
205 1031
205 1068
206 11
206 12
206 13
206 14
206 15
206 16
206 17
206 18
206 19
206 20
206 141
206 165
206 178
206 188
206 305
206 375
206 376
206 377
206 445
206 473
206 480
206 596
206 701
206 1031
206 1068
207 21
207 22
207 141
207 165
207 177
207 188
207 305
207 375
207 445
207 473
207 596
207 701
207 1031
207 1068
208 22
208 141
208 165
208 177
208 188
208 375
208 445
208 596
208 701
208 1031
208 1068
209 23
209 141
209 165
209 177
209 188
209 375
209 445
209 596
209 701
209 1031
209 1068
210 23
210 24
210 141
210 165
210 178
210 189
210 374
210 445
210 595
210 701
210 1031
210 1068
211 24
211 25
211 141
211 165
211 178
211 189
211 374
211 445
211 595
211 701
211 1031
211 1068
212 25
212 141
212 165
212 178
212 189
212 374
212 595
212 701
212 1031
212 1068
213 25
213 141
213 165
213 178
213 189
213 374
213 595
213 701
213 1031
213 1068
214 26
214 141
214 165
214 178
214 189
214 373
214 595
214 701
214 1031
214 1068
215 26
215 27
215 141
215 165
215 178
215 189
215 373
215 595
215 701
215 1031
215 1068
216 27
216 141
216 165
216 178
216 189
216 373
216 595
216 701
216 1031
216 1068
217 28
217 142
217 166
217 178
217 189
217 373
217 595
217 701
217 1031
217 1068
218 28
218 142
218 166
218 178
218 189
218 373
218 595
218 701
218 1031
218 1068
219 29
219 142
219 178
219 189
219 374
219 595
219 701
219 1031
219 1068
220 29
220 30
220 142
220 178
220 191
220 596
220 701
220 1031
220 1069
221 30
221 142
221 175
221 176
221 177
221 179
221 190
221 596
221 701
221 1069
222 31
222 142
222 179
222 189
222 596
222 701
222 1069
223 31
223 179
223 190
223 596
223 701
223 1069
224 32
224 179
224 190
224 596
224 1069
225 32
225 179
225 190
225 596
226 33
226 179
226 190
226 596
227 34
227 179
227 190
228 35
228 179
228 190
229 36
229 180
229 190
230 180
230 190
231 36
231 180
231 190
232 36
232 180
232 190
233 36
233 180
233 190
234 37
234 180
235 37
236 37
237 37
238 38
239 38
240 38
241 38
242 39
243 39
244 39
245 39
246 39
247 39
248 39
249 39
250 39
251 39
252 39
