0 119
0 124
0 327
0 376
0 426
0 568
0 585
0 660
0 683
0 706
0 1240
0 1247
1 119
1 124
1 327
1 426
1 568
1 586
1 587
1 658
1 659
1 660
1 683
1 706
1 1240
1 1247
2 119
2 124
2 327
2 376
2 377
2 378
2 425
2 426
2 567
2 588
2 589
2 590
2 591
2 592
2 593
2 594
2 595
2 596
2 597
2 598
2 599
2 600
2 601
2 602
2 603
2 604
2 605
2 606
2 607
2 608
2 609
2 610
2 611
2 612
2 613
2 614
2 615
2 616
2 617
2 618
2 619
2 620
2 621
2 622
2 623
2 624
2 625
2 626
2 627
2 628
2 629
2 630
2 631
2 632
2 633
2 634
2 635
2 636
2 637
2 638
2 639
2 640
2 641
2 642
2 643
2 644
2 645
2 646
2 647
2 648
2 649
2 650
2 651
2 652
2 653
2 654
2 655
2 656
2 657
2 683
2 706
2 1240
2 1247
3 119
3 124
3 327
3 376
3 378
3 379
3 424
3 425
3 566
3 589
3 674
3 675
3 676
3 677
3 678
3 679
3 680
3 681
3 682
3 683
3 684
3 685
3 686
3 687
3 688
3 689
3 690
3 691
3 692
3 706
3 1240
3 1247
4 119
4 124
4 327
4 376
4 379
4 380
4 423
4 424
4 566
4 588
4 666
4 667
4 668
4 669
4 670
4 671
4 672
4 673
4 693
4 694
4 705
4 1240
4 1247
5 119
5 124
5 327
5 376
5 380
5 422
5 423
5 567
5 589
5 590
5 591
5 592
5 593
5 594
5 658
5 659
5 660
5 661
5 662
5 663
5 664
5 665
5 695
5 696
5 702
5 703
5 704
5 1240
5 1247
6 119
6 124
6 327
6 376
6 380
6 421
6 422
6 567
6 585
6 586
6 587
6 588
6 589
6 595
6 596
6 597
6 598
6 599
6 600
6 601
6 602
6 603
6 604
6 605
6 606
6 607
6 608
6 609
6 610
6 611
6 652
6 653
6 654
6 655
6 656
6 657
6 697
6 698
6 699
6 700
6 701
6 1240
6 1247
7 119
7 124
7 327
7 376
7 380
7 383
7 420
7 421
7 568
7 581
7 582
7 583
7 584
7 612
7 613
7 614
7 615
7 616
7 617
7 618
7 619
7 620
7 621
7 648
7 649
7 650
7 651
7 1240
7 1247
8 119
8 124
8 327
8 376
8 380
8 384
8 418
8 419
8 568
8 569
8 570
8 579
8 580
8 622
8 623
8 624
8 625
8 645
8 646
8 647
8 1240
8 1247
9 119
9 124
9 327
9 376
9 381
9 384
9 385
9 417
9 418
9 571
9 572
9 573
9 574
9 575
9 576
9 577
9 578
9 626
9 627
9 628
9 629
9 640
9 641
9 642
9 643
9 644
9 1240
9 1247
10 119
10 124
10 327
10 376
10 381
10 385
10 386
10 416
10 417
10 630
10 631
10 638
10 639
10 1240
10 1247
11 119
11 124
11 327
11 376
11 381
11 386
11 387
11 415
11 416
11 632
11 638
11 1240
11 1247
12 119
12 124
12 327
12 376
12 381
12 387
12 388
12 414
12 415
12 632
12 637
12 1240
12 1247
13 119
13 124
13 327
13 376
13 381
13 388
13 389
13 413
13 414
13 632
13 637
13 1240
13 1247
14 119
14 124
14 327
14 376
14 381
14 389
14 390
14 413
14 632
14 637
14 1240
14 1247
15 119
15 124
15 327
15 376
15 381
15 390
15 391
15 412
15 632
15 637
15 1240
15 1247
16 119
16 124
16 327
16 376
16 381
16 391
16 392
16 410
16 412
16 632
16 637
16 1240
16 1247
17 119
17 124
17 327
17 376
17 381
17 392
17 393
17 409
17 410
17 412
17 632
17 637
17 1240
17 1247
18 119
18 124
18 327
18 375
18 381
18 393
18 394
18 408
18 409
18 412
18 632
18 637
18 1028
18 1029
18 1240
18 1247
19 119
19 124
19 327
19 375
19 382
19 394
19 395
19 406
19 407
19 412
19 632
19 637
19 1026
19 1027
19 1240
19 1247
20 119
20 124
20 327
20 375
20 382
20 395
20 405
20 406
20 412
20 632
20 637
20 1025
20 1026
20 1029
20 1240
20 1247
21 119
21 124
21 327
21 375
21 382
21 384
21 385
21 395
21 396
21 403
21 404
21 412
21 632
21 637
21 1024
21 1025
21 1029
21 1240
21 1247
22 119
22 124
22 326
22 375
22 381
22 386
22 387
22 395
22 398
22 402
22 403
22 412
22 632
22 637
22 1022
22 1023
22 1029
22 1240
22 1247
23 119
23 124
23 326
23 375
23 381
23 388
23 389
23 395
23 398
23 399
23 401
23 402
23 412
23 632
23 637
23 1021
23 1022
23 1029
23 1240
23 1247
24 119
24 124
24 325
24 375
24 381
24 390
24 391
24 395
24 399
24 400
24 401
24 412
24 632
24 637
24 1020
24 1021
24 1029
24 1240
24 1247
25 119
25 124
25 325
25 375
25 381
25 392
25 393
25 395
25 412
25 632
25 637
25 1018
25 1019
25 1029
25 1240
25 1247
26 119
26 124
26 325
26 375
26 381
26 395
26 396
26 412
26 632
26 637
26 1017
26 1018
26 1029
26 1240
26 1247
27 119
27 124
27 325
27 375
27 381
27 396
27 397
27 412
27 632
27 637
27 1016
27 1017
27 1029
27 1240
27 1247
28 119
28 124
28 326
28 375
28 381
28 398
28 399
28 412
28 632
28 637
28 1014
28 1015
28 1029
28 1240
28 1247
29 119
29 124
29 326
29 375
29 381
29 400
29 401
29 412
29 632
29 637
29 1013
29 1014
29 1029
29 1240
29 1247
30 119
30 124
30 327
30 375
30 381
30 401
30 412
30 632
30 637
30 1011
30 1012
30 1013
30 1029
30 1240
30 1247
31 118
31 124
31 327
31 375
31 380
31 402
31 412
31 632
31 637
31 1009
31 1010
31 1029
31 1240
31 1247
32 118
32 124
32 327
32 375
32 380
32 402
32 412
32 632
32 637
32 1009
32 1029
32 1240
32 1247
33 118
33 124
33 327
33 375
33 379
33 403
33 412
33 632
33 637
33 1008
33 1029
33 1240
33 1247
34 118
34 124
34 327
34 375
34 379
34 403
34 412
34 632
34 637
34 1008
34 1029
34 1068
34 1069
34 1070
34 1071
34 1072
34 1077
34 1078
34 1079
34 1080
34 1081
34 1082
34 1240
34 1247
35 118
35 124
35 327
35 375
35 379
35 403
35 412
35 632
35 637
35 1008
35 1029
35 1066
35 1067
35 1073
35 1074
35 1075
35 1076
35 1083
35 1240
35 1247
36 118
36 124
36 327
36 375
36 379
36 403
36 412
36 632
36 637
36 1008
36 1029
36 1065
36 1083
36 1240
36 1247
37 118
37 124
37 319
37 320
37 321
37 322
37 323
37 324
37 325
37 326
37 327
37 375
37 378
37 403
37 412
37 632
37 637
37 1008
37 1029
37 1064
37 1083
37 1240
37 1247
38 118
38 124
38 318
38 375
38 378
38 379
38 403
38 412
38 632
38 637
38 1008
38 1029
38 1064
38 1082
38 1083
38 1240
38 1247
39 118
39 124
39 317
39 375
39 378
39 380
39 381
39 403
39 412
39 632
39 637
39 1008
39 1029
39 1064
39 1080
39 1081
39 1240
39 1247
40 118
40 124
40 317
40 375
40 377
40 382
40 383
40 403
40 412
40 632
40 637
40 1008
40 1029
40 1064
40 1079
40 1080
40 1240
40 1247
41 118
41 124
41 317
41 376
41 377
41 384
41 385
41 403
41 412
41 632
41 637
41 1008
41 1029
41 1058
41 1059
41 1060
41 1061
41 1064
41 1078
41 1081
41 1082
41 1083
41 1084
41 1240
41 1247
42 118
42 124
42 316
42 376
42 386
42 403
42 412
42 632
42 637
42 1008
42 1029
42 1057
42 1062
42 1064
42 1078
42 1080
42 1085
42 1240
42 1247
43 118
43 124
43 316
43 375
43 387
43 388
43 403
43 412
43 632
43 637
43 1008
43 1029
43 1056
43 1062
43 1078
43 1080
43 1086
43 1087
43 1240
43 1247
44 118
44 124
44 312
44 313
44 314
44 315
44 316
44 375
44 389
44 390
44 403
44 412
44 632
44 637
44 1008
44 1029
44 1052
44 1053
44 1054
44 1063
44 1240
44 1247
45 118
45 124
45 307
45 308
45 309
45 310
45 311
45 376
45 391
45 392
45 393
45 403
45 412
45 632
45 637
45 1008
45 1029
45 1051
45 1052
45 1055
45 1056
45 1063
45 1065
45 1086
45 1087
45 1240
45 1247
46 118
46 124
46 304
46 305
46 306
46 376
46 377
46 378
46 379
46 394
46 395
46 403
46 412
46 631
46 637
46 1008
46 1029
46 1049
46 1050
46 1063
46 1065
46 1085
46 1086
46 1240
46 1247
47 118
47 124
47 302
47 303
47 380
47 381
47 382
47 383
47 384
47 385
47 395
47 403
47 412
47 631
47 637
47 1008
47 1029
47 1049
47 1084
47 1085
47 1240
47 1247
48 118
48 124
48 300
48 301
48 386
48 387
48 388
48 389
48 390
48 391
48 392
48 393
48 394
48 395
48 398
48 399
48 400
48 401
48 402
48 403
48 412
48 631
48 637
48 1008
48 1029
48 1049
48 1084
48 1240
48 1247
49 118
49 124
49 300
49 412
49 631
49 637
49 1008
49 1029
49 1049
49 1083
49 1240
49 1247
50 118
50 124
50 299
50 397
50 412
50 631
50 637
50 1008
50 1029
50 1050
50 1083
50 1240
50 1247
51 118
51 124
51 299
51 398
51 412
51 631
51 637
51 1008
51 1029
51 1050
51 1083
51 1240
51 1247
52 118
52 124
52 298
52 398
52 412
52 631
52 637
52 1008
52 1029
52 1041
52 1042
52 1050
52 1084
52 1085
52 1087
52 1240
52 1247
53 118
53 124
53 298
53 399
53 412
53 631
53 637
53 1008
53 1029
53 1040
53 1043
53 1044
53 1045
53 1046
53 1047
53 1048
53 1049
53 1240
53 1247
54 118
54 124
54 298
54 399
54 412
54 631
54 637
54 1008
54 1029
54 1039
54 1087
54 1240
54 1247
55 118
55 124
55 298
55 400
55 412
55 631
55 637
55 868
55 869
55 1008
55 1029
55 1039
55 1087
55 1088
55 1240
55 1247
56 118
56 124
56 299
56 400
56 412
56 631
56 637
56 866
56 867
56 870
56 1008
56 1029
56 1040
56 1089
56 1090
56 1091
56 1092
56 1093
56 1094
56 1095
56 1239
56 1247
57 118
57 124
57 299
57 300
57 400
57 412
57 631
57 637
57 866
57 870
57 1008
57 1029
57 1041
57 1042
57 1095
57 1096
57 1239
57 1247
58 118
58 124
58 300
58 301
58 400
58 412
58 631
58 637
58 865
58 870
58 1008
58 1029
58 1042
58 1043
58 1044
58 1096
58 1097
58 1098
58 1099
58 1100
58 1101
58 1102
58 1103
58 1104
58 1105
58 1239
58 1247
59 118
59 124
59 301
59 302
59 303
59 400
59 412
59 631
59 637
59 866
59 871
59 1008
59 1029
59 1045
59 1046
59 1106
59 1107
59 1239
59 1247
60 118
60 124
60 304
60 305
60 306
60 400
60 412
60 631
60 637
60 866
60 871
60 872
60 990
60 991
60 1008
60 1029
60 1042
60 1048
60 1107
60 1108
60 1239
60 1247
61 117
61 118
61 124
61 146
61 147
61 307
61 308
61 309
61 310
61 400
61 412
61 631
61 637
61 866
61 873
61 874
61 875
61 988
61 989
61 994
61 995
61 996
61 997
61 1008
61 1029
61 1041
61 1045
61 1049
61 1109
61 1239
61 1247
62 115
62 116
62 118
62 124
62 144
62 145
62 148
62 149
62 311
62 312
62 313
62 314
62 399
62 400
62 412
62 631
62 636
62 866
62 876
62 877
62 986
62 987
62 993
62 998
62 999
62 1008
62 1029
62 1040
62 1047
62 1109
62 1239
62 1247
63 113
63 114
63 118
63 124
63 142
63 143
63 149
63 315
63 316
63 399
63 412
63 631
63 636
63 866
63 878
63 879
63 985
63 992
63 999
63 1000
63 1008
63 1029
63 1039
63 1040
63 1109
63 1239
63 1247
64 112
64 113
64 118
64 124
64 140
64 141
64 150
64 276
64 277
64 278
64 279
64 280
64 281
64 282
64 283
64 284
64 285
64 286
64 287
64 288
64 289
64 290
64 291
64 292
64 293
64 294
64 295
64 296
64 297
64 298
64 299
64 300
64 301
64 398
64 412
64 631
64 636
64 865
64 879
64 880
64 984
64 993
64 1000
64 1001
64 1008
64 1029
64 1038
64 1039
64 1109
64 1239
64 1247
65 0
65 1
65 2
65 3
65 108
65 109
65 110
65 111
65 118
65 124
65 139
65 140
65 151
65 152
65 275
65 302
65 303
65 304
65 305
65 306
65 307
65 308
65 309
65 310
65 311
65 312
65 313
65 314
65 315
65 397
65 398
65 412
65 631
65 636
65 866
65 880
65 984
65 993
65 994
65 1001
65 1002
65 1007
65 1008
65 1029
65 1038
65 1109
65 1239
65 1247
66 4
66 5
66 106
66 107
66 118
66 125
66 126
66 139
66 152
66 274
66 316
66 393
66 394
66 395
66 412
66 631
66 636
66 866
66 881
66 983
66 994
66 995
66 1002
66 1003
66 1005
66 1006
66 1008
66 1029
66 1037
66 1110
66 1111
66 1239
66 1247
67 5
67 6
67 104
67 105
67 118
67 125
67 127
67 128
67 138
67 152
67 274
67 316
67 390
67 391
67 392
67 395
67 412
67 631
67 636
67 867
67 881
67 882
67 981
67 982
67 996
67 997
67 1003
67 1004
67 1008
67 1029
67 1033
67 1038
67 1039
67 1112
67 1239
67 1247
68 7
68 8
68 104
68 118
68 124
68 129
68 130
68 138
68 152
68 274
68 316
68 386
68 387
68 388
68 389
68 395
68 412
68 631
68 636
68 867
68 868
68 882
68 981
68 998
68 999
68 1000
68 1004
68 1006
68 1008
68 1029
68 1032
68 1034
68 1035
68 1036
68 1041
68 1112
68 1239
68 1247
69 8
69 9
69 103
69 118
69 124
69 130
69 131
69 135
69 136
69 137
69 153
69 274
69 316
69 384
69 385
69 395
69 412
69 631
69 636
69 868
69 869
69 882
69 980
69 1001
69 1002
69 1003
69 1004
69 1006
69 1008
69 1029
69 1038
69 1041
69 1112
69 1239
69 1247
70 9
70 10
70 104
70 118
70 124
70 132
70 133
70 134
70 153
70 274
70 316
70 384
70 395
70 412
70 631
70 636
70 864
70 865
70 866
70 867
70 869
70 883
70 980
70 1008
70 1029
70 1040
70 1112
70 1239
70 1247
71 11
71 12
71 26
71 27
71 102
71 118
71 124
71 153
71 156
71 157
71 274
71 316
71 383
71 395
71 412
71 631
71 636
71 856
71 857
71 862
71 863
71 868
71 870
71 883
71 884
71 980
71 1004
71 1008
71 1029
71 1112
71 1239
71 1247
72 13
72 14
72 24
72 25
72 28
72 101
72 118
72 124
72 153
72 155
72 158
72 159
72 160
72 161
72 162
72 274
72 307
72 308
72 316
72 383
72 395
72 412
72 631
72 636
72 854
72 855
72 858
72 859
72 862
72 868
72 870
72 884
72 885
72 980
72 1004
72 1007
72 1029
72 1111
72 1112
72 1239
72 1247
73 14
73 23
73 24
73 28
73 100
73 118
73 124
73 153
73 155
73 163
73 274
73 304
73 305
73 306
73 309
73 310
73 311
73 312
73 313
73 314
73 315
73 316
73 383
73 395
73 412
73 631
73 636
73 849
73 850
73 851
73 852
73 853
73 854
73 859
73 861
73 868
73 870
73 885
73 980
73 1004
73 1007
73 1029
73 1110
73 1114
73 1115
73 1116
73 1117
73 1239
73 1247
74 15
74 22
74 23
74 28
74 100
74 118
74 124
74 151
74 152
74 154
74 163
74 274
74 302
74 303
74 383
74 395
74 412
74 474
74 631
74 636
74 841
74 842
74 843
74 847
74 848
74 859
74 861
74 885
74 981
74 1004
74 1007
74 1029
74 1111
74 1112
74 1118
74 1239
74 1247
75 16
75 17
75 22
75 28
75 100
75 118
75 124
75 150
75 163
75 274
75 301
75 302
75 384
75 385
75 386
75 387
75 388
75 395
75 412
75 471
75 472
75 473
75 475
75 476
75 631
75 636
75 840
75 841
75 844
75 846
75 885
75 981
75 1004
75 1007
75 1029
75 1118
75 1239
75 1247
76 18
76 19
76 28
76 100
76 118
76 124
76 150
76 152
76 162
76 163
76 274
76 301
76 389
76 390
76 391
76 392
76 393
76 394
76 395
76 412
76 469
76 470
76 477
76 478
76 631
76 636
76 839
76 840
76 844
76 846
76 884
76 890
76 982
76 1004
76 1007
76 1029
76 1119
76 1239
76 1247
76 1279
77 20
77 27
77 30
77 31
77 32
77 33
77 34
77 35
77 36
77 37
77 38
77 39
77 40
77 41
77 42
77 43
77 44
77 45
77 46
77 47
77 48
77 49
77 50
77 51
77 52
77 53
77 54
77 55
77 56
77 57
77 58
77 59
77 100
77 118
77 124
77 162
77 274
77 300
77 397
77 413
77 469
77 479
77 631
77 636
77 838
77 839
77 844
77 884
77 889
77 891
77 892
77 983
77 984
77 1004
77 1007
77 1029
77 1119
77 1239
77 1247
77 1272
77 1273
77 1274
77 1275
77 1276
77 1277
77 1278
77 1279
78 27
78 29
78 60
78 100
78 118
78 124
78 162
78 274
78 300
78 397
78 413
78 468
78 479
78 631
78 636
78 838
78 845
78 885
78 888
78 892
78 985
78 1004
78 1007
78 1029
78 1119
78 1239
78 1247
78 1256
78 1257
78 1258
78 1259
78 1260
78 1261
78 1262
78 1263
78 1264
78 1265
78 1266
78 1267
78 1268
78 1269
78 1270
78 1271
78 1279
79 27
79 29
79 60
79 100
79 118
79 124
79 163
79 164
79 274
79 299
79 398
79 413
79 468
79 479
79 631
79 636
79 837
79 885
79 886
79 887
79 888
79 893
79 985
79 1004
79 1007
79 1029
79 1120
79 1121
79 1122
79 1123
79 1239
79 1248
79 1249
79 1250
79 1251
79 1252
79 1253
79 1254
79 1255
80 27
80 29
80 60
80 101
80 118
80 124
80 165
80 274
80 299
80 398
80 399
80 413
80 468
80 479
80 631
80 636
80 837
80 886
80 888
80 893
80 894
80 974
80 975
80 976
80 977
80 984
80 985
80 1004
80 1007
80 1029
80 1239
80 1248
81 27
81 29
81 39
81 40
81 41
81 60
81 72
81 73
81 74
81 75
81 76
81 91
81 102
81 103
81 118
81 124
81 166
81 171
81 172
81 274
81 299
81 399
81 413
81 468
81 480
81 631
81 636
81 836
81 837
81 886
81 888
81 895
81 896
81 972
81 973
81 978
81 983
81 984
81 1004
81 1007
81 1011
81 1012
81 1013
81 1014
81 1015
81 1016
81 1017
81 1018
81 1029
81 1123
81 1239
81 1247
82 27
82 29
82 38
82 39
82 42
82 43
82 60
82 66
82 67
82 68
82 69
82 70
82 71
82 77
82 90
82 92
82 93
82 94
82 103
82 104
82 118
82 124
82 166
82 167
82 168
82 169
82 170
82 173
82 174
82 274
82 298
82 399
82 413
82 468
82 480
82 631
82 636
82 836
82 896
82 971
82 972
82 979
82 983
82 1004
82 1007
82 1010
82 1019
82 1029
82 1122
82 1239
82 1247
83 38
83 44
83 45
83 61
83 62
83 63
83 64
83 65
83 77
83 89
83 95
83 104
83 105
83 118
83 124
83 175
83 176
83 274
83 299
83 400
83 413
83 468
83 480
83 631
83 636
83 830
83 831
83 832
83 836
83 896
83 971
83 979
83 982
83 1004
83 1007
83 1019
83 1029
83 1123
83 1124
83 1125
83 1126
83 1127
83 1128
83 1239
83 1247
84 38
84 39
84 45
84 46
84 77
84 89
84 95
84 106
84 118
84 124
84 177
84 178
84 274
84 299
84 400
84 413
84 468
84 480
84 631
84 636
84 655
84 656
84 829
84 833
84 834
84 835
84 836
84 896
84 970
84 979
84 982
84 1004
84 1007
84 1019
84 1029
84 1129
84 1130
84 1239
84 1247
85 40
85 47
85 77
85 89
85 95
85 106
85 118
85 124
85 179
85 274
85 299
85 400
85 413
85 468
85 479
85 631
85 636
85 654
85 657
85 828
85 896
85 970
85 979
85 982
85 1004
85 1007
85 1019
85 1029
85 1130
85 1239
85 1247
86 41
86 48
86 78
86 79
86 89
86 96
86 106
86 118
86 124
86 180
86 242
86 243
86 244
86 245
86 246
86 247
86 248
86 249
86 274
86 300
86 400
86 415
86 416
86 417
86 418
86 419
86 420
86 421
86 422
86 423
86 424
86 425
86 426
86 427
86 428
86 429
86 430
86 431
86 432
86 433
86 434
86 435
86 436
86 437
86 438
86 439
86 440
86 441
86 442
86 443
86 444
86 445
86 446
86 447
86 448
86 449
86 450
86 451
86 452
86 453
86 454
86 455
86 456
86 457
86 458
86 459
86 460
86 461
86 462
86 463
86 464
86 465
86 466
86 467
86 468
86 469
86 470
86 471
86 472
86 473
86 479
86 575
86 576
86 577
86 578
86 579
86 580
86 581
86 582
86 583
86 584
86 585
86 586
86 587
86 588
86 589
86 590
86 591
86 592
86 631
86 636
86 647
86 648
86 649
86 650
86 651
86 652
86 653
86 658
86 828
86 897
86 970
86 980
86 982
86 1004
86 1007
86 1019
86 1029
86 1131
86 1239
86 1247
87 41
87 42
87 48
87 49
87 80
87 81
87 89
87 96
87 98
87 106
87 118
87 124
87 181
87 241
87 250
87 251
87 252
87 274
87 300
87 301
87 400
87 414
87 474
87 479
87 574
87 593
87 594
87 595
87 596
87 597
87 598
87 599
87 600
87 601
87 602
87 603
87 630
87 631
87 637
87 638
87 641
87 642
87 643
87 644
87 645
87 646
87 658
87 659
87 828
87 897
87 898
87 899
87 900
87 901
87 902
87 970
87 980
87 981
87 982
87 1004
87 1007
87 1019
87 1029
87 1131
87 1239
87 1247
88 43
88 44
88 50
88 51
88 82
88 89
88 95
88 99
88 100
88 101
88 102
88 103
88 104
88 105
88 107
88 108
88 118
88 124
88 181
88 188
88 189
88 190
88 191
88 241
88 253
88 254
88 274
88 301
88 302
88 303
88 400
88 413
88 474
88 479
88 574
88 593
88 604
88 605
88 606
88 607
88 608
88 609
88 610
88 611
88 612
88 613
88 614
88 615
88 616
88 617
88 618
88 619
88 620
88 621
88 622
88 623
88 624
88 625
88 626
88 627
88 628
88 629
88 639
88 640
88 659
88 827
88 902
88 903
88 956
88 957
88 958
88 959
88 970
88 1004
88 1007
88 1019
88 1029
88 1132
88 1239
88 1247
89 45
89 46
89 52
89 53
89 83
89 89
89 95
89 108
89 117
89 124
89 182
89 186
89 187
89 192
89 241
89 255
89 256
89 274
89 304
89 305
89 400
89 413
89 474
89 480
89 574
89 575
89 582
89 583
89 584
89 585
89 586
89 593
89 659
89 827
89 903
89 904
89 956
89 960
89 961
89 970
89 1004
89 1007
89 1019
89 1029
89 1132
89 1239
89 1247
89 1264
89 1265
89 1266
89 1267
89 1268
89 1269
89 1270
89 1271
89 1272
89 1273
89 1274
89 1275
89 1276
89 1277
89 1278
89 1279
90 46
90 47
90 53
90 54
90 83
90 84
90 89
90 95
90 106
90 107
90 108
90 117
90 124
90 182
90 186
90 192
90 210
90 211
90 212
90 213
90 238
90 239
90 240
90 241
90 257
90 258
90 274
90 306
90 307
90 308
90 309
90 310
90 399
90 414
90 415
90 416
90 417
90 418
90 419
90 420
90 421
90 422
90 423
90 424
90 425
90 426
90 427
90 428
90 429
90 430
90 431
90 432
90 433
90 434
90 435
90 436
90 437
90 438
90 439
90 440
90 441
90 442
90 443
90 444
90 445
90 446
90 447
90 448
90 449
90 450
90 451
90 452
90 453
90 454
90 455
90 456
90 457
90 458
90 459
90 460
90 461
90 462
90 463
90 464
90 465
90 466
90 467
90 470
90 471
90 472
90 473
90 474
90 480
90 576
90 577
90 578
90 579
90 580
90 581
90 587
90 588
90 589
90 590
90 591
90 592
90 593
90 594
90 595
90 596
90 597
90 598
90 599
90 600
90 601
90 638
90 639
90 640
90 641
90 642
90 643
90 644
90 645
90 646
90 647
90 648
90 649
90 650
90 651
90 652
90 653
90 654
90 655
90 656
90 657
90 658
90 659
90 818
90 819
90 820
90 821
90 826
90 904
90 955
90 961
90 969
90 970
90 1004
90 1007
90 1019
90 1029
90 1132
90 1239
90 1248
90 1249
90 1250
90 1251
90 1252
90 1253
90 1254
90 1255
90 1256
90 1257
90 1260
90 1261
90 1262
90 1263
91 48
91 49
91 55
91 56
91 84
91 89
91 95
91 117
91 124
91 182
91 185
91 192
91 208
91 209
91 214
91 215
91 237
91 258
91 274
91 311
91 312
91 314
91 399
91 468
91 469
91 480
91 602
91 603
91 604
91 605
91 606
91 607
91 608
91 609
91 610
91 611
91 612
91 613
91 619
91 620
91 621
91 622
91 623
91 624
91 625
91 626
91 627
91 628
91 629
91 630
91 631
91 637
91 818
91 822
91 823
91 826
91 904
91 955
91 962
91 968
91 969
91 1004
91 1007
91 1019
91 1029
91 1129
91 1130
91 1131
91 1132
91 1239
91 1248
91 1258
91 1259
92 49
92 50
92 56
92 57
92 85
92 86
92 87
92 88
92 89
92 95
92 117
92 124
92 182
92 185
92 192
92 208
92 215
92 216
92 217
92 236
92 258
92 274
92 312
92 315
92 398
92 399
92 413
92 468
92 480
92 614
92 618
92 631
92 636
92 818
92 824
92 825
92 826
92 904
92 954
92 962
92 967
92 968
92 1004
92 1007
92 1019
92 1029
92 1126
92 1127
92 1128
92 1239
92 1247
92 1257
92 1258
93 51
93 52
93 58
93 59
93 89
93 95
93 98
93 117
93 124
93 182
93 184
93 192
93 207
93 218
93 235
93 258
93 274
93 315
93 397
93 398
93 413
93 468
93 479
93 480
93 614
93 617
93 631
93 636
93 819
93 903
93 904
93 918
93 919
93 920
93 954
93 963
93 967
93 1004
93 1007
93 1019
93 1029
93 1124
93 1125
93 1239
93 1247
93 1255
93 1256
94 53
94 54
94 60
94 61
94 89
94 95
94 98
94 99
94 117
94 124
94 193
94 207
94 218
94 234
94 259
94 274
94 316
94 393
94 396
94 413
94 468
94 479
94 614
94 617
94 631
94 636
94 714
94 715
94 819
94 901
94 902
94 918
94 920
94 921
94 954
94 963
94 966
94 1004
94 1007
94 1019
94 1029
94 1122
94 1123
94 1239
94 1247
94 1254
94 1255
95 54
95 55
95 61
95 62
95 89
95 96
95 97
95 101
95 102
95 103
95 117
95 124
95 194
95 195
95 196
95 207
95 218
95 231
95 232
95 233
95 234
95 259
95 274
95 316
95 389
95 390
95 391
95 392
95 394
95 413
95 468
95 479
95 614
95 617
95 631
95 636
95 712
95 713
95 716
95 717
95 718
95 719
95 720
95 721
95 722
95 723
95 724
95 725
95 819
95 901
95 918
95 921
95 954
95 964
95 966
95 1004
95 1007
95 1019
95 1029
95 1121
95 1122
95 1239
95 1247
95 1252
95 1253
96 56
96 57
96 63
96 64
96 89
96 96
96 98
96 104
96 117
96 124
96 197
96 207
96 218
96 224
96 225
96 226
96 227
96 228
96 229
96 230
96 260
96 274
96 316
96 385
96 386
96 387
96 388
96 394
96 413
96 468
96 479
96 614
96 617
96 631
96 636
96 711
96 712
96 726
96 727
96 819
96 901
96 905
96 906
96 907
96 908
96 909
96 910
96 911
96 912
96 913
96 914
96 915
96 916
96 917
96 922
96 953
96 964
96 965
96 966
96 1004
96 1007
96 1019
96 1029
96 1121
96 1222
96 1223
96 1224
96 1225
96 1226
96 1227
96 1228
96 1229
96 1230
96 1231
96 1232
96 1239
96 1247
96 1251
96 1252
97 57
97 58
97 65
97 66
97 89
97 95
97 101
97 102
97 117
97 124
97 197
97 198
97 207
97 218
97 224
97 260
97 274
97 316
97 383
97 384
97 394
97 413
97 468
97 480
97 614
97 617
97 631
97 636
97 711
97 728
97 729
97 730
97 731
97 732
97 733
97 820
97 902
97 903
97 904
97 922
97 923
97 935
97 936
97 953
97 1004
97 1007
97 1019
97 1029
97 1120
97 1221
97 1233
97 1234
97 1239
97 1247
97 1249
97 1250
98 59
98 60
98 66
98 67
98 68
98 89
98 95
98 106
98 117
98 124
98 196
98 199
98 200
98 205
98 206
98 207
98 217
98 223
98 261
98 274
98 319
98 320
98 321
98 360
98 361
98 362
98 383
98 394
98 413
98 468
98 480
98 614
98 617
98 631
98 636
98 705
98 706
98 707
98 708
98 709
98 710
98 734
98 735
98 816
98 817
98 818
98 924
98 925
98 929
98 930
98 931
98 932
98 933
98 934
98 937
98 953
98 1004
98 1007
98 1019
98 1029
98 1120
98 1122
98 1221
98 1234
98 1239
98 1248
98 1249
99 61
99 62
99 69
99 70
99 89
99 95
99 104
99 117
99 124
99 200
99 204
99 218
99 223
99 261
99 274
99 317
99 318
99 322
99 323
99 324
99 325
99 326
99 359
99 362
99 382
99 394
99 413
99 468
99 480
99 614
99 617
99 631
99 636
99 703
99 704
99 735
99 736
99 788
99 789
99 790
99 791
99 799
99 814
99 815
99 925
99 926
99 927
99 928
99 937
99 953
99 1004
99 1007
99 1019
99 1029
99 1123
99 1124
99 1221
99 1222
99 1235
99 1236
99 1237
99 1239
99 1248
100 62
100 63
100 70
100 71
100 89
100 95
100 117
100 124
100 201
100 203
100 219
100 223
100 260
100 274
100 327
100 359
100 362
100 382
100 394
100 413
100 468
100 480
100 614
100 617
100 631
100 636
100 701
100 702
100 737
100 738
100 787
100 792
100 797
100 798
100 800
100 801
100 802
100 807
100 808
100 813
100 938
100 953
100 1004
100 1007
100 1019
100 1029
100 1125
100 1222
100 1223
100 1239
100 1247
100 1279
101 64
101 65
101 72
101 73
101 89
101 95
101 117
101 124
101 201
101 202
101 203
101 219
101 222
101 260
101 262
101 263
101 274
101 328
101 359
101 362
101 382
101 394
101 413
101 468
101 480
101 614
101 617
101 631
101 636
101 700
101 739
101 740
101 786
101 793
101 796
101 797
101 803
101 804
101 805
101 806
101 809
101 810
101 812
101 939
101 940
101 941
101 942
101 943
101 944
101 945
101 946
101 953
101 1004
101 1007
101 1019
101 1029
101 1125
101 1223
101 1224
101 1239
101 1277
101 1278
102 39
102 40
102 41
102 42
102 43
102 44
102 45
102 46
102 47
102 48
102 49
102 50
102 51
102 52
102 53
102 54
102 65
102 66
102 67
102 68
102 74
102 75
102 89
102 95
102 117
102 124
102 220
102 221
102 222
102 264
102 274
102 328
102 329
102 382
102 394
102 413
102 468
102 479
102 480
102 614
102 617
102 631
102 636
102 699
102 740
102 741
102 786
102 793
102 794
102 795
102 796
102 810
102 813
102 947
102 948
102 953
102 1004
102 1007
102 1019
102 1029
102 1125
102 1224
102 1225
102 1239
102 1248
102 1249
102 1250
102 1274
102 1275
102 1276
103 38
103 55
103 56
103 57
103 58
103 59
103 60
103 61
103 62
103 63
103 64
103 68
103 75
103 76
103 89
103 95
103 117
103 124
103 264
103 274
103 329
103 376
103 377
103 378
103 379
103 380
103 381
103 382
103 394
103 413
103 469
103 478
103 479
103 614
103 617
103 631
103 636
103 698
103 699
103 742
103 784
103 785
103 811
103 814
103 815
103 949
103 950
103 951
103 952
103 953
103 1004
103 1007
103 1019
103 1029
103 1124
103 1125
103 1226
103 1227
103 1228
103 1229
103 1239
103 1247
103 1251
103 1252
103 1270
103 1271
103 1272
103 1273
104 37
104 66
104 67
104 68
104 77
104 78
104 89
104 95
104 117
104 124
104 264
104 274
104 329
104 349
104 350
104 351
104 352
104 375
104 394
104 413
104 470
104 471
104 472
104 473
104 474
104 475
104 476
104 477
104 478
104 614
104 617
104 631
104 636
104 698
104 743
104 783
104 812
104 815
104 1004
104 1007
104 1019
104 1029
104 1123
104 1230
104 1231
104 1239
104 1247
104 1253
104 1254
104 1268
104 1269
105 37
105 78
105 79
105 89
105 95
105 117
105 124
105 264
105 274
105 329
105 332
105 333
105 334
105 335
105 336
105 337
105 338
105 339
105 340
105 341
105 342
105 343
105 344
105 345
105 346
105 347
105 348
105 353
105 374
105 394
105 413
105 614
105 617
105 631
105 636
105 692
105 693
105 694
105 695
105 696
105 697
105 743
105 744
105 745
105 775
105 776
105 782
105 813
105 815
105 1004
105 1007
105 1019
105 1029
105 1123
105 1231
105 1232
105 1233
105 1239
105 1247
105 1254
105 1255
105 1266
105 1267
106 38
106 39
106 40
106 41
106 42
106 43
106 44
106 45
106 46
106 47
106 48
106 49
106 50
106 51
106 52
106 53
106 54
106 55
106 56
106 57
106 58
106 59
106 60
106 61
106 62
106 63
106 64
106 65
106 66
106 67
106 68
106 69
106 70
106 71
106 72
106 73
106 80
106 81
106 89
106 95
106 117
106 124
106 265
106 274
106 329
106 353
106 374
106 394
106 413
106 614
106 617
106 631
106 636
106 691
106 746
106 747
106 773
106 774
106 777
106 778
106 779
106 780
106 781
106 782
106 813
106 815
106 1004
106 1007
106 1019
106 1029
106 1171
106 1172
106 1173
106 1174
106 1175
106 1176
106 1177
106 1178
106 1179
106 1239
106 1247
106 1255
106 1256
106 1257
106 1265
106 1266
107 74
107 75
107 82
107 83
107 89
107 95
107 117
107 124
107 265
107 274
107 329
107 353
107 364
107 367
107 368
107 369
107 370
107 371
107 372
107 373
107 374
107 394
107 413
107 614
107 617
107 631
107 636
107 690
107 748
107 749
107 750
107 773
107 1004
107 1007
107 1019
107 1029
107 1124
107 1125
107 1126
107 1127
107 1128
107 1129
107 1130
107 1131
107 1132
107 1133
107 1134
107 1135
107 1136
107 1137
107 1138
107 1139
107 1140
107 1141
107 1142
107 1143
107 1144
107 1145
107 1146
107 1147
107 1148
107 1149
107 1153
107 1170
107 1180
107 1225
107 1226
107 1227
107 1228
107 1229
107 1230
107 1232
107 1233
107 1239
107 1247
107 1258
107 1259
107 1260
107 1261
107 1262
107 1263
107 1264
108 76
108 77
108 83
108 84
108 89
108 95
108 117
108 124
108 265
108 272
108 274
108 329
108 353
108 366
108 394
108 413
108 614
108 617
108 631
108 636
108 690
108 772
108 1004
108 1007
108 1019
108 1029
108 1149
108 1150
108 1152
108 1154
108 1155
108 1156
108 1157
108 1158
108 1159
108 1160
108 1161
108 1162
108 1163
108 1164
108 1165
108 1166
108 1167
108 1168
108 1169
108 1180
108 1223
108 1224
108 1239
108 1246
109 78
109 79
109 85
109 86
109 89
109 95
109 117
109 124
109 266
109 267
109 268
109 269
109 270
109 271
109 272
109 274
109 329
109 353
109 365
109 394
109 413
109 614
109 617
109 631
109 636
109 686
109 687
109 688
109 689
109 750
109 772
109 1004
109 1007
109 1020
109 1021
109 1022
109 1023
109 1024
109 1025
109 1026
109 1027
109 1028
109 1029
109 1124
109 1144
109 1145
109 1146
109 1147
109 1148
109 1149
109 1155
109 1181
109 1182
109 1183
109 1184
109 1185
109 1186
109 1187
109 1188
109 1189
109 1190
109 1191
109 1192
109 1193
109 1194
109 1195
109 1196
109 1197
109 1198
109 1199
109 1221
109 1222
109 1239
109 1245
110 79
110 80
110 86
110 87
110 95
110 117
110 124
110 274
110 329
110 353
110 365
110 394
110 413
110 614
110 617
110 631
110 636
110 686
110 749
110 772
110 1004
110 1008
110 1009
110 1124
110 1139
110 1155
110 1200
110 1201
110 1202
110 1203
110 1204
110 1205
110 1206
110 1207
110 1208
110 1209
110 1210
110 1211
110 1212
110 1213
110 1214
110 1215
110 1216
110 1217
110 1218
110 1219
110 1220
110 1239
110 1245
111 81
111 82
111 88
111 89
111 95
111 117
111 124
111 274
111 329
111 353
111 365
111 394
111 413
111 614
111 617
111 631
111 636
111 685
111 749
111 772
111 1004
111 1019
111 1123
111 1124
111 1156
111 1239
111 1245
112 82
112 83
112 89
112 95
112 117
112 124
112 274
112 329
112 353
112 365
112 394
112 413
112 614
112 617
112 631
112 636
112 684
112 685
112 749
112 765
112 771
112 772
112 1004
112 1007
112 1019
112 1123
112 1140
112 1141
112 1157
112 1158
112 1215
112 1216
112 1217
112 1239
112 1245
113 84
113 85
113 89
113 95
113 117
113 124
113 274
113 329
113 353
113 365
113 394
113 413
113 585
113 586
113 614
113 617
113 631
113 636
113 683
113 748
113 763
113 764
113 766
113 767
113 768
113 769
113 770
113 1004
113 1007
113 1019
113 1122
113 1138
113 1139
113 1158
113 1159
113 1212
113 1213
113 1214
113 1239
113 1245
114 86
114 87
114 94
114 117
114 124
114 274
114 329
114 353
114 365
114 394
114 413
114 581
114 582
114 583
114 584
114 587
114 588
114 589
114 590
114 614
114 617
114 630
114 637
114 682
114 748
114 762
114 763
114 1004
114 1007
114 1019
114 1122
114 1130
114 1131
114 1137
114 1138
114 1159
114 1160
114 1210
114 1211
114 1239
114 1245
115 87
115 88
115 95
115 96
115 97
115 98
115 99
115 100
115 101
115 102
115 103
115 104
115 105
115 106
115 107
115 108
115 109
115 110
115 111
115 112
115 113
115 114
115 115
115 116
115 118
115 124
115 274
115 329
115 353
115 365
115 394
115 413
115 581
115 591
115 592
115 593
115 594
115 595
115 596
115 597
115 598
115 599
115 600
115 601
115 602
115 603
115 604
115 605
115 606
115 607
115 608
115 609
115 610
115 611
115 612
115 613
115 614
115 618
115 619
115 620
115 621
115 622
115 625
115 626
115 627
115 628
115 629
115 638
115 682
115 748
115 761
115 762
115 1004
115 1007
115 1019
115 1122
115 1123
115 1124
115 1125
115 1126
115 1127
115 1128
115 1129
115 1132
115 1133
115 1134
115 1135
115 1136
115 1161
115 1162
115 1208
115 1209
115 1239
115 1245
116 62
116 63
116 64
116 65
116 88
116 118
116 119
116 124
116 274
116 329
116 353
116 365
116 394
116 413
116 581
116 594
116 623
116 624
116 638
116 639
116 681
116 748
116 759
116 760
116 1004
116 1007
116 1019
116 1081
116 1082
116 1083
116 1162
116 1163
116 1208
116 1239
116 1245
117 61
117 66
117 88
117 119
117 123
117 274
117 329
117 344
117 345
117 346
117 347
117 353
117 365
117 394
117 413
117 469
117 470
117 471
117 472
117 473
117 474
117 475
117 476
117 477
117 478
117 479
117 480
117 481
117 482
117 485
117 486
117 487
117 488
117 489
117 490
117 491
117 492
117 493
117 494
117 495
117 496
117 497
117 582
117 588
117 589
117 623
117 639
117 681
117 749
117 753
117 754
117 758
117 1004
117 1007
117 1019
117 1080
117 1084
117 1163
117 1164
117 1165
117 1207
117 1239
117 1245
118 60
118 66
118 88
118 119
118 123
118 274
118 328
118 333
118 334
118 335
118 336
118 337
118 338
118 339
118 343
118 347
118 353
118 365
118 394
118 413
118 467
118 468
118 483
118 484
118 582
118 583
118 586
118 587
118 590
118 591
118 592
118 593
118 594
118 595
118 596
118 597
118 598
118 599
118 619
118 620
118 621
118 622
118 623
118 624
118 625
118 640
118 680
118 681
118 749
118 752
118 753
118 755
118 756
118 757
118 1004
118 1007
118 1019
118 1079
118 1085
118 1086
118 1087
118 1088
118 1089
118 1090
118 1091
118 1166
118 1167
118 1175
118 1207
118 1239
118 1245
119 60
119 66
119 88
119 119
119 123
119 274
119 328
119 331
119 332
119 340
119 341
119 342
119 348
119 353
119 366
119 394
119 413
119 466
119 467
119 483
119 497
119 584
119 585
119 586
119 600
119 601
119 602
119 603
119 604
119 605
119 606
119 612
119 613
119 618
119 641
119 642
119 679
119 750
119 751
119 752
119 1004
119 1007
119 1019
119 1079
119 1085
119 1092
119 1167
119 1168
119 1169
119 1170
119 1171
119 1172
119 1173
119 1174
119 1176
119 1177
119 1178
119 1206
119 1239
119 1245
120 60
120 66
120 88
120 120
120 123
120 274
120 328
120 331
120 348
120 349
120 353
120 366
120 394
120 413
120 441
120 442
120 443
120 444
120 466
120 479
120 480
120 481
120 482
120 483
120 484
120 485
120 486
120 487
120 488
120 489
120 490
120 491
120 492
120 493
120 494
120 495
120 496
120 607
120 611
120 614
120 617
120 624
120 625
120 642
120 643
120 679
120 1004
120 1007
120 1019
120 1079
120 1093
120 1179
120 1180
120 1206
120 1239
120 1245
121 60
121 66
121 88
121 120
121 123
121 274
121 329
121 349
121 350
121 353
121 366
121 368
121 394
121 413
121 438
121 439
121 440
121 445
121 446
121 465
121 471
121 472
121 473
121 474
121 475
121 476
121 477
121 478
121 607
121 610
121 614
121 617
121 622
121 623
121 643
121 644
121 679
121 1004
121 1007
121 1019
121 1079
121 1093
121 1094
121 1181
121 1182
121 1206
121 1239
121 1245
122 60
122 66
122 88
122 120
122 123
122 274
122 329
122 351
122 353
122 365
122 368
122 369
122 370
122 371
122 372
122 373
122 393
122 394
122 413
122 436
122 437
122 447
122 465
122 470
122 607
122 610
122 614
122 617
122 622
122 644
122 645
122 680
122 1004
122 1007
122 1019
122 1079
122 1095
122 1096
122 1097
122 1182
122 1183
122 1206
122 1239
122 1245
123 60
123 66
123 88
123 95
123 96
123 97
123 98
123 99
123 100
123 101
123 102
123 103
123 104
123 105
123 106
123 107
123 108
123 109
123 110
123 111
123 112
123 113
123 114
123 115
123 116
123 119
123 120
123 123
123 264
123 265
123 266
123 274
123 329
123 353
123 365
123 374
123 375
123 391
123 392
123 394
123 413
123 436
123 447
123 465
123 469
123 607
123 610
123 614
123 617
123 622
123 623
123 645
123 1004
123 1007
123 1019
123 1079
123 1098
123 1183
123 1207
123 1239
123 1245
124 60
124 66
124 88
124 95
124 118
124 123
124 263
124 267
124 274
124 328
124 353
124 365
124 376
124 377
124 383
124 384
124 385
124 390
124 394
124 413
124 435
124 447
124 449
124 450
124 451
124 465
124 469
124 607
124 610
124 614
124 617
124 623
124 624
124 644
124 645
124 677
124 678
124 1004
124 1007
124 1019
124 1079
124 1098
124 1184
124 1207
124 1239
124 1245
125 60
125 66
125 88
125 94
125 117
125 123
125 263
125 267
125 274
125 328
125 353
125 365
125 378
125 379
125 380
125 381
125 382
125 389
125 394
125 414
125 415
125 435
125 452
125 465
125 469
125 607
125 610
125 614
125 617
125 624
125 625
125 643
125 644
125 675
125 676
125 1004
125 1007
125 1019
125 1079
125 1098
125 1184
125 1185
125 1208
125 1239
125 1245
126 60
126 66
126 88
126 94
126 117
126 123
126 263
126 267
126 274
126 328
126 353
126 365
126 385
126 389
126 394
126 414
126 416
126 417
126 434
126 452
126 465
126 469
126 607
126 610
126 614
126 617
126 626
126 627
126 642
126 643
126 675
126 1004
126 1007
126 1019
126 1079
126 1098
126 1185
126 1186
126 1239
126 1245
127 60
127 66
127 88
127 94
127 117
127 123
127 263
127 267
127 274
127 328
127 353
127 365
127 386
127 388
127 394
127 413
127 417
127 434
127 453
127 465
127 469
127 607
127 610
127 614
127 617
127 627
127 628
127 641
127 642
127 674
127 1004
127 1007
127 1019
127 1079
127 1096
127 1097
127 1186
127 1205
127 1206
127 1207
127 1239
127 1245
128 60
128 66
128 88
128 94
128 117
128 123
128 263
128 267
128 274
128 328
128 353
128 365
128 386
128 394
128 413
128 417
128 433
128 454
128 465
128 469
128 607
128 610
128 614
128 617
128 628
128 640
128 673
128 886
128 887
128 1004
128 1007
128 1019
128 1079
128 1095
128 1186
128 1204
128 1239
128 1245
129 60
129 66
129 88
129 94
129 117
129 123
129 263
129 267
129 274
129 328
129 353
129 365
129 387
129 388
129 394
129 413
129 418
129 433
129 454
129 465
129 469
129 607
129 610
129 614
129 617
129 629
129 636
129 639
129 672
129 885
129 888
129 1004
129 1007
129 1019
129 1079
129 1094
129 1187
129 1197
129 1198
129 1199
129 1200
129 1201
129 1202
129 1203
129 1239
129 1245
130 60
130 66
130 88
130 94
130 117
130 123
130 210
130 211
130 212
130 220
130 221
130 222
130 263
130 267
130 274
130 328
130 353
130 365
130 394
130 413
130 418
130 419
130 420
130 421
130 422
130 433
130 455
130 456
130 457
130 458
130 465
130 469
130 586
130 587
130 588
130 607
130 610
130 614
130 617
130 629
130 630
130 636
130 639
130 672
130 884
130 888
130 1004
130 1007
130 1019
130 1079
130 1094
130 1096
130 1097
130 1187
130 1188
130 1195
130 1196
130 1239
130 1245
131 60
131 66
131 88
131 94
131 117
131 123
131 209
131 213
131 218
131 219
131 263
131 267
131 274
131 328
131 352
131 365
131 394
131 413
131 423
131 432
131 459
131 460
131 465
131 469
131 513
131 514
131 515
131 585
131 589
131 590
131 593
131 594
131 595
131 607
131 611
131 614
131 619
131 630
131 636
131 638
131 639
131 672
131 883
131 888
131 1004
131 1007
131 1019
131 1079
131 1098
131 1188
131 1189
131 1190
131 1191
131 1192
131 1193
131 1194
131 1195
131 1239
131 1245
132 60
132 66
132 88
132 94
132 117
132 123
132 208
132 213
132 218
132 222
132 263
132 267
132 274
132 310
132 317
132 328
132 352
132 365
132 394
132 413
132 423
132 432
132 461
132 462
132 465
132 469
132 501
132 502
132 503
132 504
132 505
132 506
132 507
132 508
132 509
132 510
132 511
132 512
132 516
132 517
132 518
132 519
132 520
132 585
132 591
132 596
132 597
132 598
132 599
132 600
132 601
132 602
132 603
132 604
132 605
132 606
132 607
132 612
132 613
132 618
132 620
132 621
132 630
132 637
132 638
132 672
132 883
132 888
132 984
132 985
132 1004
132 1007
132 1019
132 1079
132 1098
132 1239
132 1245
133 60
133 66
133 88
133 94
133 117
133 123
133 207
133 208
133 213
133 217
133 221
133 263
133 267
133 275
133 276
133 277
133 278
133 279
133 280
133 281
133 282
133 283
133 284
133 285
133 286
133 287
133 288
133 289
133 290
133 291
133 292
133 293
133 294
133 295
133 296
133 297
133 298
133 299
133 300
133 310
133 317
133 328
133 352
133 365
133 394
133 413
133 423
133 432
133 462
133 465
133 469
133 499
133 500
133 511
133 521
133 585
133 586
133 587
133 588
133 589
133 591
133 617
133 621
133 630
133 637
133 672
133 883
133 888
133 983
133 986
133 1004
133 1007
133 1019
133 1079
133 1098
133 1239
133 1245
134 28
134 29
134 30
134 31
134 60
134 66
134 88
134 94
134 117
134 123
134 206
134 209
134 214
134 217
134 221
134 263
134 267
134 301
134 302
134 303
134 304
134 305
134 306
134 307
134 308
134 309
134 310
134 318
134 319
134 320
134 321
134 322
134 323
134 324
134 325
134 326
134 327
134 328
134 352
134 365
134 394
134 413
134 424
134 425
134 432
134 463
134 465
134 469
134 499
134 511
134 521
134 593
134 594
134 595
134 596
134 612
134 613
134 614
134 618
134 619
134 620
134 621
134 630
134 636
134 673
134 883
134 888
134 982
134 986
134 1004
134 1007
134 1019
134 1079
134 1097
134 1239
134 1245
135 27
135 28
135 31
135 54
135 55
135 56
135 57
135 58
135 59
135 60
135 62
135 63
135 66
135 88
135 94
135 117
135 123
135 201
135 202
135 205
135 209
135 214
135 216
135 220
135 263
135 267
135 352
135 365
135 394
135 413
135 426
135 427
135 430
135 431
135 463
135 465
135 469
135 498
135 503
135 504
135 505
135 506
135 507
135 508
135 509
135 510
135 511
135 512
135 513
135 514
135 515
135 516
135 517
135 518
135 519
135 520
135 521
135 598
135 599
135 604
135 605
135 606
135 611
135 636
135 674
135 675
135 883
135 888
135 982
135 986
135 1004
135 1007
135 1019
135 1079
135 1097
135 1239
135 1245
136 27
136 31
136 52
136 53
136 64
136 67
136 68
136 69
136 70
136 71
136 72
136 73
136 74
136 88
136 94
136 117
136 123
136 200
136 203
136 209
136 214
136 216
136 220
136 263
136 267
136 310
136 317
136 352
136 365
136 394
136 413
136 428
136 429
136 430
136 465
136 469
136 498
136 502
136 600
136 603
136 607
136 610
136 614
136 617
136 627
136 628
136 629
136 630
136 636
136 676
136 883
136 888
136 982
136 986
136 1004
136 1007
136 1019
136 1079
136 1096
136 1097
136 1239
136 1245
137 26
137 31
137 51
137 52
137 64
137 67
137 75
137 88
137 94
137 117
137 123
137 199
137 203
137 209
137 220
137 221
137 222
137 223
137 224
137 225
137 263
137 267
137 310
137 317
137 337
137 338
137 339
137 352
137 365
137 394
137 413
137 465
137 469
137 498
137 501
137 600
137 607
137 610
137 614
137 617
137 626
137 627
137 630
137 636
137 676
137 883
137 888
137 982
137 986
137 1003
137 1007
137 1019
137 1079
137 1094
137 1095
137 1239
137 1245
138 26
138 31
138 50
138 51
138 64
138 76
138 77
138 78
138 88
138 94
138 117
138 123
138 199
138 203
138 209
138 226
138 263
138 267
138 310
138 317
138 336
138 352
138 365
138 394
138 413
138 465
138 469
138 498
138 501
138 600
138 607
138 610
138 614
138 617
138 626
138 630
138 636
138 676
138 883
138 888
138 982
138 986
138 1003
138 1007
138 1019
138 1055
138 1056
138 1079
138 1094
138 1239
138 1245
139 26
139 31
139 48
139 49
139 64
139 79
139 88
139 94
139 117
139 123
139 199
139 203
139 209
139 226
139 263
139 267
139 310
139 317
139 335
139 340
139 341
139 342
139 343
139 344
139 352
139 365
139 394
139 413
139 465
139 469
139 498
139 501
139 583
139 584
139 587
139 588
139 589
139 600
139 603
139 605
139 606
139 610
139 614
139 617
139 625
139 630
139 636
139 675
139 883
139 888
139 982
139 986
139 1003
139 1007
139 1019
139 1054
139 1057
139 1079
139 1093
139 1239
139 1245
140 26
140 31
140 47
140 64
140 80
140 88
140 94
140 117
140 123
140 199
140 203
140 209
140 226
140 262
140 267
140 310
140 317
140 335
140 340
140 345
140 346
140 347
140 348
140 352
140 365
140 394
140 413
140 465
140 469
140 498
140 502
140 503
140 504
140 505
140 509
140 510
140 511
140 512
140 581
140 582
140 585
140 590
140 591
140 592
140 593
140 594
140 595
140 596
140 597
140 598
140 599
140 600
140 603
140 604
140 607
140 610
140 614
140 617
140 625
140 630
140 636
140 675
140 888
140 982
140 986
140 1003
140 1007
140 1019
140 1053
140 1057
140 1079
140 1094
140 1239
140 1245
141 26
141 30
141 32
141 33
141 34
141 35
141 36
141 46
141 64
141 81
141 82
141 88
141 94
141 117
141 123
141 161
141 162
141 199
141 203
141 209
141 226
141 262
141 267
141 310
141 317
141 335
141 339
141 349
141 352
141 365
141 394
141 413
141 465
141 469
141 491
141 492
141 493
141 494
141 495
141 496
141 497
141 498
141 502
141 506
141 507
141 508
141 513
141 514
141 515
141 516
141 517
141 518
141 519
141 520
141 581
141 603
141 607
141 610
141 614
141 617
141 625
141 630
141 636
141 674
141 730
141 731
141 732
141 733
141 734
141 735
141 736
141 737
141 738
141 739
141 740
141 741
141 742
141 743
141 744
141 745
141 746
141 747
141 748
141 749
141 750
141 751
141 752
141 753
141 754
141 755
141 756
141 757
141 758
141 759
141 760
141 761
141 762
141 763
141 764
141 765
141 766
141 767
141 768
141 769
141 770
141 771
141 772
141 773
141 774
141 775
141 776
141 777
141 778
141 883
141 888
141 982
141 987
141 988
141 989
141 990
141 991
141 992
141 993
141 994
141 995
141 996
141 1003
141 1007
141 1019
141 1053
141 1057
141 1079
141 1094
141 1239
141 1245
142 26
142 29
142 37
142 46
142 64
142 82
142 88
142 94
142 117
142 123
142 160
142 163
142 199
142 203
142 209
142 221
142 222
142 223
142 224
142 225
142 226
142 262
142 267
142 310
142 317
142 335
142 339
142 350
142 352
142 365
142 394
142 413
142 465
142 469
142 475
142 476
142 477
142 489
142 490
142 498
142 501
142 521
142 522
142 523
142 524
142 586
142 587
142 588
142 589
142 590
142 603
142 604
142 605
142 606
142 607
142 610
142 614
142 617
142 625
142 630
142 636
142 675
142 727
142 728
142 729
142 779
142 883
142 888
142 982
142 987
142 997
142 998
142 1003
142 1007
142 1019
142 1053
142 1057
142 1079
142 1094
142 1239
142 1245
143 26
143 38
143 39
143 47
143 64
143 82
143 88
143 94
143 117
143 123
143 159
143 163
143 199
143 203
143 209
143 220
143 262
143 267
143 310
143 317
143 335
143 339
143 350
143 352
143 365
143 394
143 413
143 465
143 470
143 471
143 474
143 478
143 479
143 480
143 481
143 482
143 483
143 484
143 485
143 486
143 487
143 488
143 498
143 501
143 525
143 526
143 593
143 598
143 599
143 603
143 610
143 614
143 617
143 625
143 630
143 636
143 675
143 725
143 726
143 779
143 888
143 982
143 986
143 998
143 999
143 1003
143 1007
143 1019
143 1053
143 1057
143 1079
143 1094
143 1239
143 1245
144 26
144 40
144 41
144 48
144 49
144 64
144 82
144 88
144 94
144 117
144 123
144 159
144 163
144 199
144 203
144 209
144 219
144 262
144 267
144 310
144 317
144 325
144 326
144 327
144 335
144 339
144 348
144 349
144 350
144 352
144 365
144 394
144 413
144 465
144 470
144 472
144 498
144 501
144 526
144 527
144 593
144 597
144 600
144 607
144 610
144 614
144 617
144 625
144 630
144 636
144 675
144 722
144 723
144 724
144 779
144 883
144 886
144 889
144 982
144 986
144 999
144 1003
144 1007
144 1019
144 1053
144 1057
144 1079
144 1093
144 1239
144 1245
145 26
145 42
145 49
145 50
145 64
145 80
145 81
145 88
145 94
145 117
145 123
145 159
145 163
145 199
145 203
145 209
145 219
145 262
145 267
145 298
145 299
145 310
145 317
145 324
145 325
145 327
145 328
145 335
145 339
145 347
145 352
145 365
145 394
145 413
145 465
145 469
145 498
145 501
145 527
145 528
145 579
145 580
145 581
145 582
145 593
145 596
145 600
145 603
145 607
145 610
145 613
145 617
145 625
145 630
145 636
145 648
145 649
145 676
145 719
145 720
145 721
145 779
145 881
145 882
145 883
145 889
145 977
145 978
145 979
145 980
145 981
145 982
145 986
145 999
145 1003
145 1007
145 1019
145 1053
145 1057
145 1078
145 1093
145 1239
145 1245
146 26
146 43
146 50
146 64
146 80
146 88
146 94
146 116
146 123
146 159
146 163
146 199
146 204
146 205
146 207
146 209
146 219
146 262
146 267
146 297
146 300
146 310
146 317
146 323
146 324
146 328
146 329
146 335
146 339
146 347
146 352
146 365
146 394
146 413
146 465
146 469
146 498
146 501
146 529
146 530
146 579
146 583
146 584
146 585
146 586
146 587
146 588
146 589
146 590
146 591
146 592
146 593
146 597
146 602
146 603
146 604
146 607
146 610
146 613
146 617
146 624
146 630
146 636
146 647
146 648
146 676
146 717
146 718
146 779
146 880
146 889
146 975
146 976
146 986
146 999
146 1003
146 1007
146 1019
146 1053
146 1057
146 1078
146 1094
146 1239
146 1245
147 26
147 43
147 48
147 49
147 50
147 64
147 66
147 79
147 88
147 94
147 116
147 123
147 159
147 163
147 192
147 193
147 194
147 195
147 196
147 199
147 201
147 202
147 210
147 219
147 262
147 267
147 297
147 301
147 302
147 303
147 304
147 305
147 306
147 307
147 308
147 309
147 310
147 311
147 312
147 313
147 314
147 322
147 323
147 329
147 335
147 339
147 347
147 352
147 365
147 394
147 413
147 465
147 469
147 498
147 501
147 530
147 531
147 579
147 580
147 583
147 599
147 600
147 604
147 607
147 610
147 613
147 617
147 625
147 626
147 627
147 628
147 629
147 630
147 636
147 646
147 647
147 649
147 676
147 714
147 715
147 716
147 779
147 879
147 889
147 973
147 974
147 986
147 999
147 1003
147 1007
147 1019
147 1053
147 1057
147 1078
147 1094
147 1239
147 1245
148 26
148 43
148 47
148 63
148 66
148 80
148 88
148 94
148 116
148 123
148 159
148 164
148 165
148 166
148 167
148 168
148 169
148 191
148 197
148 198
148 199
148 208
148 210
148 219
148 262
148 267
148 296
148 301
148 315
148 321
148 322
148 330
148 332
148 333
148 334
148 335
148 339
148 348
148 352
148 365
148 394
148 413
148 465
148 469
148 498
148 501
148 531
148 581
148 582
148 583
148 584
148 585
148 586
148 587
148 599
148 602
148 603
148 604
148 607
148 610
148 613
148 617
148 625
148 636
148 643
148 644
148 645
148 650
148 675
148 712
148 713
148 779
148 879
148 889
148 971
148 972
148 986
148 999
148 1003
148 1007
148 1019
148 1053
148 1058
148 1059
148 1078
148 1094
148 1239
148 1245
149 26
149 42
149 46
149 63
149 66
149 80
149 81
149 88
149 94
149 116
149 123
149 159
149 164
149 170
149 171
149 188
149 189
149 190
149 208
149 210
149 213
149 214
149 220
149 262
149 267
149 296
149 301
149 315
149 320
149 321
149 330
149 331
149 337
149 338
149 339
149 349
149 352
149 365
149 394
149 413
149 465
149 469
149 498
149 501
149 532
149 536
149 537
149 538
149 589
149 592
149 593
149 597
149 603
149 607
149 610
149 613
149 617
149 622
149 623
149 624
149 637
149 638
149 641
149 642
149 650
149 651
149 675
149 711
149 779
149 879
149 880
149 889
149 970
149 986
149 999
149 1003
149 1007
149 1019
149 1053
149 1056
149 1060
149 1061
149 1062
149 1063
149 1064
149 1078
149 1094
149 1239
149 1245
150 26
150 42
150 46
150 63
150 66
150 82
150 88
150 94
150 116
150 123
150 159
150 172
150 187
150 197
150 208
150 210
150 212
150 220
150 262
150 267
150 295
150 302
150 304
150 305
150 306
150 307
150 308
150 310
150 311
150 319
150 320
150 330
150 349
150 352
150 365
150 394
150 413
150 465
150 469
150 498
150 501
150 532
150 533
150 534
150 535
150 539
150 578
150 579
150 580
150 581
150 585
150 586
150 589
150 596
150 600
150 607
150 610
150 613
150 617
150 620
150 621
150 637
150 639
150 640
150 651
150 652
150 667
150 668
150 669
150 675
150 710
150 779
150 881
150 882
150 889
150 970
150 986
150 999
150 1003
150 1007
150 1019
150 1053
150 1065
150 1066
150 1078
150 1094
150 1239
150 1245
151 26
151 41
151 47
151 63
151 66
151 83
151 88
151 94
151 116
151 123
151 155
151 156
151 157
151 158
151 159
151 173
151 186
151 197
151 208
151 210
151 212
151 215
151 221
151 262
151 267
151 295
151 303
151 310
151 316
151 318
151 319
151 330
151 348
151 349
151 352
151 365
151 394
151 413
151 465
151 469
151 498
151 501
151 539
151 578
151 582
151 592
151 593
151 596
151 600
151 607
151 610
151 613
151 618
151 620
151 636
151 639
151 653
151 654
151 666
151 669
151 670
151 671
151 676
151 710
151 779
151 882
151 889
151 971
151 986
151 999
151 1003
151 1007
151 1019
151 1049
151 1050
151 1051
151 1052
151 1066
151 1078
151 1093
151 1239
151 1245
152 26
152 41
152 47
152 48
152 63
152 66
152 83
152 88
152 94
152 116
152 123
152 154
152 161
152 173
152 174
152 186
152 197
152 210
152 215
152 221
152 262
152 267
152 294
152 302
152 310
152 316
152 318
152 330
152 347
152 352
152 365
152 394
152 413
152 465
152 469
152 498
152 501
152 539
152 578
152 582
152 596
152 600
152 607
152 610
152 613
152 618
152 620
152 621
152 636
152 640
152 641
152 654
152 655
152 665
152 672
152 673
152 674
152 676
152 710
152 779
152 880
152 881
152 882
152 889
152 971
152 986
152 1000
152 1003
152 1007
152 1009
152 1019
152 1047
152 1048
152 1066
152 1078
152 1092
152 1239
152 1245
153 26
153 41
153 48
153 63
153 66
153 83
153 88
153 94
153 116
153 123
153 153
153 161
153 175
153 176
153 187
153 197
153 210
153 216
153 221
153 262
153 267
153 294
153 303
153 310
153 316
153 317
153 318
153 319
153 330
153 346
153 352
153 365
153 394
153 413
153 465
153 469
153 498
153 501
153 539
153 578
153 582
153 586
153 592
153 596
153 600
153 607
153 609
153 610
153 613
153 618
153 622
153 623
153 624
153 637
153 638
153 639
153 655
153 656
153 664
153 710
153 779
153 879
153 889
153 971
153 986
153 1000
153 1003
153 1007
153 1009
153 1019
153 1044
153 1045
153 1046
153 1066
153 1078
153 1092
153 1239
153 1245
154 26
154 42
154 48
154 51
154 63
154 66
154 83
154 88
154 94
154 116
154 123
154 153
154 161
154 198
154 210
154 216
154 220
154 221
154 262
154 267
154 294
154 304
154 310
154 316
154 319
154 320
154 330
154 347
154 352
154 365
154 394
154 413
154 465
154 469
154 498
154 501
154 540
154 577
154 582
154 584
154 585
154 586
154 592
154 594
154 596
154 600
154 608
154 609
154 610
154 611
154 613
154 617
154 620
154 637
154 656
154 664
154 710
154 779
154 878
154 889
154 970
154 986
154 1000
154 1003
154 1007
154 1009
154 1018
154 1043
154 1063
154 1064
154 1065
154 1078
154 1092
154 1239
154 1245
155 26
155 42
155 48
155 51
155 63
155 66
155 82
155 83
155 88
155 94
155 116
155 123
155 153
155 161
155 175
155 184
155 185
155 198
155 210
155 217
155 218
155 219
155 262
155 266
155 293
155 305
155 310
155 316
155 320
155 330
155 347
155 352
155 365
155 394
155 413
155 465
155 469
155 498
155 501
155 540
155 541
155 578
155 579
155 580
155 581
155 582
155 592
155 594
155 596
155 600
155 608
155 609
155 613
155 617
155 623
155 624
155 637
155 638
155 657
155 664
155 710
155 779
155 878
155 889
155 970
155 986
155 1000
155 1003
155 1007
155 1009
155 1018
155 1042
155 1062
155 1078
155 1081
155 1092
155 1239
155 1245
156 25
156 28
156 42
156 48
156 51
156 63
156 68
156 69
156 70
156 71
156 72
156 73
156 77
156 78
156 79
156 80
156 81
156 88
156 94
156 116
156 123
156 153
156 161
156 175
156 182
156 183
156 198
156 210
156 262
156 266
156 293
156 305
156 310
156 316
156 321
156 329
156 330
156 348
156 352
156 365
156 394
156 413
156 465
156 469
156 498
156 501
156 541
156 584
156 585
156 592
156 596
156 600
156 606
156 608
156 609
156 613
156 617
156 637
156 639
156 640
156 641
156 657
156 658
156 664
156 710
156 779
156 827
156 828
156 829
156 830
156 831
156 832
156 833
156 834
156 835
156 836
156 837
156 879
156 880
156 881
156 889
156 971
156 986
156 1000
156 1003
156 1007
156 1009
156 1018
156 1043
156 1044
156 1063
156 1064
156 1065
156 1078
156 1082
156 1083
156 1086
156 1087
156 1088
156 1089
156 1090
156 1091
156 1092
156 1239
156 1245
157 25
157 28
157 42
157 48
157 51
157 54
157 55
157 56
157 57
157 58
157 59
157 62
157 63
157 67
157 74
157 88
157 94
157 116
157 123
157 153
157 161
157 176
157 182
157 197
157 210
157 262
157 266
157 292
157 306
157 310
157 316
157 321
157 322
157 328
157 329
157 331
157 348
157 352
157 365
157 394
157 413
157 465
157 469
157 498
157 501
157 541
157 585
157 588
157 589
157 596
157 600
157 605
157 608
157 609
157 613
157 617
157 636
157 639
157 658
157 659
157 663
157 664
157 710
157 779
157 826
157 838
157 882
157 883
157 889
157 972
157 986
157 1000
157 1003
157 1007
157 1009
157 1018
157 1045
157 1046
157 1047
157 1066
157 1078
157 1085
157 1239
157 1245
158 41
158 42
158 48
158 51
158 60
158 66
158 75
158 88
158 94
158 116
158 123
158 153
158 161
158 176
158 181
158 197
158 210
158 262
158 266
158 292
158 306
158 310
158 316
158 322
158 323
158 327
158 328
158 331
158 348
158 352
158 365
158 394
158 413
158 464
158 468
158 498
158 501
158 541
158 585
158 596
158 600
158 608
158 609
158 613
158 617
158 620
158 637
158 639
158 640
158 641
158 659
158 660
158 663
158 710
158 779
158 826
158 838
158 883
158 889
158 972
158 986
158 999
158 1000
158 1003
158 1007
158 1009
158 1018
158 1066
158 1078
158 1084
158 1239
158 1245
159 40
159 41
159 48
159 51
159 60
159 66
159 75
159 88
159 94
159 116
159 123
159 153
159 161
159 175
159 176
159 181
159 198
159 210
159 249
159 250
159 251
159 262
159 266
159 291
159 307
159 310
159 316
159 323
159 324
159 326
159 327
159 331
159 348
159 352
159 365
159 394
159 413
159 464
159 468
159 498
159 501
159 541
159 542
159 585
159 596
159 600
159 608
159 609
159 613
159 617
159 621
159 622
159 637
159 638
159 661
159 710
159 779
159 826
159 838
159 886
159 887
159 889
159 973
159 986
159 997
159 998
159 1003
159 1007
159 1009
159 1018
159 1045
159 1046
159 1047
159 1066
159 1078
159 1084
159 1239
159 1245
160 30
160 33
160 34
160 35
160 36
160 37
160 38
160 39
160 48
160 51
160 60
160 66
160 75
160 88
160 94
160 116
160 123
160 153
160 161
160 174
160 180
160 198
160 210
160 247
160 248
160 252
160 262
160 266
160 291
160 309
160 310
160 311
160 312
160 313
160 324
160 325
160 326
160 331
160 347
160 352
160 365
160 394
160 413
160 464
160 468
160 498
160 501
160 543
160 544
160 585
160 596
160 599
160 600
160 602
160 608
160 609
160 613
160 617
160 623
160 637
160 710
160 779
160 827
160 837
160 883
160 889
160 973
160 986
160 995
160 996
160 1003
160 1007
160 1009
160 1018
160 1043
160 1044
160 1066
160 1078
160 1084
160 1239
160 1245
161 32
161 48
161 51
161 60
161 66
161 75
161 88
161 94
161 116
161 123
161 153
161 161
161 173
161 181
161 196
161 197
161 199
161 210
161 247
161 252
161 262
161 266
161 291
161 307
161 308
161 314
161 331
161 347
161 352
161 365
161 394
161 413
161 464
161 468
161 498
161 501
161 544
161 585
161 596
161 597
161 599
161 602
161 608
161 609
161 613
161 617
161 623
161 630
161 636
161 710
161 779
161 827
161 837
161 883
161 888
161 974
161 982
161 987
161 988
161 989
161 990
161 991
161 992
161 993
161 994
161 1003
161 1007
161 1009
161 1018
161 1043
161 1066
161 1078
161 1084
161 1239
161 1245
162 22
162 23
162 31
162 38
162 39
162 48
162 51
162 60
162 66
162 75
162 88
162 94
162 116
162 123
162 153
162 161
162 173
162 181
162 195
162 199
162 210
162 246
162 251
162 252
162 262
162 266
162 292
162 293
162 294
162 295
162 296
162 297
162 299
162 300
162 301
162 302
162 303
162 304
162 305
162 306
162 307
162 314
162 331
162 347
162 352
162 365
162 394
162 413
162 464
162 468
162 497
162 500
162 544
162 579
162 580
162 581
162 585
162 596
162 599
162 601
162 608
162 609
162 613
162 617
162 623
162 630
162 636
162 710
162 779
162 828
162 836
162 883
162 888
162 975
162 976
162 977
162 978
162 982
162 987
162 1003
162 1007
162 1009
162 1018
162 1043
162 1064
162 1065
162 1078
162 1084
162 1239
162 1245
163 20
163 21
163 31
163 34
163 35
163 40
163 41
163 48
163 51
163 60
163 66
163 75
163 88
163 94
163 116
163 123
163 154
163 161
163 164
163 165
163 172
163 181
163 194
163 199
163 202
163 207
163 210
163 246
163 251
163 262
163 266
163 298
163 308
163 309
163 312
163 313
163 314
163 332
163 333
163 336
163 337
163 338
163 341
163 342
163 343
163 344
163 345
163 346
163 347
163 352
163 365
163 394
163 413
163 464
163 468
163 497
163 500
163 544
163 560
163 561
163 562
163 563
163 564
163 570
163 571
163 572
163 573
163 574
163 575
163 576
163 577
163 578
163 582
163 583
163 584
163 585
163 589
163 592
163 596
163 599
163 602
163 608
163 609
163 613
163 617
163 624
163 625
163 626
163 627
163 628
163 629
163 630
163 636
163 710
163 779
163 828
163 836
163 883
163 888
163 979
163 980
163 986
163 1003
163 1007
163 1009
163 1018
163 1043
163 1064
163 1078
163 1084
163 1238
163 1245
164 19
164 31
164 41
164 48
164 51
164 60
164 67
164 68
164 69
164 70
164 71
164 74
164 88
164 94
164 116
164 123
164 155
164 156
164 157
164 158
164 161
164 164
164 166
164 167
164 168
164 169
164 170
164 171
164 172
164 193
164 194
164 199
164 204
164 205
164 209
164 246
164 250
164 262
164 266
164 299
164 300
164 301
164 302
164 303
164 304
164 305
164 306
164 310
164 311
164 334
164 340
164 352
164 365
164 394
164 413
164 464
164 468
164 497
164 500
164 544
164 558
164 559
164 565
164 566
164 567
164 568
164 569
164 585
164 587
164 589
164 596
164 599
164 602
164 608
164 609
164 613
164 617
164 630
164 635
164 711
164 779
164 829
164 835
164 883
164 888
164 981
164 986
164 1003
164 1007
164 1009
164 1018
164 1044
164 1063
164 1078
164 1084
164 1238
164 1245
165 19
165 31
165 41
165 48
165 51
165 60
165 72
165 73
165 88
165 94
165 116
165 123
165 159
165 163
165 182
165 183
165 199
165 203
165 209
165 246
165 250
165 262
165 266
165 310
165 316
165 334
165 339
165 352
165 365
165 394
165 413
165 464
165 468
165 497
165 500
165 544
165 585
165 587
165 589
165 591
165 596
165 599
165 608
165 609
165 613
165 617
165 630
165 635
165 711
165 779
165 829
165 835
165 883
165 888
165 981
165 986
165 1003
165 1007
165 1009
165 1018
165 1045
165 1046
165 1059
165 1060
165 1061
165 1062
165 1063
165 1078
165 1084
165 1238
165 1245
166 19
166 20
166 31
166 41
166 48
166 51
166 60
166 66
166 72
166 75
166 88
166 94
166 116
166 123
166 159
166 163
166 182
166 184
166 185
166 186
166 187
166 188
166 189
166 190
166 191
166 192
166 199
166 203
166 209
166 246
166 250
166 262
166 266
166 310
166 316
166 334
166 339
166 352
166 365
166 394
166 413
166 464
166 468
166 497
166 500
166 559
166 560
166 561
166 562
166 563
166 564
166 565
166 566
166 567
166 568
166 569
166 570
166 571
166 572
166 573
166 574
166 575
166 576
166 577
166 578
166 579
166 580
166 581
166 582
166 583
166 584
166 585
166 589
166 591
166 593
166 596
166 599
166 608
166 609
166 613
166 617
166 630
166 635
166 711
166 779
166 830
166 835
166 883
166 888
166 981
166 986
166 1003
166 1007
166 1009
166 1018
166 1046
166 1047
166 1048
166 1049
166 1050
166 1051
166 1054
166 1055
166 1058
166 1078
166 1084
166 1238
166 1245
167 20
167 31
167 40
167 41
167 48
167 51
167 60
167 66
167 72
167 75
167 88
167 94
167 116
167 123
167 159
167 163
167 181
167 192
167 199
167 203
167 209
167 246
167 250
167 262
167 266
167 310
167 316
167 334
167 339
167 352
167 365
167 394
167 413
167 464
167 468
167 497
167 500
167 546
167 547
167 548
167 549
167 550
167 551
167 552
167 553
167 554
167 555
167 556
167 557
167 558
167 590
167 593
167 596
167 599
167 608
167 609
167 613
167 617
167 630
167 635
167 711
167 779
167 830
167 834
167 883
167 888
167 981
167 986
167 1003
167 1007
167 1009
167 1018
167 1052
167 1057
167 1078
167 1084
167 1238
167 1245
168 21
168 40
168 48
168 51
168 60
168 66
168 72
168 75
168 88
168 94
168 116
168 123
168 159
168 163
168 181
168 192
168 199
168 203
168 209
168 246
168 250
168 262
168 266
168 310
168 316
168 334
168 339
168 352
168 365
168 394
168 413
168 464
168 468
168 497
168 500
168 546
168 557
168 585
168 590
168 593
168 596
168 599
168 608
168 609
168 613
168 617
168 630
168 635
168 711
168 779
168 830
168 834
168 883
168 888
168 981
168 986
168 1003
168 1007
168 1009
168 1018
168 1052
168 1057
168 1078
168 1084
168 1238
168 1245
169 21
169 39
169 48
169 51
169 60
169 66
169 72
169 75
169 88
169 94
169 116
169 123
169 159
169 163
169 181
169 192
169 199
169 203
169 209
169 247
169 250
169 261
169 266
169 310
169 316
169 334
169 339
169 352
169 365
169 394
169 413
169 464
169 468
169 497
169 500
169 545
169 557
169 585
169 590
169 593
169 596
169 599
169 608
169 609
169 613
169 617
169 630
169 635
169 711
169 779
169 830
169 833
169 883
169 888
169 981
169 986
169 1003
169 1007
169 1009
169 1018
169 1052
169 1057
169 1078
169 1084
169 1238
169 1245
170 21
170 39
170 48
170 51
170 60
170 66
170 72
170 75
170 88
170 94
170 116
170 123
170 159
170 163
170 181
170 192
170 199
170 203
170 209
170 247
170 250
170 261
170 266
170 310
170 316
170 334
170 339
170 352
170 365
170 394
170 413
170 464
170 468
170 497
170 500
170 545
170 557
170 585
170 590
170 593
170 596
170 599
170 608
170 609
170 613
170 617
170 630
170 635
170 711
170 779
170 830
170 832
170 833
170 883
170 888
170 981
170 986
170 1003
170 1007
170 1009
170 1018
170 1052
170 1057
170 1078
170 1084
170 1238
170 1245
171 22
171 38
171 48
171 51
171 60
171 66
171 72
171 75
171 88
171 94
171 116
171 123
171 159
171 163
171 182
171 183
171 184
171 187
171 190
171 191
171 192
171 199
171 203
171 209
171 247
171 250
171 261
171 266
171 310
171 316
171 334
171 339
171 352
171 365
171 394
171 413
171 464
171 468
171 497
171 500
171 545
171 558
171 559
171 560
171 561
171 562
171 563
171 564
171 565
171 566
171 567
171 568
171 569
171 570
171 571
171 572
171 573
171 574
171 575
171 576
171 577
171 578
171 579
171 580
171 581
171 582
171 583
171 584
171 590
171 593
171 596
171 599
171 608
171 609
171 613
171 617
171 630
171 635
171 640
171 711
171 779
171 830
171 833
171 882
171 887
171 981
171 986
171 1003
171 1007
171 1009
171 1018
171 1052
171 1057
171 1078
171 1084
171 1238
171 1245
172 22
172 23
172 37
172 38
172 48
172 51
172 60
172 66
172 72
172 75
172 88
172 94
172 116
172 123
172 159
172 163
172 185
172 186
172 188
172 189
172 199
172 203
172 209
172 247
172 250
172 310
172 316
172 334
172 339
172 352
172 365
172 394
172 413
172 464
172 468
172 497
172 500
172 545
172 558
172 585
172 590
172 593
172 596
172 599
172 608
172 609
172 613
172 617
172 630
172 635
172 638
172 639
172 641
172 642
172 711
172 779
172 830
172 833
172 882
172 887
172 981
172 986
172 1003
172 1007
172 1009
172 1018
172 1052
172 1057
172 1078
172 1084
172 1238
172 1245
173 23
173 36
173 37
173 48
173 51
173 60
173 66
173 72
173 75
173 88
173 94
173 116
173 123
173 159
173 163
173 185
173 188
173 199
173 203
173 209
173 247
173 250
173 310
173 316
173 334
173 339
173 352
173 365
173 394
173 413
173 464
173 468
173 497
173 500
173 545
173 548
173 552
173 553
173 554
173 555
173 556
173 557
173 558
173 566
173 567
173 585
173 590
173 593
173 596
173 599
173 608
173 609
173 613
173 617
173 630
173 635
173 638
173 643
173 711
173 779
173 830
173 833
173 882
173 887
173 981
173 986
173 1003
173 1007
173 1009
173 1018
173 1052
173 1057
173 1078
173 1084
173 1238
173 1245
174 24
174 36
174 48
174 51
174 60
174 66
174 72
174 75
174 87
174 93
174 116
174 123
174 159
174 163
174 185
174 188
174 199
174 202
174 205
174 209
174 247
174 250
174 310
174 316
174 334
174 339
174 352
174 365
174 394
174 413
174 464
174 468
174 497
174 500
174 545
174 547
174 551
174 559
174 565
174 568
174 585
174 590
174 593
174 596
174 599
174 608
174 609
174 613
174 617
174 630
174 635
174 643
174 711
174 779
174 830
174 833
174 882
174 887
174 981
174 986
174 1003
174 1007
174 1009
174 1018
174 1052
174 1057
174 1078
174 1084
174 1238
174 1245
175 24
175 35
175 48
175 51
175 60
175 66
175 72
175 75
175 87
175 93
175 116
175 123
175 159
175 163
175 185
175 188
175 198
175 201
175 205
175 209
175 247
175 250
175 310
175 316
175 334
175 339
175 352
175 365
175 394
175 413
175 464
175 468
175 497
175 500
175 545
175 547
175 550
175 559
175 564
175 568
175 585
175 590
175 593
175 596
175 599
175 608
175 609
175 613
175 617
175 630
175 635
175 638
175 643
175 711
175 779
175 830
175 833
175 882
175 887
175 981
175 986
175 1003
175 1007
175 1009
175 1018
175 1052
175 1057
175 1078
175 1084
175 1238
175 1245
176 25
176 33
176 34
176 35
176 48
176 51
176 59
176 65
176 72
176 75
176 87
176 93
176 116
176 123
176 159
176 163
176 185
176 188
176 198
176 201
176 205
176 208
176 247
176 250
176 310
176 316
176 331
176 332
176 333
176 334
176 352
176 365
176 394
176 413
176 464
176 468
176 497
176 500
176 550
176 560
176 564
176 568
176 585
176 590
176 593
176 596
176 599
176 608
176 609
176 613
176 617
176 630
176 635
176 639
176 640
176 643
176 711
176 779
176 830
176 833
176 882
176 887
176 981
176 986
176 1003
176 1007
176 1009
176 1018
176 1052
176 1057
176 1078
176 1084
176 1238
176 1245
177 25
177 32
177 48
177 51
177 59
177 65
177 72
177 75
177 87
177 93
177 116
177 123
177 159
177 163
177 185
177 188
177 198
177 201
177 205
177 208
177 228
177 229
177 230
177 231
177 232
177 233
177 234
177 235
177 236
177 237
177 238
177 239
177 240
177 241
177 242
177 243
177 244
177 245
177 246
177 247
177 248
177 249
177 250
177 251
177 310
177 316
177 334
177 339
177 352
177 364
177 394
177 413
177 464
177 468
177 497
177 500
177 550
177 560
177 561
177 562
177 563
177 564
177 568
177 585
177 590
177 593
177 596
177 599
177 608
177 609
177 613
177 617
177 630
177 635
177 639
177 641
177 711
177 752
177 753
177 754
177 755
177 756
177 757
177 758
177 759
177 760
177 761
177 762
177 763
177 764
177 765
177 766
177 767
177 768
177 769
177 770
177 771
177 772
177 773
177 774
177 775
177 776
177 777
177 778
177 779
177 830
177 833
177 882
177 887
177 980
177 985
177 1003
177 1007
177 1009
177 1018
177 1052
177 1057
177 1078
177 1084
177 1238
177 1245
178 24
178 25
178 33
178 34
178 48
178 51
178 59
178 65
178 72
178 75
178 87
178 93
178 116
178 123
178 159
178 163
178 185
178 188
178 198
178 201
178 205
178 208
178 227
178 252
178 310
178 316
178 334
178 339
178 352
178 364
178 394
178 413
178 464
178 468
178 550
178 564
178 565
178 566
178 567
178 568
178 585
178 590
178 593
178 596
178 599
178 608
178 609
178 613
178 618
178 619
178 620
178 630
178 635
178 638
178 658
178 659
178 660
178 661
178 662
178 663
178 664
178 665
178 711
178 741
178 742
178 743
178 744
178 745
178 746
178 747
178 748
178 749
178 750
178 751
178 779
178 781
178 782
178 830
178 833
178 882
178 887
178 980
178 985
178 1003
178 1007
178 1009
178 1018
178 1052
178 1057
178 1078
178 1084
178 1238
178 1245
179 24
179 35
179 47
179 50
179 59
179 65
179 72
179 75
179 87
179 93
179 116
179 123
179 159
179 163
179 185
179 188
179 198
179 201
179 205
179 208
179 226
179 252
179 286
179 287
179 310
179 316
179 334
179 339
179 352
179 364
179 394
179 413
179 468
179 550
179 560
179 585
179 590
179 593
179 596
179 599
179 608
179 609
179 613
179 618
179 621
179 622
179 626
179 627
179 628
179 629
179 630
179 637
179 639
179 656
179 657
179 666
179 667
179 668
179 669
179 670
179 671
179 672
179 673
179 674
179 675
179 676
179 711
179 735
179 736
179 737
179 738
179 739
179 740
179 783
179 784
179 830
179 833
179 882
179 887
179 980
179 985
179 1003
179 1007
179 1009
179 1018
179 1052
179 1056
179 1078
179 1084
179 1238
179 1245
180 23
180 35
180 36
180 47
180 50
180 59
180 65
180 72
180 75
180 87
180 93
180 116
180 123
180 159
180 163
180 185
180 188
180 198
180 201
180 205
180 208
180 226
180 253
180 254
180 288
180 310
180 334
180 339
180 352
180 364
180 394
180 413
180 549
180 560
180 584
180 585
180 591
180 592
180 593
180 608
180 609
180 613
180 617
180 622
180 623
180 624
180 625
180 630
180 637
180 639
180 651
180 652
180 653
180 654
180 655
180 656
180 677
180 678
180 679
180 680
180 681
180 682
180 683
180 711
180 733
180 734
180 785
180 786
180 830
180 833
180 882
180 887
180 980
180 985
180 1003
180 1007
180 1009
180 1018
180 1052
180 1056
180 1078
180 1084
180 1238
180 1245
181 22
181 23
181 36
181 37
181 47
181 50
181 59
181 65
181 72
181 75
181 87
181 93
181 116
181 123
181 159
181 163
181 185
181 188
181 198
181 201
181 205
181 208
181 253
181 289
181 310
181 317
181 334
181 339
181 352
181 364
181 394
181 413
181 593
181 597
181 598
181 599
181 602
181 603
181 604
181 605
181 606
181 607
181 608
181 609
181 611
181 612
181 613
181 617
181 630
181 637
181 639
181 644
181 645
181 646
181 647
181 648
181 649
181 650
181 658
181 663
181 664
181 684
181 685
181 711
181 731
181 732
181 787
181 788
181 830
181 833
181 882
181 887
181 980
181 985
181 1003
181 1007
181 1009
181 1018
181 1052
181 1056
181 1078
181 1084
181 1238
181 1245
182 21
182 22
182 37
182 47
182 50
182 59
182 65
182 72
182 75
182 87
182 93
182 116
182 123
182 159
182 163
182 185
182 188
182 198
182 201
182 205
182 208
182 226
182 252
182 289
182 307
182 308
182 309
182 310
182 317
182 334
182 339
182 350
182 351
182 352
182 364
182 413
182 593
182 596
182 599
182 602
182 608
182 609
182 611
182 613
182 617
182 622
182 630
182 637
182 639
182 643
182 659
182 660
182 663
182 686
182 687
182 711
182 729
182 730
182 788
182 789
182 830
182 833
182 879
182 880
182 881
182 882
182 888
182 889
182 890
182 891
182 892
182 893
182 894
182 895
182 896
182 897
182 898
182 899
182 900
182 901
182 902
182 903
182 904
182 905
182 906
182 907
182 908
182 909
182 910
182 911
182 980
182 985
182 1003
182 1007
182 1009
182 1018
182 1052
182 1056
182 1078
182 1084
182 1238
182 1245
183 20
183 21
183 38
183 47
183 50
183 59
183 65
183 72
183 75
183 87
183 93
183 116
183 123
183 159
183 163
183 185
183 198
183 202
183 203
183 204
183 205
183 209
183 210
183 211
183 212
183 213
183 214
183 215
183 216
183 217
183 218
183 219
183 220
183 221
183 222
183 223
183 224
183 226
183 252
183 290
183 297
183 298
183 299
183 300
183 301
183 302
183 303
183 304
183 305
183 306
183 310
183 316
183 334
183 339
183 352
183 365
183 393
183 394
183 413
183 593
183 596
183 599
183 608
183 609
183 613
183 629
183 637
183 639
183 642
183 660
183 662
183 688
183 689
183 711
183 728
183 729
183 789
183 830
183 833
183 876
183 877
183 878
183 882
183 888
183 912
183 913
183 980
183 985
183 1003
183 1007
183 1009
183 1018
183 1052
183 1056
183 1078
183 1084
183 1238
183 1245
184 20
184 38
184 47
184 50
184 59
184 65
184 72
184 75
184 87
184 93
184 116
184 123
184 156
184 157
184 158
184 159
184 164
184 165
184 175
184 176
184 177
184 178
184 179
184 180
184 181
184 182
184 183
184 184
184 185
184 188
184 189
184 190
184 191
184 192
184 193
184 194
184 195
184 196
184 197
184 198
184 202
184 206
184 209
184 226
184 252
184 264
184 265
184 291
184 292
184 293
184 294
184 295
184 296
184 310
184 316
184 334
184 339
184 352
184 365
184 392
184 599
184 608
184 609
184 613
184 629
184 637
184 638
184 639
184 640
184 641
184 642
184 662
184 689
184 711
184 726
184 727
184 790
184 830
184 833
184 874
184 875
184 882
184 887
184 913
184 914
184 985
184 1003
184 1007
184 1009
184 1018
184 1052
184 1056
184 1078
184 1084
184 1238
184 1245
185 19
185 47
185 50
185 59
185 65
185 72
185 75
185 87
185 93
185 114
185 115
185 116
185 124
185 125
185 159
185 164
185 185
185 188
185 198
185 202
185 203
185 204
185 206
185 208
185 226
185 252
185 309
185 316
185 334
185 339
185 352
185 364
185 391
185 392
185 414
185 608
185 609
185 613
185 617
185 629
185 636
185 661
185 690
185 711
185 726
185 790
185 830
185 833
185 872
185 873
185 882
185 887
185 914
185 915
185 985
185 1003
185 1007
185 1009
185 1013
185 1014
185 1015
185 1016
185 1017
185 1018
185 1019
185 1020
185 1021
185 1022
185 1023
185 1052
185 1056
185 1078
185 1084
185 1238
185 1245
186 18
186 19
186 47
186 50
186 59
186 70
186 71
186 72
186 76
186 84
186 85
186 86
186 87
186 94
186 95
186 96
186 97
186 98
186 99
186 100
186 101
186 102
186 103
186 104
186 105
186 106
186 107
186 108
186 109
186 110
186 111
186 112
186 116
186 124
186 159
186 163
186 185
186 199
186 204
186 206
186 208
186 226
186 252
186 309
186 316
186 334
186 339
186 352
186 364
186 390
186 392
186 413
186 608
186 609
186 613
186 617
186 629
186 635
186 660
186 661
186 690
186 711
186 725
186 791
186 830
186 833
186 870
186 871
186 882
186 887
186 915
186 916
186 985
186 999
186 1000
186 1001
186 1002
186 1003
186 1004
186 1005
186 1006
186 1007
186 1008
186 1009
186 1010
186 1011
186 1012
186 1024
186 1052
186 1056
186 1078
186 1084
186 1238
186 1245
187 46
187 47
187 51
187 52
187 57
187 58
187 59
187 66
187 67
187 72
187 76
187 87
187 94
187 116
187 123
187 159
187 163
187 185
187 199
187 204
187 206
187 208
187 226
187 252
187 309
187 316
187 334
187 339
187 352
187 364
187 392
187 413
187 608
187 609
187 613
187 617
187 628
187 629
187 636
187 638
187 660
187 690
187 711
187 725
187 791
187 830
187 833
187 868
187 869
187 882
187 887
187 916
187 917
187 984
187 985
187 998
187 1024
187 1052
187 1056
187 1078
187 1084
187 1238
187 1245
188 32
188 47
188 51
188 59
188 66
188 72
188 75
188 87
188 93
188 116
188 123
188 159
188 163
188 185
188 199
188 204
188 206
188 208
188 226
188 253
188 309
188 316
188 334
188 339
188 352
188 364
188 382
188 383
188 392
188 413
188 609
188 613
188 617
188 627
188 628
188 636
188 637
188 659
188 691
188 709
188 710
188 711
188 724
188 792
188 830
188 833
188 866
188 867
188 882
188 887
188 917
188 918
188 964
188 965
188 984
188 997
188 1024
188 1052
188 1056
188 1078
188 1084
188 1238
188 1245
189 18
189 19
189 32
189 33
189 41
189 47
189 50
189 59
189 65
189 72
189 75
189 87
189 93
189 116
189 123
189 159
189 163
189 185
189 199
189 203
189 204
189 206
189 208
189 226
189 253
189 309
189 316
189 334
189 339
189 352
189 364
189 392
189 413
189 613
189 617
189 622
189 623
189 624
189 626
189 627
189 637
189 638
189 659
189 692
189 724
189 792
189 830
189 833
189 864
189 865
189 882
189 887
189 918
189 919
189 963
189 966
189 983
189 984
189 997
189 1024
189 1052
189 1056
189 1078
189 1084
189 1238
189 1245
190 19
190 20
190 25
190 34
190 35
190 39
190 40
190 47
190 50
190 59
190 65
190 72
190 75
190 87
190 93
190 116
190 123
190 159
190 164
190 185
190 199
190 201
190 202
190 208
190 226
190 297
190 298
190 299
190 300
190 309
190 316
190 334
190 339
190 351
190 364
190 392
190 413
190 617
190 625
190 638
190 639
190 658
190 691
190 723
190 792
190 830
190 833
190 861
190 862
190 863
190 882
190 887
190 919
190 920
190 942
190 943
190 944
190 945
190 946
190 947
190 948
190 949
190 962
190 966
190 979
190 983
190 984
190 997
190 1024
190 1052
190 1056
190 1078
190 1084
190 1238
190 1245
191 21
191 22
191 23
191 35
191 36
191 37
191 38
191 47
191 50
191 59
191 65
191 116
191 123
191 159
191 162
191 164
191 165
191 166
191 185
191 187
191 198
191 201
191 205
191 208
191 226
191 296
191 301
191 309
191 316
191 334
191 339
191 351
191 364
191 392
191 413
191 625
191 639
191 658
191 691
191 722
191 723
191 793
191 830
191 833
191 858
191 859
191 860
191 882
191 887
191 920
191 941
191 950
191 962
191 966
191 979
191 983
191 984
191 997
191 1024
191 1052
191 1056
191 1078
191 1084
191 1136
191 1137
191 1138
191 1139
191 1140
191 1141
191 1142
191 1143
191 1144
191 1145
191 1146
191 1147
191 1148
191 1149
191 1150
191 1151
191 1152
191 1153
191 1154
191 1155
191 1156
191 1157
191 1158
191 1159
191 1160
191 1161
191 1238
191 1245
192 24
192 25
192 47
192 50
192 59
192 64
192 65
192 66
192 67
192 68
192 116
192 123
192 159
192 167
192 168
192 184
192 187
192 198
192 201
192 205
192 208
192 226
192 295
192 301
192 309
192 316
192 334
192 339
192 351
192 364
192 392
192 413
192 625
192 639
192 657
192 691
192 721
192 722
192 793
192 829
192 830
192 833
192 855
192 856
192 857
192 882
192 887
192 921
192 940
192 950
192 962
192 966
192 979
192 983
192 984
192 997
192 1024
192 1052
192 1056
192 1078
192 1084
192 1095
192 1096
192 1097
192 1098
192 1099
192 1100
192 1101
192 1102
192 1103
192 1104
192 1105
192 1106
192 1107
192 1108
192 1109
192 1110
192 1111
192 1112
192 1113
192 1114
192 1115
192 1116
192 1117
192 1118
192 1119
192 1120
192 1121
192 1122
192 1123
192 1124
192 1125
192 1126
192 1127
192 1128
192 1129
192 1130
192 1131
192 1132
192 1133
192 1134
192 1135
192 1162
192 1163
192 1164
192 1165
192 1166
192 1167
192 1168
192 1169
192 1170
192 1171
192 1172
192 1173
192 1174
192 1175
192 1176
192 1177
192 1178
192 1179
192 1180
192 1181
192 1182
192 1183
192 1184
192 1185
192 1186
192 1187
192 1188
192 1238
192 1245
193 24
193 47
193 50
193 59
193 63
193 116
193 123
193 157
193 158
193 169
193 170
193 184
193 187
193 198
193 201
193 205
193 208
193 226
193 295
193 301
193 309
193 316
193 334
193 339
193 351
193 364
193 392
193 413
193 624
193 639
193 657
193 691
193 721
193 793
193 830
193 833
193 882
193 887
193 921
193 940
193 950
193 962
193 966
193 979
193 983
193 984
193 997
193 1024
193 1052
193 1056
193 1078
193 1084
193 1091
193 1092
193 1093
193 1094
193 1189
193 1190
193 1191
193 1192
193 1193
193 1194
193 1195
193 1196
193 1197
193 1198
193 1199
193 1200
193 1201
193 1202
193 1203
193 1204
193 1205
193 1238
193 1245
194 24
194 30
194 47
194 50
194 59
194 62
194 116
194 123
194 156
194 157
194 170
194 184
194 187
194 198
194 201
194 205
194 208
194 295
194 301
194 309
194 316
194 334
194 339
194 351
194 364
194 392
194 413
194 624
194 639
194 657
194 691
194 714
194 715
194 716
194 717
194 718
194 719
194 720
194 830
194 834
194 835
194 836
194 837
194 838
194 839
194 840
194 841
194 842
194 843
194 844
194 845
194 846
194 847
194 848
194 849
194 850
194 851
194 852
194 853
194 854
194 855
194 856
194 857
194 858
194 859
194 860
194 861
194 862
194 863
194 864
194 865
194 866
194 867
194 868
194 869
194 870
194 871
194 872
194 873
194 874
194 875
194 876
194 877
194 878
194 879
194 880
194 881
194 882
194 883
194 884
194 885
194 886
194 887
194 888
194 889
194 890
194 891
194 892
194 893
194 894
194 895
194 896
194 897
194 898
194 899
194 900
194 901
194 902
194 903
194 904
194 905
194 906
194 907
194 940
194 950
194 962
194 966
194 983
194 984
194 997
194 1024
194 1052
194 1056
194 1078
194 1087
194 1088
194 1089
194 1090
194 1206
194 1207
194 1208
194 1209
194 1210
194 1211
194 1212
194 1238
194 1245
195 24
195 30
195 59
195 62
195 116
195 123
195 156
195 171
195 184
195 187
195 198
195 201
195 205
195 208
195 295
195 301
195 309
195 316
195 334
195 339
195 351
195 364
195 393
195 413
195 624
195 639
195 657
195 691
195 710
195 712
195 713
195 794
195 830
195 834
195 908
195 909
195 910
195 911
195 912
195 913
195 914
195 915
195 916
195 917
195 918
195 919
195 920
195 921
195 940
195 950
195 962
195 966
195 983
195 984
195 997
195 1024
195 1052
195 1056
195 1083
195 1084
195 1085
195 1086
195 1213
195 1214
195 1238
195 1245
196 24
196 30
196 59
196 62
196 116
196 123
196 155
196 171
196 198
196 201
196 205
196 208
196 295
196 301
196 309
196 316
196 333
196 339
196 351
196 364
196 394
196 413
196 625
196 639
196 657
196 691
196 712
196 795
196 831
196 832
196 833
196 921
196 922
196 923
196 924
196 925
196 940
196 950
196 962
196 966
196 984
196 997
196 1024
196 1052
196 1056
196 1081
196 1082
196 1215
196 1216
196 1217
196 1238
196 1245
197 24
197 30
197 59
197 62
197 116
197 123
197 155
197 172
197 198
197 201
197 205
197 208
197 295
197 301
197 309
197 316
197 333
197 339
197 351
197 364
197 394
197 413
197 625
197 639
197 655
197 657
197 691
197 711
197 795
197 829
197 926
197 927
197 928
197 929
197 940
197 950
197 962
197 966
197 984
197 985
197 997
197 1024
197 1052
197 1056
197 1076
197 1077
197 1078
197 1079
197 1080
197 1218
197 1219
197 1220
197 1238
197 1245
198 24
198 59
198 62
198 116
198 123
198 154
198 172
198 198
198 201
198 205
198 208
198 295
198 301
198 309
198 316
198 333
198 339
198 351
198 364
198 394
198 413
198 626
198 638
198 639
198 656
198 657
198 691
198 711
198 827
198 828
198 930
198 931
198 932
198 933
198 934
198 940
198 950
198 962
198 967
198 978
198 979
198 980
198 984
198 997
198 1024
198 1051
198 1056
198 1074
198 1075
198 1221
198 1222
198 1238
198 1245
199 59
199 62
199 68
199 116
199 123
199 154
199 172
199 198
199 201
199 205
199 208
199 295
199 301
199 309
199 316
199 333
199 339
199 351
199 364
199 394
199 413
199 626
199 627
199 637
199 638
199 712
199 796
199 825
199 826
199 935
199 936
199 940
199 950
199 962
199 980
199 984
199 998
199 1024
199 1051
199 1223
199 1224
199 1225
199 1238
199 1245
200 59
200 63
200 64
200 66
200 67
200 116
200 123
200 154
200 172
200 198
200 201
200 205
200 208
200 295
200 301
200 309
200 316
200 333
200 339
200 351
200 364
200 394
200 413
200 627
200 628
200 636
200 637
200 712
200 713
200 796
200 824
200 825
200 937
200 938
200 950
200 962
200 980
200 985
200 1023
200 1051
200 1075
200 1226
200 1227
200 1238
200 1245
201 59
201 65
201 66
201 116
201 123
201 154
201 172
201 198
201 201
201 205
201 208
201 295
201 301
201 309
201 316
201 333
201 339
201 351
201 364
201 394
201 414
201 415
201 628
201 629
201 634
201 636
201 714
201 715
201 796
201 823
201 824
201 939
201 940
201 950
201 967
201 980
201 985
201 997
201 998
201 1023
201 1051
201 1056
201 1072
201 1073
201 1228
201 1229
201 1230
201 1238
201 1245
202 59
202 65
202 116
202 123
202 154
202 172
202 198
202 201
202 205
202 208
202 295
202 301
202 309
202 316
202 333
202 339
202 351
202 364
202 394
202 416
202 417
202 629
202 635
202 715
202 797
202 822
202 823
202 935
202 936
202 940
202 960
202 961
202 962
202 967
202 980
202 985
202 998
202 1023
202 1050
202 1051
202 1056
202 1070
202 1071
202 1231
202 1232
202 1238
202 1245
203 59
203 65
203 115
203 123
203 154
203 172
203 198
203 201
203 205
203 208
203 295
203 301
203 309
203 316
203 333
203 339
203 351
203 364
203 392
203 393
203 418
203 419
203 629
203 635
203 714
203 715
203 797
203 820
203 821
203 936
203 940
203 962
203 967
203 980
203 985
203 998
203 1023
203 1051
203 1056
203 1069
203 1070
203 1233
203 1234
203 1238
203 1245
204 59
204 65
204 115
204 123
204 154
204 172
204 198
204 201
204 205
204 208
204 295
204 309
204 316
204 333
204 339
204 351
204 364
204 390
204 391
204 420
204 421
204 629
204 714
204 797
204 819
204 820
204 937
204 940
204 951
204 962
204 967
204 980
204 985
204 998
204 1024
204 1051
204 1056
204 1067
204 1068
204 1235
204 1236
204 1245
205 59
205 65
205 115
205 123
205 154
205 172
205 201
205 205
205 208
205 309
205 316
205 333
205 351
205 364
205 389
205 390
205 422
205 423
205 713
205 797
205 818
205 819
205 937
205 938
205 940
205 951
205 962
205 967
205 979
205 985
205 998
205 1024
205 1051
205 1056
205 1066
205 1067
205 1237
205 1238
205 1239
205 1245
206 59
206 65
206 115
206 123
206 155
206 171
206 208
206 309
206 316
206 351
206 364
206 387
206 388
206 423
206 424
206 713
206 797
206 817
206 818
206 938
206 940
206 951
206 962
206 967
206 979
206 985
206 998
206 1023
206 1051
206 1056
206 1064
206 1065
206 1239
206 1240
206 1245
207 59
207 65
207 115
207 123
207 155
207 171
207 309
207 316
207 351
207 364
207 386
207 387
207 424
207 425
207 712
207 797
207 816
207 817
207 940
207 951
207 962
207 967
207 979
207 985
207 998
207 1023
207 1051
207 1056
207 1063
207 1064
207 1241
207 1242
207 1246
207 1247
207 1248
208 59
208 65
208 115
208 123
208 156
208 170
208 309
208 316
208 351
208 364
208 385
208 386
208 425
208 426
208 712
208 797
208 816
208 940
208 951
208 963
208 964
208 965
208 966
208 979
208 985
208 998
208 1023
208 1051
208 1056
208 1061
208 1062
208 1243
208 1244
208 1245
208 1246
209 59
209 65
209 115
209 123
209 156
209 157
209 169
209 170
209 309
209 316
209 351
209 364
209 384
209 385
209 426
209 427
209 711
209 797
209 815
209 940
209 951
209 998
209 1023
209 1051
209 1056
209 1060
209 1061
210 59
210 65
210 115
210 123
210 157
210 158
210 167
210 168
210 309
210 316
210 351
210 364
210 383
210 384
210 427
210 428
210 711
210 797
210 814
210 815
210 941
210 951
210 998
210 1023
210 1049
210 1050
210 1052
210 1056
210 1059
210 1248
210 1249
210 1278
211 59
211 65
211 115
211 123
211 159
211 161
211 162
211 165
211 166
211 167
211 351
211 364
211 382
211 383
211 428
211 429
211 711
211 797
211 813
211 814
211 941
211 951
211 998
211 1023
211 1047
211 1048
211 1053
211 1054
211 1056
211 1250
211 1251
211 1278
211 1279
212 59
212 65
212 115
212 123
212 160
212 164
212 351
212 364
212 381
212 382
212 429
212 711
212 797
212 813
212 942
212 951
212 998
212 1023
212 1044
212 1045
212 1046
212 1054
212 1055
212 1056
212 1252
212 1253
213 59
213 65
213 115
213 123
213 159
213 163
213 351
213 364
213 381
213 429
213 711
213 797
213 812
213 942
213 951
213 998
213 1023
213 1043
213 1254
214 59
214 65
214 115
214 123
214 159
214 163
214 351
214 364
214 380
214 430
214 712
214 797
214 812
214 943
214 946
214 947
214 950
214 951
214 1042
214 1255
215 115
215 123
215 159
215 163
215 295
215 298
215 351
215 364
215 380
215 430
215 431
215 712
215 797
215 811
215 812
215 944
215 949
215 1042
215 1256
215 1257
216 115
216 123
216 159
216 163
216 296
216 297
216 298
216 351
216 364
216 379
216 431
216 432
216 634
216 635
216 712
216 797
216 810
216 811
216 945
216 948
216 1041
216 1258
216 1259
217 115
217 123
217 159
217 163
217 351
217 364
217 379
217 432
217 433
217 797
217 802
217 803
217 810
217 945
217 946
217 948
217 1041
217 1260
217 1261
218 115
218 123
218 159
218 163
218 351
218 364
218 378
218 433
218 797
218 800
218 801
218 804
218 805
218 806
218 807
218 808
218 809
218 946
218 948
218 1041
218 1262
218 1263
219 159
219 163
219 351
219 364
219 378
219 434
219 797
219 800
219 947
219 1037
219 1038
219 1039
219 1040
219 1264
219 1265
219 1266
219 1267
220 159
220 163
220 350
220 351
220 364
220 378
220 434
220 797
220 798
220 947
220 1023
220 1032
220 1033
220 1034
220 1035
220 1036
220 1268
220 1269
220 1270
220 1271
221 350
221 365
221 377
221 434
221 797
221 1018
221 1023
221 1028
221 1029
221 1030
221 1031
221 1272
221 1273
221 1274
221 1275
222 349
222 365
222 377
222 434
222 797
222 949
222 1018
222 1023
222 1025
222 1026
222 1027
222 1276
222 1277
222 1278
222 1279
223 349
223 366
223 377
223 435
223 797
223 798
223 949
223 950
223 1019
223 1020
223 1021
223 1022
224 348
224 367
224 368
224 369
224 377
224 435
224 797
224 950
224 1016
224 1017
224 1018
225 348
225 366
225 369
225 376
225 435
225 797
225 799
225 951
225 1011
225 1012
225 1013
225 1014
225 1015
226 348
226 366
226 369
226 376
226 435
226 797
226 799
226 951
226 952
227 348
227 366
227 369
227 376
227 435
227 797
227 799
227 952
228 348
228 366
228 369
228 376
228 435
228 797
228 798
228 953
228 1011
228 1012
229 348
229 366
229 369
229 376
229 435
229 795
229 796
229 953
229 1010
230 348
230 366
230 369
230 376
230 435
230 793
230 794
230 954
230 1009
231 348
231 366
231 369
231 376
231 435
231 792
231 793
231 954
231 955
231 1009
232 348
232 366
232 369
232 376
232 435
232 791
232 792
232 955
232 1008
233 348
233 366
233 369
233 376
233 435
233 791
233 956
233 1008
234 348
234 366
234 369
234 376
234 435
234 790
234 956
234 957
234 1008
235 348
235 366
235 369
235 376
235 434
235 790
235 957
235 1007
236 348
236 366
236 368
236 377
236 434
236 790
236 958
236 1007
237 348
237 366
237 368
237 377
237 434
237 790
237 958
237 1006
238 348
238 366
238 368
238 378
238 434
238 790
238 958
238 1006
239 348
239 366
239 368
239 378
239 433
239 789
239 958
239 1005
240 348
240 366
240 368
240 379
240 433
240 790
240 958
240 1005
241 348
241 366
241 368
241 379
241 380
241 433
241 790
241 958
241 1005
242 348
242 366
242 368
242 380
242 432
242 790
242 958
242 1005
243 348
243 366
243 368
243 381
243 432
243 790
243 958
243 1005
244 348
244 366
244 368
244 381
244 431
244 790
244 958
244 1004
245 348
245 366
245 368
245 382
245 430
245 431
245 790
245 958
246 348
246 367
246 368
246 382
246 429
246 430
246 790
246 958
247 348
247 367
247 383
247 428
247 429
247 790
247 958
248 348
248 366
248 383
248 384
248 428
248 790
248 958
249 348
249 366
249 384
249 427
249 790
249 958
250 348
250 366
250 385
250 426
250 427
250 790
250 958
251 348
251 366
251 385
251 386
251 425
251 426
251 790
251 958
252 348
252 366
252 386
252 387
252 393
252 424
252 425
252 790
252 958
253 348
253 366
253 388
253 389
253 393
253 423
253 424
253 958
254 348
254 366
254 390
254 391
254 414
254 422
254 423
254 958
255 348
255 366
255 392
255 393
255 414
255 420
255 421
255 958
256 347
256 366
256 393
256 414
256 420
257 347
257 366
257 393
257 414
257 419
258 347
258 366
258 393
258 416
258 417
258 418
259 347
259 366
259 393
259 415
260 347
260 366
260 393
260 414
261 347
261 366
261 393
261 414
262 347
262 366
262 393
262 414
263 347
263 366
263 393
263 414
264 347
264 366
264 393
264 414
265 347
265 366
265 393
265 414
266 347
266 366
266 393
266 414
267 347
267 366
267 393
267 414
268 347
268 366
268 393
268 414
269 347
269 366
269 393
269 414
270 347
270 366
270 393
270 414
271 347
271 366
271 393
271 414
272 347
272 366
272 393
272 414
273 347
273 366
273 393
273 414
274 347
274 366
274 393
274 414
275 347
275 366
275 393
275 414
276 347
276 366
276 393
276 414
277 347
277 366
277 393
277 414
278 347
278 366
278 393
278 414
279 347
279 366
279 393
279 414
280 347
280 366
280 393
280 414
281 347
281 366
281 393
281 414
282 347
282 366
282 393
282 414
283 347
283 366
283 393
283 414
284 347
284 366
284 393
284 414
285 347
285 366
285 393
285 414
286 347
286 366
286 393
286 414
286 1278
286 1279
287 347
287 366
287 393
288 347
288 366
289 347
289 366
290 347
290 366
291 347
291 366
292 347
292 366
293 347
293 366
294 347
294 366
295 347
295 366
296 347
296 366
297 347
297 366
298 347
298 366
299 347
299 366
300 347
300 366
301 347
301 366
302 347
302 366
303 347
303 366
304 347
304 366
305 347
305 366
306 347
306 366
307 347
307 366
308 347
308 366
309 347
309 366
310 347
310 366
311 347
311 366
312 347
312 366
313 347
313 366
314 347
314 366
315 347
315 366
316 347
316 366
317 347
317 366
318 347
318 366
319 347
319 366
320 347
320 366
321 346
321 366
322 346
322 366
323 346
324 346
325 346
