0 119
0 125
0 327
0 376
0 428
0 565
0 588
0 672
0 685
0 703
0 1239
0 1249
1 119
1 125
1 327
1 428
1 565
1 589
1 591
1 592
1 593
1 594
1 595
1 596
1 597
1 598
1 599
1 600
1 601
1 602
1 603
1 604
1 605
1 606
1 607
1 608
1 609
1 610
1 611
1 612
1 652
1 653
1 654
1 655
1 656
1 657
1 658
1 659
1 660
1 661
1 662
1 663
1 664
1 665
1 666
1 667
1 668
1 669
1 670
1 671
1 672
1 685
1 703
1 1239
1 1249
2 119
2 125
2 327
2 376
2 378
2 427
2 428
2 566
2 589
2 590
2 613
2 614
2 615
2 616
2 617
2 618
2 619
2 620
2 621
2 622
2 623
2 624
2 625
2 626
2 627
2 628
2 629
2 630
2 631
2 632
2 633
2 634
2 635
2 636
2 637
2 638
2 639
2 640
2 641
2 642
2 643
2 644
2 645
2 646
2 647
2 648
2 649
2 650
2 651
2 682
2 683
2 684
2 685
2 703
2 1239
2 1249
3 119
3 125
3 327
3 376
3 378
3 379
3 426
3 427
3 566
3 673
3 674
3 675
3 676
3 677
3 678
3 679
3 680
3 681
3 685
3 686
3 687
3 688
3 689
3 690
3 691
3 692
3 703
3 1239
3 1249
4 119
4 125
4 327
4 376
4 379
4 380
4 425
4 426
4 566
4 589
4 590
4 591
4 592
4 593
4 594
4 595
4 663
4 664
4 665
4 666
4 667
4 668
4 669
4 670
4 671
4 693
4 694
4 701
4 702
4 703
4 1239
4 1249
5 119
5 125
5 327
5 376
5 380
5 381
5 424
5 425
5 566
5 587
5 588
5 596
5 597
5 598
5 599
5 600
5 601
5 602
5 603
5 604
5 605
5 606
5 607
5 608
5 609
5 610
5 654
5 655
5 656
5 657
5 658
5 659
5 660
5 661
5 662
5 694
5 695
5 696
5 697
5 698
5 699
5 700
5 1239
5 1249
6 119
6 125
6 327
6 376
6 381
6 382
6 423
6 424
6 566
6 585
6 586
6 611
6 612
6 613
6 614
6 615
6 616
6 617
6 618
6 619
6 620
6 621
6 622
6 623
6 624
6 645
6 646
6 647
6 648
6 649
6 650
6 651
6 652
6 653
6 1239
6 1249
7 119
7 125
7 327
7 376
7 382
7 383
7 422
7 423
7 565
7 583
7 584
7 625
7 626
7 627
7 628
7 629
7 630
7 631
7 640
7 641
7 642
7 643
7 644
7 1239
7 1249
8 119
8 125
8 327
8 376
8 383
8 384
8 420
8 421
8 566
8 581
8 582
8 632
8 638
8 639
8 1239
8 1249
9 119
9 125
9 327
9 376
9 384
9 385
9 419
9 420
9 567
9 568
9 579
9 580
9 632
9 638
9 1239
9 1249
10 119
10 125
10 327
10 376
10 385
10 386
10 418
10 419
10 569
10 570
10 571
10 572
10 573
10 574
10 575
10 576
10 577
10 578
10 579
10 632
10 637
10 1239
10 1249
11 119
11 125
11 327
11 376
11 386
11 387
11 417
11 418
11 632
11 637
11 1239
11 1249
12 119
12 125
12 327
12 376
12 387
12 388
12 416
12 417
12 632
12 637
12 1239
12 1249
13 119
13 125
13 327
13 376
13 388
13 389
13 415
13 416
13 632
13 637
13 1239
13 1249
14 119
14 125
14 327
14 376
14 389
14 390
14 414
14 415
14 632
14 637
14 1239
14 1249
15 119
15 125
15 327
15 376
15 390
15 391
15 413
15 414
15 632
15 637
15 1239
15 1249
16 119
16 125
16 327
16 376
16 391
16 392
16 413
16 632
16 637
16 1239
16 1249
17 119
17 125
17 327
17 376
17 392
17 393
17 412
17 632
17 637
17 1029
17 1030
17 1239
17 1249
18 119
18 125
18 327
18 377
18 393
18 394
18 410
18 412
18 632
18 637
18 1027
18 1028
18 1239
18 1249
19 119
19 125
19 327
19 377
19 378
19 394
19 395
19 409
19 410
19 412
19 632
19 637
19 1026
19 1027
19 1030
19 1239
19 1249
20 119
20 125
20 327
20 379
20 380
20 395
20 396
20 407
20 408
20 412
20 632
20 637
20 1025
20 1026
20 1030
20 1239
20 1249
21 119
21 125
21 327
21 376
21 381
21 382
21 396
21 406
21 407
21 412
21 632
21 637
21 1023
21 1024
21 1030
21 1239
21 1249
22 119
22 125
22 327
22 376
22 383
22 384
22 396
22 397
22 405
22 406
22 412
22 632
22 637
22 1022
22 1023
22 1030
22 1239
22 1249
23 119
23 125
23 327
23 376
23 385
23 386
23 396
23 399
23 403
23 404
23 412
23 632
23 637
23 1020
23 1021
23 1030
23 1239
23 1249
24 119
24 125
24 327
24 376
24 387
24 388
24 396
24 399
24 400
24 402
24 403
24 412
24 632
24 636
24 1019
24 1020
24 1030
24 1239
24 1249
25 119
25 125
25 327
25 376
25 389
25 390
25 396
25 400
25 401
25 402
25 412
25 632
25 636
25 1017
25 1018
25 1030
25 1239
25 1249
26 119
26 125
26 327
26 376
26 391
26 392
26 396
26 412
26 632
26 636
26 1016
26 1017
26 1030
26 1239
26 1249
27 119
27 125
27 327
27 376
27 393
27 394
27 396
27 412
27 632
27 636
27 1015
27 1016
27 1030
27 1239
27 1249
28 119
28 125
28 327
28 375
28 396
28 412
28 632
28 636
28 1013
28 1014
28 1030
28 1239
28 1249
29 119
29 125
29 327
29 375
29 412
29 632
29 636
29 1011
29 1012
29 1013
29 1030
29 1239
29 1249
30 118
30 125
30 327
30 375
30 396
30 413
30 632
30 636
30 1009
30 1010
30 1030
30 1239
30 1249
31 118
31 125
31 327
31 375
31 396
31 413
31 632
31 636
31 1009
31 1030
31 1239
31 1249
32 118
32 125
32 327
32 375
32 396
32 413
32 632
32 636
32 1008
32 1030
32 1238
32 1249
33 118
33 125
33 327
33 375
33 396
33 413
33 632
33 636
33 1008
33 1030
33 1077
33 1078
33 1079
33 1080
33 1081
33 1082
33 1083
33 1238
33 1249
34 118
34 125
34 327
34 375
34 396
34 413
34 632
34 636
34 1008
34 1030
34 1065
34 1066
34 1067
34 1068
34 1069
34 1070
34 1071
34 1072
34 1073
34 1074
34 1075
34 1076
34 1083
34 1238
34 1249
35 118
35 125
35 327
35 375
35 396
35 413
35 632
35 636
35 1008
35 1030
35 1063
35 1064
35 1084
35 1238
35 1249
36 118
36 125
36 327
36 396
36 413
36 632
36 636
36 1008
36 1030
36 1063
36 1084
36 1238
36 1249
37 118
37 125
37 325
37 326
37 327
37 376
37 377
37 378
37 396
37 413
37 632
37 636
37 1008
37 1030
37 1062
37 1085
37 1238
37 1249
38 118
38 125
38 319
38 320
38 321
38 322
38 323
38 324
38 375
38 379
38 380
38 395
38 413
38 632
38 636
38 1008
38 1030
38 1062
38 1085
38 1086
38 1238
38 1248
39 118
39 125
39 318
39 375
39 381
39 382
39 395
39 413
39 632
39 636
39 1008
39 1030
39 1061
39 1086
39 1238
39 1248
40 118
40 125
40 317
40 375
40 383
40 384
40 395
40 413
40 632
40 636
40 1008
40 1030
40 1059
40 1060
40 1087
40 1238
40 1248
41 118
41 125
41 317
41 375
41 385
41 386
41 395
41 413
41 632
41 636
41 1008
41 1030
41 1058
41 1059
41 1087
41 1238
41 1248
42 118
42 125
42 317
42 375
42 387
42 395
42 413
42 632
42 636
42 1008
42 1030
42 1057
42 1087
42 1238
42 1248
43 118
43 125
43 317
43 375
43 388
43 395
43 413
43 632
43 636
43 1008
43 1030
43 1056
43 1088
43 1238
43 1248
44 118
44 125
44 314
44 315
44 316
44 317
44 376
44 389
44 390
44 395
44 413
44 632
44 636
44 1008
44 1030
44 1052
44 1053
44 1054
44 1055
44 1088
44 1238
44 1248
45 118
45 125
45 306
45 307
45 308
45 309
45 310
45 311
45 312
45 313
45 376
45 377
45 378
45 391
45 392
45 395
45 413
45 632
45 636
45 1008
45 1030
45 1049
45 1050
45 1051
45 1088
45 1238
45 1248
46 118
46 125
46 303
46 304
46 305
46 379
46 380
46 393
46 394
46 395
46 413
46 632
46 636
46 1008
46 1030
46 1048
46 1088
46 1238
46 1248
47 118
47 125
47 301
47 302
47 381
47 382
47 395
47 413
47 632
47 636
47 1008
47 1030
47 1047
47 1088
47 1238
47 1248
48 118
48 125
48 300
48 382
48 383
48 384
48 385
48 386
48 387
48 388
48 395
48 413
48 632
48 636
48 1008
48 1030
48 1048
48 1088
48 1238
48 1248
49 118
49 125
49 299
49 389
49 390
49 391
49 392
49 393
49 394
49 395
49 413
49 632
49 635
49 1008
49 1030
49 1048
49 1087
49 1238
49 1248
50 118
50 125
50 299
50 397
50 413
50 632
50 635
50 1008
50 1030
50 1048
50 1087
50 1238
50 1248
51 118
51 125
51 299
51 397
51 398
51 413
51 632
51 635
51 1008
51 1030
51 1045
51 1046
51 1047
51 1048
51 1088
51 1238
51 1248
52 118
52 125
52 299
52 398
52 413
52 632
52 635
52 1008
52 1030
52 1041
52 1042
52 1043
52 1044
52 1088
52 1089
52 1238
52 1248
53 118
53 125
53 299
53 399
53 413
53 632
53 635
53 1008
53 1030
53 1040
53 1090
53 1091
53 1238
53 1248
54 118
54 125
54 299
54 399
54 413
54 632
54 635
54 870
54 871
54 872
54 873
54 874
54 875
54 1008
54 1030
54 1040
54 1091
54 1092
54 1093
54 1238
54 1248
55 118
55 125
55 299
55 399
55 413
55 632
55 635
55 868
55 869
55 876
55 877
55 1008
55 1030
55 1040
55 1094
55 1095
55 1096
55 1097
55 1098
55 1238
55 1248
56 118
56 125
56 300
56 400
56 413
56 632
56 635
56 867
56 878
56 879
56 1008
56 1030
56 1041
56 1099
56 1100
56 1101
56 1102
56 1238
56 1248
57 118
57 125
57 300
57 400
57 413
57 632
57 635
57 866
57 880
57 1008
57 1030
57 1041
57 1042
57 1103
57 1104
57 1238
57 1248
58 118
58 125
58 301
58 400
58 413
58 632
58 635
58 866
58 880
58 1008
58 1030
58 1042
58 1105
58 1106
58 1238
58 1248
59 118
59 125
59 301
59 302
59 400
59 413
59 632
59 635
59 866
59 880
59 994
59 995
59 1008
59 1030
59 1043
59 1107
59 1108
59 1238
59 1248
60 118
60 125
60 302
60 303
60 304
60 400
60 413
60 632
60 635
60 866
60 880
60 992
60 993
60 996
60 997
60 1008
60 1030
60 1108
60 1109
60 1238
60 1248
61 118
61 126
61 143
61 144
61 305
61 306
61 307
61 400
61 413
61 632
61 635
61 865
61 881
61 987
61 988
61 991
61 992
61 998
61 999
61 1008
61 1030
61 1040
61 1041
61 1109
61 1238
61 1248
62 118
62 126
62 141
62 142
62 145
62 146
62 147
62 148
62 308
62 309
62 310
62 311
62 312
62 313
62 314
62 315
62 400
62 413
62 632
62 635
62 865
62 881
62 987
62 991
62 999
62 1000
62 1008
62 1030
62 1038
62 1039
62 1110
62 1238
62 1248
63 113
63 114
63 115
63 116
63 118
63 126
63 128
63 140
63 141
63 149
63 150
63 400
63 413
63 632
63 635
63 865
63 881
63 986
63 991
63 1000
63 1001
63 1008
63 1030
63 1037
63 1038
63 1110
63 1238
63 1248
64 106
64 107
64 108
64 109
64 110
64 111
64 112
64 118
64 125
64 129
64 130
64 139
64 140
64 151
64 152
64 276
64 277
64 278
64 279
64 280
64 281
64 282
64 283
64 284
64 285
64 286
64 287
64 288
64 289
64 290
64 291
64 292
64 293
64 294
64 295
64 296
64 297
64 298
64 299
64 300
64 301
64 302
64 303
64 304
64 305
64 306
64 307
64 308
64 309
64 310
64 311
64 312
64 313
64 314
64 315
64 399
64 413
64 632
64 635
64 865
64 881
64 986
64 991
64 1001
64 1002
64 1008
64 1029
64 1035
64 1036
64 1111
64 1238
64 1248
65 104
65 105
65 118
65 125
65 130
65 131
65 132
65 138
65 139
65 153
65 154
65 275
65 316
65 398
65 399
65 413
65 632
65 635
65 865
65 881
65 985
65 992
65 1002
65 1003
65 1008
65 1029
65 1033
65 1034
65 1112
65 1238
65 1248
66 104
66 118
66 125
66 133
66 134
66 135
66 136
66 137
66 138
66 155
66 156
66 274
66 316
66 394
66 397
66 413
66 632
66 635
66 864
66 881
66 985
66 992
66 993
66 1003
66 1004
66 1008
66 1029
66 1032
66 1033
66 1113
66 1238
66 1248
67 103
67 118
67 125
67 157
67 158
67 274
67 316
67 390
67 391
67 392
67 393
67 395
67 414
67 632
67 635
67 863
67 864
67 881
67 984
67 993
67 994
67 995
67 1004
67 1005
67 1008
67 1029
67 1113
67 1238
67 1248
68 0
68 1
68 2
68 3
68 4
68 5
68 6
68 7
68 8
68 9
68 10
68 103
68 118
68 125
68 159
68 160
68 274
68 316
68 386
68 387
68 388
68 389
68 395
68 414
68 632
68 635
68 863
68 881
68 984
68 996
68 997
68 998
68 1005
68 1008
68 1029
68 1114
68 1238
68 1248
69 11
69 12
69 103
69 118
69 125
69 161
69 162
69 274
69 316
69 384
69 385
69 395
69 414
69 632
69 635
69 859
69 860
69 861
69 862
69 882
69 983
69 999
69 1000
69 1001
69 1004
69 1008
69 1029
69 1114
69 1115
69 1238
69 1248
70 12
70 13
70 103
70 118
70 125
70 163
70 164
70 274
70 316
70 384
70 395
70 414
70 632
70 635
70 853
70 854
70 855
70 856
70 857
70 858
70 882
70 983
70 1002
70 1003
70 1004
70 1008
70 1029
70 1115
70 1238
70 1248
71 13
71 14
71 26
71 27
71 103
71 118
71 125
71 164
71 274
71 316
71 383
71 395
71 414
71 632
71 635
71 850
71 851
71 852
71 882
71 982
71 1003
71 1008
71 1029
71 1116
71 1238
71 1248
72 14
72 15
72 25
72 26
72 103
72 118
72 125
72 165
72 274
72 309
72 310
72 311
72 312
72 313
72 314
72 315
72 316
72 383
72 395
72 414
72 632
72 635
72 847
72 848
72 849
72 882
72 982
72 1004
72 1008
72 1029
72 1116
72 1117
72 1238
72 1248
73 15
73 16
73 17
73 18
73 19
73 24
73 25
73 28
73 103
73 118
73 125
73 165
73 274
73 304
73 305
73 306
73 307
73 308
73 383
73 395
73 414
73 632
73 635
73 843
73 844
73 845
73 846
73 882
73 982
73 1004
73 1008
73 1029
73 1117
73 1118
73 1238
73 1248
74 20
74 21
74 22
74 23
74 24
74 28
74 103
74 118
74 125
74 166
74 274
74 302
74 303
74 383
74 395
74 414
74 632
74 635
74 841
74 842
74 882
74 982
74 1004
74 1008
74 1029
74 1118
74 1238
74 1248
75 28
75 103
75 118
75 125
75 166
75 167
75 274
75 300
75 301
75 384
75 385
75 386
75 387
75 388
75 395
75 414
75 470
75 471
75 472
75 473
75 474
75 475
75 476
75 477
75 478
75 479
75 632
75 635
75 839
75 840
75 883
75 982
75 1004
75 1008
75 1029
75 1119
75 1238
75 1248
76 28
76 43
76 44
76 45
76 46
76 47
76 48
76 49
76 50
76 103
76 118
76 125
76 167
76 168
76 274
76 300
76 389
76 390
76 391
76 392
76 393
76 394
76 395
76 414
76 469
76 480
76 632
76 635
76 839
76 884
76 885
76 886
76 887
76 981
76 1004
76 1008
76 1029
76 1119
76 1120
76 1238
76 1248
77 29
77 36
77 37
77 38
77 39
77 40
77 41
77 42
77 51
77 52
77 53
77 54
77 55
77 56
77 57
77 58
77 103
77 118
77 125
77 169
77 170
77 274
77 299
77 414
77 468
77 480
77 631
77 635
77 838
77 888
77 889
77 890
77 891
77 981
77 1004
77 1008
77 1029
77 1120
77 1121
77 1238
77 1248
77 1273
77 1274
77 1275
77 1276
77 1277
77 1278
77 1279
78 29
78 32
78 33
78 34
78 35
78 59
78 60
78 61
78 62
78 63
78 103
78 118
78 125
78 170
78 171
78 274
78 299
78 397
78 414
78 468
78 480
78 631
78 635
78 838
78 892
78 893
78 894
78 895
78 981
78 1004
78 1008
78 1029
78 1122
78 1123
78 1238
78 1247
78 1248
78 1249
78 1250
78 1251
78 1252
78 1253
78 1254
78 1255
78 1256
78 1257
78 1258
78 1259
78 1260
78 1261
78 1262
78 1263
78 1264
78 1265
78 1266
78 1267
78 1268
78 1269
78 1270
78 1271
78 1272
79 29
79 31
79 64
79 65
79 66
79 67
79 68
79 102
79 118
79 125
79 171
79 172
79 274
79 298
79 397
79 398
79 414
79 468
79 480
79 631
79 635
79 837
79 896
79 897
79 981
79 1004
79 1008
79 1029
79 1123
79 1124
79 1238
79 1246
80 69
80 70
80 71
80 101
80 118
80 125
80 172
80 173
80 274
80 298
80 398
80 399
80 414
80 468
80 480
80 631
80 635
80 837
80 898
80 981
80 1004
80 1008
80 1029
80 1124
80 1125
80 1238
80 1245
81 38
81 39
81 40
81 72
81 73
81 74
81 75
81 91
81 92
81 93
81 94
81 95
81 100
81 118
81 125
81 174
81 175
81 274
81 298
81 399
81 414
81 468
81 480
81 631
81 635
81 836
81 898
81 981
81 1004
81 1008
81 1029
81 1125
81 1126
81 1238
81 1245
82 37
82 38
82 41
82 42
82 76
82 77
82 90
82 96
82 98
82 99
82 118
82 125
82 176
82 177
82 274
82 298
82 400
82 414
82 468
82 480
82 631
82 635
82 835
82 836
82 899
82 981
82 1004
82 1008
82 1029
82 1127
82 1128
82 1238
82 1245
83 37
83 43
83 44
83 78
83 79
83 89
83 96
83 118
83 125
83 178
83 179
83 274
83 299
83 400
83 414
83 468
83 480
83 631
83 635
83 834
83 835
83 899
83 981
83 1004
83 1008
83 1029
83 1128
83 1129
83 1238
83 1245
84 37
84 38
84 44
84 45
84 79
84 80
84 89
84 96
84 118
84 125
84 179
84 180
84 246
84 247
84 274
84 299
84 400
84 415
84 416
84 417
84 418
84 419
84 420
84 421
84 422
84 423
84 424
84 425
84 426
84 427
84 428
84 429
84 430
84 431
84 432
84 433
84 434
84 435
84 436
84 437
84 438
84 439
84 440
84 441
84 467
84 479
84 576
84 577
84 578
84 579
84 580
84 581
84 582
84 583
84 631
84 635
84 834
84 899
84 981
84 1004
84 1008
84 1029
84 1129
84 1130
84 1238
84 1245
85 39
85 46
85 80
85 89
85 96
85 118
85 125
85 181
85 245
85 248
85 274
85 299
85 400
85 442
85 467
85 479
85 575
85 584
85 631
85 635
85 833
85 899
85 981
85 1004
85 1008
85 1029
85 1130
85 1238
85 1245
86 40
86 47
86 81
86 89
86 96
86 118
86 125
86 182
86 241
86 242
86 243
86 244
86 249
86 274
86 300
86 400
86 443
86 444
86 445
86 446
86 447
86 448
86 449
86 450
86 451
86 452
86 453
86 454
86 455
86 456
86 457
86 458
86 459
86 460
86 461
86 462
86 463
86 464
86 465
86 466
86 467
86 468
86 479
86 574
86 585
86 586
86 587
86 588
86 589
86 590
86 591
86 592
86 593
86 594
86 595
86 596
86 597
86 598
86 599
86 600
86 601
86 631
86 635
86 833
86 899
86 974
86 975
86 976
86 977
86 978
86 979
86 980
86 981
86 1004
86 1008
86 1029
86 1131
86 1238
86 1245
87 41
87 42
87 48
87 49
87 81
87 82
87 89
87 96
87 118
87 125
87 183
87 184
87 209
87 239
87 240
87 250
87 251
87 274
87 300
87 301
87 400
87 469
87 479
87 574
87 602
87 603
87 604
87 605
87 606
87 607
87 608
87 609
87 610
87 611
87 612
87 613
87 614
87 615
87 616
87 617
87 618
87 619
87 620
87 621
87 622
87 623
87 624
87 625
87 626
87 627
87 628
87 629
87 630
87 637
87 638
87 639
87 640
87 641
87 642
87 643
87 644
87 645
87 646
87 647
87 648
87 649
87 650
87 651
87 652
87 653
87 654
87 655
87 656
87 657
87 830
87 831
87 832
87 833
87 899
87 965
87 966
87 967
87 968
87 969
87 970
87 971
87 972
87 973
87 1004
87 1008
87 1029
87 1131
87 1238
87 1245
88 42
88 43
88 49
88 50
88 82
88 83
88 89
88 96
88 117
88 125
88 185
88 186
88 187
88 188
88 208
88 210
88 211
88 212
88 213
88 238
88 239
88 252
88 253
88 274
88 301
88 302
88 303
88 400
88 469
88 479
88 574
88 631
88 636
88 658
88 826
88 827
88 828
88 829
88 899
88 963
88 964
88 1004
88 1008
88 1029
88 1132
88 1238
88 1245
89 44
89 45
89 51
89 52
89 83
89 84
89 85
89 86
89 87
89 88
89 89
89 96
89 117
89 125
89 189
89 190
89 191
89 207
89 214
89 215
89 236
89 237
89 254
89 255
89 274
89 304
89 305
89 306
89 400
89 457
89 458
89 459
89 460
89 461
89 462
89 463
89 464
89 465
89 466
89 469
89 479
89 575
89 576
89 577
89 578
89 579
89 580
89 581
89 582
89 583
89 584
89 585
89 586
89 587
89 588
89 589
89 631
89 635
89 658
89 824
89 825
89 899
89 961
89 962
89 1004
89 1008
89 1029
89 1132
89 1238
89 1245
90 46
90 47
90 53
90 54
90 89
90 96
90 117
90 125
90 192
90 193
90 207
90 216
90 234
90 235
90 256
90 257
90 274
90 307
90 308
90 309
90 310
90 400
90 428
90 429
90 430
90 431
90 432
90 433
90 434
90 435
90 436
90 437
90 438
90 439
90 440
90 441
90 442
90 443
90 444
90 445
90 446
90 447
90 448
90 449
90 450
90 451
90 452
90 453
90 454
90 455
90 456
90 467
90 468
90 479
90 590
90 591
90 592
90 593
90 594
90 595
90 596
90 597
90 598
90 599
90 600
90 601
90 602
90 603
90 604
90 605
90 606
90 607
90 608
90 609
90 610
90 611
90 612
90 613
90 614
90 618
90 619
90 620
90 621
90 622
90 623
90 624
90 625
90 626
90 627
90 628
90 629
90 630
90 631
90 636
90 637
90 638
90 639
90 640
90 641
90 642
90 643
90 644
90 645
90 646
90 647
90 648
90 649
90 822
90 823
90 902
90 903
90 904
90 905
90 906
90 907
90 908
90 909
90 910
90 911
90 912
90 959
90 960
90 1004
90 1008
90 1029
90 1133
90 1238
90 1245
91 47
91 48
91 55
91 56
91 89
91 96
91 117
91 125
91 194
91 195
91 207
91 217
91 233
91 234
91 258
91 259
91 274
91 311
91 312
91 313
91 399
91 415
91 416
91 417
91 418
91 419
91 420
91 421
91 422
91 423
91 424
91 425
91 426
91 427
91 467
91 479
91 820
91 821
91 899
91 901
91 913
91 914
91 915
91 916
91 917
91 958
91 959
91 1004
91 1008
91 1029
91 1133
91 1238
91 1246
91 1247
91 1250
91 1251
91 1252
91 1253
91 1254
91 1255
91 1256
91 1257
91 1258
91 1259
91 1260
91 1261
91 1262
91 1263
91 1264
91 1265
91 1266
91 1267
91 1268
91 1269
91 1270
91 1271
91 1272
91 1273
91 1274
91 1275
91 1276
91 1277
91 1278
91 1279
92 49
92 50
92 56
92 57
92 89
92 96
92 117
92 125
92 195
92 207
92 217
92 232
92 233
92 260
92 261
92 274
92 312
92 314
92 315
92 398
92 399
92 414
92 467
92 479
92 613
92 618
92 631
92 635
92 818
92 819
92 918
92 919
92 920
92 921
92 957
92 958
92 1004
92 1008
92 1029
92 1132
92 1133
92 1237
92 1248
92 1249
92 1262
93 51
93 52
93 58
93 59
93 89
93 96
93 117
93 125
93 196
93 207
93 218
93 230
93 231
93 261
93 274
93 315
93 397
93 398
93 413
93 467
93 479
93 613
93 618
93 631
93 635
93 818
93 922
93 923
93 924
93 955
93 956
93 1004
93 1008
93 1029
93 1130
93 1131
93 1237
93 1248
94 52
94 53
94 60
94 61
94 89
94 96
94 117
94 125
94 196
94 207
94 218
94 229
94 230
94 262
94 274
94 315
94 396
94 397
94 413
94 467
94 479
94 613
94 618
94 631
94 635
94 818
94 819
94 925
94 926
94 954
94 955
94 1004
94 1008
94 1029
94 1124
94 1125
94 1126
94 1127
94 1128
94 1129
94 1237
94 1248
94 1257
94 1258
95 54
95 55
95 61
95 62
95 89
95 96
95 117
95 125
95 197
95 207
95 218
95 227
95 228
95 262
95 274
95 316
95 391
95 392
95 393
95 394
95 413
95 467
95 479
95 613
95 618
95 631
95 635
95 714
95 715
95 716
95 717
95 718
95 719
95 720
95 820
95 927
95 928
95 953
95 954
95 1004
95 1008
95 1029
95 1118
95 1119
95 1120
95 1121
95 1122
95 1123
95 1237
95 1248
95 1256
95 1257
96 56
96 57
96 63
96 64
96 89
96 96
96 117
96 125
96 197
96 207
96 219
96 226
96 227
96 263
96 274
96 316
96 387
96 388
96 389
96 390
96 394
96 413
96 467
96 479
96 613
96 618
96 631
96 635
96 712
96 713
96 721
96 722
96 723
96 724
96 725
96 726
96 727
96 728
96 729
96 730
96 820
96 929
96 930
96 951
96 952
96 1004
96 1008
96 1029
96 1118
96 1237
96 1248
96 1254
96 1255
97 57
97 58
97 65
97 66
97 89
97 96
97 117
97 125
97 198
97 207
97 219
97 224
97 225
97 263
97 274
97 316
97 385
97 386
97 394
97 413
97 467
97 479
97 613
97 618
97 631
97 635
97 708
97 709
97 710
97 711
97 731
97 732
97 733
97 734
97 817
97 818
97 819
97 931
97 932
97 949
97 950
97 951
97 1004
97 1008
97 1029
97 1118
97 1119
97 1237
97 1248
97 1252
97 1253
98 59
98 60
98 66
98 67
98 68
98 89
98 96
98 117
98 125
98 198
98 207
98 220
98 221
98 222
98 223
98 263
98 274
98 317
98 384
98 394
98 413
98 466
98 479
98 613
98 618
98 631
98 635
98 706
98 707
98 735
98 736
98 801
98 814
98 815
98 816
98 933
98 934
98 941
98 942
98 943
98 944
98 945
98 946
98 947
98 948
98 1004
98 1008
98 1029
98 1119
98 1120
98 1237
98 1248
98 1251
98 1252
99 61
99 62
99 69
99 70
99 89
99 96
99 117
99 125
99 199
99 207
99 264
99 274
99 318
99 319
99 320
99 321
99 322
99 323
99 383
99 394
99 413
99 466
99 478
99 613
99 618
99 631
99 635
99 704
99 705
99 737
99 738
99 790
99 798
99 799
99 800
99 802
99 803
99 804
99 805
99 813
99 935
99 936
99 937
99 938
99 939
99 940
99 1004
99 1008
99 1029
99 1121
99 1122
99 1237
99 1249
99 1250
100 62
100 63
100 71
100 72
100 89
100 96
100 117
100 125
100 199
100 207
100 264
100 273
100 324
100 325
100 383
100 394
100 413
100 466
100 478
100 613
100 618
100 631
100 635
100 702
100 703
100 739
100 740
100 787
100 788
100 789
100 791
100 792
100 796
100 797
100 806
100 807
100 808
100 812
100 1004
100 1008
100 1029
100 1123
100 1124
100 1237
100 1249
101 64
101 65
101 72
101 73
101 89
101 96
101 117
101 125
101 200
101 206
101 207
101 265
101 273
101 326
101 383
101 394
101 413
101 466
101 478
101 613
101 618
101 631
101 635
101 700
101 701
101 740
101 741
101 742
101 785
101 786
101 793
101 794
101 795
101 809
101 810
101 813
101 1004
101 1008
101 1029
101 1125
101 1126
101 1237
101 1248
102 66
102 67
102 74
102 75
102 89
102 96
102 117
102 125
102 200
102 205
102 206
102 265
102 273
102 326
102 383
102 394
102 413
102 466
102 478
102 613
102 618
102 631
102 635
102 698
102 699
102 743
102 744
102 785
102 811
102 812
102 1004
102 1008
102 1029
102 1126
102 1237
102 1248
103 68
103 69
103 76
103 77
103 89
103 96
103 117
103 125
103 201
103 205
103 266
103 273
103 326
103 380
103 381
103 382
103 383
103 394
103 413
103 467
103 468
103 469
103 470
103 471
103 472
103 478
103 613
103 618
103 631
103 635
103 697
103 698
103 744
103 745
103 784
103 1004
103 1008
103 1029
103 1126
103 1237
103 1248
104 70
104 71
104 78
104 79
104 89
104 96
104 117
104 125
104 201
104 204
104 266
104 273
104 326
104 376
104 377
104 378
104 379
104 394
104 413
104 473
104 474
104 475
104 476
104 477
104 478
104 613
104 618
104 631
104 635
104 695
104 696
104 745
104 746
104 784
104 1004
104 1008
104 1029
104 1126
104 1237
104 1248
105 72
105 73
105 79
105 80
105 89
105 95
105 117
105 125
105 202
105 203
105 204
105 267
105 273
105 326
105 375
105 394
105 413
105 613
105 618
105 631
105 635
105 693
105 694
105 746
105 777
105 783
105 1004
105 1008
105 1029
105 1125
105 1237
105 1248
105 1278
105 1279
106 73
106 74
106 81
106 82
106 88
106 95
106 117
106 125
106 267
106 273
106 326
106 374
106 394
106 413
106 613
106 618
106 631
106 635
106 691
106 692
106 747
106 774
106 775
106 776
106 778
106 779
106 780
106 781
106 782
106 783
106 1004
106 1008
106 1029
106 1171
106 1172
106 1173
106 1174
106 1175
106 1176
106 1177
106 1178
106 1236
106 1237
106 1248
106 1277
106 1278
107 75
107 76
107 83
107 84
107 88
107 95
107 117
107 125
107 268
107 273
107 327
107 330
107 331
107 332
107 333
107 334
107 335
107 336
107 337
107 338
107 339
107 340
107 341
107 342
107 343
107 344
107 345
107 346
107 347
107 348
107 349
107 350
107 351
107 352
107 364
107 367
107 368
107 369
107 370
107 371
107 372
107 373
107 374
107 394
107 413
107 613
107 618
107 631
107 635
107 690
107 691
107 747
107 748
107 772
107 773
107 1004
107 1008
107 1029
107 1126
107 1127
107 1128
107 1129
107 1130
107 1131
107 1132
107 1133
107 1134
107 1135
107 1136
107 1137
107 1138
107 1139
107 1140
107 1141
107 1142
107 1143
107 1144
107 1145
107 1146
107 1147
107 1148
107 1149
107 1150
107 1151
107 1152
107 1153
107 1154
107 1155
107 1156
107 1157
107 1158
107 1159
107 1160
107 1161
107 1162
107 1163
107 1164
107 1165
107 1166
107 1167
107 1168
107 1169
107 1170
107 1179
107 1234
107 1235
107 1248
107 1275
107 1276
108 77
108 78
108 84
108 85
108 88
108 95
108 117
108 125
108 268
108 269
108 270
108 271
108 273
108 328
108 353
108 366
108 394
108 413
108 613
108 618
108 631
108 635
108 688
108 689
108 748
108 749
108 770
108 771
108 1004
108 1008
108 1029
108 1125
108 1179
108 1233
108 1234
108 1237
108 1248
108 1273
108 1274
109 78
109 79
109 86
109 87
109 88
109 95
109 117
109 125
109 273
109 328
109 353
109 365
109 394
109 413
109 613
109 618
109 630
109 635
109 686
109 687
109 749
109 770
109 1003
109 1008
109 1029
109 1124
109 1151
109 1152
109 1153
109 1154
109 1155
109 1156
109 1157
109 1158
109 1159
109 1160
109 1161
109 1162
109 1163
109 1164
109 1177
109 1181
109 1182
109 1183
109 1184
109 1185
109 1186
109 1187
109 1188
109 1189
109 1190
109 1191
109 1192
109 1193
109 1194
109 1195
109 1196
109 1197
109 1198
109 1199
109 1200
109 1201
109 1202
109 1230
109 1231
109 1232
109 1235
109 1236
109 1250
109 1251
109 1252
109 1253
109 1254
109 1255
109 1256
109 1257
109 1258
109 1259
109 1260
109 1261
109 1262
109 1263
109 1264
109 1265
109 1266
109 1267
109 1268
109 1269
109 1270
109 1271
109 1272
110 80
110 81
110 95
110 117
110 125
110 273
110 328
110 353
110 365
110 394
110 413
110 613
110 618
110 630
110 635
110 685
110 686
110 749
110 770
110 1003
110 1008
110 1028
110 1029
110 1124
110 1148
110 1149
110 1150
110 1167
110 1168
110 1169
110 1170
110 1178
110 1179
110 1203
110 1204
110 1205
110 1206
110 1207
110 1208
110 1209
110 1210
110 1211
110 1212
110 1213
110 1214
110 1215
110 1216
110 1217
110 1218
110 1219
110 1220
110 1221
110 1222
110 1223
110 1224
110 1225
110 1226
110 1227
110 1228
110 1229
110 1230
110 1237
110 1249
111 82
111 83
111 95
111 117
111 125
111 273
111 328
111 353
111 365
111 394
111 413
111 613
111 618
111 630
111 635
111 684
111 685
111 749
111 770
111 1003
111 1008
111 1027
111 1028
111 1124
111 1141
111 1142
111 1143
111 1144
111 1145
111 1146
111 1147
111 1171
111 1172
111 1173
111 1230
111 1231
111 1232
111 1237
111 1248
112 83
112 84
112 95
112 117
112 125
112 273
112 328
112 353
112 365
112 394
112 413
112 613
112 618
112 630
112 635
112 684
112 749
112 765
112 766
112 767
112 768
112 769
112 1003
112 1008
112 1025
112 1026
112 1124
112 1125
112 1133
112 1134
112 1135
112 1136
112 1137
112 1138
112 1139
112 1140
112 1174
112 1175
112 1220
112 1221
112 1222
112 1223
112 1224
112 1237
112 1248
113 85
113 86
113 95
113 117
113 125
113 273
113 328
113 353
113 365
113 394
113 413
113 583
113 584
113 585
113 613
113 618
113 630
113 635
113 683
113 750
113 763
113 764
113 1003
113 1008
113 1024
113 1025
113 1126
113 1127
113 1128
113 1129
113 1130
113 1131
113 1132
113 1175
113 1176
113 1218
113 1219
113 1237
113 1248
114 87
114 95
114 117
114 125
114 273
114 328
114 353
114 365
114 394
114 413
114 581
114 582
114 586
114 587
114 588
114 589
114 590
114 591
114 592
114 593
114 594
114 595
114 596
114 613
114 618
114 625
114 626
114 627
114 628
114 629
114 637
114 682
114 750
114 762
114 763
114 1003
114 1008
114 1023
114 1024
114 1177
114 1178
114 1216
114 1217
114 1237
114 1248
115 87
115 96
115 97
115 98
115 99
115 100
115 101
115 102
115 103
115 104
115 105
115 106
115 107
115 108
115 109
115 110
115 111
115 112
115 113
115 114
115 115
115 116
115 117
115 125
115 273
115 328
115 353
115 365
115 394
115 413
115 580
115 597
115 598
115 599
115 600
115 601
115 602
115 603
115 604
115 605
115 606
115 607
115 608
115 609
115 610
115 611
115 612
115 620
115 621
115 622
115 623
115 624
115 636
115 638
115 681
115 750
115 760
115 761
115 1003
115 1008
115 1021
115 1022
115 1179
115 1180
115 1213
115 1214
115 1215
115 1237
115 1248
116 61
116 62
116 63
116 64
116 65
116 66
116 67
116 87
116 117
116 125
116 273
116 328
116 353
116 365
116 394
116 413
116 579
116 613
116 619
116 638
116 681
116 750
116 759
116 760
116 1003
116 1008
116 1019
116 1020
116 1021
116 1180
116 1181
116 1211
116 1212
116 1237
116 1248
117 60
117 68
117 87
117 117
117 125
117 273
117 328
117 341
117 342
117 353
117 365
117 394
117 413
117 468
117 469
117 470
117 471
117 472
117 473
117 474
117 475
117 476
117 477
117 478
117 479
117 480
117 481
117 482
117 483
117 484
117 485
117 486
117 487
117 488
117 489
117 490
117 491
117 492
117 493
117 494
117 495
117 580
117 581
117 582
117 583
117 584
117 585
117 613
117 618
117 638
117 681
117 751
117 752
117 753
117 754
117 755
117 756
117 757
117 758
117 1003
117 1008
117 1017
117 1018
117 1081
117 1082
117 1083
117 1084
117 1085
117 1086
117 1087
117 1088
117 1181
117 1182
117 1210
117 1211
117 1237
117 1248
118 59
118 68
118 87
118 117
118 125
118 273
118 328
118 336
118 337
118 338
118 339
118 340
118 343
118 344
118 345
118 353
118 366
118 394
118 413
118 466
118 467
118 586
118 587
118 588
118 589
118 590
118 591
118 592
118 593
118 594
118 595
118 596
118 597
118 613
118 619
118 620
118 621
118 622
118 623
118 624
118 625
118 626
118 639
118 680
118 1003
118 1008
118 1014
118 1015
118 1016
118 1020
118 1080
118 1089
118 1090
118 1091
118 1092
118 1182
118 1183
118 1208
118 1209
118 1237
118 1248
119 59
119 68
119 87
119 117
119 125
119 273
119 329
119 330
119 331
119 332
119 333
119 334
119 335
119 346
119 347
119 353
119 366
119 368
119 394
119 413
119 466
119 495
119 598
119 599
119 600
119 601
119 602
119 603
119 604
119 605
119 606
119 607
119 608
119 609
119 610
119 611
119 612
119 613
119 639
119 640
119 680
119 1003
119 1008
119 1011
119 1012
119 1013
119 1020
119 1079
119 1093
119 1184
119 1185
119 1207
119 1208
119 1237
119 1248
120 59
120 68
120 87
120 117
120 125
120 273
120 329
120 348
120 349
120 350
120 351
120 353
120 365
120 368
120 369
120 370
120 394
120 413
120 441
120 465
120 484
120 485
120 486
120 487
120 488
120 489
120 490
120 491
120 492
120 493
120 494
120 618
120 625
120 626
120 641
120 642
120 680
120 1003
120 1009
120 1010
120 1020
120 1079
120 1093
120 1185
120 1186
120 1187
120 1188
120 1189
120 1190
120 1191
120 1192
120 1193
120 1194
120 1206
120 1207
120 1237
120 1248
121 59
121 68
121 87
121 117
121 125
121 273
121 328
121 353
121 365
121 371
121 372
121 392
121 394
121 413
121 437
121 438
121 439
121 440
121 442
121 443
121 465
121 470
121 471
121 472
121 473
121 474
121 475
121 476
121 477
121 478
121 479
121 480
121 481
121 482
121 483
121 608
121 613
121 618
121 624
121 625
121 643
121 644
121 680
121 1003
121 1020
121 1079
121 1093
121 1195
121 1196
121 1197
121 1198
121 1199
121 1200
121 1201
121 1202
121 1203
121 1204
121 1205
121 1237
121 1248
122 59
122 68
122 87
122 117
122 125
122 273
122 328
122 353
122 365
122 372
122 373
122 374
122 391
122 392
122 394
122 414
122 436
122 444
122 445
122 446
122 465
122 469
122 608
122 613
122 618
122 623
122 624
122 644
122 645
122 679
122 1003
122 1008
122 1010
122 1020
122 1079
122 1093
122 1237
122 1248
123 59
123 68
123 87
123 96
123 97
123 98
123 99
123 100
123 101
123 102
123 103
123 104
123 105
123 106
123 107
123 108
123 109
123 110
123 111
123 112
123 113
123 114
123 115
123 116
123 117
123 125
123 264
123 265
123 266
123 273
123 328
123 353
123 365
123 375
123 376
123 377
123 378
123 390
123 391
123 394
123 414
123 435
123 447
123 448
123 465
123 468
123 608
123 613
123 618
123 623
123 645
123 679
123 1003
123 1008
123 1010
123 1020
123 1079
123 1093
123 1237
123 1248
124 59
124 68
124 87
124 96
124 117
124 125
124 263
124 267
124 273
124 328
124 353
124 365
124 379
124 380
124 381
124 382
124 389
124 394
124 414
124 435
124 449
124 450
124 465
124 468
124 608
124 613
124 618
124 623
124 624
124 644
124 645
124 678
124 679
124 1003
124 1008
124 1010
124 1020
124 1079
124 1093
124 1237
124 1248
125 59
125 68
125 87
125 95
125 117
125 125
125 262
125 267
125 273
125 328
125 353
125 365
125 383
125 384
125 385
125 386
125 394
125 413
125 434
125 451
125 452
125 465
125 468
125 608
125 613
125 618
125 624
125 625
125 643
125 644
125 678
125 1003
125 1008
125 1010
125 1020
125 1079
125 1093
125 1237
125 1248
126 59
126 68
126 87
126 95
126 117
126 125
126 262
126 267
126 273
126 328
126 353
126 365
126 387
126 394
126 414
126 433
126 434
126 452
126 453
126 465
126 468
126 608
126 613
126 618
126 625
126 626
126 642
126 643
126 677
126 1003
126 1008
126 1010
126 1020
126 1079
126 1093
126 1237
126 1248
127 59
127 68
127 87
127 95
127 117
127 124
127 262
127 267
127 273
127 328
127 353
127 365
127 394
127 414
127 415
127 417
127 433
127 453
127 454
127 465
127 468
127 608
127 613
127 618
127 626
127 627
127 641
127 642
127 676
127 677
127 886
127 887
127 1003
127 1008
127 1010
127 1020
127 1079
127 1093
127 1237
127 1248
128 59
128 68
128 87
128 95
128 117
128 124
128 262
128 267
128 273
128 328
128 353
128 365
128 394
128 414
128 418
128 432
128 454
128 465
128 468
128 608
128 613
128 618
128 627
128 640
128 676
128 885
128 888
128 1003
128 1008
128 1010
128 1020
128 1079
128 1093
128 1237
128 1248
129 59
129 68
129 87
129 95
129 117
129 124
129 262
129 267
129 273
129 328
129 353
129 365
129 394
129 414
129 419
129 432
129 455
129 456
129 457
129 465
129 468
129 608
129 613
129 618
129 628
129 635
129 639
129 675
129 884
129 888
129 1003
129 1008
129 1010
129 1020
129 1079
129 1092
129 1237
129 1248
130 59
130 68
130 87
130 95
130 117
130 124
130 262
130 267
130 273
130 328
130 353
130 365
130 394
130 414
130 420
130 421
130 428
130 429
130 430
130 431
130 458
130 459
130 460
130 465
130 468
130 586
130 587
130 588
130 589
130 590
130 591
130 592
130 593
130 594
130 595
130 608
130 613
130 618
130 628
130 629
130 635
130 637
130 638
130 675
130 884
130 888
130 1003
130 1008
130 1010
130 1020
130 1079
130 1093
130 1094
130 1095
130 1096
130 1097
130 1098
130 1237
130 1248
131 59
131 68
131 87
131 95
131 117
131 124
131 262
131 267
131 273
131 328
131 353
131 365
131 394
131 414
131 421
131 422
131 423
131 424
131 425
131 426
131 427
131 461
131 462
131 465
131 468
131 513
131 514
131 515
131 516
131 517
131 518
131 519
131 520
131 521
131 584
131 585
131 596
131 597
131 598
131 599
131 600
131 601
131 602
131 603
131 604
131 605
131 606
131 607
131 612
131 629
131 630
131 636
131 637
131 675
131 884
131 888
131 984
131 985
131 1003
131 1008
131 1010
131 1020
131 1079
131 1099
131 1237
131 1248
132 59
132 68
132 87
132 95
132 117
132 124
132 207
132 208
132 262
132 267
132 273
132 310
132 317
132 328
132 353
132 365
132 394
132 414
132 462
132 463
132 465
132 468
132 500
132 501
132 502
132 503
132 504
132 505
132 506
132 507
132 508
132 509
132 510
132 511
132 512
132 522
132 584
132 608
132 611
132 613
132 619
132 620
132 621
132 630
132 636
132 675
132 884
132 888
132 983
132 986
132 1003
132 1008
132 1010
132 1020
132 1079
132 1100
132 1237
132 1248
133 27
133 28
133 29
133 30
133 59
133 68
133 87
133 95
133 117
133 124
133 206
133 209
133 262
133 267
133 274
133 275
133 276
133 277
133 278
133 279
133 280
133 281
133 282
133 283
133 284
133 285
133 286
133 310
133 317
133 328
133 353
133 365
133 394
133 414
133 463
133 465
133 468
133 499
133 500
133 522
133 587
133 588
133 589
133 590
133 591
133 592
133 593
133 594
133 608
133 613
133 618
133 621
133 630
133 635
133 675
133 884
133 888
133 982
133 986
133 1003
133 1008
133 1010
133 1020
133 1079
133 1100
133 1237
133 1248
134 26
134 31
134 59
134 68
134 87
134 95
134 117
134 124
134 200
134 201
134 202
134 203
134 209
134 262
134 267
134 287
134 288
134 289
134 290
134 291
134 292
134 293
134 294
134 295
134 296
134 297
134 298
134 299
134 300
134 301
134 302
134 303
134 304
134 305
134 306
134 307
134 308
134 309
134 310
134 317
134 328
134 353
134 365
134 394
134 414
134 465
134 468
134 499
134 500
134 522
134 595
134 596
134 597
134 598
134 599
134 600
134 601
134 603
134 604
134 605
134 606
134 607
134 608
134 611
134 612
134 613
134 619
134 620
134 621
134 630
134 635
134 675
134 884
134 888
134 982
134 986
134 1003
134 1008
134 1009
134 1010
134 1020
134 1079
134 1098
134 1099
134 1100
134 1237
134 1248
135 25
135 31
135 59
135 68
135 87
135 95
135 117
135 124
135 199
135 204
135 206
135 209
135 211
135 212
135 213
135 214
135 215
135 216
135 217
135 218
135 219
135 220
135 221
135 222
135 223
135 224
135 225
135 262
135 267
135 318
135 319
135 320
135 321
135 322
135 323
135 324
135 325
135 326
135 327
135 328
135 343
135 344
135 345
135 353
135 365
135 394
135 414
135 465
135 468
135 500
135 501
135 503
135 504
135 505
135 506
135 507
135 508
135 509
135 510
135 511
135 512
135 513
135 514
135 515
135 516
135 517
135 518
135 519
135 520
135 521
135 522
135 630
135 635
135 675
135 884
135 888
135 982
135 986
135 1003
135 1020
135 1079
135 1097
135 1237
135 1248
136 25
136 31
136 59
136 68
136 74
136 75
136 76
136 87
136 95
136 117
136 124
136 198
136 204
136 206
136 209
136 226
136 262
136 267
136 310
136 336
136 337
136 338
136 339
136 340
136 341
136 342
136 346
136 353
136 365
136 394
136 414
136 465
136 468
136 498
136 502
136 600
136 603
136 608
136 613
136 618
136 630
136 635
136 675
136 884
136 888
136 982
136 986
136 1003
136 1020
136 1079
136 1096
136 1237
136 1247
137 25
137 31
137 59
137 69
137 70
137 71
137 72
137 73
137 76
137 87
137 95
137 117
137 124
137 198
137 204
137 206
137 208
137 226
137 262
137 267
137 310
137 317
137 335
137 346
137 353
137 365
137 394
137 414
137 465
137 468
137 498
137 501
137 600
137 603
137 608
137 613
137 618
137 630
137 636
137 675
137 884
137 888
137 982
137 986
137 1003
137 1020
137 1055
137 1056
137 1057
137 1058
137 1059
137 1060
137 1061
137 1062
137 1063
137 1079
137 1096
137 1237
137 1247
138 25
138 31
138 59
138 69
138 77
138 86
138 95
138 117
138 124
138 198
138 204
138 206
138 208
138 226
138 262
138 267
138 310
138 317
138 334
138 346
138 353
138 365
138 394
138 414
138 465
138 468
138 498
138 501
138 600
138 603
138 608
138 613
138 618
138 630
138 636
138 675
138 884
138 888
138 982
138 986
138 1003
138 1020
138 1052
138 1053
138 1054
138 1064
138 1065
138 1066
138 1067
138 1079
138 1096
138 1237
138 1247
139 25
139 31
139 59
139 68
139 78
139 86
139 95
139 117
139 124
139 198
139 204
139 206
139 208
139 226
139 262
139 267
139 310
139 317
139 334
139 346
139 353
139 365
139 393
139 414
139 465
139 468
139 498
139 501
139 582
139 583
139 584
139 585
139 586
139 587
139 588
139 589
139 590
139 591
139 592
139 593
139 594
139 595
139 596
139 597
139 598
139 599
139 605
139 606
139 607
139 612
139 618
139 630
139 636
139 675
139 884
139 888
139 982
139 986
139 1003
139 1020
139 1051
139 1068
139 1079
139 1096
139 1237
139 1247
140 25
140 31
140 59
140 68
140 78
140 86
140 95
140 117
140 124
140 160
140 161
140 162
140 163
140 198
140 204
140 206
140 208
140 224
140 225
140 226
140 262
140 267
140 310
140 317
140 334
140 346
140 353
140 365
140 393
140 414
140 465
140 469
140 474
140 475
140 476
140 477
140 486
140 487
140 495
140 496
140 497
140 498
140 502
140 503
140 512
140 513
140 514
140 515
140 581
140 600
140 604
140 608
140 611
140 613
140 618
140 630
140 636
140 675
140 884
140 888
140 982
140 986
140 1003
140 1020
140 1050
140 1053
140 1068
140 1079
140 1096
140 1237
140 1247
141 25
141 31
141 59
141 68
141 78
141 86
141 95
141 117
141 124
141 159
141 164
141 198
141 204
141 206
141 208
141 221
141 222
141 223
141 262
141 267
141 310
141 317
141 334
141 346
141 353
141 365
141 393
141 414
141 465
141 469
141 471
141 472
141 473
141 478
141 479
141 480
141 481
141 482
141 483
141 484
141 485
141 488
141 489
141 490
141 491
141 492
141 493
141 494
141 498
141 502
141 504
141 505
141 510
141 511
141 516
141 517
141 518
141 519
141 520
141 521
141 581
141 600
141 603
141 618
141 630
141 636
141 675
141 884
141 888
141 982
141 987
141 988
141 989
141 990
141 991
141 992
141 1003
141 1020
141 1050
141 1053
141 1069
141 1079
141 1096
141 1237
141 1247
142 25
142 31
142 59
142 68
142 78
142 86
142 95
142 117
142 124
142 158
142 164
142 198
142 204
142 206
142 208
142 219
142 220
142 262
142 267
142 310
142 317
142 334
142 346
142 353
142 365
142 393
142 414
142 465
142 469
142 498
142 501
142 506
142 507
142 508
142 509
142 522
142 523
142 524
142 583
142 584
142 585
142 586
142 587
142 588
142 589
142 590
142 591
142 592
142 593
142 594
142 596
142 597
142 598
142 599
142 600
142 604
142 605
142 606
142 618
142 629
142 636
142 675
142 884
142 888
142 982
142 986
142 993
142 1003
142 1008
142 1020
142 1050
142 1053
142 1069
142 1079
142 1096
142 1237
142 1247
143 25
143 31
143 59
143 68
143 78
143 86
143 95
143 117
143 124
143 158
143 164
143 198
143 204
143 206
143 208
143 219
143 262
143 267
143 310
143 317
143 334
143 346
143 353
143 365
143 393
143 414
143 465
143 468
143 498
143 501
143 525
143 526
143 608
143 613
143 618
143 629
143 636
143 675
143 883
143 888
143 982
143 985
143 993
143 1003
143 1007
143 1009
143 1020
143 1050
143 1053
143 1069
143 1078
143 1096
143 1237
143 1247
144 25
144 31
144 59
144 68
144 78
144 86
144 95
144 117
144 124
144 158
144 164
144 198
144 204
144 206
144 208
144 218
144 262
144 267
144 310
144 317
144 334
144 346
144 353
144 365
144 393
144 414
144 465
144 468
144 498
144 501
144 527
144 528
144 593
144 596
144 600
144 603
144 608
144 613
144 618
144 629
144 636
144 648
144 676
144 883
144 888
144 982
144 985
144 993
144 1003
144 1007
144 1009
144 1020
144 1050
144 1053
144 1069
144 1078
144 1096
144 1237
144 1247
145 25
145 31
145 59
145 68
145 78
145 86
145 95
145 116
145 124
145 158
145 164
145 198
145 204
145 206
145 209
145 211
145 212
145 213
145 214
145 215
145 216
145 217
145 218
145 262
145 267
145 298
145 310
145 317
145 334
145 346
145 353
145 365
145 393
145 414
145 465
145 468
145 498
145 501
145 528
145 529
145 580
145 581
145 582
145 583
145 584
145 585
145 586
145 587
145 588
145 589
145 590
145 591
145 592
145 598
145 599
145 604
145 608
145 613
145 618
145 629
145 636
145 646
145 647
145 649
145 650
145 676
145 884
145 885
145 886
145 887
145 888
145 889
145 976
145 977
145 978
145 982
145 985
145 993
145 1003
145 1007
145 1009
145 1020
145 1050
145 1053
145 1069
145 1078
145 1096
145 1237
145 1247
146 25
146 31
146 59
146 68
146 78
146 86
146 95
146 116
146 124
146 158
146 164
146 198
146 204
146 206
146 209
146 262
146 267
146 297
146 299
146 310
146 317
146 334
146 346
146 353
146 365
146 393
146 414
146 465
146 468
146 498
146 501
146 529
146 530
146 579
146 593
146 597
146 600
146 604
146 605
146 608
146 613
146 618
146 629
146 636
146 645
146 646
146 650
146 676
146 884
146 889
146 975
146 985
146 993
146 1003
146 1007
146 1009
146 1020
146 1050
146 1053
146 1068
146 1078
146 1096
146 1237
146 1247
147 25
147 31
147 59
147 68
147 78
147 86
147 95
147 116
147 124
147 158
147 164
147 192
147 193
147 194
147 195
147 196
147 197
147 198
147 204
147 205
147 206
147 209
147 262
147 267
147 297
147 299
147 310
147 317
147 334
147 346
147 353
147 365
147 393
147 414
147 465
147 468
147 498
147 501
147 530
147 579
147 593
147 596
147 604
147 605
147 608
147 613
147 618
147 625
147 626
147 627
147 628
147 629
147 636
147 643
147 644
147 651
147 676
147 883
147 889
147 974
147 993
147 1003
147 1007
147 1009
147 1020
147 1050
147 1053
147 1068
147 1078
147 1096
147 1237
147 1247
148 25
148 31
148 59
148 68
148 78
148 86
148 95
148 116
148 124
148 158
148 165
148 166
148 191
148 198
148 204
148 206
148 209
148 262
148 267
148 297
148 299
148 310
148 317
148 333
148 334
148 346
148 353
148 365
148 393
148 414
148 465
148 468
148 498
148 501
148 531
148 579
148 580
148 581
148 582
148 587
148 588
148 589
148 590
148 591
148 592
148 593
148 597
148 598
148 599
148 604
148 608
148 613
148 618
148 624
148 637
148 638
148 639
148 640
148 641
148 642
148 643
148 651
148 676
148 883
148 889
148 974
148 993
148 1003
148 1007
148 1009
148 1020
148 1050
148 1053
148 1068
148 1078
148 1096
148 1237
148 1247
149 25
149 31
149 59
149 68
149 78
149 86
149 95
149 116
149 124
149 158
149 165
149 167
149 168
149 169
149 170
149 190
149 198
149 204
149 206
149 209
149 262
149 267
149 296
149 300
149 310
149 317
149 332
149 346
149 353
149 365
149 393
149 414
149 465
149 468
149 498
149 501
149 531
149 532
149 533
149 603
149 608
149 613
149 618
149 621
149 622
149 623
149 637
149 652
149 677
149 883
149 889
149 974
149 993
149 1003
149 1007
149 1009
149 1020
149 1050
149 1053
149 1068
149 1078
149 1096
149 1237
149 1247
150 25
150 31
150 59
150 68
150 78
150 86
150 95
150 116
150 124
150 158
150 171
150 190
150 198
150 204
150 206
150 209
150 262
150 267
150 296
150 300
150 310
150 317
150 331
150 346
150 353
150 365
150 393
150 414
150 465
150 468
150 498
150 501
150 534
150 535
150 536
150 589
150 596
150 600
150 603
150 608
150 613
150 618
150 620
150 636
150 652
150 667
150 668
150 669
150 677
150 883
150 889
150 974
150 993
150 1003
150 1007
150 1009
150 1020
150 1050
150 1053
150 1062
150 1063
150 1064
150 1065
150 1066
150 1067
150 1078
150 1096
150 1237
150 1247
151 25
151 31
151 59
151 68
151 78
151 86
151 95
151 116
151 124
151 158
151 171
151 190
151 198
151 204
151 206
151 209
151 262
151 267
151 295
151 301
151 310
151 317
151 331
151 346
151 353
151 365
151 393
151 414
151 465
151 468
151 498
151 501
151 537
151 589
151 596
151 600
151 603
151 608
151 613
151 618
151 620
151 636
151 653
151 667
151 669
151 670
151 677
151 883
151 889
151 974
151 993
151 1003
151 1007
151 1009
151 1020
151 1050
151 1054
151 1055
151 1056
151 1061
151 1078
151 1096
151 1237
151 1247
152 25
152 31
152 50
152 51
152 59
152 68
152 78
152 86
152 95
152 116
152 124
152 158
152 171
152 190
152 198
152 204
152 206
152 209
152 262
152 267
152 295
152 301
152 310
152 317
152 331
152 346
152 353
152 365
152 393
152 414
152 465
152 468
152 498
152 501
152 538
152 589
152 596
152 600
152 603
152 608
152 613
152 618
152 620
152 636
152 653
152 654
152 666
152 670
152 671
152 677
152 884
152 889
152 974
152 993
152 1003
152 1007
152 1009
152 1020
152 1050
152 1058
152 1059
152 1060
152 1078
152 1096
152 1237
152 1247
153 25
153 31
153 49
153 52
153 59
153 68
153 78
153 86
153 95
153 116
153 124
153 158
153 171
153 190
153 198
153 204
153 206
153 209
153 262
153 267
153 295
153 302
153 310
153 317
153 331
153 346
153 353
153 365
153 393
153 414
153 465
153 468
153 498
153 501
153 539
153 579
153 580
153 581
153 582
153 583
153 584
153 585
153 586
153 587
153 588
153 597
153 598
153 600
153 603
153 608
153 613
153 618
153 620
153 621
153 622
153 636
153 654
153 655
153 665
153 666
153 672
153 673
153 677
153 884
153 889
153 974
153 993
153 1003
153 1007
153 1009
153 1020
153 1050
153 1058
153 1078
153 1096
153 1237
153 1247
154 24
154 31
154 48
154 52
154 59
154 68
154 78
154 86
154 95
154 116
154 124
154 158
154 171
154 186
154 187
154 188
154 190
154 198
154 204
154 206
154 209
154 262
154 267
154 294
154 302
154 310
154 317
154 331
154 346
154 353
154 365
154 393
154 414
154 465
154 468
154 498
154 501
154 540
154 578
154 589
154 592
154 593
154 598
154 600
154 603
154 608
154 613
154 618
154 622
154 636
154 655
154 656
154 665
154 674
154 675
154 676
154 884
154 889
154 974
154 993
154 1003
154 1007
154 1009
154 1020
154 1050
154 1057
154 1078
154 1096
154 1237
154 1247
155 24
155 31
155 48
155 52
155 59
155 69
155 70
155 71
155 74
155 75
155 78
155 86
155 95
155 116
155 124
155 158
155 171
155 184
155 185
155 190
155 198
155 204
155 206
155 209
155 261
155 267
155 294
155 303
155 310
155 317
155 331
155 346
155 353
155 365
155 393
155 414
155 465
155 468
155 498
155 501
155 540
155 578
155 585
155 586
155 597
155 598
155 600
155 603
155 608
155 611
155 613
155 618
155 620
155 621
155 622
155 636
155 656
155 657
155 664
155 884
155 889
155 974
155 993
155 1003
155 1007
155 1009
155 1020
155 1050
155 1057
155 1078
155 1086
155 1087
155 1088
155 1089
155 1090
155 1091
155 1092
155 1093
155 1094
155 1095
155 1096
155 1237
155 1247
156 24
156 31
156 48
156 52
156 59
156 69
156 72
156 77
156 86
156 95
156 116
156 124
156 158
156 171
156 182
156 183
156 198
156 204
156 206
156 209
156 261
156 267
156 294
156 304
156 310
156 317
156 331
156 346
156 353
156 365
156 393
156 414
156 465
156 468
156 498
156 501
156 541
156 578
156 579
156 580
156 588
156 589
156 592
156 593
156 596
156 600
156 603
156 607
156 611
156 613
156 618
156 620
156 636
156 657
156 658
156 663
156 664
156 828
156 829
156 830
156 831
156 884
156 889
156 974
156 993
156 1003
156 1007
156 1009
156 1020
156 1050
156 1057
156 1078
156 1085
156 1237
156 1247
157 24
157 31
157 48
157 52
157 59
157 68
157 72
157 76
157 86
157 95
157 116
157 124
157 158
157 172
157 181
157 190
157 198
157 204
157 206
157 209
157 261
157 267
157 293
157 305
157 310
157 317
157 330
157 346
157 353
157 365
157 393
157 414
157 464
157 468
157 498
157 501
157 541
157 585
157 588
157 596
157 600
157 603
157 607
157 610
157 613
157 618
157 620
157 636
157 658
157 659
157 660
157 661
157 662
157 827
157 832
157 833
157 834
157 835
157 836
157 837
157 884
157 889
157 974
157 993
157 1003
157 1007
157 1009
157 1020
157 1050
157 1057
157 1078
157 1084
157 1237
157 1247
158 24
158 31
158 48
158 52
158 59
158 68
158 72
158 76
158 86
158 95
158 116
158 124
158 158
158 172
158 180
158 190
158 198
158 204
158 206
158 209
158 247
158 248
158 249
158 261
158 267
158 293
158 305
158 310
158 317
158 330
158 346
158 353
158 365
158 393
158 414
158 464
158 468
158 498
158 501
158 542
158 585
158 588
158 590
158 596
158 600
158 603
158 607
158 610
158 613
158 618
158 620
158 636
158 827
158 838
158 884
158 885
158 886
158 887
158 888
158 889
158 974
158 993
158 1003
158 1007
158 1009
158 1020
158 1050
158 1057
158 1078
158 1084
158 1237
158 1247
159 24
159 31
159 48
159 52
159 59
159 68
159 72
159 76
159 86
159 95
159 116
159 124
159 158
159 172
159 180
159 190
159 198
159 204
159 206
159 209
159 246
159 250
159 261
159 267
159 292
159 306
159 310
159 317
159 330
159 346
159 353
159 365
159 393
159 414
159 464
159 468
159 498
159 501
159 542
159 585
159 588
159 590
159 596
159 600
159 603
159 607
159 610
159 613
159 618
159 621
159 636
159 827
159 838
159 884
159 974
159 993
159 1003
159 1007
159 1009
159 1020
159 1050
159 1057
159 1078
159 1084
159 1237
159 1247
160 22
160 23
160 31
160 48
160 52
160 59
160 68
160 72
160 76
160 86
160 95
160 116
160 124
160 158
160 172
160 180
160 190
160 198
160 204
160 206
160 209
160 246
160 250
160 261
160 267
160 292
160 307
160 308
160 309
160 310
160 317
160 330
160 346
160 353
160 365
160 393
160 414
160 464
160 468
160 498
160 501
160 543
160 585
160 588
160 590
160 596
160 599
160 600
160 603
160 607
160 610
160 613
160 618
160 622
160 623
160 636
160 828
160 838
160 883
160 888
160 974
160 986
160 988
160 989
160 990
160 991
160 992
160 993
160 1003
160 1007
160 1009
160 1020
160 1050
160 1057
160 1078
160 1084
160 1237
160 1247
161 21
161 31
161 38
161 39
161 40
161 48
161 52
161 59
161 68
161 72
161 76
161 86
161 95
161 116
161 124
161 158
161 172
161 180
161 191
161 192
161 193
161 196
161 197
161 198
161 204
161 205
161 206
161 209
161 246
161 250
161 261
161 267
161 292
161 307
161 317
161 330
161 346
161 352
161 365
161 393
161 414
161 464
161 468
161 497
161 501
161 543
161 585
161 588
161 590
161 596
161 597
161 599
161 602
161 605
161 607
161 610
161 613
161 618
161 623
161 629
161 636
161 828
161 837
161 883
161 888
161 974
161 987
161 1003
161 1007
161 1009
161 1020
161 1050
161 1057
161 1078
161 1084
161 1237
161 1247
162 21
162 31
162 36
162 37
162 41
162 48
162 52
162 59
162 68
162 72
162 76
162 86
162 95
162 116
162 124
162 158
162 172
162 180
162 194
162 195
162 198
162 204
162 206
162 209
162 246
162 250
162 261
162 267
162 292
162 294
162 295
162 296
162 297
162 298
162 299
162 300
162 301
162 302
162 303
162 304
162 305
162 306
162 317
162 330
162 335
162 336
162 337
162 338
162 339
162 342
162 343
162 344
162 345
162 346
162 352
162 365
162 393
162 414
162 464
162 468
162 497
162 501
162 544
162 559
162 560
162 561
162 562
162 563
162 564
162 565
162 566
162 582
162 585
162 588
162 590
162 592
162 596
162 599
162 602
162 607
162 610
162 613
162 618
162 624
162 625
162 626
162 627
162 628
162 629
162 636
162 829
162 837
162 883
162 888
162 975
162 976
162 977
162 978
162 986
162 1003
162 1007
162 1009
162 1020
162 1050
162 1057
162 1078
162 1084
162 1237
162 1247
163 21
163 31
163 35
163 36
163 41
163 48
163 52
163 59
163 68
163 72
163 76
163 86
163 95
163 116
163 124
163 158
163 164
163 172
163 181
163 194
163 198
163 204
163 206
163 209
163 246
163 250
163 261
163 267
163 293
163 294
163 317
163 331
163 332
163 333
163 341
163 352
163 365
163 393
163 414
163 464
163 468
163 497
163 501
163 544
163 558
163 567
163 568
163 569
163 570
163 571
163 572
163 573
163 574
163 575
163 576
163 577
163 578
163 579
163 580
163 581
163 583
163 585
163 588
163 589
163 590
163 596
163 599
163 602
163 607
163 610
163 613
163 618
163 629
163 636
163 829
163 836
163 883
163 888
163 979
163 980
163 983
163 986
163 1003
163 1007
163 1009
163 1020
163 1050
163 1057
163 1078
163 1084
163 1237
163 1247
164 21
164 31
164 34
164 35
164 41
164 48
164 52
164 59
164 68
164 72
164 76
164 86
164 95
164 116
164 124
164 158
164 165
164 166
164 167
164 168
164 169
164 170
164 171
164 172
164 181
164 193
164 194
164 198
164 204
164 206
164 210
164 246
164 250
164 261
164 267
164 294
164 295
164 296
164 297
164 298
164 299
164 300
164 301
164 302
164 303
164 304
164 305
164 306
164 307
164 308
164 309
164 317
164 333
164 340
164 352
164 365
164 393
164 414
164 464
164 468
164 497
164 501
164 544
164 585
164 588
164 590
164 599
164 602
164 607
164 610
164 613
164 618
164 629
164 636
164 836
164 883
164 888
164 981
164 982
164 986
164 1003
164 1007
164 1009
164 1020
164 1050
164 1057
164 1078
164 1084
164 1237
164 1247
165 22
165 31
165 40
165 48
165 52
165 59
165 68
165 72
165 76
165 86
165 95
165 116
165 124
165 158
165 165
165 182
165 183
165 184
165 185
165 186
165 187
165 188
165 189
165 190
165 191
165 192
165 198
165 204
165 206
165 210
165 246
165 250
165 261
165 267
165 310
165 317
165 333
165 340
165 352
165 365
165 393
165 414
165 464
165 468
165 497
165 501
165 544
165 545
165 546
165 547
165 548
165 549
165 550
165 551
165 552
165 553
165 554
165 555
165 556
165 557
165 558
165 559
165 560
165 561
165 562
165 563
165 564
165 565
165 566
165 567
165 568
165 569
165 570
165 571
165 572
165 573
165 574
165 575
165 576
165 577
165 578
165 579
165 580
165 581
165 582
165 583
165 584
165 585
165 588
165 589
165 590
165 592
165 593
165 599
165 602
165 607
165 610
165 613
165 618
165 629
165 636
165 835
165 883
165 888
165 981
165 986
165 1003
165 1007
165 1009
165 1020
165 1050
165 1057
165 1078
165 1084
165 1237
165 1247
166 22
166 31
166 40
166 48
166 52
166 59
166 68
166 72
166 76
166 86
166 95
166 116
166 124
166 158
166 164
166 182
166 192
166 198
166 204
166 206
166 210
166 246
166 250
166 261
166 267
166 310
166 317
166 333
166 340
166 352
166 365
166 393
166 414
166 464
166 468
166 497
166 501
166 543
166 595
166 599
166 602
166 607
166 610
166 613
166 618
166 629
166 636
166 716
166 717
166 718
166 830
166 835
166 883
166 888
166 981
166 986
166 1003
166 1007
166 1009
166 1021
166 1050
166 1057
166 1078
166 1084
166 1237
166 1247
167 22
167 31
167 39
167 48
167 52
167 59
167 68
167 72
167 76
167 86
167 95
167 116
167 124
167 158
167 164
167 181
167 192
167 198
167 204
167 206
167 210
167 246
167 250
167 261
167 267
167 310
167 317
167 333
167 340
167 352
167 365
167 393
167 414
167 464
167 468
167 497
167 501
167 542
167 585
167 588
167 590
167 592
167 599
167 602
167 607
167 610
167 613
167 618
167 629
167 636
167 714
167 715
167 719
167 829
167 835
167 883
167 888
167 981
167 986
167 1003
167 1007
167 1009
167 1021
167 1050
167 1057
167 1078
167 1084
167 1237
167 1247
168 23
168 31
168 39
168 48
168 52
168 59
168 68
168 72
168 76
168 86
168 95
168 116
168 124
168 158
168 164
168 181
168 192
168 198
168 204
168 206
168 210
168 246
168 250
168 261
168 267
168 310
168 317
168 333
168 340
168 352
168 365
168 393
168 414
168 464
168 468
168 497
168 501
168 543
168 585
168 588
168 590
168 592
168 594
168 599
168 602
168 607
168 610
168 613
168 618
168 629
168 636
168 713
168 720
168 829
168 832
168 834
168 883
168 888
168 981
168 986
168 1003
168 1007
168 1009
168 1021
168 1050
168 1057
168 1078
168 1084
168 1237
168 1247
169 23
169 38
169 48
169 52
169 59
169 68
169 72
169 76
169 86
169 95
169 116
169 124
169 158
169 164
169 181
169 187
169 188
169 192
169 198
169 204
169 206
169 210
169 246
169 250
169 261
169 267
169 310
169 317
169 333
169 340
169 352
169 365
169 393
169 414
169 464
169 468
169 497
169 501
169 543
169 585
169 588
169 592
169 599
169 602
169 607
169 610
169 613
169 618
169 629
169 636
169 712
169 720
169 829
169 832
169 834
169 883
169 888
169 981
169 986
169 1003
169 1007
169 1009
169 1021
169 1050
169 1057
169 1078
169 1084
169 1237
169 1247
170 23
170 38
170 48
170 52
170 59
170 68
170 72
170 76
170 86
170 95
170 116
170 124
170 158
170 164
170 181
170 186
170 189
170 192
170 198
170 204
170 206
170 210
170 246
170 250
170 261
170 267
170 310
170 317
170 333
170 340
170 352
170 365
170 393
170 414
170 464
170 468
170 497
170 501
170 543
170 585
170 591
170 599
170 602
170 607
170 610
170 613
170 618
170 629
170 636
170 712
170 720
170 829
170 833
170 882
170 888
170 981
170 986
170 1003
170 1007
170 1009
170 1021
170 1050
170 1057
170 1078
170 1084
170 1237
170 1247
171 23
171 37
171 48
171 52
171 59
171 68
171 72
171 76
171 86
171 95
171 116
171 124
171 158
171 164
171 182
171 183
171 184
171 185
171 190
171 191
171 192
171 198
171 204
171 206
171 210
171 246
171 250
171 261
171 267
171 310
171 317
171 333
171 340
171 352
171 365
171 393
171 414
171 464
171 468
171 497
171 501
171 544
171 545
171 548
171 549
171 550
171 551
171 552
171 553
171 582
171 583
171 584
171 591
171 599
171 602
171 607
171 610
171 613
171 618
171 629
171 636
171 711
171 720
171 829
171 833
171 882
171 888
171 981
171 986
171 1003
171 1007
171 1009
171 1021
171 1050
171 1057
171 1078
171 1084
171 1237
171 1247
172 24
172 37
172 48
172 52
172 59
172 68
172 72
172 76
172 86
172 95
172 116
172 124
172 158
172 164
172 198
172 204
172 206
172 210
172 246
172 250
172 310
172 317
172 333
172 340
172 352
172 365
172 393
172 414
172 464
172 468
172 497
172 501
172 546
172 547
172 554
172 555
172 556
172 559
172 560
172 561
172 562
172 563
172 571
172 572
172 573
172 574
172 575
172 576
172 577
172 578
172 579
172 580
172 581
172 585
172 588
172 589
172 599
172 602
172 607
172 610
172 613
172 618
172 629
172 636
172 711
172 720
172 829
172 833
172 882
172 888
172 981
172 986
172 1003
172 1007
172 1009
172 1021
172 1050
172 1057
172 1078
172 1084
172 1237
172 1247
173 24
173 37
173 48
173 52
173 59
173 68
173 72
173 76
173 86
173 95
173 116
173 124
173 158
173 164
173 185
173 189
173 198
173 204
173 210
173 246
173 250
173 310
173 317
173 333
173 340
173 352
173 365
173 393
173 414
173 464
173 468
173 497
173 501
173 546
173 557
173 558
173 564
173 570
173 585
173 599
173 602
173 607
173 610
173 613
173 618
173 629
173 636
173 712
173 720
173 829
173 833
173 882
173 888
173 981
173 986
173 1003
173 1007
173 1009
173 1021
173 1050
173 1057
173 1078
173 1084
173 1237
173 1247
174 24
174 36
174 48
174 52
174 59
174 68
174 72
174 76
174 86
174 95
174 116
174 124
174 158
174 164
174 185
174 189
174 198
174 203
174 210
174 247
174 250
174 310
174 317
174 333
174 340
174 352
174 365
174 393
174 414
174 464
174 468
174 497
174 501
174 546
174 569
174 585
174 599
174 602
174 607
174 610
174 613
174 618
174 628
174 636
174 712
174 713
174 720
174 829
174 833
174 882
174 887
174 981
174 986
174 1003
174 1007
174 1009
174 1021
174 1050
174 1057
174 1078
174 1084
174 1237
174 1247
175 24
175 36
175 48
175 52
175 59
175 67
175 72
175 76
175 86
175 95
175 116
175 124
175 158
175 164
175 185
175 189
175 198
175 203
175 210
175 247
175 250
175 310
175 317
175 333
175 340
175 352
175 365
175 393
175 414
175 464
175 468
175 497
175 501
175 546
175 585
175 599
175 602
175 607
175 610
175 613
175 618
175 628
175 636
175 713
175 714
175 719
175 720
175 829
175 833
175 882
175 887
175 981
175 986
175 1003
175 1007
175 1009
175 1021
175 1050
175 1057
175 1078
175 1084
175 1237
175 1247
176 24
176 35
176 48
176 52
176 58
176 66
176 72
176 76
176 86
176 95
176 116
176 124
176 158
176 164
176 185
176 189
176 198
176 203
176 210
176 228
176 229
176 230
176 231
176 232
176 233
176 234
176 235
176 236
176 237
176 238
176 239
176 247
176 250
176 309
176 317
176 333
176 352
176 365
176 393
176 414
176 464
176 468
176 497
176 501
176 585
176 599
176 602
176 607
176 610
176 613
176 618
176 628
176 636
176 716
176 718
176 829
176 833
176 882
176 887
176 981
176 985
176 1003
176 1007
176 1009
176 1021
176 1050
176 1057
176 1078
176 1084
176 1237
176 1247
177 24
177 35
177 48
177 52
177 58
177 66
177 72
177 76
177 86
177 95
177 116
177 124
177 158
177 164
177 185
177 189
177 198
177 203
177 210
177 227
177 240
177 241
177 242
177 243
177 244
177 245
177 246
177 247
177 248
177 249
177 250
177 251
177 252
177 309
177 317
177 333
177 352
177 365
177 393
177 414
177 464
177 468
177 497
177 501
177 546
177 583
177 585
177 599
177 602
177 607
177 610
177 613
177 618
177 628
177 636
177 716
177 718
177 829
177 833
177 882
177 887
177 981
177 985
177 1003
177 1007
177 1009
177 1021
177 1051
177 1057
177 1078
177 1084
177 1237
177 1247
178 24
178 34
178 48
178 52
178 58
178 66
178 72
178 76
178 86
178 95
178 116
178 124
178 158
178 164
178 185
178 189
178 198
178 203
178 210
178 225
178 226
178 253
178 307
178 308
178 309
178 317
178 333
178 352
178 365
178 393
178 414
178 464
178 468
178 497
178 501
178 584
178 585
178 599
178 602
178 607
178 610
178 613
178 618
178 628
178 636
178 715
178 718
178 829
178 833
178 882
178 887
178 981
178 985
178 1003
178 1007
178 1009
178 1021
178 1051
178 1056
178 1078
178 1084
178 1237
178 1247
179 24
179 35
179 48
179 52
179 58
179 66
179 72
179 76
179 86
179 95
179 116
179 124
179 158
179 164
179 185
179 189
179 197
179 198
179 226
179 253
179 309
179 333
179 352
179 365
179 393
179 414
179 464
179 468
179 497
179 501
179 585
179 588
179 589
179 593
179 596
179 597
179 598
179 599
179 602
179 607
179 610
179 613
179 618
179 628
179 636
179 668
179 715
179 718
179 829
179 833
179 882
179 887
179 981
179 985
179 1003
179 1007
179 1009
179 1021
179 1051
179 1056
179 1078
179 1084
179 1237
179 1247
180 24
180 35
180 48
180 52
180 58
180 66
180 72
180 76
180 86
180 95
180 116
180 124
180 158
180 164
180 183
180 184
180 185
180 190
180 198
180 204
180 205
180 226
180 253
180 309
180 331
180 332
180 333
180 352
180 365
180 393
180 414
180 464
180 468
180 497
180 501
180 585
180 593
180 596
180 599
180 603
180 604
180 605
180 606
180 607
180 610
180 613
180 618
180 628
180 636
180 667
180 668
180 715
180 718
180 752
180 829
180 833
180 882
180 887
180 981
180 985
180 1002
180 1007
180 1009
180 1021
180 1051
180 1056
180 1078
180 1084
180 1237
180 1247
181 23
181 35
181 48
181 52
181 58
181 66
181 72
181 86
181 95
181 116
181 124
181 156
181 157
181 158
181 165
181 185
181 190
181 198
181 203
181 210
181 226
181 253
181 309
181 317
181 333
181 350
181 351
181 352
181 365
181 393
181 414
181 585
181 599
181 603
181 607
181 611
181 612
181 613
181 618
181 626
181 628
181 636
181 666
181 668
181 715
181 718
181 751
181 753
181 829
181 833
181 882
181 887
181 981
181 985
181 1002
181 1007
181 1009
181 1021
181 1051
181 1056
181 1078
181 1084
181 1237
181 1247
182 23
182 36
182 48
182 52
182 58
182 66
182 72
182 76
182 85
182 95
182 116
182 124
182 158
182 165
182 185
182 189
182 198
182 203
182 210
182 226
182 253
182 309
182 317
182 333
182 352
182 393
182 414
182 464
182 585
182 599
182 602
182 607
182 611
182 613
182 627
182 628
182 666
182 668
182 715
182 718
182 750
182 753
182 829
182 833
182 882
182 887
182 981
182 985
182 1002
182 1007
182 1009
182 1021
182 1051
182 1056
182 1078
182 1084
182 1237
182 1247
183 22
183 36
183 48
183 52
183 58
183 66
183 72
183 76
183 85
183 95
183 114
183 115
183 116
183 125
183 158
183 164
183 185
183 189
183 198
183 203
183 210
183 226
183 253
183 309
183 317
183 333
183 352
183 393
183 414
183 464
183 468
183 586
183 587
183 599
183 602
183 607
183 610
183 613
183 628
183 666
183 668
183 715
183 718
183 750
183 753
183 829
183 833
183 882
183 887
183 981
183 985
183 1002
183 1007
183 1009
183 1021
183 1051
183 1056
183 1078
183 1084
183 1237
183 1247
184 22
184 28
184 29
184 36
184 48
184 52
184 58
184 66
184 72
184 76
184 84
184 85
184 116
184 125
184 158
184 164
184 185
184 189
184 198
184 203
184 210
184 226
184 253
184 309
184 317
184 333
184 340
184 352
184 365
184 393
184 414
184 464
184 469
184 470
184 471
184 590
184 591
184 599
184 602
184 607
184 610
184 613
184 618
184 628
184 636
184 666
184 668
184 715
184 718
184 750
184 753
184 829
184 833
184 882
184 887
184 981
184 985
184 1002
184 1007
184 1009
184 1021
184 1051
184 1056
184 1078
184 1084
184 1237
184 1247
185 21
185 28
185 30
185 36
185 48
185 52
185 58
185 67
185 70
185 71
185 72
185 85
185 116
185 124
185 158
185 164
185 185
185 189
185 198
185 203
185 210
185 226
185 253
185 309
185 317
185 333
185 340
185 351
185 365
185 393
185 414
185 448
185 449
185 450
185 451
185 452
185 453
185 454
185 455
185 456
185 457
185 458
185 459
185 460
185 461
185 462
185 463
185 464
185 465
185 469
185 594
185 595
185 599
185 602
185 607
185 610
185 613
185 618
185 628
185 636
185 665
185 666
185 668
185 669
185 715
185 718
185 750
185 753
185 830
185 833
185 882
185 887
185 981
185 985
185 1002
185 1007
185 1009
185 1021
185 1051
185 1056
185 1078
185 1084
185 1237
185 1247
186 21
186 30
186 46
186 47
186 48
186 57
186 58
186 67
186 72
186 85
186 95
186 116
186 124
186 158
186 164
186 185
186 189
186 198
186 203
186 210
186 226
186 253
186 309
186 317
186 333
186 340
186 351
186 365
186 393
186 414
186 424
186 425
186 426
186 427
186 428
186 429
186 430
186 431
186 432
186 433
186 434
186 435
186 436
186 437
186 438
186 439
186 440
186 441
186 442
186 443
186 444
186 445
186 446
186 447
186 465
186 466
186 467
186 468
186 497
186 600
186 601
186 602
186 607
186 610
186 613
186 618
186 628
186 636
186 668
186 715
186 718
186 750
186 753
186 830
186 833
186 882
186 887
186 981
186 985
186 1002
186 1003
186 1004
186 1005
186 1006
186 1007
186 1008
186 1009
186 1010
186 1021
186 1051
186 1056
186 1078
186 1084
186 1237
186 1247
187 18
187 30
187 38
187 48
187 58
187 66
187 72
187 76
187 85
187 95
187 116
187 124
187 158
187 164
187 184
187 189
187 198
187 203
187 210
187 226
187 253
187 309
187 317
187 333
187 340
187 351
187 365
187 384
187 385
187 393
187 415
187 416
187 417
187 418
187 419
187 420
187 421
187 422
187 423
187 475
187 476
187 477
187 478
187 479
187 480
187 481
187 482
187 498
187 607
187 610
187 613
187 618
187 628
187 637
187 668
187 715
187 718
187 750
187 753
187 830
187 833
187 882
187 887
187 981
187 985
187 1002
187 1021
187 1051
187 1056
187 1078
187 1084
187 1236
187 1247
188 19
188 30
188 32
188 37
188 48
188 52
188 58
188 66
188 72
188 76
188 85
188 95
188 116
188 124
188 158
188 164
188 184
188 189
188 197
188 203
188 210
188 226
188 254
188 309
188 317
188 333
188 340
188 351
188 365
188 386
188 387
188 388
188 389
188 390
188 391
188 392
188 415
188 483
188 484
188 485
188 486
188 487
188 488
188 489
188 490
188 491
188 499
188 607
188 610
188 613
188 618
188 627
188 628
188 637
188 638
188 713
188 714
188 715
188 718
188 750
188 753
188 830
188 833
188 882
188 887
188 963
188 964
188 965
188 966
188 981
188 985
188 1001
188 1021
188 1051
188 1056
188 1077
188 1084
188 1236
188 1247
189 19
189 30
189 32
189 38
189 48
189 52
189 58
189 66
189 72
189 76
189 85
189 95
189 116
189 124
189 158
189 164
189 184
189 189
189 197
189 203
189 205
189 210
189 226
189 254
189 309
189 316
189 333
189 340
189 351
189 365
189 392
189 415
189 492
189 493
189 494
189 495
189 496
189 607
189 610
189 613
189 618
189 626
189 638
189 715
189 750
189 753
189 830
189 833
189 882
189 887
189 942
189 943
189 944
189 945
189 946
189 947
189 948
189 949
189 962
189 967
189 981
189 985
189 1001
189 1021
189 1051
189 1056
189 1076
189 1084
189 1236
189 1247
190 19
190 30
190 33
190 38
190 48
190 52
190 58
190 66
190 72
190 76
190 85
190 95
190 116
190 124
190 158
190 164
190 184
190 189
190 197
190 203
190 205
190 210
190 226
190 254
190 297
190 298
190 299
190 300
190 301
190 309
190 316
190 333
190 340
190 351
190 365
190 380
190 381
190 382
190 383
190 384
190 385
190 392
190 414
190 607
190 610
190 613
190 618
190 625
190 639
190 750
190 753
190 830
190 833
190 882
190 887
190 941
190 950
190 961
190 967
190 981
190 985
190 1001
190 1021
190 1051
190 1056
190 1076
190 1084
190 1236
190 1247
191 21
191 22
191 30
191 34
191 35
191 36
191 37
191 38
191 48
191 52
191 58
191 66
191 116
191 124
191 158
191 163
191 164
191 184
191 189
191 197
191 203
191 205
191 210
191 226
191 254
191 296
191 302
191 309
191 316
191 333
191 340
191 351
191 365
191 378
191 379
191 392
191 414
191 500
191 501
191 502
191 608
191 609
191 610
191 613
191 618
191 625
191 639
191 748
191 749
191 750
191 830
191 833
191 882
191 887
191 940
191 950
191 961
191 967
191 981
191 985
191 1001
191 1021
191 1051
191 1056
191 1076
191 1084
191 1172
191 1173
191 1174
191 1175
191 1176
191 1236
191 1247
192 23
192 30
192 48
192 52
192 58
192 66
192 116
192 124
192 158
192 161
192 162
192 165
192 184
192 189
192 197
192 203
192 205
192 210
192 226
192 254
192 295
192 302
192 309
192 316
192 333
192 340
192 351
192 365
192 377
192 378
192 392
192 414
192 503
192 504
192 505
192 613
192 618
192 624
192 639
192 750
192 830
192 833
192 882
192 887
192 940
192 950
192 961
192 967
192 981
192 985
192 1001
192 1021
192 1051
192 1056
192 1076
192 1084
192 1170
192 1171
192 1177
192 1178
192 1179
192 1236
192 1247
193 23
193 30
193 48
193 52
193 58
193 66
193 116
193 124
193 158
193 166
193 167
193 184
193 189
193 197
193 203
193 205
193 210
193 226
193 295
193 302
193 309
193 316
193 333
193 340
193 351
193 365
193 376
193 377
193 392
193 414
193 506
193 507
193 508
193 613
193 618
193 624
193 639
193 830
193 833
193 882
193 887
193 940
193 950
193 961
193 967
193 981
193 985
193 1001
193 1021
193 1051
193 1056
193 1076
193 1084
193 1169
193 1170
193 1180
193 1236
193 1247
194 23
194 30
194 48
194 52
194 58
194 66
194 116
194 124
194 158
194 167
194 168
194 184
194 189
194 197
194 203
194 205
194 210
194 295
194 302
194 309
194 316
194 333
194 340
194 351
194 365
194 376
194 392
194 414
194 509
194 510
194 511
194 613
194 618
194 624
194 639
194 830
194 833
194 882
194 887
194 940
194 950
194 961
194 967
194 981
194 985
194 1001
194 1021
194 1051
194 1056
194 1076
194 1084
194 1167
194 1168
194 1181
194 1236
194 1247
195 23
195 30
195 58
195 66
195 116
195 124
195 158
195 169
195 170
195 197
195 203
195 205
195 210
195 295
195 302
195 309
195 316
195 333
195 340
195 351
195 365
195 375
195 392
195 414
195 512
195 513
195 613
195 618
195 624
195 639
195 830
195 833
195 882
195 887
195 940
195 950
195 961
195 967
195 981
195 985
195 1001
195 1021
195 1051
195 1056
195 1076
195 1084
195 1167
195 1181
195 1236
195 1247
196 23
196 30
196 58
196 66
196 116
196 124
196 157
196 170
196 197
196 203
196 205
196 210
196 295
196 302
196 309
196 316
196 333
196 340
196 351
196 365
196 374
196 375
196 392
196 414
196 514
196 515
196 516
196 614
196 615
196 616
196 617
196 618
196 625
196 639
196 830
196 833
196 882
196 887
196 940
196 950
196 961
196 967
196 981
196 985
196 1001
196 1021
196 1051
196 1056
196 1076
196 1084
196 1166
196 1181
196 1236
196 1247
197 23
197 30
197 58
197 66
197 116
197 123
197 156
197 157
197 170
197 197
197 203
197 205
197 210
197 295
197 302
197 309
197 316
197 333
197 340
197 351
197 365
197 373
197 374
197 392
197 414
197 517
197 518
197 625
197 639
197 828
197 829
197 830
197 882
197 887
197 940
197 950
197 961
197 967
197 980
197 985
197 1001
197 1021
197 1051
197 1056
197 1076
197 1084
197 1166
197 1181
197 1236
197 1247
198 23
198 58
198 66
198 116
198 123
198 156
198 171
198 197
198 203
198 205
198 210
198 295
198 302
198 309
198 316
198 333
198 340
198 351
198 365
198 372
198 373
198 392
198 414
198 519
198 520
198 521
198 626
198 639
198 830
198 882
198 887
198 940
198 950
198 962
198 968
198 978
198 979
198 980
198 985
198 1001
198 1021
198 1051
198 1056
198 1076
198 1084
198 1165
198 1182
198 1236
198 1247
199 58
199 66
199 116
199 123
199 155
199 171
199 197
199 203
199 205
199 210
199 295
199 302
199 309
199 316
199 333
199 340
199 351
199 365
199 371
199 372
199 392
199 414
199 522
199 523
199 626
199 627
199 638
199 830
199 833
199 879
199 880
199 882
199 887
199 940
199 950
199 962
199 968
199 980
199 985
199 1001
199 1021
199 1051
199 1056
199 1076
199 1084
199 1165
199 1182
199 1236
199 1247
200 58
200 66
200 116
200 123
200 155
200 171
200 197
200 203
200 205
200 210
200 295
200 302
200 309
200 316
200 333
200 340
200 351
200 365
200 369
200 370
200 392
200 415
200 524
200 525
200 628
200 637
200 638
200 830
200 833
200 881
200 940
200 950
200 961
200 962
200 968
200 980
200 985
200 1001
200 1021
200 1051
200 1056
200 1076
200 1084
200 1165
200 1182
200 1236
200 1247
201 58
201 66
201 116
201 123
201 154
201 171
201 197
201 203
201 205
201 210
201 295
201 302
201 309
201 316
201 333
201 340
201 351
201 365
201 368
201 369
201 392
201 415
201 416
201 526
201 527
201 629
201 637
201 881
201 951
201 962
201 967
201 980
201 985
201 1001
201 1021
201 1051
201 1056
201 1076
201 1084
201 1165
201 1183
201 1236
201 1247
202 58
202 66
202 115
202 123
202 154
202 171
202 203
202 205
202 210
202 295
202 302
202 309
202 316
202 333
202 340
202 351
202 365
202 368
202 392
202 416
202 417
202 418
202 528
202 529
202 628
202 636
202 881
202 887
202 939
202 940
202 962
202 967
202 980
202 985
202 1000
202 1001
202 1021
202 1051
202 1076
202 1084
202 1164
202 1236
202 1247
203 58
203 66
203 115
203 123
203 154
203 171
203 295
203 302
203 309
203 316
203 333
203 340
203 351
203 365
203 392
203 415
203 419
203 420
203 421
203 530
203 531
203 628
203 636
203 881
203 887
203 940
203 980
203 985
203 1001
203 1022
203 1023
203 1051
203 1075
203 1076
203 1085
203 1164
203 1236
204 58
204 66
204 115
204 123
204 154
204 171
204 295
204 309
204 316
204 333
204 340
204 351
204 365
204 391
204 392
204 422
204 423
204 532
204 533
204 628
204 881
204 887
204 940
204 951
204 980
204 985
204 1001
204 1022
204 1049
204 1050
204 1051
204 1056
204 1076
204 1085
204 1164
204 1236
205 58
205 66
205 115
205 123
205 154
205 171
205 309
205 316
205 333
205 351
205 365
205 389
205 390
205 424
205 425
205 533
205 534
205 881
205 887
205 940
205 951
205 980
205 985
205 1001
205 1022
205 1051
205 1056
205 1076
205 1085
205 1164
205 1236
206 58
206 66
206 115
206 123
206 155
206 171
206 309
206 316
206 351
206 365
206 388
206 389
206 426
206 427
206 535
206 536
206 887
206 940
206 951
206 980
206 985
206 1001
206 1022
206 1051
206 1056
206 1076
206 1084
206 1162
206 1163
206 1164
206 1236
207 58
207 66
207 115
207 123
207 155
207 171
207 309
207 316
207 351
207 365
207 387
207 388
207 428
207 429
207 537
207 538
207 539
207 940
207 951
207 980
207 985
207 1001
207 1022
207 1076
207 1084
207 1164
207 1236
208 58
208 66
208 115
208 123
208 156
208 170
208 309
208 316
208 351
208 365
208 386
208 387
208 429
208 540
208 541
208 940
208 951
208 980
208 985
208 1001
208 1022
208 1076
208 1084
208 1164
208 1234
208 1235
208 1236
209 58
209 66
209 115
209 123
209 156
209 157
209 170
209 309
209 316
209 350
209 365
209 385
209 386
209 430
209 541
209 542
209 940
209 951
209 1001
209 1022
209 1076
209 1084
209 1164
209 1182
209 1236
209 1278
209 1279
210 58
210 66
210 115
210 123
210 158
210 168
210 169
210 170
210 309
210 316
210 350
210 365
210 384
210 385
210 430
210 431
210 543
210 544
210 940
210 951
210 1001
210 1022
210 1076
210 1165
210 1182
210 1236
211 58
211 66
211 163
211 166
211 167
211 350
211 365
211 384
211 431
211 545
211 546
211 940
211 951
211 1001
211 1022
211 1165
211 1182
211 1236
212 58
212 66
212 158
212 165
212 350
212 365
212 383
212 432
212 547
212 548
212 549
212 940
212 944
212 945
212 946
212 950
212 951
212 1002
212 1004
212 1022
212 1165
212 1182
212 1236
212 1247
213 58
213 66
213 158
213 164
213 350
213 365
213 383
213 432
213 550
213 1002
213 1003
213 1005
213 1022
213 1165
213 1182
213 1236
213 1247
214 58
214 66
214 158
214 164
214 350
214 365
214 382
214 432
214 551
214 552
214 553
214 554
214 1003
214 1004
214 1005
214 1006
214 1007
214 1022
214 1165
214 1181
214 1236
214 1247
215 158
215 164
215 350
215 365
215 381
215 382
215 433
215 555
215 556
215 557
215 558
215 559
215 1008
215 1022
215 1166
215 1181
215 1236
215 1247
216 158
216 164
216 350
216 365
216 381
216 433
216 560
216 561
216 562
216 563
216 1166
216 1181
216 1236
216 1247
217 158
217 164
217 350
217 365
217 380
217 433
217 564
217 565
217 566
217 567
217 568
217 1167
217 1178
217 1181
217 1236
217 1247
218 158
218 164
218 350
218 365
218 380
218 434
218 569
218 570
218 571
218 572
218 573
218 574
218 1167
218 1168
218 1169
218 1170
218 1171
218 1179
218 1181
218 1236
218 1247
219 158
219 164
219 350
219 365
219 379
219 434
219 575
219 576
219 577
219 578
219 1171
219 1180
219 1236
219 1247
220 158
220 164
220 350
220 365
220 379
220 435
220 579
220 580
220 581
220 1171
220 1180
220 1236
220 1247
221 349
221 366
221 378
221 435
221 582
221 583
221 584
221 1171
221 1179
221 1236
221 1247
222 348
222 367
222 368
222 378
222 435
222 585
222 586
222 587
222 1171
222 1179
222 1236
222 1247
223 348
223 368
223 378
223 435
223 588
223 589
223 590
223 1171
223 1179
223 1236
223 1246
224 348
224 368
224 378
224 435
224 591
224 592
224 1171
224 1179
224 1236
224 1245
225 348
225 368
225 377
225 435
225 593
225 1171
225 1179
225 1236
225 1245
226 348
226 368
226 377
226 436
226 594
226 1171
226 1179
226 1236
226 1245
227 348
227 368
227 377
227 436
227 594
227 1171
227 1179
227 1236
227 1245
228 348
228 368
228 377
228 436
228 595
228 1171
228 1179
228 1236
228 1245
229 348
229 368
229 376
229 436
229 595
229 1171
229 1179
229 1236
229 1245
230 348
230 368
230 376
230 436
230 596
230 1171
230 1179
230 1236
230 1245
231 348
231 368
231 377
231 436
231 596
231 1236
231 1245
232 348
232 368
232 377
232 436
232 597
232 1236
232 1245
233 348
233 368
233 377
233 435
233 597
233 598
233 1236
233 1245
234 348
234 368
234 377
234 435
234 598
234 599
234 1236
234 1245
235 348
235 368
235 378
235 435
235 599
235 600
236 348
236 368
236 378
236 434
236 600
236 601
237 348
237 368
237 378
237 434
237 601
238 348
238 368
238 379
238 434
238 601
239 348
239 368
239 379
239 433
240 348
240 368
240 380
240 433
241 348
241 368
241 380
241 433
242 348
242 367
242 381
242 432
243 348
243 367
243 381
243 431
243 432
244 348
244 367
244 382
244 430
244 431
245 348
245 367
245 382
245 429
245 430
246 348
246 367
246 383
246 429
247 348
247 367
247 383
247 428
248 348
248 367
248 384
248 427
248 428
249 348
249 367
249 384
249 426
249 427
250 348
250 367
250 385
250 425
250 426
251 348
251 367
251 385
251 386
251 391
251 424
251 425
252 348
252 367
252 387
252 388
252 422
252 423
253 348
253 367
253 389
253 390
253 391
253 421
253 422
254 348
254 367
254 391
254 415
254 419
254 420
255 348
255 367
255 391
255 416
255 417
255 418
256 348
256 367
256 391
256 416
257 348
257 367
257 391
257 415
258 348
258 391
258 416
259 348
259 367
259 391
259 416
260 348
260 367
260 391
260 415
261 348
261 367
261 391
261 415
262 348
262 367
262 391
262 415
263 348
263 367
263 391
263 415
264 348
264 367
264 391
264 415
265 348
265 367
265 391
265 415
266 348
266 367
266 390
266 391
266 415
267 348
267 367
267 391
267 415
268 348
268 367
268 391
268 415
269 348
269 367
269 391
269 415
270 348
270 367
270 391
270 415
271 348
271 367
271 391
271 415
272 348
272 367
272 391
272 415
273 348
273 367
273 391
273 415
274 347
274 367
274 391
274 416
275 347
275 367
275 391
275 416
276 347
276 367
276 391
276 416
277 347
277 367
277 391
277 416
278 347
278 367
278 391
278 416
279 347
279 366
279 391
279 416
280 347
280 366
280 391
280 416
281 347
281 366
281 391
281 416
282 347
282 366
282 391
282 416
283 347
283 366
283 391
283 416
284 347
284 366
284 391
284 416
285 347
285 366
285 391
285 416
286 347
286 366
286 391
286 416
287 347
287 366
287 391
288 347
288 366
289 347
289 366
290 347
290 366
291 347
291 366
292 347
292 366
293 347
293 366
294 347
294 366
295 347
295 366
296 347
296 366
297 347
297 366
298 347
298 366
299 347
299 366
300 347
300 366
301 347
301 366
302 347
302 366
303 347
303 366
304 347
304 366
305 347
305 366
306 347
306 366
307 347
307 366
308 347
308 366
309 347
309 366
310 347
310 366
311 347
311 366
312 347
312 366
313 347
313 366
314 347
314 366
315 347
315 366
316 347
316 366
317 347
317 366
318 347
318 366
319 347
319 366
320 347
320 366
321 347
321 366
322 347
322 366
323 347
324 347
325 347
