0 424
0 516
0 685
0 823
0 871
0 1146
1 424
1 516
1 685
1 823
1 871
1 1146
1 1216
1 1217
1 1218
1 1219
1 1220
1 1221
1 1222
1 1223
1 1224
1 1225
1 1226
1 1227
1 1228
1 1229
1 1230
2 424
2 516
2 685
2 823
2 871
2 1146
2 1199
2 1200
2 1201
2 1202
2 1203
2 1204
2 1205
2 1206
2 1207
2 1208
2 1209
2 1210
2 1211
2 1212
2 1213
2 1214
2 1215
2 1231
3 424
3 516
3 684
3 823
3 871
3 1146
3 1198
3 1231
4 423
4 508
4 509
4 510
4 683
4 684
4 822
4 871
4 1146
4 1153
4 1198
4 1231
5 423
5 505
5 506
5 507
5 511
5 512
5 513
5 514
5 681
5 682
5 683
5 822
5 871
5 1146
5 1152
5 1154
5 1155
5 1156
5 1198
5 1229
5 1230
6 423
6 504
6 517
6 518
6 519
6 681
6 685
6 686
6 687
6 688
6 689
6 822
6 871
6 1146
6 1151
6 1157
6 1158
6 1159
6 1160
6 1161
6 1198
6 1228
6 1229
7 423
7 505
7 506
7 507
7 508
7 517
7 681
7 682
7 683
7 684
7 823
7 824
7 825
7 826
7 833
7 834
7 835
7 871
7 1146
7 1150
7 1151
7 1162
7 1197
7 1198
7 1226
7 1227
8 422
8 509
8 510
8 518
8 689
8 827
8 828
8 829
8 830
8 831
8 832
8 871
8 1147
8 1148
8 1149
8 1150
8 1163
8 1197
8 1225
8 1226
9 422
9 688
9 835
9 871
9 1147
9 1164
9 1196
9 1225
10 422
10 509
10 688
10 832
10 833
10 834
10 871
10 1146
10 1164
10 1196
10 1224
11 422
11 508
11 687
11 831
11 871
11 1147
11 1164
11 1196
11 1224
11 1230
11 1231
11 1232
12 421
12 505
12 508
12 687
12 830
12 871
12 1147
12 1164
12 1196
12 1223
12 1229
12 1230
12 1233
13 421
13 503
13 504
13 506
13 687
13 688
13 689
13 690
13 831
13 871
13 1147
13 1163
13 1196
13 1224
13 1225
13 1226
13 1227
13 1228
13 1233
13 1234
13 1235
14 421
14 503
14 691
14 692
14 693
14 694
14 831
14 871
14 1147
14 1162
14 1163
14 1197
14 1236
14 1237
15 421
15 503
15 695
15 696
15 831
15 871
15 1147
15 1160
15 1161
15 1198
15 1199
15 1237
15 1238
15 1239
16 420
16 503
16 697
16 698
16 832
16 871
16 1147
16 1158
16 1159
16 1200
17 420
17 504
17 698
17 833
17 834
17 871
17 1147
17 1156
17 1157
17 1174
17 1175
17 1200
17 1239
18 420
18 504
18 698
18 834
18 848
18 849
18 850
18 871
18 1147
18 1155
18 1174
18 1176
18 1177
18 1178
18 1179
18 1180
18 1181
18 1182
18 1200
18 1239
18 1240
19 420
19 505
19 697
19 834
19 847
19 851
19 871
19 1147
19 1154
19 1174
19 1182
19 1200
20 420
20 506
20 697
20 834
20 847
20 852
20 871
20 1147
20 1155
20 1176
20 1183
20 1200
20 1239
20 1240
21 420
21 421
21 507
21 696
21 834
21 847
21 852
21 871
21 1147
21 1156
21 1157
21 1176
21 1184
21 1185
21 1200
21 1237
21 1238
21 1265
21 1266
21 1267
22 421
22 422
22 507
22 695
22 696
22 834
22 846
22 847
22 852
22 871
22 1147
22 1158
22 1159
22 1176
22 1186
22 1187
22 1188
22 1189
22 1190
22 1200
22 1236
22 1237
22 1255
22 1256
22 1264
22 1267
23 422
23 508
23 509
23 510
23 511
23 694
23 835
23 845
23 846
23 851
23 852
23 871
23 1147
23 1160
23 1161
23 1162
23 1163
23 1164
23 1165
23 1166
23 1167
23 1168
23 1169
23 1170
23 1171
23 1172
23 1173
23 1174
23 1175
23 1176
23 1191
23 1192
23 1193
23 1194
23 1195
23 1196
23 1197
23 1198
23 1199
23 1200
23 1235
23 1236
23 1253
23 1254
23 1257
23 1258
23 1259
23 1260
23 1261
23 1262
23 1263
23 1268
24 423
24 512
24 513
24 514
24 693
24 835
24 845
24 851
24 871
24 1147
24 1235
24 1251
24 1252
24 1268
24 1269
25 423
25 424
25 515
25 516
25 693
25 836
25 840
25 841
25 843
25 850
25 871
25 1147
25 1234
25 1250
25 1251
25 1269
25 1270
25 1271
25 1272
25 1273
26 424
26 425
26 426
26 427
26 516
26 517
26 692
26 837
26 838
26 839
26 843
26 849
26 850
26 871
26 1147
26 1234
26 1249
26 1250
26 1274
26 1275
27 428
27 429
27 430
27 431
27 432
27 433
27 434
27 517
27 518
27 519
27 692
27 837
27 843
27 848
27 849
27 871
27 1147
27 1234
27 1248
27 1275
28 435
28 436
28 437
28 520
28 692
28 693
28 836
28 843
28 848
28 871
28 1147
28 1235
28 1247
28 1276
28 1277
28 1278
28 1279
29 438
29 439
29 440
29 441
29 442
29 520
29 693
29 694
29 836
29 843
29 847
29 871
29 1147
29 1235
29 1245
29 1246
30 443
30 444
30 445
30 446
30 447
30 448
30 449
30 520
30 694
30 836
30 843
30 847
30 860
30 861
30 862
30 863
30 864
30 865
30 866
30 871
30 1147
30 1236
30 1243
30 1244
31 450
31 451
31 520
31 694
31 836
31 843
31 849
31 850
31 851
31 852
31 853
31 854
31 855
31 856
31 857
31 858
31 859
31 867
31 868
31 869
31 870
31 871
31 1148
31 1236
31 1237
31 1238
31 1239
31 1240
31 1241
31 1242
32 452
32 453
32 454
32 520
32 694
32 836
32 843
32 871
32 1148
33 455
33 456
33 521
33 694
33 836
33 843
33 867
33 868
33 869
33 870
33 871
33 1148
34 456
34 457
34 521
34 522
34 693
34 836
34 843
34 866
34 871
34 1148
35 458
35 459
35 523
35 693
35 836
35 843
35 865
35 871
35 1148
36 460
36 461
36 519
36 520
36 521
36 523
36 693
36 694
36 836
36 843
36 865
36 871
36 1148
37 462
37 463
37 517
37 518
37 694
37 695
37 836
37 843
37 864
37 871
37 1148
38 463
38 464
38 465
38 466
38 467
38 468
38 516
38 517
38 695
38 836
38 843
38 864
38 871
38 1148
39 469
39 470
39 515
39 516
39 696
39 836
39 843
39 864
39 871
39 1148
40 470
40 471
40 472
40 514
40 515
40 696
40 697
40 836
40 843
40 863
40 871
40 1148
41 473
41 513
41 514
41 698
41 699
41 836
41 843
41 863
41 871
41 1148
42 473
42 513
42 699
42 836
42 843
42 863
42 871
42 1148
43 474
43 513
43 699
43 836
43 843
43 863
43 871
43 1148
44 474
44 475
44 487
44 488
44 510
44 514
44 515
44 516
44 517
44 699
44 836
44 843
44 863
44 871
44 1148
45 475
45 476
45 485
45 486
45 508
45 509
45 511
45 517
45 699
45 836
45 843
45 863
45 871
45 1148
46 476
46 484
46 485
46 489
46 508
46 514
46 515
46 516
46 517
46 693
46 694
46 695
46 696
46 697
46 698
46 699
46 837
46 843
46 863
46 871
46 1148
47 477
47 482
47 483
47 489
47 508
47 693
47 837
47 843
47 863
47 871
47 1148
48 477
48 478
48 481
48 482
48 489
48 508
48 509
48 693
48 837
48 843
48 863
48 871
48 1148
49 478
49 479
49 480
49 489
49 509
49 510
49 694
49 695
49 696
49 697
49 837
49 843
49 863
49 872
49 1148
50 490
50 510
50 511
50 698
50 699
50 837
50 843
50 863
50 872
50 1148
51 490
51 511
51 512
51 699
51 700
51 837
51 843
51 863
51 872
51 1148
52 490
52 512
52 700
52 701
52 837
52 843
52 864
52 872
52 1148
53 490
53 513
53 701
53 837
53 843
53 864
53 865
53 872
53 1149
54 491
54 513
54 514
54 701
54 837
54 843
54 866
54 867
54 872
54 1149
55 491
55 514
55 515
55 700
55 837
55 843
55 867
55 872
55 1149
56 491
56 515
56 516
56 699
56 700
56 837
56 843
56 867
56 872
56 1149
57 491
57 516
57 517
57 699
57 837
57 843
57 867
57 872
57 1149
58 492
58 517
58 518
58 699
58 837
58 843
58 867
58 872
58 1149
59 492
59 518
59 699
59 837
59 843
59 866
59 867
59 872
59 1149
59 1277
59 1278
59 1279
60 493
60 518
60 698
60 699
60 837
60 843
60 864
60 865
60 872
60 1149
60 1270
60 1271
60 1272
60 1273
60 1274
60 1275
60 1276
61 493
61 494
61 517
61 518
61 697
61 698
61 837
61 843
61 862
61 863
61 872
61 1149
61 1262
61 1263
61 1264
61 1265
61 1266
61 1267
61 1268
61 1269
62 495
62 496
62 515
62 516
62 517
62 696
62 786
62 787
62 788
62 789
62 790
62 791
62 792
62 793
62 837
62 843
62 859
62 860
62 861
62 872
62 1149
62 1255
62 1256
62 1257
62 1258
62 1259
62 1260
62 1261
63 497
63 498
63 514
63 695
63 784
63 785
63 794
63 795
63 796
63 797
63 798
63 799
63 800
63 801
63 802
63 803
63 804
63 805
63 806
63 807
63 808
63 809
63 810
63 811
63 812
63 813
63 814
63 815
63 816
63 817
63 818
63 819
63 820
63 837
63 843
63 859
63 872
63 1149
63 1247
63 1248
63 1249
63 1250
63 1251
63 1252
63 1253
63 1254
64 499
64 513
64 695
64 784
64 821
64 837
64 843
64 859
64 860
64 872
64 1149
64 1240
64 1241
64 1242
64 1243
64 1244
64 1245
64 1246
65 499
65 513
65 695
65 784
65 794
65 795
65 821
65 837
65 843
65 860
65 861
65 872
65 1149
65 1232
65 1233
65 1234
65 1235
65 1236
65 1237
65 1238
65 1239
66 499
66 513
66 695
66 784
66 785
66 786
66 787
66 788
66 789
66 790
66 791
66 792
66 793
66 799
66 800
66 801
66 802
66 803
66 804
66 805
66 806
66 807
66 808
66 809
66 810
66 811
66 821
66 837
66 843
66 862
66 863
66 872
66 1149
66 1225
66 1226
66 1227
66 1228
66 1229
66 1230
66 1231
67 498
67 513
67 696
67 812
67 813
67 814
67 815
67 816
67 821
67 837
67 843
67 863
67 864
67 872
67 1149
67 1218
67 1219
67 1220
67 1221
67 1222
67 1223
67 1224
68 498
68 510
68 511
68 512
68 696
68 697
68 817
68 821
68 837
68 843
68 865
68 866
68 872
68 1150
68 1210
68 1211
68 1212
68 1213
68 1214
68 1215
68 1216
68 1217
69 498
69 508
69 509
69 697
69 817
69 821
69 837
69 843
69 867
69 868
69 872
69 1150
69 1203
69 1204
69 1205
69 1206
69 1207
69 1208
69 1209
70 498
70 508
70 698
70 817
70 821
70 837
70 843
70 869
70 870
70 871
70 872
70 1150
70 1152
70 1153
70 1195
70 1196
70 1197
70 1198
70 1199
70 1200
70 1201
70 1202
71 497
71 508
71 509
71 510
71 698
71 699
71 817
71 821
71 837
71 843
71 872
71 1149
71 1154
71 1155
71 1160
71 1161
71 1188
71 1189
71 1190
71 1191
71 1192
71 1193
71 1194
72 497
72 699
72 817
72 821
72 837
72 843
72 872
72 1149
72 1155
72 1158
72 1159
72 1162
72 1163
72 1164
72 1165
72 1181
72 1182
72 1183
72 1184
72 1185
72 1186
72 1187
73 497
73 506
73 507
73 508
73 509
73 699
73 817
73 821
73 837
73 843
73 872
73 1150
73 1155
73 1157
73 1158
73 1166
73 1173
73 1174
73 1175
73 1176
73 1177
73 1178
73 1179
73 1180
74 497
74 505
74 700
74 817
74 821
74 837
74 843
74 872
74 1150
74 1155
74 1157
74 1169
74 1170
74 1171
74 1172
75 496
75 505
75 700
75 817
75 821
75 837
75 843
75 872
75 1150
75 1168
76 496
76 506
76 507
76 700
76 817
76 821
76 837
76 843
76 872
76 1150
76 1172
76 1173
76 1174
77 497
77 507
77 508
77 701
77 817
77 821
77 837
77 843
77 872
77 1150
77 1175
77 1176
77 1177
77 1178
77 1179
78 497
78 508
78 509
78 701
78 702
78 817
78 821
78 837
78 843
78 872
78 1150
78 1180
78 1181
79 498
79 499
79 509
79 702
79 817
79 821
79 837
79 843
79 872
79 1150
79 1181
80 500
80 501
80 508
80 509
80 702
80 817
80 821
80 837
80 843
80 872
80 1150
80 1182
81 502
81 503
81 508
81 702
81 817
81 821
81 837
81 843
81 872
81 1150
81 1182
82 504
82 505
82 506
82 507
82 606
82 702
82 817
82 821
82 837
82 843
82 872
82 1150
82 1182
83 604
83 605
83 607
83 608
83 702
83 817
83 821
83 837
83 843
83 872
83 1150
83 1182
84 603
84 608
84 702
84 818
84 821
84 837
84 843
84 872
84 1139
84 1140
84 1141
84 1142
84 1143
84 1144
84 1145
84 1146
84 1147
84 1148
84 1149
84 1150
84 1183
84 1184
84 1185
84 1186
85 602
85 608
85 702
85 818
85 821
85 837
85 843
85 872
85 1138
85 1187
86 602
86 608
86 701
86 818
86 821
86 837
86 843
86 872
86 1117
86 1118
86 1119
86 1120
86 1121
86 1122
86 1123
86 1124
86 1125
86 1126
86 1127
86 1128
86 1129
86 1130
86 1131
86 1132
86 1133
86 1134
86 1135
86 1136
86 1137
86 1188
87 602
87 608
87 701
87 818
87 821
87 837
87 843
87 872
87 1094
87 1095
87 1096
87 1097
87 1098
87 1099
87 1100
87 1101
87 1102
87 1103
87 1104
87 1105
87 1106
87 1107
87 1108
87 1109
87 1110
87 1111
87 1112
87 1113
87 1114
87 1115
87 1116
87 1188
88 602
88 608
88 701
88 818
88 821
88 837
88 843
88 872
88 1070
88 1071
88 1072
88 1073
88 1074
88 1075
88 1076
88 1077
88 1081
88 1082
88 1083
88 1084
88 1085
88 1086
88 1087
88 1088
88 1089
88 1090
88 1091
88 1092
88 1093
88 1188
89 602
89 608
89 701
89 818
89 821
89 837
89 843
89 872
89 1048
89 1049
89 1050
89 1051
89 1052
89 1053
89 1054
89 1055
89 1058
89 1059
89 1060
89 1061
89 1062
89 1063
89 1064
89 1065
89 1066
89 1067
89 1068
89 1069
89 1078
89 1079
89 1080
89 1188
90 602
90 608
90 700
90 818
90 821
90 837
90 843
90 872
90 1025
90 1026
90 1027
90 1028
90 1029
90 1030
90 1031
90 1032
90 1033
90 1034
90 1035
90 1036
90 1037
90 1038
90 1039
90 1040
90 1041
90 1042
90 1043
90 1044
90 1045
90 1046
90 1047
90 1056
90 1057
90 1188
91 602
91 608
91 700
91 818
91 821
91 837
91 843
91 872
91 1001
91 1002
91 1003
91 1004
91 1005
91 1006
91 1007
91 1008
91 1009
91 1010
91 1011
91 1012
91 1013
91 1014
91 1017
91 1018
91 1019
91 1020
91 1021
91 1022
91 1023
91 1024
91 1056
91 1077
91 1188
92 602
92 608
92 700
92 818
92 821
92 837
92 843
92 872
92 979
92 980
92 981
92 982
92 983
92 984
92 985
92 986
92 987
92 988
92 989
92 990
92 991
92 992
92 993
92 994
92 995
92 996
92 997
92 998
92 999
92 1000
92 1015
92 1016
92 1076
92 1188
93 602
93 608
93 700
93 818
93 822
93 837
93 843
93 872
93 958
93 959
93 960
93 961
93 962
93 963
93 964
93 965
93 966
93 967
93 968
93 969
93 970
93 971
93 972
93 973
93 974
93 975
93 976
93 977
93 978
93 1076
93 1188
94 602
94 608
94 701
94 702
94 818
94 822
94 837
94 843
94 872
94 932
94 933
94 934
94 935
94 936
94 937
94 938
94 939
94 940
94 941
94 942
94 943
94 946
94 947
94 948
94 949
94 950
94 951
94 952
94 953
94 954
94 955
94 956
94 957
94 1016
94 1017
94 1075
94 1188
95 602
95 608
95 702
95 818
95 822
95 837
95 843
95 872
95 909
95 910
95 911
95 912
95 913
95 914
95 915
95 916
95 917
95 918
95 919
95 920
95 921
95 922
95 923
95 924
95 925
95 926
95 927
95 928
95 929
95 930
95 931
95 944
95 945
95 1017
95 1018
95 1074
95 1075
95 1188
96 602
96 608
96 703
96 818
96 822
96 837
96 844
96 872
96 888
96 889
96 890
96 891
96 892
96 893
96 894
96 895
96 896
96 897
96 898
96 899
96 900
96 901
96 902
96 903
96 904
96 905
96 906
96 907
96 908
96 944
96 1018
96 1074
96 1187
97 602
97 608
97 703
97 818
97 822
97 837
97 844
97 873
97 874
97 875
97 876
97 877
97 878
97 879
97 880
97 881
97 884
97 886
97 887
97 944
97 948
97 949
97 954
97 956
97 1019
97 1073
97 1187
98 602
98 608
98 703
98 818
98 822
98 837
98 844
98 882
98 883
98 886
98 912
98 913
98 944
98 948
98 954
98 956
98 1019
98 1020
98 1072
98 1073
98 1187
99 602
99 609
99 703
99 818
99 822
99 837
99 844
99 882
99 886
99 889
99 890
99 908
99 909
99 910
99 911
99 945
99 946
99 947
99 954
99 955
99 956
99 1020
99 1072
99 1187
99 1188
100 602
100 609
100 703
100 818
100 822
100 837
100 844
100 882
100 886
100 887
100 891
100 892
100 893
100 906
100 907
100 1021
100 1071
100 1188
100 1189
101 602
101 609
101 702
101 763
101 764
101 765
101 766
101 767
101 768
101 769
101 770
101 771
101 772
101 773
101 774
101 775
101 776
101 777
101 778
101 779
101 780
101 781
101 782
101 783
101 784
101 785
101 786
101 787
101 788
101 789
101 790
101 791
101 792
101 793
101 794
101 818
101 822
101 837
101 844
101 882
101 886
101 894
101 895
101 904
101 905
101 1021
101 1022
101 1071
101 1189
102 602
102 609
102 702
102 760
102 761
102 762
102 795
102 796
102 797
102 798
102 799
102 800
102 818
102 822
102 837
102 844
102 882
102 886
102 896
102 897
102 898
102 899
102 900
102 901
102 902
102 903
102 1022
102 1070
102 1189
103 602
103 609
103 702
103 758
103 759
103 768
103 769
103 770
103 771
103 772
103 804
103 805
103 806
103 807
103 808
103 809
103 810
103 818
103 822
103 837
103 844
103 882
103 886
103 957
103 1023
103 1069
103 1070
103 1189
104 602
104 609
104 702
104 750
104 751
104 752
104 753
104 757
104 778
104 802
104 803
104 811
104 812
104 813
104 814
104 815
104 816
104 817
104 818
104 822
104 837
104 844
104 882
104 886
104 951
104 952
104 953
104 954
104 955
104 956
104 958
104 959
104 1023
104 1024
104 1069
104 1189
105 602
105 609
105 690
105 691
105 692
105 702
105 750
105 753
105 754
105 756
105 779
105 800
105 802
105 822
105 837
105 844
105 882
105 886
105 943
105 944
105 945
105 946
105 947
105 948
105 949
105 950
105 960
105 961
105 1024
105 1025
105 1068
105 1189
106 602
106 609
106 690
106 694
106 702
106 749
106 754
106 755
106 756
106 779
106 818
106 822
106 837
106 844
106 880
106 882
106 886
106 936
106 937
106 938
106 939
106 940
106 941
106 942
106 962
106 963
106 1025
106 1068
106 1189
107 602
107 609
107 692
107 694
107 695
107 696
107 697
107 698
107 699
107 702
107 746
107 747
107 748
107 780
107 818
107 822
107 837
107 844
107 880
107 882
107 887
107 929
107 930
107 931
107 932
107 933
107 934
107 935
107 964
107 965
107 1026
107 1067
107 1188
108 602
108 609
108 692
108 699
108 700
108 701
108 702
108 745
108 780
108 818
108 822
108 837
108 844
108 872
108 873
108 874
108 875
108 876
108 877
108 878
108 879
108 882
108 887
108 923
108 924
108 925
108 926
108 927
108 928
108 965
108 1026
108 1027
108 1067
108 1188
109 602
109 609
109 694
109 714
109 715
109 716
109 717
109 744
109 781
109 818
109 822
109 837
109 844
109 871
109 882
109 887
109 916
109 917
109 918
109 919
109 920
109 921
109 922
109 965
109 1027
109 1067
109 1185
109 1186
109 1187
110 602
110 609
110 694
110 712
110 713
110 717
110 718
110 744
110 781
110 782
110 818
110 822
110 837
110 844
110 870
110 882
110 887
110 908
110 909
110 910
110 911
110 912
110 913
110 914
110 915
110 965
110 1028
110 1067
110 1184
111 602
111 609
111 694
111 710
111 711
111 719
111 720
111 744
111 782
111 783
111 818
111 822
111 837
111 844
111 870
111 882
111 887
111 901
111 902
111 903
111 904
111 905
111 906
111 907
111 965
111 1028
111 1067
111 1184
112 602
112 609
112 693
112 694
112 707
112 708
112 709
112 720
112 721
112 742
112 743
112 744
112 784
112 785
112 818
112 822
112 832
112 833
112 834
112 835
112 836
112 837
112 845
112 846
112 870
112 882
112 887
112 895
112 896
112 897
112 898
112 899
112 900
112 962
112 963
112 964
112 1028
112 1067
112 1184
113 603
113 609
113 692
113 693
113 705
113 706
113 721
113 722
113 738
113 739
113 740
113 741
113 785
113 786
113 818
113 822
113 830
113 831
113 837
113 845
113 847
113 848
113 849
113 870
113 882
113 888
113 889
113 890
113 891
113 892
113 893
113 894
113 961
113 1028
113 1067
113 1185
114 603
114 609
114 689
114 690
114 691
114 703
114 704
114 722
114 737
114 786
114 787
114 818
114 822
114 829
114 830
114 837
114 844
114 850
114 851
114 852
114 853
114 870
114 882
114 960
114 1028
114 1067
114 1185
115 603
115 609
115 685
115 688
115 701
115 702
115 722
115 736
115 787
115 788
115 818
115 822
115 827
115 828
115 837
115 844
115 854
115 855
115 856
115 870
115 882
115 887
115 960
115 1028
115 1067
115 1186
116 603
116 609
116 684
116 686
116 701
116 723
116 724
116 725
116 726
116 727
116 728
116 729
116 736
116 788
116 789
116 818
116 822
116 825
116 826
116 837
116 844
116 857
116 858
116 870
116 882
116 887
116 961
116 962
116 963
116 1028
116 1067
116 1186
117 603
117 609
117 683
117 687
117 701
117 730
117 731
117 735
117 790
117 791
117 796
117 797
117 798
117 799
117 800
117 801
117 802
117 803
117 804
117 805
117 806
117 807
117 808
117 809
117 810
117 811
117 812
117 813
117 814
117 815
117 816
117 819
117 822
117 823
117 837
117 844
117 859
117 869
117 870
117 882
117 887
117 964
117 1028
117 1067
117 1186
118 603
118 609
118 683
118 687
118 702
118 703
118 731
118 732
118 736
118 791
118 792
118 794
118 795
118 817
118 820
118 822
118 837
118 844
118 859
118 868
118 882
118 887
118 964
118 1028
118 1067
118 1186
119 603
119 609
119 683
119 687
119 703
119 732
119 733
119 736
119 737
119 792
119 793
119 794
119 817
119 820
119 822
119 837
119 844
119 859
119 867
119 882
119 887
119 964
119 1028
119 1067
119 1185
119 1186
120 603
120 609
120 683
120 686
120 703
120 733
120 734
120 820
120 822
120 837
120 844
120 859
120 867
120 882
120 887
120 890
120 964
120 1028
120 1067
120 1185
121 603
121 609
121 683
121 686
121 703
121 734
121 735
121 736
121 820
121 822
121 837
121 844
121 860
121 861
121 862
121 863
121 864
121 865
121 866
121 882
121 888
121 889
121 891
121 964
121 1028
121 1067
121 1184
122 603
122 609
122 683
122 686
122 702
122 819
122 822
122 837
122 844
122 882
122 888
122 891
122 964
122 1028
122 1067
122 1184
123 603
123 609
123 683
123 686
123 702
123 814
123 815
123 816
123 822
123 837
123 844
123 882
123 887
123 891
123 963
123 1028
123 1067
123 1184
124 603
124 609
124 683
124 686
124 701
124 702
124 808
124 809
124 810
124 811
124 812
124 813
124 817
124 822
124 837
124 844
124 882
124 887
124 891
124 963
124 1028
124 1067
124 1184
125 603
125 609
125 683
125 686
125 700
125 701
125 794
125 795
125 796
125 797
125 798
125 799
125 800
125 801
125 802
125 803
125 804
125 805
125 806
125 807
125 817
125 822
125 837
125 844
125 882
125 887
125 891
125 964
125 965
125 966
125 1028
125 1067
125 1184
126 603
126 609
126 683
126 687
126 699
126 700
126 791
126 792
126 793
126 817
126 822
126 837
126 844
126 882
126 887
126 891
126 963
126 966
126 1028
126 1067
126 1183
126 1184
127 603
127 610
127 683
127 687
127 698
127 699
127 790
127 817
127 822
127 837
127 844
127 882
127 887
127 891
127 964
127 965
127 966
127 1028
127 1067
127 1183
128 603
128 610
128 683
128 687
128 697
128 789
128 817
128 822
128 837
128 844
128 882
128 887
128 891
128 963
128 1028
128 1067
128 1182
129 603
129 610
129 683
129 687
129 696
129 789
129 817
129 822
129 837
129 844
129 882
129 887
129 891
129 904
129 905
129 906
129 907
129 908
129 909
129 964
129 1028
129 1067
129 1182
130 603
130 610
130 683
130 687
130 695
130 696
130 789
130 817
130 822
130 837
130 844
130 882
130 887
130 891
130 902
130 903
130 910
130 911
130 964
130 965
130 967
130 1028
130 1067
130 1181
130 1182
131 603
131 610
131 683
131 687
131 689
131 690
131 694
131 695
131 790
131 817
131 822
131 837
131 844
131 882
131 887
131 890
131 900
131 901
131 911
131 912
131 1028
131 1067
131 1180
131 1181
132 603
132 610
132 683
132 686
132 693
132 694
132 790
132 817
132 822
132 837
132 844
132 882
132 888
132 890
132 898
132 899
132 912
132 913
132 964
132 965
132 1028
132 1067
132 1179
132 1180
133 603
133 610
133 683
133 686
133 690
133 691
133 692
133 693
133 790
133 817
133 822
133 837
133 844
133 882
133 888
133 890
133 897
133 898
133 914
133 915
133 964
133 1028
133 1067
133 1177
133 1178
134 603
134 610
134 683
134 686
134 790
134 817
134 822
134 837
134 844
134 882
134 888
134 890
134 897
134 916
134 965
134 1028
134 1067
134 1177
135 523
135 603
135 610
135 684
135 687
135 790
135 818
135 823
135 837
135 844
135 882
135 888
135 890
135 896
135 916
135 965
135 1028
135 1067
135 1176
136 522
136 524
136 603
136 610
136 684
136 687
136 790
136 818
136 823
136 838
136 844
136 882
136 888
136 890
136 896
136 916
136 964
136 965
136 1028
136 1067
136 1175
136 1176
137 522
137 524
137 603
137 610
137 684
137 687
137 791
137 818
137 823
137 838
137 844
137 882
137 888
137 890
137 895
137 916
137 957
137 958
137 959
137 960
137 963
137 1028
137 1067
137 1173
137 1174
138 522
138 524
138 603
138 610
138 684
138 687
138 791
138 818
138 823
138 838
138 844
138 882
138 888
138 890
138 895
138 916
138 955
138 956
138 961
138 1028
138 1067
138 1172
138 1173
139 522
139 603
139 610
139 684
139 687
139 791
139 814
139 818
139 823
139 838
139 844
139 882
139 888
139 890
139 895
139 916
139 954
139 955
139 1028
139 1067
139 1172
140 521
140 603
140 610
140 684
140 687
140 791
140 813
140 815
140 818
140 823
140 838
140 844
140 882
140 888
140 890
140 895
140 916
140 953
140 954
140 1028
140 1067
140 1171
141 521
141 529
141 530
141 603
141 610
141 684
141 687
141 791
141 812
141 815
141 818
141 823
141 838
141 844
141 882
141 888
141 890
141 895
141 916
141 951
141 952
141 1028
141 1067
141 1171
142 521
142 524
142 527
142 528
142 603
142 610
142 684
142 687
142 791
142 812
142 815
142 818
142 823
142 838
142 844
142 882
142 888
142 890
142 895
142 916
142 950
142 951
142 1028
142 1067
142 1172
143 520
143 524
143 525
143 526
143 530
143 603
143 610
143 684
143 687
143 791
143 812
143 815
143 818
143 823
143 838
143 844
143 882
143 888
143 890
143 895
143 916
143 950
143 1028
143 1068
143 1172
144 520
144 529
144 603
144 610
144 684
144 687
144 792
144 812
144 815
144 818
144 823
144 838
144 844
144 883
144 888
144 890
144 895
144 916
144 949
144 1028
144 1068
144 1173
144 1174
144 1175
145 520
145 528
145 603
145 610
145 684
145 687
145 792
145 812
145 813
145 814
145 815
145 816
145 817
145 818
145 823
145 838
145 844
145 883
145 888
145 890
145 895
145 916
145 949
145 1028
145 1068
145 1176
145 1177
146 520
146 528
146 603
146 610
146 684
146 687
146 792
146 811
146 818
146 820
146 823
146 838
146 844
146 883
146 888
146 890
146 895
146 916
146 949
146 1028
146 1068
146 1177
146 1178
147 519
147 527
147 603
147 610
147 684
147 687
147 792
147 810
147 818
147 820
147 823
147 838
147 844
147 883
147 888
147 890
147 896
147 916
147 949
147 1028
147 1068
147 1179
147 1180
148 517
148 518
148 527
148 603
148 610
148 684
148 687
148 792
148 810
148 818
148 820
148 823
148 838
148 844
148 883
148 888
148 890
148 896
148 916
148 949
148 1028
148 1068
148 1180
149 516
149 517
149 525
149 526
149 527
149 603
149 610
149 684
149 687
149 792
149 810
149 818
149 820
149 823
149 838
149 844
149 883
149 888
149 890
149 896
149 916
149 949
149 1028
149 1068
149 1180
150 515
150 516
150 521
150 522
150 523
150 524
150 603
150 610
150 684
150 687
150 793
150 810
150 818
150 820
150 823
150 838
150 844
150 883
150 888
150 890
150 897
150 914
150 915
150 949
150 1028
150 1068
150 1180
151 515
151 519
151 520
151 603
151 610
151 684
151 687
151 793
151 810
151 818
151 820
151 823
151 838
151 844
151 883
151 888
151 890
151 897
151 898
151 913
151 914
151 948
151 1028
151 1068
151 1180
152 514
152 518
152 519
152 603
152 610
152 684
152 687
152 793
152 810
152 818
152 820
152 823
152 838
152 844
152 883
152 888
152 890
152 898
152 899
152 900
152 901
152 911
152 912
152 948
152 1028
152 1068
152 1180
153 513
153 516
153 517
153 603
153 610
153 684
153 687
153 793
153 810
153 818
153 821
153 823
153 838
153 844
153 883
153 888
153 890
153 902
153 911
153 948
153 1028
153 1068
153 1180
154 513
154 516
154 603
154 610
154 684
154 687
154 793
154 808
154 809
154 810
154 818
154 821
154 823
154 838
154 844
154 883
154 888
154 890
154 903
154 910
154 948
154 1028
154 1068
154 1180
155 603
155 610
155 684
155 687
155 793
155 806
155 807
155 811
155 817
155 821
155 823
155 838
155 844
155 883
155 888
155 890
155 903
155 910
155 948
155 1028
155 1068
155 1180
156 603
156 611
156 667
156 668
156 669
156 670
156 671
156 672
156 673
156 674
156 675
156 684
156 687
156 794
156 804
156 805
156 812
156 817
156 821
156 823
156 838
156 844
156 883
156 888
156 890
156 903
156 910
156 947
156 1028
156 1068
156 1180
157 603
157 611
157 665
157 666
157 676
157 677
157 684
157 687
157 692
157 693
157 694
157 794
157 804
157 812
157 813
157 816
157 820
157 823
157 838
157 844
157 883
157 904
157 910
157 947
157 1028
157 1068
157 1180
158 603
158 611
158 664
158 665
158 678
158 679
158 684
158 687
158 691
158 695
158 711
158 712
158 713
158 714
158 715
158 716
158 717
158 718
158 719
158 720
158 794
158 804
158 805
158 813
158 814
158 816
158 820
158 823
158 838
158 844
158 883
158 889
158 904
158 910
158 946
158 1028
158 1068
158 1180
159 603
159 611
159 663
159 664
159 679
159 684
159 687
159 690
159 698
159 699
159 700
159 701
159 702
159 703
159 704
159 705
159 706
159 707
159 708
159 709
159 710
159 721
159 722
159 794
159 805
159 806
159 814
159 815
159 816
159 821
159 823
159 838
159 844
159 883
159 889
159 904
159 909
159 946
159 1028
159 1068
159 1179
159 1180
159 1217
159 1218
159 1219
159 1220
159 1221
159 1222
159 1223
159 1224
159 1225
159 1226
159 1227
159 1228
159 1229
159 1230
159 1231
159 1232
159 1233
159 1234
159 1235
159 1236
160 603
160 611
160 662
160 663
160 680
160 684
160 687
160 690
160 697
160 723
160 724
160 795
160 796
160 799
160 806
160 807
160 821
160 823
160 838
160 844
160 883
160 889
160 904
160 908
160 946
160 1028
160 1068
160 1176
160 1177
160 1178
160 1215
160 1216
160 1237
160 1260
160 1261
160 1262
160 1263
160 1264
160 1265
160 1266
160 1267
160 1268
160 1269
160 1270
160 1271
160 1272
160 1273
160 1274
161 603
161 611
161 656
161 657
161 658
161 659
161 660
161 661
161 662
161 680
161 684
161 687
161 690
161 696
161 725
161 726
161 797
161 798
161 800
161 801
161 802
161 803
161 804
161 805
161 821
161 824
161 838
161 844
161 883
161 889
161 904
161 908
161 946
161 1028
161 1068
161 1172
161 1173
161 1174
161 1175
161 1184
161 1185
161 1186
161 1187
161 1188
161 1189
161 1190
161 1191
161 1214
161 1215
161 1237
161 1256
161 1257
161 1258
161 1259
161 1275
161 1276
162 603
162 611
162 639
162 640
162 641
162 642
162 643
162 644
162 645
162 646
162 647
162 648
162 649
162 650
162 651
162 652
162 653
162 654
162 655
162 680
162 684
162 687
162 690
162 696
162 726
162 727
162 797
162 800
162 809
162 810
162 820
162 824
162 838
162 844
162 883
162 889
162 908
162 932
162 933
162 934
162 935
162 936
162 937
162 938
162 939
162 940
162 941
162 942
162 943
162 944
162 1028
162 1068
162 1169
162 1170
162 1171
162 1182
162 1183
162 1192
162 1193
162 1194
162 1195
162 1196
162 1197
162 1198
162 1199
162 1200
162 1214
162 1238
162 1254
162 1255
162 1277
162 1278
162 1279
163 603
163 611
163 637
163 638
163 681
163 684
163 687
163 691
163 696
163 727
163 728
163 797
163 800
163 810
163 811
163 818
163 820
163 824
163 828
163 829
163 830
163 837
163 838
163 845
163 846
163 847
163 883
163 889
163 897
163 898
163 899
163 900
163 901
163 902
163 903
163 904
163 905
163 906
163 907
163 908
163 930
163 931
163 945
163 946
163 1028
163 1068
163 1088
163 1089
163 1090
163 1091
163 1092
163 1093
163 1094
163 1095
163 1096
163 1097
163 1098
163 1099
163 1100
163 1154
163 1155
163 1156
163 1157
163 1158
163 1159
163 1160
163 1161
163 1179
163 1180
163 1181
163 1201
163 1202
163 1213
163 1238
163 1252
163 1253
164 603
164 614
164 615
164 616
164 637
164 681
164 684
164 687
164 691
164 696
164 728
164 729
164 797
164 800
164 811
164 812
164 818
164 820
164 825
164 826
164 827
164 831
164 832
164 835
164 836
164 838
164 845
164 848
164 849
164 860
164 861
164 862
164 863
164 864
164 865
164 866
164 867
164 868
164 869
164 870
164 871
164 872
164 873
164 883
164 889
164 895
164 896
164 908
164 909
164 910
164 928
164 929
164 947
164 948
164 964
164 965
164 966
164 1028
164 1068
164 1077
164 1078
164 1079
164 1080
164 1086
164 1087
164 1101
164 1151
164 1152
164 1153
164 1162
164 1163
164 1164
164 1165
164 1166
164 1167
164 1168
164 1178
164 1202
164 1203
164 1211
164 1212
164 1238
164 1251
164 1252
164 1279
165 603
165 612
165 613
165 617
165 637
165 681
165 684
165 687
165 691
165 696
165 729
165 797
165 800
165 812
165 813
165 820
165 825
165 833
165 834
165 838
165 844
165 850
165 851
165 858
165 859
165 876
165 877
165 878
165 879
165 893
165 894
165 911
165 912
165 926
165 927
165 949
165 950
165 962
165 963
165 967
165 1028
165 1069
165 1070
165 1071
165 1072
165 1073
165 1074
165 1081
165 1084
165 1085
165 1086
165 1101
165 1148
165 1149
165 1150
165 1168
165 1169
165 1177
165 1203
165 1209
165 1210
165 1238
165 1251
165 1278
166 603
166 612
166 617
166 637
166 681
166 684
166 687
166 690
166 691
166 696
166 730
166 797
166 800
166 813
166 819
166 820
166 824
166 831
166 832
166 838
166 844
166 851
166 852
166 857
166 860
166 861
166 862
166 863
166 864
166 865
166 866
166 867
166 868
166 869
166 870
166 871
166 873
166 874
166 881
166 882
166 883
166 890
166 891
166 892
166 893
166 912
166 924
166 925
166 951
166 952
166 955
166 956
166 957
166 958
166 959
166 960
166 962
166 967
166 968
166 1028
166 1075
166 1076
166 1082
166 1083
166 1101
166 1146
166 1147
166 1169
166 1177
166 1203
166 1207
166 1208
166 1238
166 1250
166 1278
167 603
167 611
167 617
167 637
167 681
167 684
167 687
167 695
167 730
167 797
167 800
167 812
167 813
167 821
167 824
167 831
167 838
167 844
167 857
167 859
167 880
167 881
167 883
167 890
167 913
167 922
167 923
167 952
167 961
167 968
167 1028
167 1068
167 1077
167 1078
167 1081
167 1082
167 1100
167 1144
167 1145
167 1169
167 1176
167 1203
167 1205
167 1206
167 1238
167 1249
167 1250
167 1279
168 603
168 611
168 617
168 637
168 681
168 684
168 687
168 692
168 695
168 730
168 797
168 800
168 811
168 812
168 819
168 821
168 824
168 830
168 838
168 844
168 856
168 857
168 858
168 869
168 870
168 880
168 883
168 890
168 913
168 920
168 921
168 953
168 961
168 968
168 1018
168 1019
168 1020
168 1028
168 1068
168 1080
168 1100
168 1144
168 1169
168 1176
168 1203
168 1205
168 1238
168 1248
168 1249
169 603
169 611
169 617
169 637
169 681
169 684
169 687
169 692
169 693
169 695
169 730
169 772
169 773
169 774
169 775
169 776
169 777
169 778
169 779
169 797
169 800
169 810
169 811
169 819
169 821
169 824
169 829
169 830
169 838
169 844
169 852
169 853
169 854
169 868
169 869
169 879
169 883
169 890
169 914
169 919
169 920
169 953
169 961
169 968
169 1009
169 1010
169 1011
169 1012
169 1013
169 1014
169 1015
169 1016
169 1017
169 1021
169 1022
169 1023
169 1024
169 1025
169 1028
169 1068
169 1079
169 1099
169 1113
169 1114
169 1115
169 1140
169 1143
169 1169
169 1175
169 1203
169 1205
169 1238
169 1248
170 603
170 611
170 617
170 637
170 681
170 684
170 687
170 695
170 730
170 771
170 780
170 797
170 800
170 810
170 824
170 828
170 838
170 844
170 851
170 854
170 867
170 879
170 883
170 889
170 914
170 919
170 953
170 961
170 967
170 1008
170 1026
170 1068
170 1079
170 1099
170 1112
170 1116
170 1143
170 1169
170 1175
170 1203
170 1205
170 1238
170 1247
171 343
171 344
171 345
171 346
171 604
171 611
171 617
171 637
171 681
171 684
171 687
171 690
171 695
171 730
171 763
171 764
171 765
171 766
171 767
171 768
171 769
171 770
171 780
171 797
171 801
171 809
171 821
171 824
171 827
171 838
171 844
171 852
171 853
171 866
171 878
171 883
171 889
171 914
171 918
171 953
171 961
171 967
171 1068
171 1079
171 1100
171 1112
171 1117
171 1139
171 1142
171 1169
171 1174
171 1203
171 1205
171 1238
171 1247
172 336
172 337
172 338
172 339
172 340
172 341
172 342
172 347
172 348
172 604
172 611
172 617
172 637
172 681
172 685
172 688
172 695
172 730
172 761
172 762
172 781
172 797
172 801
172 807
172 808
172 821
172 822
172 824
172 827
172 838
172 844
172 864
172 865
172 876
172 877
172 883
172 889
172 915
172 917
172 918
172 954
172 955
172 956
172 957
172 958
172 959
172 960
172 961
172 967
172 1008
172 1009
172 1010
172 1011
172 1012
172 1013
172 1014
172 1015
172 1016
172 1017
172 1018
172 1019
172 1020
172 1021
172 1022
172 1023
172 1024
172 1025
172 1026
172 1070
172 1071
172 1072
172 1073
172 1074
172 1075
172 1076
172 1077
172 1078
172 1079
172 1100
172 1101
172 1139
172 1142
172 1169
172 1172
172 1173
172 1203
172 1205
172 1206
172 1238
173 328
173 329
173 330
173 331
173 332
173 333
173 334
173 335
173 348
173 349
173 523
173 524
173 525
173 526
173 527
173 528
173 529
173 530
173 531
173 604
173 611
173 617
173 637
173 681
173 685
173 688
173 695
173 730
173 760
173 781
173 797
173 801
173 806
173 807
173 814
173 815
173 816
173 822
173 824
173 838
173 844
173 851
173 883
173 889
173 916
173 966
173 982
173 983
173 984
173 985
173 986
173 987
173 988
173 989
173 990
173 991
173 992
173 993
173 994
173 995
173 996
173 1006
173 1007
173 1027
173 1028
173 1069
173 1101
173 1102
173 1103
173 1106
173 1107
173 1108
173 1109
173 1113
173 1114
173 1115
173 1116
173 1141
173 1170
173 1171
173 1172
173 1203
174 327
174 349
174 350
174 521
174 522
174 532
174 533
174 534
174 535
174 549
174 550
174 551
174 552
174 553
174 554
174 555
174 556
174 557
174 558
174 559
174 560
174 561
174 562
174 563
174 564
174 565
174 566
174 567
174 568
174 569
174 570
174 604
174 611
174 617
174 638
174 681
174 685
174 688
174 695
174 730
174 753
174 754
174 755
174 756
174 757
174 759
174 781
174 797
174 801
174 805
174 806
174 814
174 816
174 821
174 822
174 825
174 826
174 831
174 832
174 833
174 834
174 835
174 836
174 837
174 838
174 839
174 840
174 841
174 842
174 843
174 844
174 845
174 846
174 847
174 848
174 849
174 850
174 883
174 889
174 960
174 967
174 968
174 976
174 979
174 980
174 981
174 997
174 1005
174 1006
174 1028
174 1068
174 1104
174 1105
174 1110
174 1111
174 1112
174 1117
174 1139
174 1140
175 328
175 329
175 330
175 350
175 351
175 519
175 520
175 536
175 548
175 571
175 604
175 611
175 617
175 638
175 681
175 685
175 688
175 695
175 730
175 752
175 758
175 759
175 782
175 797
175 801
175 805
175 812
175 813
175 821
175 827
175 828
175 829
175 830
175 851
175 883
175 889
175 969
175 970
175 973
175 974
175 975
175 977
175 978
175 997
175 1005
175 1028
175 1068
175 1076
175 1104
175 1117
175 1138
175 1278
175 1279
176 331
176 332
176 352
176 353
176 501
176 502
176 503
176 504
176 505
176 506
176 507
176 508
176 509
176 510
176 511
176 512
176 513
176 518
176 536
176 547
176 572
176 604
176 611
176 617
176 638
176 681
176 685
176 688
176 695
176 725
176 726
176 727
176 728
176 729
176 731
176 732
176 733
176 734
176 735
176 736
176 737
176 738
176 739
176 740
176 741
176 742
176 743
176 744
176 745
176 746
176 747
176 748
176 749
176 758
176 782
176 797
176 801
176 810
176 811
176 813
176 816
176 818
176 820
176 827
176 829
176 852
176 881
176 882
176 883
176 890
176 891
176 971
176 972
176 977
176 997
176 1004
176 1028
176 1068
176 1117
176 1138
177 332
177 353
177 354
177 490
177 491
177 492
177 493
177 494
177 495
177 496
177 497
177 498
177 499
177 500
177 514
177 515
177 516
177 517
177 518
177 537
177 547
177 573
177 604
177 611
177 617
177 638
177 681
177 685
177 688
177 695
177 724
177 750
177 751
177 758
177 783
177 802
177 803
177 804
177 805
177 806
177 809
177 810
177 813
177 816
177 818
177 826
177 829
177 852
177 883
177 890
177 972
177 977
177 997
177 1005
177 1028
177 1068
177 1117
177 1138
178 332
178 354
178 355
178 488
178 489
178 521
178 522
178 523
178 524
178 537
178 546
178 573
178 604
178 611
178 617
178 638
178 682
178 685
178 688
178 691
178 692
178 693
178 695
178 723
178 751
178 758
178 783
178 802
178 806
178 807
178 808
178 813
178 816
178 819
178 826
178 829
178 851
178 883
178 889
178 974
178 975
178 976
178 977
178 997
178 1005
178 1028
178 1068
178 1117
178 1138
179 332
179 355
179 356
179 487
179 525
179 537
179 546
179 574
179 604
179 611
179 617
179 639
179 682
179 685
179 688
179 691
179 695
179 723
179 752
179 758
179 783
179 812
179 816
179 826
179 829
179 851
179 883
179 889
179 998
179 1005
179 1028
179 1068
179 1117
179 1138
180 333
180 356
180 357
180 486
180 525
180 537
180 545
180 574
180 604
180 611
180 617
180 639
180 682
180 689
180 690
180 691
180 695
180 722
180 752
180 753
180 758
180 783
180 812
180 816
180 827
180 829
180 851
180 883
180 889
180 1029
180 1068
180 1117
180 1137
181 333
181 357
181 486
181 526
181 538
181 545
181 574
181 604
181 611
181 617
181 639
181 683
181 684
181 685
181 689
181 691
181 694
181 722
181 754
181 755
181 758
181 783
181 812
181 816
181 827
181 829
181 851
181 883
181 890
181 1029
181 1068
181 1117
181 1136
181 1137
182 333
182 358
182 359
182 485
182 526
182 539
182 545
182 574
182 604
182 611
182 617
182 640
182 685
182 688
182 691
182 694
182 721
182 755
182 756
182 758
182 783
182 812
182 816
182 827
182 829
182 851
182 883
182 890
182 1029
182 1068
182 1117
182 1133
182 1134
182 1135
183 333
183 355
183 356
183 357
183 360
183 361
183 485
183 526
183 539
183 545
183 575
183 604
183 611
183 617
183 641
183 682
183 685
183 688
183 691
183 694
183 721
183 756
183 783
183 812
183 816
183 827
183 829
183 851
183 883
183 890
183 1029
183 1068
183 1118
183 1131
183 1132
184 333
184 351
184 352
184 353
184 354
184 362
184 484
184 526
184 539
184 545
184 575
184 604
184 611
184 617
184 641
184 682
184 685
184 688
184 691
184 694
184 720
184 757
184 812
184 816
184 827
184 829
184 852
184 883
184 890
184 1029
184 1068
184 1119
184 1120
184 1121
184 1122
184 1123
184 1124
184 1125
184 1126
184 1127
184 1128
184 1129
184 1130
185 333
185 347
185 348
185 349
185 350
185 362
185 484
185 526
185 539
185 545
185 575
185 604
185 612
185 616
185 642
185 682
185 685
185 688
185 691
185 694
185 719
185 720
185 757
185 759
185 812
185 816
185 827
185 829
185 852
185 883
185 890
185 1029
185 1068
186 333
186 345
186 346
186 362
186 483
186 526
186 538
186 539
186 545
186 575
186 592
186 593
186 594
186 595
186 602
186 603
186 604
186 612
186 614
186 615
186 616
186 691
186 694
186 718
186 719
186 757
186 783
186 812
186 816
186 827
186 829
186 852
186 1029
186 1068
187 333
187 344
187 345
187 362
187 379
187 380
187 381
187 382
187 383
187 384
187 483
187 529
187 530
187 537
187 544
187 576
187 591
187 596
187 601
187 604
187 613
187 616
187 718
187 758
187 783
187 812
187 816
187 819
187 827
187 829
187 852
187 1029
187 1068
188 333
188 344
188 362
188 377
188 378
188 385
188 386
188 387
188 388
188 389
188 390
188 391
188 392
188 393
188 394
188 395
188 396
188 397
188 398
188 399
188 400
188 401
188 402
188 482
188 528
188 531
188 532
188 537
188 544
188 577
188 582
188 583
188 590
188 596
188 601
188 604
188 612
188 616
188 717
188 759
188 760
188 761
188 812
188 816
188 819
188 827
188 829
188 852
188 1029
188 1068
189 333
189 343
189 362
189 375
189 376
189 403
189 404
189 405
189 406
189 407
189 408
189 409
189 410
189 411
189 412
189 413
189 482
189 527
189 532
189 533
189 538
189 539
189 543
189 575
189 577
189 581
189 590
189 596
189 601
189 604
189 612
189 616
189 717
189 761
189 812
189 816
189 819
189 827
189 829
189 852
189 1029
189 1068
190 333
190 343
190 363
190 373
190 374
190 414
190 415
190 482
190 528
190 543
190 577
190 582
190 583
190 590
190 596
190 602
190 604
190 612
190 616
190 716
190 762
190 819
190 827
190 829
190 852
190 1029
190 1068
191 333
191 342
191 363
191 370
191 371
191 372
191 415
191 416
191 481
191 528
191 532
191 533
191 538
191 539
191 540
191 541
191 542
191 543
191 576
191 577
191 590
191 596
191 602
191 603
191 612
191 616
191 716
191 762
191 829
191 852
191 1029
191 1068
192 333
192 342
192 363
192 368
192 369
192 416
192 417
192 474
192 475
192 476
192 477
192 478
192 481
192 530
192 531
192 534
192 535
192 536
192 537
192 576
192 590
192 596
192 716
192 828
192 852
192 1029
192 1068
193 333
193 342
193 363
193 366
193 367
193 418
193 419
193 473
193 480
193 529
193 530
193 543
193 716
193 828
193 830
193 852
193 1029
193 1068
194 333
194 342
194 363
194 365
194 366
194 419
194 420
194 472
194 480
194 529
194 543
194 828
194 830
194 852
194 1029
194 1068
195 333
195 339
195 340
195 364
195 365
195 420
195 421
195 472
195 479
195 529
195 543
195 715
195 716
195 761
195 828
195 830
195 852
195 1029
195 1068
196 331
196 332
196 333
196 334
196 335
196 336
196 337
196 338
196 341
196 363
196 364
196 421
196 422
196 423
196 424
196 425
196 426
196 427
196 428
196 472
196 479
196 529
196 543
196 716
196 761
196 828
196 830
196 852
196 1029
196 1068
197 327
197 328
197 329
197 330
197 341
197 342
197 362
197 363
197 429
197 473
197 479
197 529
197 542
197 717
197 761
197 828
197 830
197 852
197 1029
197 1068
198 311
198 312
198 313
198 314
198 315
198 316
198 317
198 318
198 319
198 320
198 321
198 322
198 325
198 326
198 342
198 361
198 362
198 430
198 473
198 479
198 529
198 542
198 717
198 761
198 828
198 830
198 852
198 1029
198 1068
199 130
199 131
199 132
199 133
199 134
199 135
199 136
199 137
199 138
199 139
199 140
199 141
199 142
199 143
199 144
199 309
199 310
199 323
199 324
199 325
199 360
199 361
199 430
199 473
199 479
199 529
199 542
199 717
199 761
199 830
199 852
199 1029
199 1068
200 100
200 101
200 102
200 103
200 104
200 105
200 106
200 107
200 108
200 109
200 110
200 111
200 112
200 113
200 114
200 115
200 116
200 117
200 118
200 119
200 120
200 121
200 122
200 123
200 124
200 125
200 126
200 127
200 128
200 129
200 145
200 146
200 147
200 308
200 309
200 324
200 359
200 360
200 431
200 472
200 479
200 529
200 542
200 717
200 761
200 830
200 1029
200 1068
201 82
201 83
201 84
201 85
201 86
201 87
201 88
201 89
201 90
201 91
201 92
201 93
201 94
201 95
201 96
201 97
201 98
201 99
201 148
201 149
201 308
201 324
201 354
201 355
201 357
201 358
201 431
201 471
201 473
201 478
201 528
201 717
201 830
201 1029
201 1068
202 75
202 76
202 77
202 78
202 79
202 80
202 81
202 150
202 151
202 152
202 307
202 324
202 355
202 356
202 357
202 432
202 473
202 478
202 1029
202 1068
203 66
203 67
203 68
203 69
203 70
203 71
203 72
203 73
203 74
203 153
203 154
203 155
203 307
203 324
203 355
203 432
203 473
203 478
203 1029
203 1068
204 62
204 63
204 64
204 65
204 156
204 157
204 158
204 306
204 324
204 353
204 354
204 432
204 473
204 479
204 1029
204 1068
205 60
205 61
205 159
205 160
205 324
205 351
205 352
205 434
205 473
205 480
205 1029
205 1068
206 58
206 59
206 161
206 162
206 163
206 306
206 307
206 349
206 350
206 433
206 1029
206 1068
207 56
207 57
207 164
207 165
207 166
207 305
207 347
207 348
207 432
207 1029
207 1068
208 54
208 55
208 167
208 168
208 169
208 306
208 345
208 346
208 432
208 1029
208 1068
209 52
209 53
209 170
209 171
209 344
209 345
209 432
209 1029
209 1068
210 50
210 51
210 172
210 173
210 174
210 175
210 176
210 177
210 178
210 179
210 180
210 181
210 182
210 183
210 184
210 185
210 186
210 187
210 188
210 189
210 190
210 191
210 192
210 193
210 343
210 344
210 432
210 1029
210 1068
211 48
211 49
211 194
211 342
211 343
211 432
211 1029
211 1068
212 46
212 47
212 194
212 342
212 432
212 1029
212 1068
213 45
213 194
213 341
213 1029
213 1068
214 44
214 194
214 341
214 1029
214 1068
215 42
215 43
215 194
215 341
215 1029
215 1068
216 40
216 41
216 195
216 340
216 1029
216 1068
217 38
217 39
217 195
217 340
217 1029
217 1068
218 36
218 37
218 195
218 340
218 1029
218 1069
219 33
219 34
219 35
219 195
219 339
219 1029
219 1069
220 31
220 32
220 195
220 339
220 1029
220 1069
221 29
221 30
221 195
221 339
221 1029
221 1069
222 27
222 28
222 195
222 339
222 1029
222 1069
223 25
223 26
223 195
223 339
223 1029
223 1069
224 23
224 24
224 196
224 339
224 1029
224 1069
225 20
225 21
225 22
225 198
225 339
225 1069
226 15
226 16
226 17
226 18
226 19
226 197
226 1069
227 10
227 11
227 12
227 13
227 14
227 196
227 1069
228 5
228 6
228 7
228 8
228 9
228 197
228 1069
229 0
229 1
229 2
229 3
229 4
229 198
229 199
229 1069
230 199
230 1069
231 199
231 1069
232 199
233 199
234 199
235 199
