0 119
0 127
0 328
0 379
0 426
0 565
0 587
0 677
0 685
0 705
0 1239
0 1248
1 119
1 127
1 328
1 379
1 426
1 565
1 588
1 590
1 591
1 592
1 593
1 594
1 595
1 596
1 597
1 598
1 599
1 600
1 601
1 602
1 603
1 604
1 605
1 606
1 607
1 608
1 609
1 610
1 611
1 662
1 663
1 664
1 665
1 666
1 667
1 668
1 669
1 670
1 671
1 672
1 673
1 674
1 675
1 676
1 677
1 685
1 705
1 1239
1 1248
2 119
2 127
2 328
2 379
2 425
2 426
2 565
2 588
2 589
2 612
2 613
2 614
2 615
2 616
2 617
2 618
2 619
2 620
2 621
2 622
2 623
2 624
2 625
2 626
2 627
2 628
2 629
2 630
2 631
2 632
2 633
2 634
2 635
2 636
2 637
2 638
2 639
2 640
2 641
2 642
2 643
2 644
2 645
2 646
2 647
2 648
2 649
2 650
2 651
2 652
2 653
2 654
2 655
2 656
2 657
2 658
2 659
2 660
2 661
2 685
2 705
2 1239
2 1248
3 119
3 127
3 328
3 380
3 424
3 425
3 565
3 588
3 678
3 679
3 680
3 681
3 682
3 683
3 684
3 685
3 686
3 687
3 688
3 689
3 690
3 691
3 704
3 1239
3 1248
4 119
4 127
4 328
4 380
4 423
4 424
4 565
4 588
4 665
4 666
4 667
4 668
4 669
4 670
4 671
4 672
4 673
4 674
4 675
4 676
4 677
4 692
4 693
4 704
4 1239
4 1248
5 119
5 127
5 328
5 421
5 422
5 566
5 589
5 590
5 591
5 592
5 593
5 594
5 659
5 660
5 661
5 662
5 663
5 664
5 693
5 694
5 695
5 696
5 697
5 698
5 699
5 700
5 701
5 702
5 703
5 704
5 1239
5 1248
6 119
6 127
6 328
6 380
6 382
6 420
6 421
6 566
6 567
6 588
6 589
6 595
6 596
6 597
6 598
6 599
6 600
6 601
6 602
6 603
6 604
6 605
6 606
6 607
6 608
6 609
6 610
6 653
6 654
6 655
6 656
6 657
6 658
6 1239
6 1248
7 119
7 127
7 328
7 380
7 383
7 419
7 420
7 567
7 568
7 581
7 582
7 583
7 584
7 585
7 586
7 587
7 611
7 612
7 613
7 614
7 615
7 616
7 617
7 618
7 619
7 620
7 648
7 649
7 650
7 651
7 652
7 1239
7 1248
8 119
8 127
8 328
8 381
8 383
8 384
8 418
8 419
8 569
8 570
8 571
8 572
8 573
8 574
8 575
8 576
8 577
8 578
8 579
8 580
8 621
8 622
8 623
8 624
8 625
8 646
8 647
8 1239
8 1248
9 119
9 127
9 328
9 381
9 384
9 385
9 417
9 418
9 626
9 627
9 628
9 629
9 644
9 645
9 1239
9 1248
10 119
10 127
10 328
10 381
10 385
10 386
10 416
10 417
10 630
10 631
10 641
10 642
10 643
10 1239
10 1248
11 119
11 127
11 328
11 381
11 386
11 387
11 415
11 632
11 639
11 640
11 1239
11 1248
12 119
12 127
12 328
12 381
12 387
12 414
12 632
12 639
12 1239
12 1248
13 119
13 127
13 328
13 381
13 388
13 412
13 414
13 632
13 638
13 1239
13 1248
14 119
14 127
14 328
14 381
14 388
14 389
14 411
14 412
14 414
14 632
14 638
14 1239
14 1248
15 119
15 127
15 328
15 381
15 389
15 390
15 410
15 411
15 414
15 632
15 638
15 1239
15 1248
16 119
16 127
16 328
16 381
16 390
16 391
16 408
16 409
16 414
16 632
16 638
16 1239
16 1248
17 119
17 127
17 328
17 381
17 391
17 392
17 407
17 408
17 414
17 632
17 638
17 1027
17 1239
17 1248
18 119
18 127
18 328
18 381
18 392
18 393
18 406
18 407
18 414
18 632
18 638
18 1025
18 1026
18 1028
18 1029
18 1239
18 1248
19 119
19 127
19 328
19 381
19 393
19 394
19 405
19 406
19 414
19 632
19 638
19 1024
19 1025
19 1030
19 1239
19 1248
20 119
20 127
20 328
20 382
20 394
20 403
20 404
20 414
20 632
20 638
20 1023
20 1024
20 1030
20 1239
20 1248
21 119
21 127
21 328
21 382
21 383
21 384
21 394
21 402
21 403
21 414
21 632
21 638
21 1022
21 1023
21 1030
21 1239
21 1248
22 119
22 127
22 328
22 381
22 385
22 386
22 394
22 395
22 400
22 401
22 414
22 632
22 638
22 1021
22 1022
22 1030
22 1239
22 1248
23 119
23 127
23 328
23 381
23 387
23 388
23 394
23 397
23 399
23 400
23 414
23 632
23 638
23 1020
23 1021
23 1030
23 1239
23 1248
24 119
24 127
24 328
24 380
24 389
24 390
24 394
24 397
24 398
24 399
24 414
24 632
24 638
24 1019
24 1020
24 1030
24 1239
24 1248
25 119
25 127
25 328
25 380
25 391
25 392
25 394
25 414
25 632
25 638
25 1018
25 1019
25 1030
25 1239
25 1248
26 119
26 127
26 328
26 380
26 394
26 395
26 414
26 632
26 638
26 1017
26 1018
26 1030
26 1239
26 1248
27 119
27 127
27 328
27 380
27 395
27 396
27 414
27 632
27 638
27 1016
27 1017
27 1030
27 1239
27 1248
28 119
28 127
28 328
28 380
28 397
28 398
28 414
28 632
28 638
28 1015
28 1016
28 1030
28 1239
28 1248
29 118
29 127
29 328
29 380
29 399
29 400
29 414
29 632
29 638
29 1014
29 1015
29 1030
29 1239
29 1248
30 118
30 127
30 328
30 379
30 401
30 414
30 632
30 638
30 1013
30 1014
30 1030
30 1239
30 1248
31 118
31 126
31 328
31 379
31 401
31 414
31 632
31 638
31 1012
31 1013
31 1030
31 1239
31 1248
32 118
32 126
32 328
32 379
32 401
32 414
32 632
32 638
32 1011
32 1012
32 1030
32 1239
32 1248
33 118
33 126
33 328
33 379
33 401
33 414
33 632
33 638
33 1009
33 1010
33 1030
33 1077
33 1078
33 1079
33 1080
33 1081
33 1238
33 1248
34 118
34 126
34 328
34 379
34 401
34 414
34 632
34 638
34 1009
34 1030
34 1066
34 1067
34 1074
34 1075
34 1076
34 1082
34 1083
34 1238
34 1248
35 118
35 126
35 328
35 379
35 401
35 414
35 632
35 638
35 1008
35 1030
35 1064
35 1065
35 1068
35 1069
35 1070
35 1071
35 1072
35 1073
35 1083
35 1238
35 1248
36 118
36 126
36 321
36 322
36 323
36 328
36 378
36 401
36 414
36 632
36 638
36 1008
36 1030
36 1063
36 1064
36 1084
36 1238
36 1248
37 118
37 126
37 319
37 320
37 324
37 325
37 326
37 327
37 328
37 401
37 414
37 632
37 638
37 1008
37 1030
37 1063
37 1084
37 1238
37 1248
38 118
38 126
38 318
38 319
38 378
38 379
38 380
38 381
38 401
38 414
38 632
38 638
38 1008
38 1030
38 1063
38 1084
38 1238
38 1248
39 118
39 126
39 316
39 317
39 377
39 378
39 382
39 383
39 401
39 414
39 632
39 638
39 1008
39 1030
39 1063
39 1084
39 1238
39 1248
40 118
40 126
40 316
40 376
40 377
40 384
40 385
40 401
40 414
40 632
40 638
40 1008
40 1019
40 1030
40 1060
40 1061
40 1062
40 1063
40 1086
40 1087
40 1238
40 1248
41 118
41 126
41 315
41 376
41 386
41 387
41 401
41 414
41 631
41 638
41 1008
41 1015
41 1016
41 1017
41 1018
41 1020
41 1030
41 1058
41 1059
41 1087
41 1088
41 1238
41 1248
42 118
42 126
42 315
42 375
42 388
42 401
42 414
42 631
42 638
42 1008
42 1014
42 1020
42 1029
42 1057
42 1088
42 1238
42 1248
43 118
43 126
43 315
43 375
43 389
43 401
43 414
43 631
43 638
43 1008
43 1011
43 1012
43 1013
43 1020
43 1029
43 1056
43 1088
43 1238
43 1248
44 118
44 126
44 309
44 310
44 311
44 312
44 313
44 314
44 315
44 376
44 377
44 390
44 391
44 401
44 414
44 631
44 638
44 1008
44 1020
44 1029
44 1052
44 1053
44 1054
44 1055
44 1056
44 1088
44 1238
44 1248
45 118
45 126
45 307
45 308
45 378
45 379
45 392
45 393
45 401
45 414
45 631
45 637
45 1008
45 1010
45 1020
45 1029
45 1050
45 1051
45 1088
45 1238
45 1248
46 118
46 126
46 303
46 304
46 305
46 306
46 380
46 381
46 394
46 401
46 414
46 631
46 637
46 1008
46 1010
46 1020
46 1029
46 1048
46 1049
46 1087
46 1088
46 1238
46 1248
47 118
47 126
47 301
47 302
47 382
47 383
47 395
47 397
47 401
47 414
47 631
47 637
47 1008
47 1010
47 1020
47 1029
47 1048
47 1086
47 1087
47 1238
47 1248
48 118
48 126
48 299
48 300
48 384
48 385
48 386
48 387
48 388
48 389
48 394
48 398
48 399
48 414
48 631
48 637
48 1008
48 1010
48 1020
48 1029
48 1047
48 1085
48 1086
48 1238
48 1248
49 118
49 126
49 298
49 299
49 390
49 391
49 392
49 393
49 394
49 400
49 414
49 631
49 637
49 1008
49 1010
49 1020
49 1029
49 1048
49 1085
49 1238
49 1248
50 118
50 126
50 298
50 396
50 397
50 414
50 631
50 637
50 1008
50 1010
50 1020
50 1029
50 1048
50 1086
50 1087
50 1238
50 1248
51 118
51 126
51 297
51 397
51 398
51 414
51 631
51 637
51 1008
51 1010
51 1020
51 1029
51 1048
51 1087
51 1088
51 1238
51 1248
52 118
52 126
52 297
52 398
52 399
52 414
52 631
52 637
52 1008
52 1010
52 1020
52 1029
52 1044
52 1045
52 1046
52 1047
52 1088
52 1089
52 1238
52 1248
53 118
53 126
53 296
53 399
53 400
53 414
53 631
53 637
53 872
53 1008
53 1010
53 1020
53 1029
53 1042
53 1043
53 1089
53 1090
53 1238
53 1248
54 118
54 126
54 297
54 400
54 414
54 631
54 637
54 870
54 871
54 873
54 1008
54 1010
54 1020
54 1029
54 1041
54 1042
54 1090
54 1091
54 1092
54 1093
54 1238
54 1248
55 118
55 126
55 297
55 298
55 400
55 414
55 631
55 637
55 868
55 869
55 874
55 1008
55 1010
55 1020
55 1029
55 1040
55 1041
55 1094
55 1095
55 1238
55 1248
56 118
56 126
56 299
56 300
56 400
56 414
56 631
56 637
56 867
56 868
56 874
56 1008
56 1010
56 1020
56 1029
56 1040
56 1096
56 1238
56 1248
57 118
57 126
57 301
57 302
57 303
57 400
57 414
57 631
57 637
57 866
57 867
57 874
57 1008
57 1010
57 1020
57 1029
57 1039
57 1097
57 1098
57 1099
57 1100
57 1101
57 1102
57 1103
57 1104
57 1238
57 1248
58 118
58 126
58 304
58 305
58 400
58 414
58 631
58 637
58 866
58 874
58 1008
58 1010
58 1020
58 1029
58 1040
58 1105
58 1106
58 1238
58 1248
59 118
59 126
59 306
59 307
59 400
59 414
59 631
59 637
59 865
59 874
59 993
59 994
59 995
59 1008
59 1010
59 1020
59 1029
59 1041
59 1042
59 1107
59 1108
59 1238
59 1248
60 116
60 117
60 118
60 126
60 307
60 308
60 400
60 414
60 631
60 637
60 865
60 875
60 992
60 993
60 996
60 997
60 1008
60 1010
60 1020
60 1029
60 1108
60 1109
60 1238
60 1248
61 114
61 115
61 118
61 126
61 148
61 149
61 150
61 309
61 310
61 400
61 414
61 631
61 637
61 864
61 876
61 991
61 992
61 998
61 999
61 1008
61 1010
61 1020
61 1029
61 1040
61 1041
61 1109
61 1110
61 1238
61 1248
62 112
62 113
62 118
62 126
62 144
62 145
62 146
62 147
62 151
62 399
62 414
62 631
62 637
62 864
62 877
62 991
62 999
62 1000
62 1008
62 1010
62 1020
62 1029
62 1038
62 1039
62 1110
62 1238
62 1248
63 110
63 111
63 118
63 127
63 142
63 143
63 152
63 302
63 303
63 304
63 305
63 306
63 307
63 308
63 309
63 310
63 311
63 398
63 399
63 414
63 631
63 637
63 864
63 878
63 879
63 991
63 1001
63 1002
63 1008
63 1010
63 1020
63 1029
63 1037
63 1038
63 1110
63 1238
63 1248
64 8
64 9
64 10
64 108
64 109
64 118
64 127
64 140
64 141
64 152
64 285
64 286
64 287
64 288
64 289
64 290
64 291
64 292
64 293
64 294
64 295
64 296
64 297
64 298
64 299
64 300
64 301
64 312
64 313
64 314
64 315
64 397
64 398
64 414
64 631
64 637
64 865
64 880
64 881
64 992
64 1002
64 1003
64 1008
64 1010
64 1020
64 1029
64 1037
64 1110
64 1238
64 1248
65 6
65 7
65 11
65 12
65 106
65 107
65 118
65 127
65 129
65 139
65 140
65 153
65 276
65 277
65 278
65 279
65 280
65 281
65 282
65 283
65 284
65 315
65 395
65 396
65 414
65 631
65 637
65 865
65 881
65 882
65 989
65 990
65 992
65 993
65 1004
65 1005
65 1008
65 1010
65 1020
65 1029
65 1036
65 1110
65 1111
65 1238
65 1248
66 4
66 5
66 12
66 105
66 106
66 118
66 126
66 130
66 131
66 138
66 139
66 153
66 275
66 316
66 390
66 391
66 392
66 393
66 414
66 631
66 637
66 866
66 882
66 883
66 987
66 988
66 994
66 995
66 996
66 1006
66 1007
66 1010
66 1020
66 1030
66 1032
66 1033
66 1034
66 1035
66 1036
66 1112
66 1113
66 1238
66 1248
67 0
67 1
67 2
67 3
67 13
67 105
67 118
67 126
67 131
67 132
67 136
67 137
67 154
67 274
67 316
67 387
67 388
67 389
67 393
67 414
67 631
67 637
67 866
67 883
67 985
67 986
67 997
67 998
67 1007
67 1010
67 1020
67 1030
67 1113
67 1114
67 1238
67 1248
68 13
68 27
68 28
68 104
68 118
68 126
68 133
68 134
68 135
68 136
68 154
68 274
68 317
68 385
68 386
68 393
68 414
68 631
68 637
68 867
68 883
68 983
68 984
68 999
68 1000
68 1001
68 1020
68 1029
68 1114
68 1115
68 1238
68 1248
69 14
69 25
69 26
69 29
69 104
69 118
69 126
69 155
69 274
69 317
69 384
69 393
69 414
69 631
69 637
69 867
69 883
69 983
69 1002
69 1003
69 1005
69 1006
69 1007
69 1020
69 1029
69 1115
69 1238
69 1248
70 14
70 15
70 24
70 25
70 29
70 103
70 104
70 118
70 126
70 156
70 157
70 158
70 159
70 160
70 161
70 274
70 317
70 383
70 393
70 414
70 631
70 637
70 865
70 883
70 982
70 1003
70 1004
70 1008
70 1010
70 1020
70 1029
70 1116
70 1238
70 1248
71 15
71 16
71 24
71 30
71 102
71 103
71 118
71 126
71 162
71 163
71 274
71 317
71 383
71 393
71 414
71 631
71 637
71 862
71 863
71 864
71 866
71 883
71 982
71 1003
71 1008
71 1010
71 1020
71 1029
71 1116
71 1117
71 1118
71 1238
71 1248
72 17
72 18
72 23
72 30
72 100
72 101
72 118
72 126
72 163
72 164
72 274
72 317
72 383
72 393
72 414
72 631
72 637
72 851
72 852
72 853
72 857
72 861
72 883
72 983
72 1003
72 1008
72 1010
72 1020
72 1029
72 1119
72 1120
72 1238
72 1248
73 19
73 20
73 21
73 22
73 30
73 100
73 118
73 126
73 164
73 274
73 317
73 383
73 393
73 414
73 631
73 637
73 841
73 842
73 843
73 850
73 851
73 853
73 854
73 855
73 856
73 858
73 859
73 860
73 884
73 983
73 984
73 1003
73 1008
73 1010
73 1020
73 1029
73 1120
73 1121
73 1238
73 1248
74 30
74 99
74 118
74 126
74 164
74 274
74 307
74 308
74 309
74 310
74 311
74 312
74 313
74 314
74 315
74 316
74 317
74 383
74 393
74 414
74 631
74 637
74 839
74 840
74 844
74 845
74 849
74 850
74 884
74 898
74 984
74 1003
74 1008
74 1010
74 1020
74 1029
74 1121
74 1238
74 1248
75 30
75 41
75 42
75 43
75 44
75 45
75 46
75 47
75 48
75 100
75 118
75 126
75 164
75 274
75 301
75 302
75 303
75 304
75 305
75 306
75 383
75 393
75 414
75 470
75 471
75 472
75 473
75 631
75 637
75 838
75 839
75 845
75 846
75 847
75 848
75 884
75 896
75 897
75 899
75 900
75 984
75 1003
75 1008
75 1010
75 1020
75 1029
75 1121
75 1238
75 1248
76 30
76 31
76 32
76 33
76 34
76 35
76 36
76 37
76 38
76 39
76 40
76 49
76 50
76 51
76 52
76 53
76 54
76 100
76 118
76 126
76 164
76 274
76 300
76 384
76 393
76 414
76 469
76 474
76 475
76 476
76 477
76 631
76 637
76 837
76 838
76 884
76 894
76 895
76 900
76 901
76 984
76 1003
76 1008
76 1020
76 1029
76 1121
76 1238
76 1248
77 55
77 56
77 101
77 118
77 126
77 163
77 274
77 299
77 384
77 385
77 386
77 387
77 388
77 389
77 390
77 391
77 392
77 395
77 396
77 414
77 468
77 478
77 631
77 637
77 837
77 884
77 888
77 889
77 890
77 891
77 892
77 893
77 901
77 902
77 984
77 1003
77 1007
77 1020
77 1029
77 1121
77 1238
77 1248
77 1265
77 1266
77 1267
77 1268
77 1269
77 1270
77 1271
77 1272
77 1273
77 1274
77 1275
77 1276
77 1277
77 1278
77 1279
78 57
78 58
78 102
78 118
78 126
78 163
78 274
78 299
78 396
78 397
78 414
78 468
78 478
78 631
78 637
78 836
78 885
78 886
78 887
78 902
78 984
78 1003
78 1007
78 1009
78 1020
78 1029
78 1122
78 1238
78 1249
78 1250
78 1251
78 1252
78 1253
78 1254
78 1255
78 1256
78 1257
78 1258
78 1259
78 1260
78 1261
78 1262
78 1263
78 1264
79 59
79 60
79 103
79 118
79 126
79 163
79 274
79 299
79 397
79 398
79 414
79 468
79 478
79 631
79 637
79 836
79 902
79 984
79 1003
79 1007
79 1009
79 1020
79 1029
79 1122
79 1123
79 1238
79 1249
80 61
80 62
80 71
80 72
80 94
80 95
80 103
80 104
80 118
80 126
80 164
80 165
80 274
80 298
80 398
80 414
80 468
80 478
80 631
80 637
80 836
80 902
80 984
80 1003
80 1007
80 1009
80 1020
80 1029
80 1123
80 1238
80 1248
81 63
81 64
81 65
81 66
81 67
81 68
81 69
81 70
81 73
81 74
81 92
81 93
81 104
81 105
81 118
81 126
81 166
81 167
81 168
81 169
81 170
81 171
81 172
81 274
81 298
81 398
81 414
81 468
81 478
81 631
81 637
81 835
81 902
81 984
81 1003
81 1007
81 1009
81 1020
81 1029
81 1124
81 1238
81 1248
82 75
82 76
82 86
82 87
82 88
82 91
82 92
82 95
82 105
82 106
82 118
82 126
82 173
82 174
82 175
82 274
82 298
82 398
82 414
82 468
82 478
82 631
82 637
82 835
82 902
82 974
82 975
82 976
82 977
82 978
82 983
82 984
82 1003
82 1007
82 1009
82 1020
82 1029
82 1124
82 1125
82 1126
82 1238
82 1248
83 76
83 84
83 85
83 89
83 90
83 95
83 107
83 118
83 126
83 176
83 177
83 178
83 179
83 274
83 298
83 398
83 414
83 468
83 478
83 575
83 576
83 577
83 578
83 579
83 580
83 581
83 582
83 631
83 637
83 831
83 832
83 833
83 834
83 835
83 902
83 972
83 973
83 979
83 980
83 981
83 982
83 983
83 1003
83 1007
83 1009
83 1020
83 1029
83 1127
83 1128
83 1238
83 1248
84 77
84 78
84 80
84 82
84 83
84 89
84 95
84 108
84 117
84 126
84 180
84 181
84 274
84 297
84 398
84 414
84 444
84 445
84 446
84 447
84 448
84 449
84 450
84 451
84 452
84 453
84 454
84 455
84 456
84 457
84 458
84 459
84 460
84 461
84 462
84 463
84 464
84 465
84 466
84 467
84 478
84 574
84 583
84 584
84 585
84 586
84 587
84 588
84 589
84 590
84 591
84 631
84 637
84 643
84 644
84 645
84 646
84 647
84 648
84 649
84 829
84 830
84 903
84 971
84 972
84 1003
84 1007
84 1009
84 1020
84 1029
84 1129
84 1130
84 1238
84 1248
85 79
85 81
85 88
85 95
85 108
85 117
85 126
85 182
85 244
85 245
85 274
85 297
85 398
85 414
85 443
85 468
85 478
85 573
85 592
85 631
85 637
85 642
85 650
85 828
85 903
85 958
85 959
85 971
85 1003
85 1007
85 1009
85 1020
85 1029
85 1131
85 1238
85 1248
86 79
86 81
86 88
86 95
86 108
86 117
86 126
86 182
86 243
86 246
86 247
86 248
86 249
86 250
86 251
86 252
86 253
86 274
86 298
86 398
86 416
86 417
86 418
86 419
86 420
86 421
86 422
86 423
86 424
86 425
86 426
86 427
86 428
86 429
86 430
86 431
86 432
86 433
86 434
86 435
86 436
86 437
86 438
86 439
86 440
86 441
86 442
86 468
86 478
86 573
86 592
86 594
86 595
86 596
86 597
86 598
86 599
86 600
86 601
86 602
86 603
86 604
86 605
86 606
86 607
86 608
86 609
86 610
86 611
86 612
86 613
86 614
86 615
86 616
86 617
86 618
86 619
86 620
86 621
86 622
86 623
86 624
86 625
86 626
86 627
86 628
86 629
86 630
86 631
86 638
86 639
86 640
86 641
86 651
86 652
86 653
86 654
86 655
86 656
86 657
86 827
86 903
86 957
86 960
86 970
86 1003
86 1007
86 1009
86 1020
86 1029
86 1132
86 1238
86 1248
87 88
87 95
87 102
87 103
87 104
87 105
87 106
87 107
87 108
87 117
87 126
87 182
87 241
87 242
87 254
87 255
87 274
87 299
87 300
87 398
87 415
87 468
87 478
87 572
87 591
87 641
87 658
87 826
87 827
87 904
87 957
87 961
87 962
87 970
87 1003
87 1007
87 1009
87 1020
87 1029
87 1132
87 1133
87 1238
87 1248
88 88
88 96
88 97
88 98
88 99
88 100
88 101
88 117
88 126
88 183
88 187
88 188
88 189
88 190
88 240
88 241
88 256
88 257
88 274
88 301
88 302
88 303
88 398
88 414
88 468
88 478
88 571
88 590
88 641
88 659
88 826
88 904
88 956
88 962
88 963
88 970
88 1003
88 1007
88 1009
88 1020
88 1028
88 1133
88 1238
88 1248
89 88
89 96
89 117
89 125
89 183
89 184
89 185
89 186
89 187
89 191
89 192
89 214
89 215
89 216
89 217
89 239
89 240
89 258
89 274
89 304
89 305
89 397
89 398
89 414
89 458
89 459
89 460
89 461
89 462
89 463
89 464
89 465
89 466
89 468
89 478
89 572
89 573
89 574
89 575
89 576
89 590
89 641
89 659
89 821
89 822
89 825
89 905
89 956
89 963
89 964
89 970
89 1003
89 1007
89 1009
89 1020
89 1028
89 1133
89 1238
89 1248
90 88
90 95
90 117
90 125
90 192
90 211
90 212
90 213
90 218
90 219
90 237
90 238
90 258
90 274
90 306
90 307
90 395
90 396
90 414
90 429
90 430
90 431
90 432
90 433
90 434
90 435
90 436
90 437
90 438
90 439
90 440
90 441
90 442
90 443
90 444
90 445
90 446
90 447
90 448
90 449
90 450
90 451
90 452
90 453
90 454
90 455
90 456
90 457
90 467
90 478
90 577
90 578
90 579
90 580
90 581
90 582
90 583
90 584
90 585
90 586
90 587
90 588
90 589
90 590
90 591
90 592
90 593
90 594
90 641
90 652
90 653
90 654
90 655
90 656
90 657
90 658
90 659
90 819
90 820
90 823
90 824
90 825
90 905
90 955
90 964
90 965
90 970
90 1003
90 1007
90 1009
90 1020
90 1028
90 1133
90 1238
90 1248
91 88
91 95
91 117
91 125
91 193
91 209
91 210
91 219
91 220
91 236
91 237
91 259
91 274
91 308
91 309
91 310
91 311
91 395
91 415
91 416
91 417
91 418
91 419
91 420
91 421
91 422
91 423
91 424
91 425
91 426
91 427
91 428
91 467
91 478
91 595
91 596
91 597
91 598
91 599
91 600
91 601
91 602
91 639
91 640
91 641
91 642
91 643
91 644
91 645
91 646
91 647
91 648
91 649
91 650
91 651
91 818
91 819
91 905
91 955
91 965
91 966
91 970
91 1003
91 1007
91 1009
91 1020
91 1028
91 1132
91 1238
91 1249
91 1250
91 1251
91 1252
91 1253
91 1254
91 1255
91 1259
91 1260
91 1261
91 1262
91 1263
91 1264
91 1265
91 1266
91 1267
91 1268
91 1269
91 1270
91 1271
91 1272
91 1273
91 1274
91 1275
91 1276
91 1277
91 1278
91 1279
92 88
92 95
92 117
92 125
92 193
92 194
92 209
92 220
92 235
92 259
92 274
92 312
92 390
92 391
92 392
92 393
92 467
92 478
92 603
92 604
92 605
92 606
92 607
92 608
92 609
92 610
92 611
92 624
92 625
92 626
92 627
92 628
92 629
92 630
92 638
92 818
92 905
92 920
92 921
92 922
92 954
92 967
92 968
92 969
92 970
92 1003
92 1007
92 1009
92 1020
92 1028
92 1131
92 1132
92 1238
92 1249
92 1257
92 1258
93 88
93 95
93 117
93 125
93 194
93 195
93 208
93 220
93 234
93 260
93 274
93 314
93 315
93 387
93 388
93 389
93 393
93 414
93 467
93 478
93 612
93 613
93 619
93 620
93 621
93 622
93 623
93 631
93 637
93 818
93 906
93 919
93 920
93 923
93 924
93 954
93 1003
93 1007
93 1009
93 1020
93 1028
93 1128
93 1129
93 1130
93 1238
93 1248
93 1255
93 1256
94 88
94 95
94 117
94 125
94 195
94 196
94 208
94 220
94 233
94 234
94 260
94 274
94 315
94 384
94 385
94 386
94 393
94 414
94 467
94 478
94 614
94 618
94 631
94 637
94 818
94 907
94 908
94 909
94 917
94 918
94 919
94 924
94 925
94 954
94 1003
94 1007
94 1009
94 1020
94 1028
94 1126
94 1127
94 1238
94 1248
94 1254
94 1255
95 88
95 95
95 117
95 125
95 196
95 197
95 207
95 219
95 231
95 232
95 261
95 274
95 316
95 383
95 393
95 414
95 467
95 478
95 614
95 617
95 631
95 637
95 712
95 713
95 714
95 715
95 716
95 717
95 718
95 719
95 720
95 721
95 722
95 819
95 910
95 911
95 912
95 913
95 914
95 915
95 916
95 926
95 927
95 928
95 929
95 930
95 931
95 932
95 954
95 1003
95 1007
95 1009
95 1020
95 1028
95 1123
95 1124
95 1125
95 1237
95 1248
95 1252
95 1253
96 88
96 95
96 117
96 125
96 197
96 198
96 207
96 220
96 226
96 227
96 228
96 229
96 230
96 261
96 262
96 274
96 316
96 317
96 382
96 393
96 414
96 467
96 478
96 614
96 617
96 631
96 637
96 711
96 723
96 724
96 725
96 726
96 727
96 728
96 729
96 730
96 819
96 932
96 953
96 1003
96 1007
96 1009
96 1020
96 1028
96 1121
96 1122
96 1237
96 1248
96 1251
96 1252
97 88
97 95
97 117
97 125
97 199
97 200
97 207
97 220
97 224
97 225
97 262
97 274
97 317
97 318
97 382
97 393
97 414
97 467
97 478
97 614
97 617
97 631
97 637
97 708
97 709
97 710
97 731
97 732
97 819
97 933
97 934
97 935
97 953
97 1003
97 1007
97 1009
97 1020
97 1028
97 1121
97 1237
97 1249
97 1250
98 88
98 95
98 117
98 125
98 200
98 207
98 221
98 222
98 223
98 224
98 263
98 274
98 318
98 382
98 393
98 414
98 467
98 478
98 614
98 617
98 631
98 637
98 706
98 707
98 733
98 734
98 735
98 791
98 814
98 815
98 816
98 817
98 818
98 819
98 936
98 937
98 953
98 1003
98 1007
98 1009
98 1020
98 1028
98 1122
98 1123
98 1237
98 1249
99 88
99 95
99 117
99 125
99 201
99 206
99 263
99 264
99 274
99 319
99 382
99 393
99 414
99 467
99 478
99 614
99 617
99 631
99 637
99 700
99 701
99 702
99 703
99 704
99 705
99 736
99 737
99 738
99 789
99 790
99 792
99 793
99 797
99 798
99 799
99 813
99 814
99 937
99 952
99 1003
99 1007
99 1009
99 1020
99 1028
99 1123
99 1124
99 1237
99 1248
100 88
100 95
100 117
100 125
100 201
100 205
100 206
100 264
100 274
100 320
100 382
100 393
100 414
100 467
100 478
100 614
100 617
100 631
100 637
100 698
100 699
100 739
100 787
100 788
100 793
100 796
100 799
100 800
100 806
100 807
100 808
100 813
100 938
100 939
100 940
100 949
100 950
100 951
100 1003
100 1007
100 1009
100 1020
100 1028
100 1124
100 1125
100 1237
100 1248
101 88
101 95
101 117
101 125
101 202
101 203
101 204
101 264
101 273
101 320
101 382
101 393
101 414
101 467
101 478
101 614
101 617
101 631
101 637
101 698
101 740
101 787
101 793
101 796
101 801
101 802
101 803
101 804
101 805
101 809
101 810
101 941
101 942
101 943
101 944
101 945
101 946
101 947
101 948
101 1003
101 1007
101 1009
101 1020
101 1028
101 1125
101 1237
101 1248
102 88
102 95
102 117
102 125
102 264
102 273
102 320
102 326
102 327
102 382
102 393
102 414
102 467
102 478
102 614
102 617
102 631
102 637
102 698
102 740
102 741
102 786
102 794
102 796
102 811
102 813
102 1003
102 1007
102 1009
102 1020
102 1028
102 1125
102 1237
102 1248
102 1275
102 1276
102 1277
102 1278
102 1279
103 88
103 95
103 117
103 125
103 265
103 273
103 320
103 325
103 326
103 374
103 375
103 376
103 377
103 378
103 382
103 393
103 414
103 468
103 478
103 614
103 617
103 630
103 637
103 698
103 742
103 743
103 784
103 785
103 794
103 795
103 796
103 1003
103 1007
103 1009
103 1020
103 1028
103 1125
103 1237
103 1248
103 1270
103 1271
103 1272
103 1273
103 1274
104 88
104 95
104 117
104 125
104 265
104 273
104 320
104 321
104 322
104 323
104 324
104 327
104 374
104 379
104 380
104 381
104 382
104 393
104 414
104 469
104 470
104 471
104 472
104 473
104 474
104 475
104 476
104 477
104 614
104 617
104 630
104 637
104 698
104 743
104 744
104 778
104 779
104 780
104 781
104 784
104 1003
104 1007
104 1009
104 1020
104 1028
104 1124
104 1235
104 1236
104 1248
104 1266
104 1267
104 1268
104 1269
105 88
105 95
105 117
105 125
105 265
105 273
105 328
105 330
105 331
105 332
105 333
105 334
105 335
105 336
105 337
105 338
105 339
105 374
105 393
105 414
105 614
105 617
105 630
105 637
105 692
105 693
105 694
105 695
105 696
105 697
105 744
105 745
105 774
105 775
105 776
105 777
105 782
105 1003
105 1007
105 1009
105 1020
105 1028
105 1124
105 1233
105 1234
105 1248
105 1263
105 1264
105 1265
106 88
106 95
106 117
106 125
106 265
106 273
106 328
106 340
106 341
106 342
106 343
106 344
106 345
106 346
106 347
106 348
106 349
106 350
106 351
106 352
106 374
106 393
106 414
106 614
106 617
106 630
106 637
106 690
106 691
106 745
106 746
106 772
106 773
106 1003
106 1007
106 1009
106 1020
106 1028
106 1126
106 1127
106 1172
106 1173
106 1174
106 1175
106 1176
106 1177
106 1178
106 1179
106 1231
106 1232
106 1237
106 1248
106 1261
106 1262
107 88
107 95
107 117
107 125
107 266
107 267
107 268
107 269
107 273
107 328
107 353
107 364
107 365
107 368
107 369
107 370
107 371
107 372
107 373
107 374
107 393
107 414
107 614
107 617
107 630
107 637
107 688
107 689
107 746
107 747
107 771
107 1003
107 1007
107 1009
107 1020
107 1028
107 1125
107 1128
107 1129
107 1130
107 1131
107 1132
107 1133
107 1134
107 1135
107 1136
107 1137
107 1138
107 1139
107 1140
107 1141
107 1142
107 1143
107 1144
107 1145
107 1146
107 1147
107 1148
107 1149
107 1150
107 1151
107 1152
107 1153
107 1154
107 1155
107 1156
107 1170
107 1171
107 1180
107 1229
107 1230
107 1237
107 1248
107 1259
107 1260
108 88
108 95
108 117
108 125
108 270
108 271
108 272
108 273
108 328
108 353
108 367
108 393
108 414
108 614
108 617
108 630
108 637
108 687
108 688
108 747
108 770
108 1003
108 1007
108 1009
108 1020
108 1028
108 1125
108 1156
108 1157
108 1158
108 1159
108 1160
108 1161
108 1162
108 1163
108 1164
108 1165
108 1166
108 1167
108 1168
108 1169
108 1170
108 1181
108 1182
108 1183
108 1184
108 1185
108 1186
108 1187
108 1188
108 1189
108 1227
108 1228
108 1237
108 1248
108 1258
108 1259
109 88
109 95
109 117
109 125
109 273
109 328
109 353
109 366
109 393
109 414
109 614
109 617
109 630
109 637
109 686
109 687
109 748
109 771
109 1003
109 1007
109 1009
109 1020
109 1028
109 1125
109 1152
109 1153
109 1154
109 1155
109 1156
109 1190
109 1191
109 1192
109 1193
109 1194
109 1195
109 1196
109 1197
109 1198
109 1199
109 1200
109 1201
109 1202
109 1203
109 1204
109 1205
109 1206
109 1207
109 1208
109 1209
109 1210
109 1225
109 1226
109 1237
109 1248
109 1256
109 1257
110 88
110 95
110 117
110 125
110 273
110 328
110 353
110 366
110 393
110 414
110 614
110 617
110 630
110 636
110 684
110 685
110 748
110 771
110 1003
110 1007
110 1009
110 1020
110 1026
110 1027
110 1125
110 1145
110 1146
110 1147
110 1162
110 1163
110 1164
110 1165
110 1211
110 1212
110 1213
110 1214
110 1215
110 1216
110 1217
110 1218
110 1219
110 1220
110 1221
110 1222
110 1223
110 1224
110 1233
110 1234
110 1235
110 1236
110 1248
110 1255
110 1256
111 88
111 95
111 117
111 125
111 273
111 328
111 353
111 366
111 393
111 414
111 614
111 617
111 630
111 636
111 683
111 749
111 764
111 765
111 766
111 771
111 1003
111 1007
111 1009
111 1020
111 1024
111 1025
111 1124
111 1125
111 1143
111 1144
111 1166
111 1167
111 1229
111 1230
111 1231
111 1232
111 1237
111 1248
111 1255
112 88
112 95
112 117
112 125
112 273
112 328
112 353
112 366
112 393
112 414
112 614
112 617
112 630
112 636
112 682
112 749
112 763
112 767
112 768
112 769
112 770
112 771
112 1003
112 1007
112 1009
112 1021
112 1022
112 1023
112 1123
112 1124
112 1141
112 1142
112 1167
112 1168
112 1226
112 1227
112 1228
112 1237
112 1250
112 1251
112 1252
112 1253
112 1254
113 88
113 95
113 117
113 125
113 273
113 328
113 353
113 366
113 393
113 414
113 582
113 583
113 584
113 585
113 586
113 614
113 617
113 630
113 636
113 682
113 749
113 762
113 1003
113 1007
113 1009
113 1123
113 1139
113 1140
113 1169
113 1170
113 1224
113 1225
113 1237
113 1249
114 88
114 95
114 108
114 109
114 110
114 111
114 112
114 113
114 114
114 115
114 116
114 117
114 125
114 273
114 329
114 353
114 366
114 393
114 414
114 581
114 587
114 588
114 589
114 590
114 591
114 592
114 593
114 612
114 613
114 614
114 615
114 616
114 617
114 618
114 619
114 620
114 621
114 622
114 623
114 624
114 625
114 630
114 636
114 681
114 750
114 762
114 1003
114 1007
114 1009
114 1020
114 1123
114 1137
114 1138
114 1171
114 1172
114 1222
114 1223
114 1237
114 1248
115 87
115 95
115 97
115 98
115 99
115 100
115 101
115 102
115 103
115 104
115 105
115 106
115 107
115 117
115 125
115 273
115 329
115 353
115 366
115 393
115 414
115 580
115 594
115 595
115 596
115 597
115 598
115 599
115 600
115 601
115 602
115 603
115 604
115 605
115 606
115 607
115 608
115 609
115 610
115 611
115 626
115 636
115 681
115 750
115 753
115 754
115 761
115 1003
115 1007
115 1009
115 1020
115 1124
115 1125
115 1126
115 1127
115 1128
115 1129
115 1130
115 1131
115 1132
115 1133
115 1134
115 1135
115 1136
115 1173
115 1174
115 1220
115 1221
115 1237
115 1248
116 66
116 67
116 87
116 117
116 125
116 273
116 329
116 331
116 353
116 366
116 393
116 414
116 481
116 482
116 483
116 484
116 485
116 486
116 487
116 488
116 489
116 490
116 491
116 492
116 580
116 626
116 637
116 681
116 750
116 752
116 755
116 760
116 761
116 1003
116 1007
116 1009
116 1020
116 1175
116 1176
116 1218
116 1219
116 1237
116 1248
117 63
117 64
117 65
117 68
117 87
117 117
117 125
117 273
117 328
117 332
117 333
117 344
117 345
117 346
117 347
117 353
117 366
117 393
117 414
117 472
117 473
117 474
117 475
117 476
117 477
117 478
117 479
117 480
117 493
117 494
117 580
117 626
117 629
117 638
117 681
117 755
117 758
117 759
117 1002
117 1007
117 1008
117 1009
117 1020
117 1177
117 1178
117 1216
117 1217
117 1237
117 1248
118 62
118 68
118 87
118 117
118 125
118 273
118 328
118 334
118 335
118 336
118 337
118 338
118 339
118 340
118 341
118 342
118 343
118 348
118 349
118 353
118 366
118 393
118 414
118 467
118 468
118 469
118 470
118 471
118 495
118 496
118 581
118 582
118 583
118 584
118 585
118 586
118 587
118 588
118 589
118 590
118 591
118 592
118 593
118 594
118 595
118 596
118 597
118 598
118 599
118 600
118 601
118 602
118 603
118 604
118 605
118 606
118 609
118 610
118 611
118 616
118 619
118 620
118 621
118 622
118 623
118 624
118 625
118 628
118 639
118 640
118 681
118 755
118 757
118 1002
118 1020
118 1082
118 1083
118 1084
118 1085
118 1086
118 1087
118 1179
118 1180
118 1213
118 1214
118 1215
118 1237
118 1248
119 61
119 68
119 87
119 118
119 125
119 273
119 328
119 350
119 351
119 352
119 353
119 367
119 393
119 414
119 465
119 466
119 496
119 607
119 608
119 612
119 613
119 614
119 615
119 617
119 618
119 641
119 642
119 681
119 1002
119 1020
119 1087
119 1088
119 1089
119 1090
119 1091
119 1181
119 1182
119 1211
119 1212
119 1237
119 1248
120 61
120 68
120 87
120 118
120 125
120 273
120 328
120 353
120 367
120 369
120 370
120 393
120 414
120 442
120 443
120 444
120 445
120 465
120 477
120 478
120 479
120 480
120 481
120 482
120 483
120 484
120 485
120 486
120 487
120 488
120 495
120 496
120 607
120 612
120 617
120 625
120 626
120 642
120 643
120 680
120 1002
120 1020
120 1092
120 1182
120 1183
120 1210
120 1211
120 1237
120 1248
121 61
121 68
121 87
121 118
121 125
121 273
121 328
121 353
121 367
121 371
121 372
121 373
121 374
121 375
121 393
121 414
121 438
121 439
121 440
121 441
121 446
121 447
121 465
121 466
121 467
121 470
121 471
121 472
121 473
121 474
121 475
121 476
121 489
121 490
121 491
121 492
121 493
121 494
121 495
121 607
121 612
121 617
121 623
121 624
121 643
121 644
121 680
121 1002
121 1020
121 1092
121 1183
121 1184
121 1208
121 1209
121 1237
121 1248
122 61
122 68
122 87
122 97
122 98
122 99
122 100
122 101
122 102
122 103
122 104
122 105
122 106
122 118
122 125
122 273
122 328
122 353
122 366
122 376
122 377
122 378
122 379
122 391
122 393
122 414
122 436
122 437
122 448
122 449
122 465
122 468
122 469
122 607
122 612
122 617
122 623
122 644
122 645
122 680
122 1002
122 1020
122 1092
122 1184
122 1185
122 1207
122 1208
122 1237
122 1248
123 61
123 68
123 87
123 95
123 107
123 108
123 109
123 110
123 111
123 112
123 113
123 114
123 115
123 116
123 118
123 125
123 265
123 266
123 267
123 273
123 328
123 353
123 366
123 380
123 381
123 386
123 387
123 388
123 389
123 390
123 391
123 393
123 414
123 435
123 436
123 449
123 450
123 464
123 468
123 607
123 612
123 617
123 623
123 624
123 645
123 679
123 1002
123 1020
123 1092
123 1185
123 1186
123 1187
123 1205
123 1206
123 1237
123 1248
124 61
124 68
124 87
124 95
124 118
124 125
124 264
124 268
124 273
124 328
124 353
124 366
124 382
124 383
124 384
124 385
124 393
124 414
124 434
124 435
124 451
124 452
124 464
124 468
124 607
124 612
124 617
124 624
124 625
124 644
124 645
124 678
124 679
124 1002
124 1020
124 1092
124 1188
124 1189
124 1190
124 1191
124 1192
124 1201
124 1202
124 1203
124 1204
124 1237
124 1248
125 61
125 68
125 87
125 95
125 117
125 125
125 263
125 268
125 273
125 328
125 353
125 366
125 393
125 415
125 434
125 452
125 453
125 464
125 468
125 607
125 612
125 617
125 625
125 626
125 643
125 644
125 676
125 677
125 1002
125 1020
125 1092
125 1193
125 1194
125 1195
125 1196
125 1197
125 1198
125 1199
125 1200
125 1237
125 1248
126 61
126 68
126 87
126 95
126 117
126 125
126 263
126 268
126 273
126 328
126 353
126 366
126 393
126 415
126 417
126 433
126 453
126 454
126 464
126 468
126 607
126 612
126 617
126 626
126 627
126 642
126 643
126 676
126 1002
126 1020
126 1092
126 1237
126 1248
127 61
127 68
127 87
127 95
127 117
127 125
127 263
127 268
127 273
127 328
127 353
127 366
127 393
127 414
127 417
127 418
127 432
127 433
127 454
127 455
127 464
127 468
127 607
127 612
127 617
127 627
127 641
127 642
127 675
127 1002
127 1020
127 1092
127 1237
127 1248
128 61
128 68
128 87
128 95
128 117
128 125
128 263
128 268
128 273
128 328
128 353
128 366
128 393
128 414
128 418
128 432
128 455
128 464
128 468
128 607
128 612
128 617
128 627
128 640
128 675
128 1002
128 1020
128 1092
128 1237
128 1248
129 61
129 68
129 87
129 95
129 117
129 125
129 263
129 268
129 273
129 328
129 353
129 366
129 393
129 414
129 419
129 431
129 456
129 464
129 468
129 607
129 612
129 617
129 628
129 636
129 639
129 674
129 885
129 886
129 887
129 1002
129 1020
129 1080
129 1092
129 1237
129 1248
130 61
130 68
130 87
130 95
130 117
130 125
130 263
130 268
130 273
130 328
130 353
130 366
130 393
130 414
130 420
130 421
130 427
130 428
130 431
130 457
130 458
130 464
130 468
130 586
130 587
130 588
130 589
130 590
130 591
130 592
130 593
130 594
130 595
130 607
130 612
130 617
130 628
130 629
130 637
130 638
130 674
130 884
130 888
130 982
130 983
130 984
130 985
130 986
130 1002
130 1020
130 1080
130 1092
130 1237
130 1248
131 61
131 68
131 87
131 95
131 117
131 125
131 263
131 268
131 273
131 328
131 353
131 366
131 393
131 414
131 421
131 422
131 423
131 424
131 425
131 426
131 429
131 430
131 431
131 458
131 459
131 464
131 468
131 509
131 510
131 511
131 512
131 513
131 514
131 515
131 516
131 517
131 518
131 519
131 584
131 585
131 596
131 597
131 598
131 599
131 600
131 601
131 602
131 603
131 604
131 605
131 606
131 607
131 608
131 609
131 610
131 611
131 612
131 613
131 614
131 617
131 629
131 630
131 637
131 674
131 883
131 888
131 981
131 987
131 1002
131 1020
131 1080
131 1092
131 1094
131 1095
131 1096
131 1097
131 1237
131 1248
132 61
132 68
132 87
132 95
132 117
132 125
132 263
132 268
132 273
132 310
132 318
132 328
132 353
132 366
132 393
132 414
132 459
132 460
132 461
132 462
132 464
132 468
132 500
132 501
132 502
132 503
132 504
132 505
132 506
132 507
132 508
132 520
132 521
132 584
132 615
132 630
132 636
132 674
132 883
132 888
132 980
132 987
132 1002
132 1020
132 1080
132 1092
132 1098
132 1237
132 1248
133 61
133 68
133 87
133 95
133 117
133 125
133 263
133 268
133 273
133 310
133 318
133 328
133 353
133 366
133 393
133 414
133 464
133 468
133 499
133 521
133 584
133 585
133 586
133 587
133 588
133 615
133 630
133 636
133 675
133 883
133 888
133 980
133 987
133 1002
133 1020
133 1080
133 1091
133 1098
133 1237
133 1248
134 26
134 27
134 28
134 61
134 68
134 87
134 95
134 117
134 125
134 207
134 208
134 209
134 210
134 263
134 268
134 274
134 275
134 276
134 277
134 278
134 279
134 280
134 281
134 282
134 283
134 284
134 285
134 286
134 287
134 288
134 289
134 290
134 291
134 292
134 293
134 294
134 295
134 296
134 297
134 298
134 299
134 310
134 318
134 328
134 353
134 366
134 393
134 414
134 464
134 468
134 498
134 521
134 589
134 590
134 591
134 592
134 593
134 594
134 609
134 610
134 611
134 615
134 630
134 636
134 675
134 883
134 888
134 980
134 987
134 1002
134 1020
134 1080
134 1091
134 1098
134 1237
134 1248
135 25
135 29
135 30
135 51
135 52
135 53
135 54
135 55
135 56
135 57
135 58
135 59
135 60
135 61
135 68
135 87
135 95
135 117
135 125
135 203
135 206
135 211
135 212
135 213
135 214
135 263
135 268
135 300
135 301
135 302
135 303
135 304
135 305
135 306
135 307
135 308
135 309
135 310
135 319
135 320
135 321
135 322
135 323
135 324
135 325
135 326
135 327
135 328
135 352
135 366
135 393
135 414
135 464
135 468
135 498
135 508
135 509
135 510
135 511
135 512
135 513
135 514
135 515
135 516
135 517
135 518
135 519
135 520
135 595
135 596
135 597
135 598
135 601
135 602
135 605
135 606
135 607
135 608
135 612
135 613
135 614
135 617
135 630
135 636
135 675
135 883
135 888
135 980
135 987
135 1002
135 1020
135 1080
135 1091
135 1097
135 1098
135 1237
135 1248
136 25
136 31
136 32
136 33
136 50
136 61
136 68
136 74
136 75
136 76
136 87
136 95
136 117
136 125
136 200
136 201
136 202
136 204
136 206
136 211
136 215
136 216
136 217
136 218
136 219
136 220
136 221
136 222
136 263
136 268
136 337
136 338
136 339
136 340
136 352
136 366
136 393
136 414
136 464
136 468
136 499
136 500
136 503
136 504
136 505
136 506
136 507
136 599
136 600
136 603
136 604
136 612
136 617
136 630
136 636
136 675
136 883
136 888
136 981
136 987
136 1002
136 1020
136 1056
136 1057
136 1080
136 1092
136 1093
136 1094
136 1095
136 1096
136 1097
136 1237
136 1248
137 25
137 34
137 49
137 61
137 68
137 69
137 70
137 71
137 72
137 73
137 77
137 87
137 95
137 117
137 125
137 199
137 204
137 206
137 210
137 223
137 224
137 225
137 226
137 263
137 268
137 310
137 318
137 336
137 341
137 342
137 343
137 344
137 345
137 352
137 366
137 393
137 414
137 464
137 468
137 499
137 501
137 502
137 599
137 603
137 607
137 612
137 614
137 617
137 630
137 636
137 675
137 883
137 888
137 981
137 987
137 1002
137 1020
137 1051
137 1052
137 1053
137 1054
137 1055
137 1058
137 1080
137 1092
137 1237
137 1248
138 25
138 34
138 49
138 61
138 67
138 77
138 87
138 95
138 117
138 125
138 198
138 204
138 206
138 210
138 227
138 263
138 268
138 310
138 318
138 335
138 346
138 352
138 366
138 393
138 414
138 464
138 469
138 498
138 501
138 582
138 599
138 603
138 607
138 611
138 614
138 617
138 630
138 636
138 674
138 883
138 888
138 981
138 987
138 1002
138 1020
138 1050
138 1058
138 1084
138 1085
138 1092
138 1237
138 1248
139 25
139 34
139 49
139 61
139 66
139 77
139 87
139 95
139 117
139 125
139 198
139 204
139 206
139 210
139 227
139 263
139 268
139 310
139 318
139 335
139 347
139 348
139 349
139 352
139 366
139 393
139 414
139 464
139 469
139 476
139 477
139 478
139 479
139 480
139 481
139 497
139 498
139 501
139 513
139 580
139 581
139 583
139 584
139 585
139 586
139 587
139 588
139 589
139 590
139 591
139 592
139 593
139 594
139 595
139 596
139 597
139 598
139 599
139 600
139 601
139 602
139 603
139 604
139 611
139 614
139 617
139 630
139 636
139 674
139 883
139 888
139 981
139 987
139 1002
139 1019
139 1049
139 1058
139 1086
139 1087
139 1088
139 1089
139 1090
139 1091
139 1094
139 1095
139 1096
139 1237
139 1248
140 25
140 34
140 48
140 61
140 66
140 77
140 87
140 95
140 117
140 125
140 198
140 204
140 206
140 209
140 227
140 263
140 268
140 310
140 318
140 335
140 350
140 352
140 366
140 393
140 414
140 464
140 469
140 471
140 472
140 473
140 474
140 475
140 481
140 495
140 496
140 498
140 502
140 503
140 504
140 505
140 511
140 512
140 514
140 515
140 516
140 517
140 518
140 519
140 520
140 521
140 580
140 605
140 611
140 614
140 617
140 630
140 636
140 675
140 883
140 888
140 981
140 988
140 1002
140 1019
140 1049
140 1058
140 1080
140 1096
140 1237
140 1248
141 25
141 29
141 30
141 31
141 32
141 33
141 35
141 36
141 48
141 61
141 66
141 77
141 87
141 95
141 117
141 125
141 160
141 161
141 162
141 198
141 204
141 206
141 209
141 226
141 263
141 268
141 310
141 318
141 335
141 350
141 352
141 366
141 393
141 414
141 464
141 468
141 482
141 483
141 484
141 485
141 486
141 487
141 488
141 489
141 490
141 491
141 492
141 493
141 494
141 498
141 502
141 506
141 507
141 508
141 509
141 510
141 521
141 522
141 523
141 580
141 581
141 605
141 611
141 614
141 617
141 630
141 636
141 675
141 883
141 888
141 981
141 986
141 989
141 990
141 991
141 1002
141 1019
141 1049
141 1058
141 1080
141 1096
141 1237
141 1248
142 25
142 28
142 37
142 38
142 39
142 40
142 49
142 61
142 66
142 78
142 87
142 95
142 117
142 125
142 159
142 163
142 198
142 204
142 206
142 209
142 221
142 222
142 223
142 224
142 225
142 226
142 263
142 268
142 310
142 318
142 335
142 350
142 352
142 366
142 393
142 414
142 464
142 468
142 498
142 501
142 524
142 525
142 526
142 527
142 582
142 583
142 584
142 585
142 586
142 587
142 588
142 589
142 590
142 591
142 592
142 605
142 611
142 614
142 617
142 630
142 636
142 675
142 883
142 888
142 981
142 985
142 992
142 996
142 997
142 998
142 1002
142 1019
142 1049
142 1058
142 1080
142 1095
142 1096
142 1237
142 1248
143 25
143 41
143 42
143 50
143 51
143 52
143 61
143 66
143 78
143 87
143 95
143 117
143 125
143 158
143 163
143 198
143 204
143 206
143 209
143 219
143 220
143 263
143 268
143 310
143 318
143 335
143 350
143 352
143 366
143 393
143 414
143 464
143 468
143 498
143 501
143 528
143 529
143 593
143 594
143 595
143 596
143 601
143 602
143 605
143 611
143 614
143 618
143 630
143 636
143 675
143 883
143 888
143 981
143 985
143 993
143 994
143 995
143 999
143 1002
143 1019
143 1049
143 1058
143 1080
143 1093
143 1094
143 1237
143 1248
144 25
144 43
144 61
144 66
144 78
144 87
144 95
144 117
144 125
144 158
144 163
144 198
144 204
144 206
144 209
144 219
144 263
144 268
144 299
144 310
144 318
144 335
144 350
144 352
144 366
144 393
144 414
144 464
144 468
144 498
144 501
144 530
144 531
144 593
144 597
144 598
144 599
144 600
144 603
144 604
144 611
144 614
144 618
144 630
144 636
144 648
144 649
144 675
144 884
144 885
144 886
144 887
144 889
144 981
144 985
144 999
144 1002
144 1019
144 1049
144 1058
144 1080
144 1091
144 1092
144 1237
144 1248
145 25
145 43
145 51
145 52
145 61
145 66
145 78
145 87
145 95
145 117
145 125
145 158
145 163
145 198
145 204
145 206
145 209
145 218
145 263
145 268
145 298
145 300
145 310
145 318
145 335
145 349
145 350
145 352
145 366
145 393
145 414
145 464
145 468
145 498
145 501
145 531
145 579
145 580
145 581
145 582
145 583
145 584
145 585
145 586
145 587
145 588
145 589
145 590
145 591
145 592
145 593
145 603
145 607
145 611
145 618
145 630
145 636
145 646
145 647
145 650
145 651
145 675
145 884
145 889
145 985
145 999
145 1002
145 1019
145 1049
145 1058
145 1080
145 1090
145 1237
145 1248
146 25
146 43
146 49
146 50
146 66
146 78
146 87
146 95
146 117
146 124
146 158
146 163
146 198
146 204
146 206
146 210
146 212
146 213
146 214
146 215
146 216
146 217
146 218
146 263
146 268
146 298
146 300
146 310
146 318
146 335
146 349
146 352
146 366
146 393
146 414
146 464
146 468
146 498
146 501
146 532
146 579
146 594
146 597
146 598
146 599
146 603
146 607
146 611
146 618
146 630
146 636
146 645
146 646
146 651
146 675
146 883
146 889
146 976
146 977
146 985
146 999
146 1002
146 1019
146 1049
146 1058
146 1079
146 1090
146 1237
146 1248
147 25
147 43
147 48
147 49
147 60
147 62
147 66
147 78
147 87
147 95
147 117
147 124
147 158
147 163
147 193
147 194
147 195
147 196
147 197
147 200
147 201
147 202
147 203
147 204
147 205
147 206
147 210
147 263
147 268
147 298
147 300
147 310
147 318
147 335
147 349
147 352
147 366
147 393
147 414
147 464
147 468
147 498
147 501
147 532
147 533
147 579
147 590
147 591
147 592
147 594
147 597
147 599
147 603
147 607
147 611
147 618
147 630
147 636
147 644
147 645
147 651
147 675
147 883
147 889
147 975
147 985
147 999
147 1002
147 1019
147 1049
147 1058
147 1079
147 1092
147 1093
147 1237
147 1248
148 25
148 43
148 48
148 60
148 62
148 66
148 78
148 87
148 95
148 117
148 124
148 158
148 164
148 165
148 166
148 192
148 197
148 206
148 210
148 263
148 268
148 297
148 301
148 310
148 318
148 335
148 349
148 352
148 366
148 393
148 414
148 464
148 468
148 498
148 501
148 533
148 534
148 579
148 580
148 581
148 582
148 583
148 592
148 593
148 594
148 597
148 598
148 599
148 603
148 607
148 611
148 618
148 624
148 625
148 636
148 643
148 644
148 652
148 675
148 883
148 889
148 974
148 985
148 999
148 1002
148 1019
148 1049
148 1056
148 1057
148 1059
148 1060
148 1061
148 1062
148 1063
148 1064
148 1065
148 1066
148 1079
148 1094
148 1237
148 1248
149 25
149 43
149 47
149 60
149 62
149 66
149 78
149 87
149 95
149 117
149 124
149 158
149 163
149 167
149 168
149 169
149 170
149 171
149 191
149 197
149 206
149 210
149 263
149 268
149 297
149 301
149 310
149 318
149 332
149 333
149 334
149 335
149 349
149 352
149 366
149 393
149 414
149 464
149 468
149 498
149 501
149 534
149 535
149 583
149 588
149 589
149 598
149 603
149 607
149 611
149 618
149 621
149 622
149 623
149 637
149 638
149 639
149 640
149 641
149 642
149 652
149 676
149 883
149 889
149 974
149 985
149 998
149 1002
149 1019
149 1049
149 1055
149 1067
149 1079
149 1094
149 1237
149 1248
150 25
150 43
150 47
150 60
150 62
150 66
150 78
150 87
150 95
150 117
150 124
150 158
150 172
150 191
150 196
150 206
150 210
150 263
150 268
150 296
150 301
150 310
150 318
150 331
150 349
150 352
150 366
150 393
150 414
150 464
150 468
150 498
150 501
150 536
150 537
150 538
150 577
150 578
150 579
150 580
150 581
150 582
150 583
150 587
150 591
150 592
150 597
150 603
150 607
150 611
150 618
150 620
150 637
150 652
150 668
150 669
150 670
150 676
150 677
150 883
150 889
150 974
150 986
150 999
150 1002
150 1019
150 1049
150 1054
150 1067
150 1079
150 1094
150 1237
150 1248
151 25
151 44
151 47
151 48
151 51
151 60
151 62
151 66
151 78
151 87
151 95
151 117
151 124
151 158
151 172
151 191
151 196
151 206
151 210
151 263
151 268
151 296
151 302
151 310
151 318
151 331
151 349
151 352
151 366
151 393
151 414
151 464
151 468
151 498
151 501
151 539
151 577
151 588
151 589
151 590
151 593
151 597
151 603
151 607
151 611
151 618
151 620
151 636
151 653
151 667
151 668
151 670
151 671
151 677
151 883
151 889
151 974
151 986
151 999
151 1002
151 1019
151 1049
151 1054
151 1067
151 1079
151 1094
151 1237
151 1248
152 25
152 44
152 45
152 48
152 49
152 52
152 53
152 60
152 62
152 66
152 79
152 87
152 95
152 117
152 124
152 158
152 172
152 191
152 196
152 207
152 210
152 263
152 268
152 296
152 302
152 310
152 318
152 331
152 348
152 349
152 352
152 366
152 393
152 414
152 464
152 468
152 498
152 501
152 540
152 577
152 580
152 581
152 582
152 583
152 593
152 597
152 603
152 607
152 611
152 618
152 620
152 636
152 654
152 655
152 666
152 671
152 672
152 677
152 883
152 889
152 974
152 986
152 999
152 1002
152 1019
152 1049
152 1054
152 1067
152 1079
152 1093
152 1237
152 1248
153 25
153 45
153 49
153 54
153 60
153 62
153 66
153 79
153 87
153 95
153 117
153 124
153 158
153 172
153 182
153 183
153 184
153 185
153 186
153 187
153 188
153 191
153 197
153 207
153 210
153 263
153 268
153 295
153 303
153 310
153 318
153 331
153 347
153 352
153 366
153 393
153 414
153 464
153 468
153 498
153 501
153 540
153 577
153 583
153 588
153 590
153 592
153 594
153 597
153 603
153 607
153 612
153 618
153 620
153 636
153 655
153 656
153 665
153 672
153 673
153 674
153 675
153 676
153 677
153 883
153 889
153 974
153 986
153 999
153 1002
153 1019
153 1049
153 1054
153 1066
153 1079
153 1090
153 1091
153 1092
153 1237
153 1248
154 25
154 45
154 49
154 54
154 60
154 62
154 66
154 79
154 87
154 95
154 117
154 124
154 158
154 172
154 181
154 189
154 191
154 197
154 207
154 210
154 263
154 268
154 295
154 304
154 310
154 318
154 331
154 347
154 352
154 366
154 393
154 414
154 465
154 468
154 498
154 501
154 541
154 577
154 580
154 581
154 582
154 583
154 588
154 590
154 592
154 594
154 597
154 603
154 607
154 618
154 620
154 636
154 657
154 658
154 665
154 883
154 889
154 974
154 986
154 1000
154 1002
154 1019
154 1049
154 1054
154 1065
154 1066
154 1079
154 1089
154 1237
154 1248
155 25
155 45
155 49
155 54
155 60
155 62
155 66
155 79
155 87
155 95
155 117
155 124
155 158
155 172
155 180
155 192
155 197
155 207
155 210
155 262
155 268
155 294
155 305
155 310
155 318
155 331
155 348
155 349
155 352
155 366
155 393
155 414
155 465
155 468
155 498
155 501
155 541
155 578
155 584
155 588
155 590
155 592
155 594
155 597
155 603
155 608
155 611
155 618
155 620
155 636
155 658
155 659
155 664
155 827
155 883
155 889
155 975
155 986
155 1000
155 1002
155 1019
155 1049
155 1054
155 1063
155 1064
155 1065
155 1079
155 1083
155 1089
155 1237
155 1248
156 25
156 44
156 45
156 49
156 54
156 60
156 62
156 66
156 79
156 87
156 95
156 117
156 124
156 158
156 172
156 180
156 192
156 193
156 197
156 207
156 210
156 262
156 267
156 294
156 305
156 310
156 318
156 331
156 350
156 352
156 366
156 393
156 414
156 465
156 468
156 498
156 501
156 541
156 578
156 579
156 580
156 581
156 585
156 586
156 588
156 590
156 592
156 594
156 597
156 603
156 608
156 611
156 618
156 620
156 636
156 659
156 660
156 664
156 826
156 828
156 829
156 830
156 831
156 832
156 833
156 884
156 885
156 889
156 975
156 986
156 1000
156 1002
156 1019
156 1049
156 1054
156 1062
156 1079
156 1084
156 1237
156 1248
157 25
157 43
157 49
157 54
157 60
157 62
157 67
157 70
157 71
157 74
157 75
157 76
157 79
157 87
157 95
157 117
157 124
157 158
157 172
157 180
157 193
157 196
157 207
157 210
157 262
157 267
157 293
157 305
157 310
157 318
157 331
157 350
157 352
157 366
157 393
157 414
157 465
157 468
157 498
157 501
157 542
157 585
157 588
157 590
157 592
157 594
157 597
157 603
157 608
157 611
157 618
157 620
157 636
157 660
157 661
157 663
157 664
157 826
157 834
157 835
157 836
157 884
157 886
157 887
157 889
157 975
157 986
157 1000
157 1002
157 1019
157 1049
157 1054
157 1063
157 1064
157 1065
157 1066
157 1079
157 1086
157 1089
157 1236
157 1248
158 42
158 49
158 54
158 60
158 62
158 68
158 69
158 72
158 73
158 77
158 78
158 87
158 95
158 117
158 124
158 158
158 171
158 179
158 194
158 196
158 206
158 210
158 248
158 249
158 262
158 267
158 293
158 306
158 310
158 318
158 331
158 350
158 352
158 366
158 393
158 414
158 465
158 468
158 498
158 501
158 542
158 585
158 588
158 590
158 592
158 594
158 597
158 603
158 606
158 608
158 611
158 618
158 620
158 636
158 661
158 662
158 663
158 826
158 837
158 883
158 889
158 975
158 986
158 999
158 1000
158 1002
158 1019
158 1049
158 1054
158 1067
158 1068
158 1079
158 1085
158 1236
158 1248
159 42
159 49
159 54
159 60
159 62
159 68
159 72
159 77
159 87
159 95
159 117
159 124
159 158
159 171
159 179
159 194
159 206
159 210
159 247
159 250
159 262
159 267
159 293
159 306
159 310
159 318
159 331
159 349
159 350
159 352
159 366
159 393
159 414
159 465
159 468
159 497
159 500
159 543
159 585
159 588
159 590
159 592
159 594
159 597
159 603
159 608
159 611
159 618
159 620
159 636
159 827
159 837
159 883
159 888
159 975
159 986
159 995
159 996
159 997
159 998
159 999
159 1002
159 1019
159 1049
159 1054
159 1068
159 1069
159 1079
159 1085
159 1236
159 1248
160 30
160 41
160 42
160 49
160 54
160 62
160 68
160 72
160 77
160 87
160 95
160 117
160 124
160 158
160 171
160 180
160 195
160 196
160 197
160 206
160 210
160 246
160 250
160 262
160 267
160 292
160 307
160 310
160 318
160 331
160 347
160 348
160 352
160 366
160 393
160 414
160 465
160 468
160 497
160 500
160 543
160 585
160 588
160 590
160 592
160 594
160 598
160 603
160 608
160 611
160 618
160 636
160 827
160 837
160 883
160 888
160 975
160 987
160 994
160 1002
160 1019
160 1049
160 1054
160 1069
160 1079
160 1085
160 1236
160 1248
161 23
161 24
161 31
161 32
161 33
161 36
161 37
161 38
161 39
161 40
161 49
161 54
161 55
161 57
161 58
161 59
161 61
161 68
161 72
161 77
161 87
161 95
161 117
161 124
161 158
161 171
161 180
161 198
161 206
161 210
161 246
161 250
161 262
161 267
161 292
161 307
161 310
161 318
161 331
161 346
161 352
161 366
161 393
161 414
161 465
161 468
161 497
161 500
161 544
161 585
161 588
161 590
161 592
161 594
161 603
161 608
161 611
161 618
161 621
161 628
161 630
161 636
161 828
161 836
161 883
161 888
161 975
161 993
161 1002
161 1008
161 1019
161 1049
161 1053
161 1069
161 1079
161 1085
161 1236
161 1248
162 21
162 22
162 35
162 49
162 54
162 61
162 68
162 72
162 77
162 87
162 95
162 117
162 124
162 158
162 171
162 180
162 198
162 201
162 202
162 204
162 206
162 210
162 246
162 250
162 262
162 267
162 292
162 293
162 294
162 295
162 298
162 299
162 302
162 303
162 304
162 305
162 306
162 307
162 310
162 318
162 331
162 345
162 352
162 366
162 393
162 414
162 465
162 468
162 497
162 500
162 544
162 561
162 562
162 563
162 564
162 580
162 585
162 588
162 589
162 590
162 592
162 593
162 594
162 597
162 602
162 608
162 611
162 618
162 622
162 623
162 628
162 630
162 636
162 828
162 836
162 883
162 888
162 975
162 988
162 990
162 991
162 992
162 993
162 1002
162 1007
162 1009
162 1019
162 1049
162 1053
162 1068
162 1079
162 1085
162 1236
162 1248
163 18
163 19
163 20
163 34
163 49
163 54
163 61
163 68
163 72
163 77
163 87
163 95
163 117
163 124
163 158
163 163
163 171
163 181
163 194
163 198
163 204
163 206
163 210
163 246
163 250
163 262
163 267
163 297
163 300
163 310
163 318
163 331
163 346
163 352
163 365
163 393
163 414
163 465
163 468
163 497
163 500
163 544
163 571
163 572
163 573
163 577
163 578
163 579
163 581
163 582
163 583
163 584
163 585
163 588
163 590
163 592
163 594
163 597
163 599
163 602
163 608
163 611
163 618
163 623
163 624
163 625
163 626
163 627
163 630
163 636
163 829
163 836
163 883
163 888
163 976
163 977
163 978
163 979
163 980
163 987
163 1002
163 1007
163 1009
163 1019
163 1049
163 1053
163 1062
163 1063
163 1064
163 1065
163 1066
163 1067
163 1068
163 1079
163 1085
163 1236
163 1248
164 18
164 34
164 49
164 54
164 61
164 68
164 72
164 77
164 87
164 95
164 117
164 124
164 158
164 163
164 169
164 170
164 171
164 181
164 194
164 198
164 204
164 206
164 210
164 246
164 250
164 262
164 267
164 296
164 300
164 310
164 318
164 332
164 333
164 336
164 337
164 338
164 341
164 342
164 343
164 344
164 352
164 365
164 392
164 414
164 465
164 468
164 497
164 500
164 545
164 546
164 547
164 548
164 549
164 550
164 551
164 552
164 553
164 554
164 555
164 556
164 557
164 558
164 559
164 560
164 561
164 562
164 563
164 564
164 565
164 566
164 585
164 588
164 590
164 592
164 594
164 596
164 599
164 602
164 608
164 611
164 618
164 629
164 636
164 829
164 835
164 883
164 888
164 987
164 1002
164 1007
164 1009
164 1019
164 1049
164 1053
164 1062
164 1079
164 1085
164 1236
164 1248
165 18
165 19
165 35
165 37
165 38
165 39
165 49
165 54
165 61
165 68
165 72
165 77
165 87
165 95
165 117
165 124
165 158
165 164
165 165
165 166
165 167
165 168
165 182
165 183
165 184
165 185
165 186
165 187
165 188
165 189
165 190
165 191
165 192
165 198
165 204
165 206
165 210
165 246
165 250
165 262
165 267
165 296
165 300
165 310
165 318
165 334
165 341
165 352
165 365
165 392
165 414
165 465
165 468
165 497
165 500
165 544
165 567
165 568
165 569
165 570
165 571
165 572
165 573
165 574
165 575
165 576
165 577
165 578
165 579
165 580
165 581
165 582
165 583
165 584
165 585
165 588
165 589
165 590
165 592
165 594
165 596
165 599
165 602
165 608
165 611
165 618
165 629
165 636
165 835
165 883
165 888
165 981
165 987
165 1002
165 1007
165 1009
165 1019
165 1049
165 1053
165 1062
165 1079
165 1085
165 1236
165 1248
166 19
166 20
166 34
166 39
166 40
166 48
166 54
166 61
166 68
166 72
166 77
166 87
166 95
166 117
166 124
166 158
166 182
166 192
166 198
166 204
166 206
166 210
166 246
166 250
166 262
166 267
166 296
166 300
166 310
166 318
166 334
166 340
166 352
166 365
166 392
166 414
166 465
166 468
166 497
166 500
166 543
166 592
166 594
166 596
166 599
166 602
166 608
166 611
166 618
166 629
166 636
166 716
166 717
166 718
166 835
166 883
166 888
166 981
166 987
166 1002
166 1007
166 1009
166 1019
166 1049
166 1053
166 1062
166 1079
166 1085
166 1236
166 1248
167 20
167 21
167 32
167 33
167 40
167 48
167 53
167 61
167 68
167 72
167 77
167 87
167 95
167 117
167 124
167 158
167 163
167 181
167 192
167 198
167 204
167 206
167 210
167 246
167 250
167 262
167 267
167 296
167 300
167 310
167 318
167 334
167 340
167 352
167 365
167 392
167 414
167 465
167 468
167 497
167 500
167 543
167 585
167 588
167 590
167 592
167 594
167 596
167 599
167 602
167 608
167 611
167 618
167 629
167 636
167 714
167 715
167 719
167 720
167 830
167 834
167 883
167 888
167 981
167 987
167 1003
167 1007
167 1019
167 1049
167 1053
167 1060
167 1061
167 1079
167 1085
167 1236
167 1248
168 21
168 22
168 31
168 32
168 40
168 48
168 53
168 61
168 68
168 72
168 77
168 87
168 95
168 117
168 124
168 158
168 163
168 181
168 192
168 198
168 204
168 206
168 210
168 246
168 250
168 262
168 267
168 296
168 300
168 310
168 318
168 334
168 340
168 352
168 365
168 392
168 414
168 465
168 468
168 497
168 500
168 543
168 585
168 588
168 590
168 592
168 594
168 596
168 599
168 602
168 608
168 611
168 618
168 629
168 637
168 713
168 720
168 721
168 829
168 834
168 883
168 888
168 981
168 987
168 1003
168 1007
168 1019
168 1049
168 1054
168 1055
168 1056
168 1059
168 1079
168 1085
168 1236
168 1248
169 22
169 31
169 39
169 48
169 53
169 61
169 68
169 72
169 77
169 87
169 95
169 117
169 124
169 158
169 163
169 182
169 183
169 184
169 187
169 188
169 192
169 198
169 204
169 206
169 210
169 246
169 250
169 262
169 267
169 296
169 300
169 310
169 318
169 334
169 340
169 352
169 365
169 392
169 414
169 465
169 468
169 497
169 500
169 543
169 585
169 588
169 590
169 592
169 594
169 596
169 599
169 602
169 608
169 611
169 618
169 629
169 637
169 639
169 640
169 712
169 721
169 829
169 832
169 834
169 883
169 888
169 981
169 987
169 1003
169 1007
169 1019
169 1049
169 1058
169 1079
169 1085
169 1236
169 1248
170 22
170 39
170 48
170 53
170 61
170 68
170 72
170 77
170 87
170 95
170 117
170 124
170 158
170 163
170 185
170 186
170 189
170 192
170 198
170 204
170 206
170 210
170 246
170 250
170 262
170 267
170 296
170 300
170 310
170 318
170 334
170 340
170 352
170 365
170 392
170 414
170 465
170 468
170 497
170 500
170 543
170 585
170 588
170 590
170 592
170 594
170 596
170 599
170 602
170 608
170 611
170 618
170 629
170 636
170 641
170 712
170 721
170 829
170 832
170 883
170 888
170 981
170 987
170 1003
170 1007
170 1019
170 1049
170 1058
170 1079
170 1085
170 1236
170 1248
171 22
171 38
171 48
171 53
171 61
171 68
171 72
171 77
171 87
171 95
171 116
171 124
171 158
171 163
171 185
171 190
171 191
171 192
171 198
171 204
171 206
171 210
171 246
171 250
171 262
171 267
171 296
171 300
171 310
171 318
171 334
171 340
171 352
171 365
171 392
171 414
171 465
171 468
171 497
171 500
171 543
171 585
171 588
171 590
171 592
171 594
171 596
171 599
171 602
171 608
171 611
171 618
171 629
171 636
171 641
171 712
171 721
171 829
171 833
171 883
171 888
171 981
171 987
171 1003
171 1007
171 1019
171 1049
171 1058
171 1079
171 1085
171 1236
171 1248
172 23
172 38
172 48
172 53
172 61
172 68
172 72
172 77
172 87
172 95
172 116
172 124
172 158
172 163
172 185
172 198
172 204
172 206
172 210
172 246
172 250
172 296
172 300
172 310
172 318
172 334
172 340
172 352
172 365
172 392
172 414
172 465
172 468
172 497
172 500
172 544
172 545
172 546
172 547
172 548
172 549
172 550
172 551
172 552
172 559
172 560
172 561
172 562
172 563
172 564
172 565
172 566
172 567
172 568
172 569
172 570
172 571
172 572
172 573
172 574
172 575
172 576
172 577
172 578
172 579
172 580
172 581
172 582
172 583
172 584
172 589
172 592
172 594
172 596
172 599
172 602
172 608
172 611
172 618
172 629
172 636
172 641
172 713
172 721
172 829
172 833
172 883
172 888
172 981
172 987
172 1003
172 1007
172 1019
172 1049
172 1058
172 1079
172 1085
172 1236
172 1248
173 23
173 38
173 48
173 53
173 61
173 68
173 72
173 77
173 87
173 95
173 116
173 124
173 158
173 163
173 185
173 189
173 198
173 204
173 206
173 210
173 246
173 250
173 310
173 318
173 334
173 340
173 352
173 365
173 392
173 414
173 465
173 468
173 497
173 500
173 553
173 556
173 557
173 558
173 585
173 588
173 590
173 592
173 594
173 596
173 599
173 602
173 608
173 611
173 618
173 629
173 636
173 641
173 713
173 721
173 829
173 833
173 883
173 888
173 981
173 987
173 1003
173 1007
173 1019
173 1049
173 1058
173 1079
173 1085
173 1236
173 1248
174 23
174 37
174 48
174 53
174 61
174 68
174 72
174 77
174 87
174 95
174 116
174 124
174 158
174 163
174 185
174 189
174 198
174 204
174 210
174 246
174 250
174 310
174 318
174 334
174 340
174 352
174 365
174 392
174 414
174 465
174 468
174 497
174 500
174 553
174 573
174 574
174 575
174 576
174 577
174 578
174 579
174 585
174 588
174 590
174 592
174 594
174 596
174 599
174 602
174 608
174 611
174 613
174 618
174 629
174 636
174 641
174 714
174 721
174 829
174 833
174 883
174 888
174 981
174 987
174 1003
174 1007
174 1019
174 1049
174 1058
174 1079
174 1084
174 1236
174 1248
175 23
175 37
175 48
175 53
175 61
175 68
175 72
175 77
175 86
175 95
175 116
175 124
175 158
175 163
175 185
175 189
175 197
175 203
175 210
175 246
175 250
175 310
175 334
175 340
175 352
175 365
175 392
175 414
175 465
175 468
175 497
175 500
175 572
175 580
175 581
175 585
175 588
175 590
175 592
175 594
175 596
175 599
175 602
175 608
175 613
175 618
175 629
175 636
175 641
175 714
175 715
175 716
175 719
175 720
175 829
175 833
175 883
175 888
175 981
175 987
175 1003
175 1007
175 1019
175 1049
175 1058
175 1079
175 1084
175 1236
175 1248
176 24
176 36
176 37
176 48
176 53
176 61
176 68
176 72
176 77
176 86
176 95
176 116
176 124
176 158
176 163
176 185
176 189
176 197
176 203
176 210
176 246
176 250
176 310
176 334
176 352
176 365
176 392
176 414
176 465
176 468
176 497
176 500
176 558
176 559
176 560
176 561
176 562
176 571
176 581
176 585
176 588
176 590
176 592
176 594
176 596
176 599
176 602
176 608
176 613
176 618
176 629
176 636
176 641
176 715
176 717
176 718
176 829
176 833
176 883
176 888
176 980
176 987
176 1003
176 1007
176 1019
176 1049
176 1058
176 1079
176 1084
176 1236
176 1248
177 24
177 36
177 48
177 53
177 61
177 68
177 72
177 77
177 86
177 95
177 116
177 124
177 158
177 163
177 185
177 189
177 197
177 203
177 209
177 228
177 229
177 230
177 231
177 232
177 233
177 234
177 235
177 236
177 237
177 238
177 239
177 246
177 250
177 310
177 334
177 352
177 365
177 392
177 414
177 465
177 468
177 497
177 500
177 563
177 564
177 565
177 571
177 581
177 585
177 588
177 590
177 592
177 594
177 596
177 599
177 602
177 608
177 613
177 618
177 629
177 636
177 641
177 649
177 650
177 651
177 652
177 653
177 654
177 655
177 656
177 657
177 658
177 714
177 717
177 829
177 833
177 883
177 888
177 980
177 987
177 1003
177 1007
177 1019
177 1050
177 1058
177 1079
177 1084
177 1236
177 1248
178 24
178 36
178 48
178 53
178 61
178 68
178 72
178 77
178 86
178 95
178 116
178 124
178 158
178 163
178 185
178 189
178 197
178 203
178 209
178 227
178 240
178 241
178 242
178 243
178 244
178 245
178 252
178 310
178 334
178 352
178 365
178 392
178 414
178 465
178 468
178 566
178 567
178 568
178 569
178 570
178 571
178 581
178 585
178 588
178 590
178 592
178 594
178 596
178 599
178 602
178 608
178 613
178 629
178 636
178 640
178 647
178 648
178 659
178 714
178 717
178 829
178 833
178 883
178 888
178 980
178 987
178 1003
178 1007
178 1019
178 1050
178 1058
178 1079
178 1084
178 1236
178 1248
179 23
179 24
179 36
179 48
179 53
179 61
179 68
179 72
179 77
179 86
179 95
179 116
179 124
179 158
179 163
179 185
179 189
179 197
179 203
179 209
179 226
179 246
179 251
179 253
179 310
179 334
179 352
179 365
179 392
179 414
179 465
179 468
179 553
179 582
179 583
179 588
179 590
179 592
179 594
179 596
179 599
179 602
179 608
179 613
179 618
179 629
179 636
179 647
179 659
179 714
179 717
179 829
179 833
179 883
179 888
179 980
179 987
179 1003
179 1007
179 1019
179 1050
179 1058
179 1079
179 1084
179 1236
179 1248
180 22
180 23
180 37
180 48
180 61
180 68
180 72
180 77
180 86
180 95
180 116
180 124
180 158
180 163
180 185
180 189
180 197
180 203
180 209
180 226
180 246
180 253
180 296
180 300
180 307
180 308
180 309
180 310
180 334
180 365
180 392
180 414
180 553
180 584
180 585
180 588
180 589
180 590
180 592
180 594
180 596
180 599
180 602
180 608
180 613
180 617
180 629
180 635
180 660
180 667
180 668
180 714
180 717
180 829
180 833
180 883
180 888
180 980
180 987
180 1003
180 1007
180 1019
180 1050
180 1058
180 1079
180 1084
180 1236
180 1248
181 22
181 37
181 48
181 61
181 72
181 86
181 95
181 116
181 124
181 158
181 163
181 185
181 189
181 197
181 203
181 209
181 225
181 226
181 246
181 251
181 254
181 271
181 296
181 300
181 306
181 310
181 334
181 350
181 351
181 352
181 365
181 392
181 414
181 553
181 581
181 592
181 593
181 594
181 602
181 608
181 613
181 617
181 629
181 635
181 660
181 666
181 714
181 717
181 805
181 806
181 807
181 808
181 809
181 810
181 811
181 812
181 813
181 814
181 815
181 816
181 817
181 829
181 833
181 883
181 888
181 980
181 987
181 1003
181 1007
181 1019
181 1050
181 1058
181 1079
181 1084
181 1236
181 1248
182 21
182 48
182 61
182 72
182 86
182 95
182 116
182 124
182 158
182 163
182 185
182 189
182 197
182 203
182 209
182 213
182 214
182 215
182 216
182 217
182 218
182 219
182 220
182 221
182 222
182 223
182 224
182 226
182 246
182 251
182 254
182 272
182 273
182 274
182 275
182 276
182 277
182 278
182 279
182 280
182 281
182 282
182 296
182 300
182 305
182 310
182 331
182 332
182 352
182 365
182 392
182 414
182 553
182 576
182 577
182 578
182 579
182 580
182 592
182 594
182 596
182 597
182 598
182 599
182 603
182 604
182 605
182 606
182 607
182 608
182 611
182 612
182 613
182 617
182 635
182 666
182 693
182 694
182 695
182 696
182 697
182 698
182 699
182 700
182 701
182 702
182 703
182 704
182 705
182 706
182 707
182 708
182 709
182 710
182 711
182 712
182 713
182 714
182 715
182 717
182 752
182 753
182 797
182 798
182 799
182 800
182 801
182 802
182 803
182 804
182 818
182 819
182 820
182 821
182 829
182 833
182 883
182 888
182 980
182 987
182 1003
182 1007
182 1019
182 1050
182 1058
182 1079
182 1084
182 1236
182 1248
183 20
183 21
183 38
183 48
183 61
183 72
183 86
183 95
183 116
183 124
183 158
183 163
183 185
183 189
183 197
183 210
183 211
183 212
183 226
183 246
183 251
183 253
183 283
183 284
183 285
183 286
183 287
183 288
183 289
183 290
183 291
183 292
183 293
183 294
183 295
183 296
183 301
183 302
183 303
183 304
183 305
183 310
183 318
183 333
183 334
183 352
183 392
183 414
183 554
183 555
183 592
183 594
183 596
183 599
183 603
183 608
183 611
183 613
183 617
183 627
183 628
183 629
183 635
183 666
183 688
183 689
183 690
183 691
183 692
183 715
183 717
183 751
183 792
183 793
183 794
183 795
183 796
183 822
183 823
183 830
183 833
183 883
183 888
183 980
183 987
183 1003
183 1007
183 1019
183 1050
183 1058
183 1079
183 1084
183 1236
183 1248
184 19
184 20
184 48
184 61
184 72
184 86
184 95
184 116
184 124
184 158
184 163
184 185
184 190
184 191
184 192
184 193
184 194
184 195
184 196
184 197
184 204
184 205
184 210
184 226
184 246
184 251
184 253
184 264
184 265
184 296
184 301
184 310
184 318
184 334
184 340
184 352
184 392
184 599
184 602
184 608
184 613
184 629
184 635
184 666
184 669
184 686
184 687
184 716
184 750
184 753
184 791
184 824
184 825
184 830
184 834
184 883
184 888
184 931
184 932
184 933
184 934
184 935
184 936
184 937
184 938
184 939
184 940
184 941
184 980
184 987
184 1003
184 1007
184 1019
184 1050
184 1058
184 1079
184 1084
184 1236
184 1248
185 18
185 48
185 61
185 72
185 86
185 95
185 116
185 124
185 158
185 163
185 178
185 179
185 180
185 181
185 182
185 183
185 190
185 197
185 203
185 209
185 226
185 246
185 251
185 253
185 266
185 296
185 300
185 310
185 318
185 334
185 340
185 352
185 365
185 392
185 608
185 613
185 618
185 619
185 629
185 635
185 637
185 638
185 639
185 644
185 661
185 666
185 669
185 686
185 716
185 750
185 753
185 790
185 825
185 826
185 830
185 834
185 883
185 888
185 929
185 930
185 942
185 943
185 944
185 945
185 946
185 947
185 948
185 949
185 950
185 951
185 952
185 953
185 954
185 955
185 956
185 957
185 958
185 959
185 980
185 987
185 1002
185 1007
185 1019
185 1050
185 1058
185 1079
185 1084
185 1236
185 1248
186 18
186 48
186 61
186 72
186 86
186 95
186 116
186 124
186 158
186 159
186 164
186 165
186 166
186 167
186 168
186 169
186 170
186 171
186 172
186 173
186 174
186 175
186 176
186 177
186 184
186 189
186 197
186 203
186 209
186 226
186 246
186 251
186 253
186 296
186 300
186 310
186 318
186 334
186 340
186 352
186 365
186 371
186 392
186 414
186 608
186 613
186 618
186 628
186 629
186 636
186 662
186 663
186 685
186 717
186 750
186 753
186 790
186 826
186 827
186 830
186 834
186 883
186 888
186 926
186 927
186 928
186 960
186 961
186 962
186 963
186 964
186 965
186 966
186 967
186 968
186 969
186 970
186 971
186 980
186 987
186 1002
186 1007
186 1020
186 1021
186 1022
186 1023
186 1024
186 1050
186 1058
186 1079
186 1084
186 1236
186 1248
187 32
187 48
187 61
187 68
187 72
187 86
187 95
187 116
187 124
187 129
187 130
187 131
187 132
187 133
187 134
187 135
187 136
187 137
187 138
187 139
187 140
187 141
187 142
187 143
187 144
187 145
187 146
187 147
187 148
187 149
187 150
187 151
187 152
187 153
187 154
187 155
187 156
187 157
187 159
187 164
187 184
187 189
187 197
187 203
187 209
187 226
187 246
187 251
187 253
187 296
187 300
187 310
187 318
187 334
187 340
187 352
187 365
187 373
187 374
187 392
187 414
187 608
187 613
187 618
187 626
187 627
187 636
187 637
187 671
187 672
187 673
187 674
187 675
187 685
187 717
187 750
187 753
187 789
187 827
187 828
187 830
187 834
187 883
187 888
187 923
187 924
187 925
187 972
187 973
187 974
187 975
187 976
187 977
187 978
187 979
187 980
187 981
187 982
187 983
187 984
187 1002
187 1007
187 1025
187 1050
187 1058
187 1079
187 1084
187 1236
187 1248
188 18
188 19
188 46
188 47
188 48
188 57
188 58
188 59
188 60
188 61
188 69
188 70
188 71
188 72
188 78
188 79
188 80
188 81
188 82
188 83
188 84
188 85
188 86
188 96
188 97
188 98
188 99
188 100
188 101
188 102
188 103
188 104
188 105
188 106
188 107
188 108
188 109
188 110
188 111
188 112
188 113
188 114
188 115
188 116
188 125
188 126
188 127
188 128
188 159
188 163
188 184
188 189
188 197
188 203
188 209
188 226
188 246
188 251
188 253
188 296
188 300
188 310
188 318
188 334
188 340
188 352
188 365
188 375
188 376
188 392
188 414
188 613
188 618
188 625
188 626
188 638
188 639
188 676
188 677
188 678
188 679
188 680
188 681
188 684
188 718
188 750
188 753
188 789
188 828
188 829
188 834
188 883
188 888
188 921
188 922
188 985
188 986
188 987
188 988
188 989
188 990
188 991
188 992
188 1002
188 1007
188 1025
188 1050
188 1058
188 1079
188 1084
188 1236
188 1248
189 19
189 33
189 34
189 35
189 36
189 41
189 48
189 54
189 61
189 69
189 72
189 78
189 86
189 96
189 116
189 125
189 159
189 163
189 184
189 189
189 197
189 203
189 209
189 226
189 246
189 251
189 253
189 296
189 300
189 310
189 318
189 334
189 340
189 352
189 365
189 377
189 392
189 613
189 618
189 624
189 625
189 639
189 682
189 683
189 718
189 750
189 753
189 789
189 830
189 834
189 883
189 888
189 918
189 919
189 920
189 993
189 994
189 995
189 996
189 1002
189 1007
189 1018
189 1020
189 1025
189 1050
189 1058
189 1079
189 1084
189 1236
189 1248
190 20
190 21
190 22
190 23
190 24
190 25
190 32
190 37
190 38
190 39
190 40
190 48
190 53
190 61
190 68
190 72
190 77
190 86
190 95
190 116
190 124
190 159
190 164
190 184
190 189
190 197
190 203
190 209
190 226
190 246
190 251
190 296
190 298
190 299
190 301
190 310
190 318
190 334
190 340
190 352
190 365
190 378
190 414
190 618
190 624
190 640
190 718
190 750
190 753
190 788
190 830
190 834
190 883
190 888
190 916
190 917
190 997
190 998
190 999
190 1000
190 1007
190 1018
190 1020
190 1025
190 1050
190 1058
190 1079
190 1084
190 1175
190 1176
190 1177
190 1178
190 1179
190 1180
190 1236
190 1248
191 25
191 32
191 47
191 53
191 61
191 68
191 116
191 124
191 159
191 162
191 164
191 165
191 184
191 189
191 197
191 203
191 209
191 226
191 296
191 301
191 309
191 318
191 333
191 339
191 352
191 365
191 378
191 379
191 391
191 392
191 414
191 623
191 641
191 680
191 681
191 682
191 683
191 719
191 750
191 753
191 788
191 830
191 834
191 883
191 888
191 915
191 916
191 1001
191 1002
191 1003
191 1004
191 1018
191 1020
191 1025
191 1050
191 1058
191 1079
191 1084
191 1174
191 1181
191 1182
191 1236
191 1248
192 25
192 32
192 47
192 53
192 61
192 68
192 116
192 124
192 159
192 166
192 167
192 184
192 189
192 197
192 203
192 209
192 226
192 295
192 301
192 309
192 318
192 333
192 339
192 351
192 365
192 379
192 380
192 381
192 382
192 392
192 414
192 623
192 641
192 679
192 719
192 787
192 831
192 834
192 883
192 888
192 914
192 915
192 1005
192 1006
192 1018
192 1020
192 1025
192 1050
192 1058
192 1079
192 1084
192 1173
192 1175
192 1183
192 1236
192 1248
193 25
193 32
193 47
193 53
193 61
193 68
193 116
193 124
193 158
193 159
193 167
193 168
193 169
193 184
193 189
193 197
193 203
193 209
193 226
193 295
193 301
193 309
193 318
193 333
193 339
193 351
193 365
193 392
193 414
193 623
193 641
193 678
193 720
193 787
193 831
193 834
193 883
193 888
193 913
193 914
193 1007
193 1008
193 1018
193 1020
193 1025
193 1050
193 1058
193 1079
193 1084
193 1171
193 1172
193 1176
193 1177
193 1178
193 1179
193 1180
193 1183
193 1236
193 1248
194 25
194 32
194 47
194 52
194 61
194 68
194 116
194 124
194 156
194 157
194 170
194 171
194 184
194 189
194 197
194 203
194 209
194 295
194 301
194 309
194 318
194 333
194 339
194 351
194 365
194 392
194 414
194 623
194 641
194 679
194 721
194 787
194 832
194 883
194 888
194 912
194 913
194 1008
194 1018
194 1019
194 1020
194 1025
194 1050
194 1058
194 1079
194 1084
194 1169
194 1170
194 1181
194 1183
194 1236
194 1248
195 25
195 32
195 61
195 68
195 116
195 124
195 156
195 171
195 184
195 189
195 197
195 203
195 209
195 295
195 301
195 309
195 318
195 333
195 339
195 351
195 365
195 392
195 414
195 623
195 641
195 680
195 721
195 786
195 832
195 833
195 883
195 888
195 911
195 912
195 1009
195 1025
195 1050
195 1058
195 1079
195 1084
195 1168
195 1169
195 1236
195 1248
196 25
196 32
196 61
196 68
196 116
196 124
196 155
196 171
196 197
196 203
196 209
196 295
196 301
196 309
196 318
196 333
196 339
196 351
196 365
196 392
196 414
196 623
196 641
196 680
196 784
196 785
196 833
196 883
196 888
196 910
196 911
196 1009
196 1010
196 1024
196 1050
196 1058
196 1079
196 1084
196 1167
196 1168
196 1184
196 1236
196 1248
197 25
197 32
197 61
197 68
197 116
197 124
197 155
197 171
197 197
197 203
197 209
197 295
197 301
197 309
197 318
197 333
197 339
197 351
197 365
197 392
197 414
197 624
197 640
197 680
197 721
197 782
197 783
197 833
197 834
197 883
197 888
197 908
197 909
197 1011
197 1012
197 1024
197 1050
197 1058
197 1079
197 1084
197 1165
197 1166
197 1182
197 1184
197 1236
197 1248
198 25
198 61
198 68
198 116
198 124
198 154
198 172
198 197
198 203
198 209
198 295
198 301
198 309
198 318
198 333
198 339
198 351
198 365
198 392
198 414
198 624
198 639
198 679
198 721
198 781
198 782
198 834
198 883
198 888
198 907
198 908
198 1012
198 1024
198 1050
198 1058
198 1079
198 1084
198 1165
198 1182
198 1184
198 1236
198 1248
199 61
199 68
199 116
199 124
199 154
199 172
199 197
199 203
199 209
199 295
199 301
199 309
199 318
199 333
199 339
199 351
199 365
199 392
199 414
199 625
199 639
199 679
199 721
199 780
199 835
199 883
199 888
199 905
199 906
199 907
199 1013
199 1024
199 1050
199 1058
199 1078
199 1084
199 1164
199 1236
199 1248
200 61
200 68
200 116
200 124
200 153
200 172
200 197
200 203
200 209
200 295
200 301
200 309
200 318
200 333
200 339
200 351
200 365
200 392
200 414
200 625
200 626
200 638
200 679
200 721
200 777
200 835
200 883
200 888
200 901
200 902
200 903
200 904
200 1013
200 1014
200 1024
200 1050
200 1058
200 1078
200 1084
200 1164
200 1183
200 1236
200 1248
201 61
201 68
201 116
201 124
201 153
201 172
201 197
201 203
201 209
201 295
201 301
201 309
201 318
201 333
201 339
201 351
201 365
201 392
201 415
201 416
201 626
201 627
201 637
201 638
201 778
201 779
201 837
201 838
201 839
201 840
201 841
201 842
201 843
201 844
201 845
201 846
201 847
201 848
201 849
201 850
201 851
201 852
201 853
201 854
201 855
201 856
201 857
201 858
201 859
201 860
201 861
201 862
201 863
201 864
201 865
201 866
201 867
201 868
201 869
201 870
201 871
201 872
201 883
201 888
201 899
201 900
201 1014
201 1024
201 1050
201 1058
201 1078
201 1084
201 1164
201 1184
201 1236
201 1248
202 61
202 68
202 116
202 124
202 154
202 172
202 197
202 203
202 209
202 295
202 302
202 309
202 318
202 333
202 339
202 351
202 365
202 392
202 417
202 418
202 628
202 636
202 778
202 835
202 836
202 873
202 874
202 875
202 876
202 877
202 878
202 879
202 880
202 881
202 882
202 883
202 884
202 885
202 886
202 887
202 888
202 889
202 890
202 891
202 892
202 893
202 894
202 895
202 896
202 897
202 898
202 899
202 905
202 906
202 907
202 908
202 909
202 910
202 911
202 912
202 913
202 914
202 915
202 916
202 917
202 1015
202 1024
202 1050
202 1058
202 1078
202 1084
202 1164
202 1184
202 1236
202 1248
203 61
203 68
203 116
203 123
203 154
203 172
203 197
203 203
203 209
203 295
203 302
203 309
203 318
203 333
203 339
203 351
203 365
203 392
203 419
203 420
203 629
203 635
203 778
203 833
203 834
203 918
203 919
203 920
203 921
203 922
203 923
203 924
203 925
203 926
203 927
203 928
203 929
203 930
203 931
203 1015
203 1016
203 1024
203 1050
203 1058
203 1078
203 1084
203 1164
203 1184
203 1236
203 1248
204 61
204 68
204 116
204 123
204 154
204 172
204 197
204 203
204 209
204 295
204 309
204 318
204 333
204 339
204 351
204 365
204 388
204 389
204 390
204 391
204 421
204 422
204 628
204 778
204 831
204 832
204 932
204 933
204 934
204 935
204 936
204 937
204 938
204 939
204 940
204 941
204 942
204 943
204 944
204 945
204 946
204 1016
204 1017
204 1024
204 1050
204 1058
204 1084
204 1164
204 1184
204 1236
204 1248
205 61
205 68
205 116
205 123
205 155
205 172
205 203
205 209
205 309
205 318
205 333
205 351
205 365
205 386
205 387
205 423
205 424
205 829
205 830
205 947
205 948
205 949
205 950
205 951
205 952
205 953
205 1017
205 1024
205 1049
205 1050
205 1059
205 1076
205 1077
205 1078
205 1165
205 1184
205 1236
205 1248
206 61
206 68
206 116
206 123
206 155
206 171
206 209
206 309
206 318
206 351
206 365
206 384
206 385
206 425
206 426
206 827
206 828
206 954
206 955
206 1018
206 1025
206 1050
206 1059
206 1078
206 1165
206 1184
206 1236
206 1248
207 61
207 68
207 116
207 123
207 156
207 171
207 309
207 318
207 351
207 365
207 383
207 384
207 426
207 427
207 826
207 827
207 955
207 956
207 1018
207 1025
207 1050
207 1058
207 1078
207 1084
207 1165
207 1184
207 1236
207 1248
208 61
208 68
208 116
208 123
208 156
208 171
208 309
208 318
208 351
208 365
208 382
208 383
208 427
208 428
208 825
208 826
208 956
208 957
208 1018
208 1024
208 1058
208 1078
208 1084
208 1104
208 1105
208 1106
208 1107
208 1108
208 1109
208 1110
208 1111
208 1112
208 1113
208 1114
208 1115
208 1116
208 1117
208 1118
208 1119
208 1120
208 1121
208 1122
208 1123
208 1124
208 1125
208 1126
208 1127
208 1128
208 1129
208 1130
208 1131
208 1132
208 1133
208 1134
208 1135
208 1136
208 1137
208 1138
208 1139
208 1140
208 1141
208 1142
208 1143
208 1144
208 1145
208 1146
208 1147
208 1148
208 1149
208 1150
208 1151
208 1152
208 1153
208 1154
208 1155
208 1156
208 1157
208 1158
208 1159
208 1160
208 1161
208 1162
208 1184
208 1236
208 1248
209 61
209 68
209 116
209 123
209 157
209 169
209 170
209 171
209 309
209 318
209 351
209 365
209 382
209 428
209 824
209 825
209 957
209 958
209 1019
209 1024
209 1078
209 1083
209 1163
209 1164
209 1165
209 1185
209 1186
209 1187
209 1188
209 1189
209 1190
209 1191
209 1192
209 1193
209 1194
209 1195
209 1196
209 1197
209 1198
209 1199
209 1200
209 1201
209 1202
209 1203
209 1204
209 1205
209 1206
209 1207
209 1208
209 1209
209 1210
209 1211
209 1212
209 1213
209 1214
209 1215
209 1216
209 1217
209 1218
209 1219
209 1220
209 1221
209 1222
209 1223
209 1224
209 1225
209 1226
209 1227
209 1228
209 1229
209 1230
209 1231
209 1232
209 1236
209 1248
210 61
210 68
210 116
210 123
210 158
210 159
210 161
210 167
210 168
210 309
210 318
210 351
210 365
210 381
210 429
210 823
210 824
210 958
210 959
210 1019
210 1024
210 1078
210 1083
210 1165
210 1185
210 1233
210 1234
210 1235
210 1236
210 1249
210 1250
210 1251
210 1252
210 1253
210 1254
210 1255
210 1256
210 1257
210 1258
210 1259
210 1260
210 1261
210 1262
210 1263
211 61
211 68
211 116
211 123
211 159
211 162
211 165
211 166
211 351
211 365
211 380
211 381
211 429
211 430
211 823
211 959
211 960
211 1020
211 1023
211 1078
211 1083
211 1165
211 1184
211 1236
211 1249
211 1264
211 1265
211 1266
211 1267
211 1268
211 1269
211 1270
211 1271
211 1272
211 1273
211 1274
211 1275
211 1276
211 1277
211 1278
211 1279
212 61
212 68
212 116
212 123
212 159
212 164
212 351
212 365
212 379
212 380
212 430
212 431
212 822
212 960
212 1020
212 1023
212 1078
212 1083
212 1165
212 1184
212 1236
212 1248
213 61
213 68
213 116
213 123
213 159
213 163
213 351
213 365
213 379
213 431
213 822
213 960
213 1020
213 1023
213 1078
213 1083
213 1165
213 1184
213 1236
213 1248
214 61
214 68
214 116
214 123
214 159
214 163
214 351
214 365
214 378
214 431
214 818
214 819
214 820
214 821
214 961
214 1078
214 1083
214 1166
214 1183
214 1236
214 1248
215 116
215 123
215 159
215 163
215 298
215 301
215 302
215 351
215 365
215 378
215 432
215 961
215 962
215 1166
215 1182
215 1183
215 1236
215 1248
216 116
216 123
216 159
216 163
216 297
216 301
216 351
216 365
216 378
216 432
216 634
216 635
216 962
216 963
216 1166
216 1182
216 1236
216 1248
217 116
217 123
217 159
217 163
217 297
217 300
217 351
217 365
217 377
217 433
217 818
217 819
217 963
217 964
217 1167
217 1181
217 1236
217 1248
218 116
218 123
218 159
218 163
218 298
218 299
218 300
218 351
218 365
218 377
218 433
218 817
218 818
218 964
218 965
218 1167
218 1181
218 1236
218 1248
219 159
219 163
219 351
219 365
219 377
219 434
219 816
219 817
219 965
219 966
219 1168
219 1169
219 1170
219 1171
219 1174
219 1175
219 1176
219 1177
219 1178
219 1179
219 1181
219 1235
219 1248
220 159
220 163
220 351
220 365
220 376
220 434
220 815
220 816
220 966
220 967
220 1172
220 1181
220 1235
220 1248
221 350
221 351
221 366
221 376
221 435
221 814
221 815
221 967
221 968
221 1172
221 1181
221 1235
221 1248
222 350
222 366
222 376
222 435
222 814
222 968
222 969
222 1172
222 1181
222 1235
222 1248
223 349
223 366
223 375
223 435
223 813
223 969
223 970
223 1172
223 1181
223 1235
223 1248
224 349
224 366
224 375
224 435
224 812
224 813
224 970
224 971
224 1172
224 1181
224 1235
224 1248
225 348
225 366
225 375
225 435
225 811
225 812
225 971
225 1083
225 1171
225 1181
225 1235
225 1248
226 348
226 366
226 375
226 435
226 810
226 811
226 972
226 1081
226 1082
226 1083
226 1171
226 1181
226 1235
226 1248
227 348
227 366
227 375
227 435
227 805
227 806
227 807
227 808
227 809
227 810
227 972
227 973
227 1171
227 1181
227 1235
227 1248
228 348
228 366
228 375
228 435
228 799
228 800
228 801
228 802
228 803
228 804
228 973
228 974
228 1171
228 1180
228 1235
228 1248
229 348
229 366
229 375
229 435
229 797
229 798
229 974
229 975
229 1171
229 1180
229 1235
229 1248
230 348
230 366
230 375
230 435
230 797
230 975
230 976
230 1171
230 1180
230 1235
230 1248
231 348
231 366
231 375
231 435
231 796
231 977
231 978
231 1171
231 1180
231 1235
231 1248
232 348
232 366
232 375
232 435
232 795
232 796
232 978
232 979
233 348
233 366
233 376
233 435
233 794
233 795
233 979
233 980
234 348
234 366
234 376
234 435
234 794
234 980
235 348
235 366
235 376
235 434
235 793
235 981
236 348
236 366
236 376
236 434
236 792
236 793
236 981
236 982
237 348
237 366
237 377
237 434
237 792
237 982
237 983
238 348
238 366
238 377
238 434
238 791
238 983
238 984
239 348
239 366
239 377
239 434
239 791
239 984
239 985
240 348
240 366
240 378
240 433
240 790
240 985
241 348
241 366
241 378
241 433
241 790
241 986
242 348
242 366
242 379
242 432
242 789
242 986
242 987
242 988
242 989
243 348
243 366
243 379
243 432
243 789
244 348
244 366
244 380
244 431
244 789
245 348
245 366
245 380
245 430
245 431
245 788
245 989
245 990
246 348
246 366
246 381
246 429
246 430
246 788
246 990
247 347
247 366
247 381
247 382
247 428
247 429
247 991
248 347
248 366
248 382
248 383
248 428
248 991
248 992
249 347
249 366
249 383
249 384
249 427
249 992
250 347
250 366
250 385
250 386
250 426
250 427
250 992
251 347
251 366
251 386
251 387
251 392
251 425
251 426
251 993
252 347
252 366
252 387
252 388
252 392
252 424
252 425
252 993
253 347
253 366
253 389
253 390
253 422
253 423
253 993
254 347
254 366
254 390
254 391
254 414
254 421
254 422
254 993
255 347
255 366
255 392
255 414
255 419
255 420
255 993
256 347
256 366
256 392
256 414
256 418
256 993
257 347
257 366
257 392
257 416
257 417
258 347
258 366
258 392
258 415
259 347
259 366
259 392
259 414
260 347
260 366
260 392
260 414
261 347
261 366
261 392
261 414
262 347
262 366
262 392
262 414
263 347
263 366
263 392
263 414
264 347
264 366
264 391
264 414
265 347
265 366
265 391
265 414
266 347
266 366
266 391
266 414
267 347
267 366
267 391
267 414
268 347
268 366
268 391
268 414
269 347
269 366
269 391
269 414
270 347
270 366
270 391
270 414
271 347
271 366
271 391
271 414
272 347
272 366
272 391
272 414
273 347
273 366
273 391
273 414
274 347
274 366
274 391
274 414
275 347
275 366
275 391
275 414
276 347
276 366
276 391
276 414
277 347
277 366
277 391
277 414
278 347
278 366
278 391
278 414
279 347
279 366
279 391
279 414
280 347
280 366
280 391
280 414
281 347
281 366
281 391
281 414
282 347
282 366
282 391
282 414
283 347
283 366
283 391
283 414
284 347
284 366
284 391
284 414
285 347
285 366
285 391
285 414
286 347
286 366
286 391
286 414
287 347
287 367
287 391
288 347
288 367
289 347
289 367
290 346
290 367
291 346
291 367
292 346
292 367
293 346
293 367
294 346
294 367
295 346
295 367
296 346
296 367
297 346
297 367
298 346
298 367
299 346
299 367
300 346
300 367
301 346
301 367
302 346
302 367
303 346
303 367
304 346
304 367
305 346
305 367
306 346
306 367
307 346
307 367
308 346
308 367
309 346
309 367
310 346
310 367
311 346
311 367
312 346
312 367
313 346
313 367
314 346
314 367
315 346
315 367
316 346
316 367
317 346
317 367
318 346
318 367
319 346
319 367
320 346
320 367
321 346
321 367
322 346
322 367
323 346
324 346
325 346
