0 1230
1 1230
2 1229
2 1230
3 1227
3 1228
4 1226
4 1227
5 1225
5 1226
6 1221
6 1222
6 1223
6 1224
7 1219
7 1220
8 1217
8 1218
9 1216
9 1217
10 1214
10 1215
11 1212
11 1213
11 1214
12 1211
13 1210
14 1210
15 1210
16 0
16 1
16 1207
16 1210
16 1228
16 1229
17 2
17 3
17 4
17 1205
17 1206
17 1208
17 1209
17 1210
17 1226
17 1227
17 1230
18 5
18 6
18 7
18 1204
18 1205
18 1225
18 1226
18 1230
18 1231
18 1238
19 8
19 9
19 1202
19 1203
19 1219
19 1220
19 1224
19 1225
19 1232
19 1233
19 1234
19 1235
19 1236
19 1237
19 1239
20 10
20 11
20 1201
20 1202
20 1217
20 1218
20 1219
20 1221
20 1222
20 1223
20 1240
21 12
21 13
21 1200
21 1201
21 1213
21 1214
21 1215
21 1216
21 1237
21 1238
22 14
22 15
22 1198
22 1199
22 1212
22 1234
22 1235
23 16
23 17
23 1197
23 1198
23 1211
23 1232
23 1233
24 18
24 19
24 20
24 21
24 1197
24 1210
24 1211
24 1232
25 22
25 23
25 1196
25 1208
25 1209
25 1231
26 24
26 25
26 1196
26 1206
26 1207
26 1231
27 25
27 1196
27 1205
27 1206
27 1231
28 26
28 1196
28 1197
28 1198
28 1199
28 1200
28 1201
28 1202
28 1203
28 1204
28 1205
28 1231
29 26
29 1231
30 27
30 49
30 50
30 51
30 52
30 1231
31 27
31 49
31 52
31 53
31 1229
31 1230
31 1231
32 28
32 48
32 53
32 54
32 1227
32 1228
33 28
33 47
33 48
33 54
33 55
33 1227
34 28
34 46
34 47
34 55
34 56
34 1226
35 28
35 46
35 56
35 57
35 1226
36 28
36 45
36 57
36 1225
37 28
37 32
37 33
37 34
37 35
37 36
37 44
37 45
37 58
37 1223
37 1224
38 29
38 30
38 31
38 37
38 43
38 44
38 58
38 59
38 1222
38 1223
39 37
39 43
39 59
39 60
39 1220
39 1221
40 38
40 42
40 60
40 1192
40 1193
40 1194
40 1195
40 1196
40 1197
40 1218
40 1219
41 38
41 41
41 42
41 61
41 1190
41 1191
41 1198
41 1199
41 1200
41 1201
41 1207
41 1216
41 1217
42 38
42 41
42 61
42 1189
42 1202
42 1206
42 1208
42 1216
43 39
43 40
43 61
43 1184
43 1185
43 1186
43 1187
43 1188
43 1203
43 1204
43 1205
43 1209
43 1210
43 1215
44 61
44 1182
44 1183
44 1211
44 1212
44 1213
44 1214
44 1215
45 62
45 1173
45 1174
45 1175
45 1176
45 1177
45 1178
45 1179
45 1180
45 1181
46 62
46 1171
46 1172
47 63
47 1162
47 1163
47 1164
47 1165
47 1166
47 1167
47 1170
47 1171
48 63
48 1160
48 1161
48 1168
48 1169
48 1170
49 63
49 1157
49 1158
49 1159
49 1160
50 64
50 1155
50 1156
51 64
51 1153
51 1154
52 64
52 1150
52 1151
52 1152
53 64
53 1144
53 1145
53 1146
53 1147
53 1148
53 1149
54 65
54 1140
54 1141
54 1142
54 1143
55 65
55 66
55 1134
55 1135
55 1136
55 1137
55 1138
55 1139
56 66
56 67
56 1128
56 1129
56 1130
56 1131
56 1132
56 1133
57 68
57 69
57 1126
57 1127
58 70
58 1126
59 70
59 1125
60 70
60 1125
61 69
61 1124
62 69
62 1124
63 69
63 70
63 71
63 1125
63 1160
63 1161
63 1162
63 1163
64 72
64 73
64 74
64 1125
64 1126
64 1127
64 1128
64 1151
64 1152
64 1153
64 1154
64 1155
64 1156
64 1157
64 1158
64 1159
65 75
65 76
65 1129
65 1130
65 1139
65 1140
65 1149
65 1150
65 1162
65 1163
66 77
66 1131
66 1132
66 1133
66 1134
66 1135
66 1136
66 1137
66 1138
66 1141
66 1142
66 1143
66 1144
66 1145
66 1146
66 1147
66 1148
66 1158
66 1159
67 77
67 1155
68 78
68 1154
69 78
69 1155
69 1156
70 78
70 1157
70 1158
71 78
71 1159
71 1160
71 1161
71 1162
71 1163
72 78
72 1164
73 78
73 1164
74 79
74 1164
75 79
75 1161
75 1162
75 1163
75 1164
76 79
76 1144
76 1145
76 1146
76 1147
76 1148
76 1149
76 1150
76 1151
76 1152
76 1153
76 1154
76 1155
76 1156
76 1157
76 1158
76 1159
76 1160
77 79
77 1142
77 1143
78 80
78 81
78 1135
78 1136
78 1137
78 1138
78 1139
78 1140
78 1141
79 82
79 83
79 84
79 296
79 297
79 1132
79 1133
79 1134
80 85
80 294
80 295
80 298
80 1130
80 1131
81 85
81 292
81 293
81 298
81 1129
81 1130
82 86
82 288
82 289
82 290
82 291
82 299
82 1121
82 1122
82 1127
82 1128
82 1129
83 86
83 87
83 252
83 253
83 254
83 255
83 256
83 284
83 285
83 286
83 287
83 299
83 1120
83 1123
83 1124
83 1125
83 1126
84 87
84 251
84 252
84 257
84 258
84 267
84 268
84 269
84 270
84 271
84 272
84 273
84 274
84 275
84 276
84 277
84 278
84 279
84 280
84 281
84 282
84 283
84 300
84 1119
85 87
85 251
85 259
85 266
85 300
85 1119
86 88
86 250
86 260
86 261
86 262
86 263
86 264
86 265
86 301
86 1119
87 88
87 117
87 118
87 209
87 230
87 231
87 232
87 250
87 302
87 303
87 304
87 305
87 306
87 307
87 308
87 309
87 310
87 311
87 383
87 384
87 400
87 401
87 402
87 403
87 404
87 405
87 406
87 1119
88 89
88 113
88 114
88 115
88 116
88 119
88 120
88 121
88 122
88 129
88 130
88 207
88 208
88 210
88 211
88 212
88 213
88 219
88 220
88 221
88 222
88 230
88 233
88 234
88 235
88 243
88 244
88 249
88 250
88 311
88 312
88 313
88 314
88 315
88 316
88 317
88 376
88 377
88 378
88 381
88 382
88 385
88 386
88 387
88 388
88 389
88 390
88 398
88 399
88 407
88 408
88 1119
89 89
89 101
89 102
89 103
89 104
89 105
89 106
89 107
89 108
89 109
89 110
89 111
89 112
89 123
89 124
89 125
89 126
89 127
89 128
89 131
89 132
89 133
89 134
89 140
89 141
89 142
89 143
89 206
89 207
89 214
89 215
89 216
89 217
89 218
89 223
89 224
89 229
89 236
89 237
89 238
89 239
89 240
89 241
89 242
89 245
89 248
89 249
89 318
89 319
89 320
89 321
89 374
89 375
89 378
89 379
89 380
89 391
89 392
89 393
89 394
89 395
89 396
89 397
89 408
89 409
89 1119
89 1160
89 1161
90 90
90 99
90 100
90 135
90 136
90 137
90 138
90 139
90 143
90 144
90 206
90 225
90 226
90 227
90 228
90 246
90 247
90 248
90 322
90 323
90 324
90 325
90 326
90 366
90 367
90 373
90 374
90 409
90 410
90 1120
90 1121
90 1122
90 1123
90 1159
91 90
91 99
91 144
91 165
91 166
91 167
91 168
91 169
91 202
91 203
91 204
91 205
91 327
91 328
91 329
91 363
91 364
91 365
91 368
91 369
91 370
91 373
91 410
91 411
91 694
91 695
91 696
91 697
91 698
91 699
91 700
91 701
91 702
91 703
91 704
91 705
91 706
91 707
91 708
91 709
91 710
91 711
91 712
91 713
91 714
91 715
91 716
91 717
91 718
91 719
91 720
91 721
91 722
91 723
91 724
91 725
91 726
91 727
91 728
91 729
91 730
91 731
91 732
91 733
91 734
91 735
91 736
91 737
91 738
91 739
91 740
91 741
91 742
91 743
91 744
91 745
91 746
91 747
91 748
91 749
91 750
91 751
91 752
91 753
91 754
91 755
91 756
91 757
91 758
91 759
91 760
91 761
91 762
91 763
91 764
91 765
91 766
91 767
91 768
91 769
91 770
91 771
91 772
91 773
91 774
91 775
91 776
91 777
91 778
91 779
91 780
91 781
91 782
91 783
91 784
91 785
91 786
91 787
91 1124
91 1159
91 1161
92 90
92 98
92 145
92 153
92 154
92 155
92 156
92 157
92 158
92 159
92 160
92 161
92 162
92 163
92 164
92 170
92 171
92 201
92 330
92 362
92 371
92 411
92 412
92 693
92 788
92 1124
92 1159
92 1161
93 90
93 97
93 98
93 145
93 146
93 147
93 148
93 149
93 150
93 151
93 152
93 171
93 172
93 200
93 331
93 339
93 340
93 341
93 362
93 412
93 413
93 692
93 788
93 1124
93 1159
93 1161
94 90
94 97
94 172
94 173
94 200
94 331
94 336
94 337
94 338
94 342
94 343
94 362
94 413
94 692
94 788
94 858
94 859
94 860
94 861
94 866
94 867
94 1123
95 90
95 96
95 173
95 174
95 200
95 331
95 334
95 335
95 343
95 363
95 414
95 459
95 692
95 788
95 857
95 858
95 862
95 863
95 864
95 865
95 1123
95 1142
96 91
96 96
96 175
96 176
96 200
96 331
96 333
96 344
96 363
96 414
96 415
96 416
96 417
96 418
96 419
96 420
96 421
96 422
96 423
96 424
96 425
96 426
96 427
96 428
96 457
96 458
96 460
96 692
96 788
96 857
96 867
96 1124
96 1140
96 1141
96 1143
96 1144
96 1145
97 91
97 95
97 176
97 177
97 200
97 344
97 362
97 363
97 429
97 430
97 456
97 457
97 460
97 692
97 788
97 866
97 1124
97 1125
97 1126
97 1127
97 1128
97 1129
97 1130
97 1131
97 1132
97 1139
97 1140
97 1146
97 1158
97 1159
98 91
98 94
98 95
98 177
98 178
98 200
98 344
98 360
98 361
98 431
98 432
98 433
98 454
98 455
98 461
98 692
98 788
98 855
98 856
98 867
98 871
98 872
98 873
98 874
98 1133
98 1134
98 1135
98 1136
98 1137
98 1138
98 1147
98 1152
98 1153
98 1154
98 1155
98 1156
98 1157
98 1158
99 91
99 94
99 178
99 179
99 180
99 181
99 190
99 200
99 345
99 358
99 359
99 434
99 435
99 453
99 454
99 461
99 462
99 480
99 481
99 482
99 483
99 484
99 692
99 788
99 854
99 855
99 867
99 868
99 869
99 870
99 874
99 1117
99 1118
99 1119
99 1120
99 1121
99 1122
99 1123
99 1147
99 1148
99 1149
99 1150
99 1151
99 1160
100 92
100 93
100 182
100 183
100 184
100 185
100 186
100 187
100 188
100 189
100 191
100 198
100 199
100 345
100 346
100 356
100 357
100 436
100 437
100 438
100 452
100 453
100 462
100 463
100 474
100 475
100 476
100 477
100 478
100 479
100 485
100 486
100 692
100 788
100 854
100 874
100 886
100 887
100 888
100 889
100 1115
100 1116
100 1124
100 1125
100 1126
100 1127
100 1160
100 1161
100 1166
100 1167
100 1168
101 191
101 197
101 198
101 347
101 348
101 349
101 354
101 355
101 439
101 440
101 452
101 463
101 464
101 465
101 466
101 467
101 468
101 469
101 470
101 471
101 472
101 473
101 487
101 488
101 692
101 788
101 854
101 873
101 874
101 885
101 886
101 889
101 907
101 908
101 909
101 910
101 911
101 912
101 920
101 921
101 1114
101 1115
101 1128
101 1129
101 1130
101 1131
101 1132
101 1133
101 1134
101 1135
101 1161
101 1162
101 1165
101 1166
101 1168
102 192
102 196
102 350
102 351
102 352
102 353
102 440
102 441
102 451
102 488
102 489
102 692
102 788
102 855
102 856
102 873
102 883
102 884
102 889
102 905
102 906
102 913
102 914
102 918
102 919
102 922
102 923
102 1110
102 1111
102 1112
102 1113
102 1136
102 1137
102 1138
102 1163
102 1164
102 1165
102 1169
103 192
103 196
103 441
103 442
103 451
103 489
103 490
103 692
103 788
103 857
103 873
103 876
103 877
103 878
103 883
103 889
103 903
103 904
103 915
103 916
103 917
103 924
103 925
103 926
103 927
103 960
103 1108
103 1109
103 1139
103 1140
103 1141
103 1169
104 192
104 196
104 443
104 444
104 451
104 491
104 492
104 692
104 788
104 857
104 873
104 874
104 875
104 879
104 880
104 881
104 882
104 888
104 901
104 902
104 928
104 929
104 930
104 931
104 932
104 944
104 956
104 957
104 958
104 959
104 961
104 1108
104 1142
104 1143
104 1144
104 1145
104 1146
104 1147
104 1170
105 192
105 194
105 195
105 196
105 444
105 445
105 450
105 493
105 494
105 692
105 788
105 857
105 872
105 889
105 898
105 899
105 900
105 933
105 934
105 940
105 941
105 942
105 943
105 945
105 946
105 954
105 955
105 961
105 1107
105 1148
105 1149
105 1157
105 1158
105 1159
105 1160
105 1161
105 1170
106 445
106 446
106 450
106 494
106 495
106 692
106 788
106 837
106 838
106 839
106 857
106 889
106 890
106 896
106 897
106 935
106 936
106 939
106 946
106 947
106 948
106 949
106 950
106 951
106 952
106 953
106 954
106 961
106 1106
106 1150
106 1151
106 1152
106 1153
106 1154
106 1155
106 1156
106 1162
106 1163
106 1170
107 446
107 447
107 448
107 449
107 495
107 496
107 692
107 788
107 836
107 839
107 856
107 857
107 890
107 896
107 936
107 937
107 939
107 961
107 1105
107 1164
107 1165
107 1169
107 1170
108 496
108 497
108 692
108 788
108 835
108 840
108 848
108 856
108 890
108 895
108 937
108 938
108 961
108 1106
108 1166
108 1167
108 1168
108 1169
109 498
109 692
109 788
109 834
109 835
109 841
109 842
109 846
109 847
109 849
109 850
109 855
109 890
109 895
109 962
109 1107
109 1108
109 1109
109 1110
109 1111
109 1112
109 1113
110 499
110 692
110 788
110 833
110 834
110 843
110 844
110 845
110 850
110 855
110 890
110 894
110 963
110 964
110 1114
110 1115
111 499
111 500
111 692
111 788
111 833
111 851
111 854
111 889
111 894
111 965
111 966
111 967
111 968
111 969
111 970
111 1116
111 1117
111 1118
111 1119
111 1120
111 1121
111 1122
111 1123
112 500
112 501
112 692
112 788
112 832
112 852
112 853
112 854
112 889
112 893
112 970
112 971
112 1124
112 1125
113 501
113 502
113 692
113 788
113 832
113 889
113 893
113 971
113 972
113 973
113 1125
113 1126
113 1127
113 1128
113 1129
113 1130
114 502
114 503
114 692
114 788
114 833
114 889
114 892
114 974
114 1130
114 1131
115 503
115 504
115 510
115 692
115 788
115 833
115 834
115 889
115 892
115 975
115 976
115 977
115 978
115 979
115 980
115 981
115 982
115 983
115 984
115 991
115 1131
115 1132
115 1133
115 1134
115 1135
116 504
116 505
116 506
116 507
116 508
116 509
116 511
116 692
116 788
116 825
116 834
116 835
116 836
116 837
116 838
116 888
116 892
116 899
116 900
116 901
116 985
116 986
116 987
116 988
116 989
116 990
116 992
116 993
116 1136
116 1137
116 1143
116 1144
117 512
117 692
117 788
117 824
117 826
117 827
117 839
117 840
117 888
117 889
117 890
117 891
117 892
117 894
117 895
117 896
117 897
117 898
117 902
117 903
117 993
117 994
117 1137
117 1138
117 1142
117 1143
118 512
118 692
118 788
118 823
118 827
118 828
118 829
118 830
118 831
118 832
118 840
118 887
118 891
118 892
118 893
118 904
118 905
118 994
118 995
118 1138
118 1139
118 1140
118 1141
118 1142
118 1144
119 512
119 692
119 788
119 824
119 833
119 840
119 887
119 889
119 906
119 995
119 996
119 1144
120 512
120 692
120 788
120 834
120 840
120 907
120 908
120 996
120 997
120 1143
120 1144
121 512
121 692
121 788
121 821
121 822
121 834
121 835
121 839
121 909
121 998
121 999
121 1000
121 1001
121 1143
122 513
122 646
122 647
122 692
122 788
122 820
122 821
122 835
122 836
122 840
122 910
122 1002
122 1003
122 1142
123 513
123 645
123 692
123 788
123 820
123 836
123 840
123 841
123 842
123 843
123 911
123 912
123 1003
123 1004
123 1142
123 1173
123 1174
123 1175
124 514
124 644
124 647
124 692
124 788
124 819
124 837
124 843
124 913
124 914
124 915
124 1004
124 1005
124 1010
124 1142
124 1159
124 1160
124 1161
124 1173
124 1175
125 514
125 644
125 647
125 692
125 788
125 819
125 837
125 838
125 839
125 841
125 842
125 843
125 916
125 917
125 1006
125 1007
125 1008
125 1009
125 1011
125 1012
125 1142
125 1158
125 1159
125 1161
125 1162
125 1163
125 1164
125 1165
125 1171
125 1172
125 1176
126 515
126 644
126 647
126 692
126 789
126 819
126 917
126 1012
126 1013
126 1142
126 1156
126 1157
126 1166
126 1167
126 1168
126 1169
126 1170
126 1176
127 516
127 644
127 647
127 692
127 790
127 819
127 838
127 917
127 1013
127 1014
127 1142
127 1155
127 1156
127 1177
128 516
128 644
128 647
128 692
128 790
128 819
128 839
128 841
128 918
128 1014
128 1142
128 1154
128 1177
129 516
129 644
129 647
129 692
129 790
129 819
129 839
129 841
129 918
129 1015
129 1143
129 1153
129 1177
130 517
130 644
130 647
130 693
130 790
130 819
130 919
130 920
130 1015
130 1143
130 1144
130 1145
130 1146
130 1147
130 1148
130 1149
130 1150
130 1151
130 1152
130 1178
131 515
131 644
131 647
131 693
131 790
131 820
131 921
131 922
131 1015
131 1179
131 1180
132 515
132 644
132 647
132 693
132 791
132 821
132 822
132 923
132 924
132 925
132 1015
132 1181
132 1182
133 515
133 516
133 518
133 519
133 520
133 644
133 647
133 693
133 791
133 811
133 822
133 823
133 824
133 926
133 927
133 928
133 1015
133 1179
134 521
134 644
134 647
134 693
134 791
134 808
134 809
134 810
134 812
134 813
134 822
134 928
134 1015
134 1177
134 1178
135 522
135 644
135 647
135 693
135 806
135 807
135 813
135 814
135 822
135 823
135 824
135 928
135 1015
135 1173
135 1174
135 1175
135 1176
136 644
136 647
136 693
136 806
136 814
136 821
136 822
136 927
136 1015
136 1171
136 1172
137 519
137 520
137 521
137 644
137 648
137 693
137 792
137 793
137 794
137 795
137 796
137 805
137 815
137 819
137 820
137 927
137 1015
137 1060
137 1061
137 1062
137 1063
137 1064
137 1170
137 1171
138 517
138 518
138 644
138 648
138 649
138 650
138 691
138 692
138 693
138 797
138 798
138 805
138 816
138 817
138 818
138 819
138 927
138 1015
138 1058
138 1059
138 1065
138 1066
138 1163
138 1170
139 517
139 527
139 528
139 529
139 530
139 643
139 644
139 647
139 650
139 691
139 799
139 800
139 801
139 805
139 927
139 1015
139 1056
139 1057
139 1067
139 1068
139 1069
139 1076
139 1077
139 1078
139 1079
139 1080
139 1081
139 1082
139 1083
139 1084
139 1085
139 1086
139 1087
139 1088
139 1160
139 1161
139 1162
139 1164
139 1170
140 518
140 519
140 520
140 525
140 526
140 531
140 641
140 642
140 644
140 647
140 651
140 652
140 653
140 690
140 693
140 802
140 803
140 804
140 927
140 1015
140 1053
140 1054
140 1055
140 1070
140 1071
140 1075
140 1089
140 1090
140 1156
140 1157
140 1158
140 1159
140 1164
140 1170
141 521
141 522
141 523
141 524
141 525
141 531
141 639
141 640
141 644
141 647
141 654
141 655
141 669
141 670
141 690
141 693
141 927
141 1015
141 1052
141 1072
141 1073
141 1074
141 1091
141 1092
141 1093
141 1153
141 1154
141 1155
141 1165
141 1171
142 531
142 638
142 644
142 647
142 656
142 657
142 658
142 668
142 671
142 672
142 673
142 674
142 675
142 676
142 677
142 678
142 679
142 680
142 681
142 689
142 693
142 926
142 1014
142 1051
142 1094
142 1095
142 1096
142 1097
142 1151
142 1152
142 1165
142 1171
143 531
143 637
143 644
143 647
143 659
143 660
143 667
143 682
143 683
143 689
143 693
143 926
143 1013
143 1014
143 1050
143 1051
143 1098
143 1099
143 1100
143 1122
143 1149
143 1150
143 1166
143 1167
143 1168
143 1169
143 1170
143 1171
144 532
144 636
144 637
144 644
144 647
144 661
144 662
144 663
144 664
144 665
144 666
144 667
144 684
144 685
144 688
144 689
144 693
144 926
144 1012
144 1013
144 1049
144 1050
144 1101
144 1102
144 1103
144 1104
144 1120
144 1121
144 1123
144 1124
144 1146
144 1147
144 1148
145 533
145 635
145 636
145 644
145 647
145 685
145 688
145 693
145 926
145 1012
145 1048
145 1049
145 1105
145 1106
145 1107
145 1108
145 1109
145 1110
145 1111
145 1118
145 1119
145 1120
145 1124
145 1125
145 1132
145 1133
145 1134
145 1135
145 1143
145 1144
145 1145
146 533
146 635
146 644
146 647
146 686
146 687
146 693
146 927
146 1011
146 1013
146 1018
146 1019
146 1020
146 1048
146 1112
146 1113
146 1114
146 1115
146 1116
146 1117
146 1126
146 1127
146 1128
146 1129
146 1130
146 1131
146 1136
146 1137
146 1138
146 1139
146 1140
146 1141
146 1142
147 534
147 635
147 644
147 647
147 693
147 928
147 1011
147 1012
147 1016
147 1017
147 1021
147 1022
147 1047
148 534
148 644
148 647
148 693
148 929
148 1011
148 1012
148 1013
148 1014
148 1015
148 1023
148 1024
148 1025
148 1047
149 535
149 634
149 644
149 647
149 693
149 929
149 1009
149 1010
149 1026
149 1027
149 1044
149 1045
149 1046
149 1138
149 1139
150 535
150 536
150 537
150 538
150 539
150 540
150 541
150 633
150 644
150 647
150 693
150 929
150 1008
150 1028
150 1029
150 1043
150 1134
150 1135
150 1136
150 1137
151 542
151 543
151 617
151 618
151 619
151 633
151 644
151 647
151 693
151 929
151 1007
151 1029
151 1030
151 1042
151 1130
151 1131
151 1132
151 1133
152 543
152 544
152 564
152 565
152 566
152 616
152 617
152 620
152 621
152 631
152 632
152 644
152 647
152 693
152 929
152 1008
152 1030
152 1042
152 1127
152 1128
152 1129
153 544
153 563
153 567
153 615
153 621
153 629
153 630
153 631
153 644
153 647
153 693
153 929
153 1009
153 1030
153 1041
153 1126
154 544
154 562
154 567
154 614
154 622
154 628
154 644
154 647
154 693
154 929
154 930
154 931
154 932
154 933
154 934
154 935
154 936
154 1010
154 1030
154 1041
154 1124
154 1125
155 544
155 563
155 564
155 567
155 614
155 623
155 624
155 625
155 628
155 644
155 647
155 693
155 936
155 1009
155 1031
155 1036
155 1037
155 1038
155 1041
155 1123
156 544
156 565
156 612
156 613
156 626
156 627
156 644
156 647
156 693
156 937
156 1008
156 1031
156 1034
156 1035
156 1039
156 1040
156 1041
156 1122
157 545
157 565
157 588
157 589
157 590
157 612
157 644
157 647
157 693
157 937
157 1005
157 1006
157 1007
157 1032
157 1033
157 1034
157 1121
158 546
158 547
158 562
158 563
158 588
158 590
158 591
158 592
158 593
158 594
158 595
158 611
158 644
158 647
158 693
158 938
158 1001
158 1002
158 1003
158 1004
158 1120
159 548
159 549
159 553
159 554
159 555
159 556
159 557
159 558
159 559
159 560
159 561
159 564
159 568
159 569
159 570
159 571
159 572
159 573
159 574
159 575
159 576
159 577
159 578
159 579
159 580
159 581
159 582
159 583
159 584
159 585
159 586
159 587
159 588
159 596
159 611
159 644
159 647
159 693
159 938
159 1000
159 1118
159 1119
160 551
160 552
160 597
160 607
160 608
160 609
160 610
160 644
160 647
160 693
160 939
160 999
160 1000
160 1001
160 1117
161 549
161 550
161 597
161 598
161 599
161 600
161 601
161 602
161 603
161 604
161 605
161 606
161 610
161 645
161 647
161 649
161 650
161 693
161 939
161 1002
161 1003
161 1004
161 1005
161 1116
162 549
162 610
162 644
162 650
162 651
162 693
162 940
162 1006
162 1007
162 1008
162 1114
162 1115
163 548
163 609
163 644
163 651
163 652
163 693
163 940
163 1009
163 1010
163 1011
163 1113
164 548
164 610
164 634
164 635
164 636
164 637
164 643
164 652
164 693
164 941
164 1012
164 1013
164 1111
164 1112
165 549
165 610
165 633
165 638
165 639
165 640
165 641
165 642
165 643
165 652
165 693
165 941
165 1013
165 1109
165 1110
166 549
166 611
166 612
166 632
166 652
166 693
166 941
166 1013
166 1108
167 549
167 632
167 652
167 693
167 942
167 1014
167 1107
168 549
168 612
168 632
168 633
168 634
168 652
168 694
168 695
168 696
168 697
168 698
168 699
168 700
168 701
168 702
168 703
168 704
168 705
168 706
168 707
168 942
168 1014
168 1105
168 1106
169 550
169 611
169 631
169 635
169 651
169 706
169 942
169 1014
169 1104
170 611
170 630
170 635
170 651
170 706
170 711
170 942
170 1103
171 550
171 594
171 595
171 596
171 603
171 604
171 605
171 606
171 607
171 608
171 611
171 630
171 635
171 644
171 650
171 706
171 711
171 942
171 1101
171 1102
172 550
172 592
172 593
172 597
172 598
172 602
172 609
172 630
172 635
172 643
172 645
172 646
172 649
172 650
172 706
172 711
172 943
172 1100
173 591
173 592
173 598
173 599
173 601
173 610
173 611
173 630
173 636
173 643
173 645
173 647
173 706
173 711
173 943
173 1099
174 550
174 566
174 567
174 568
174 569
174 570
174 571
174 572
174 573
174 574
174 575
174 576
174 577
174 578
174 579
174 580
174 581
174 582
174 583
174 584
174 585
174 586
174 587
174 588
174 589
174 590
174 591
174 599
174 617
174 618
174 619
174 630
174 636
174 638
174 639
174 640
174 641
174 642
174 645
174 647
174 706
174 711
174 943
174 1098
175 550
175 600
175 601
175 613
175 615
175 616
175 620
175 621
175 630
175 635
175 644
175 647
175 706
175 711
175 943
175 1096
175 1097
176 549
176 570
176 571
176 572
176 577
176 578
176 579
176 590
176 614
176 622
176 623
176 624
176 625
176 626
176 630
176 635
176 644
176 647
176 706
176 711
176 942
176 1095
177 549
177 558
177 559
177 560
177 561
177 570
177 573
177 576
177 579
177 591
177 613
177 627
177 628
177 629
177 630
177 631
177 632
177 633
177 634
177 635
177 636
177 637
177 641
177 642
177 643
177 644
177 706
177 711
177 942
177 1094
178 525
178 526
178 549
178 563
178 564
178 570
178 573
178 576
178 579
178 591
178 601
178 613
178 638
178 639
178 640
178 644
178 706
178 711
178 941
178 1092
178 1093
179 524
179 527
179 548
179 562
179 565
179 566
179 570
179 573
179 576
179 579
179 601
179 613
179 644
179 706
179 711
179 941
179 1091
180 433
180 434
180 435
180 496
180 497
180 498
180 523
180 527
180 543
180 547
180 548
180 550
180 551
180 559
180 560
180 567
180 570
180 573
180 576
180 579
180 584
180 585
180 586
180 587
180 588
180 589
180 590
180 591
180 594
180 601
180 605
180 606
180 607
180 613
180 644
180 706
180 711
180 942
180 943
180 1090
181 432
181 436
181 495
181 499
181 523
181 527
181 536
181 537
181 538
181 539
181 540
181 541
181 546
181 547
181 552
181 553
181 554
181 558
181 559
181 567
181 570
181 574
181 582
181 583
181 592
181 593
181 601
181 603
181 604
181 607
181 609
181 610
181 611
181 612
181 644
181 706
181 711
181 944
182 431
182 437
182 470
182 471
182 472
182 473
182 474
182 475
182 476
182 477
182 478
182 479
182 480
182 495
182 499
182 523
182 527
182 530
182 531
182 532
182 533
182 534
182 535
182 543
182 544
182 545
182 555
182 558
182 568
182 579
182 582
182 593
182 601
182 605
182 606
182 607
182 609
182 644
182 706
182 711
182 945
182 946
183 431
183 438
183 458
183 459
183 460
183 461
183 462
183 463
183 464
183 465
183 466
183 467
183 468
183 469
183 481
183 482
183 495
183 499
183 523
183 528
183 529
183 543
183 557
183 568
183 579
183 594
183 601
183 609
183 610
183 611
183 614
183 615
183 632
183 633
183 634
183 644
183 647
183 706
183 710
183 947
184 431
184 438
184 456
184 457
184 482
184 483
184 495
184 499
184 519
184 520
184 521
184 522
184 528
184 542
184 557
184 568
184 579
184 580
184 594
184 600
184 616
184 617
184 632
184 634
184 635
184 644
184 647
184 703
184 704
184 705
184 706
184 710
184 946
185 241
185 242
185 243
185 244
185 245
185 246
185 431
185 438
185 455
185 456
185 483
185 484
185 495
185 499
185 513
185 514
185 515
185 516
185 517
185 518
185 523
185 527
185 542
185 557
185 568
185 579
185 594
185 599
185 600
185 617
185 631
185 636
185 637
185 644
185 647
185 705
185 706
185 710
185 944
185 945
186 240
186 247
186 430
186 438
186 454
186 455
186 484
186 495
186 499
186 508
186 509
186 510
186 511
186 512
186 523
186 527
186 541
186 557
186 577
186 578
186 579
186 594
186 598
186 599
186 617
186 631
186 637
186 638
186 644
186 647
186 706
186 710
186 943
187 239
187 247
187 430
187 438
187 453
187 454
187 485
187 495
187 501
187 502
187 503
187 504
187 505
187 506
187 507
187 524
187 528
187 541
187 558
187 598
187 617
187 638
187 639
187 640
187 644
187 647
187 706
187 710
187 942
188 239
188 247
188 430
188 438
188 452
188 453
188 485
188 486
188 500
188 524
188 528
188 540
188 558
188 597
188 617
188 641
188 642
188 647
188 706
188 710
188 943
189 239
189 247
189 430
189 439
189 451
189 452
189 486
189 487
189 489
189 490
189 491
189 492
189 493
189 494
189 495
189 499
189 524
189 528
189 539
189 540
189 558
189 597
189 617
189 643
189 647
189 706
189 710
189 944
189 945
190 239
190 247
190 430
190 439
190 450
190 451
190 487
190 495
190 500
190 524
190 558
190 595
190 648
190 705
190 710
190 946
191 239
191 247
191 430
191 439
191 445
191 446
191 449
191 450
191 488
191 495
191 500
191 524
191 644
191 649
191 650
191 705
191 710
191 947
192 239
192 247
192 426
192 427
192 428
192 429
192 441
192 442
192 443
192 448
192 449
192 488
192 489
192 495
192 500
192 644
192 647
192 651
192 652
192 653
192 705
192 710
192 761
192 947
193 239
193 247
193 411
193 412
193 413
193 414
193 415
193 416
193 417
193 418
193 419
193 420
193 421
193 422
193 423
193 424
193 425
193 430
193 431
193 440
193 446
193 447
193 489
193 495
193 500
193 644
193 647
193 654
193 655
193 659
193 660
193 705
193 710
193 759
194 238
194 247
194 400
194 401
194 402
194 403
194 404
194 405
194 406
194 407
194 408
194 409
194 410
194 431
194 439
194 445
194 489
194 495
194 647
194 656
194 657
194 658
194 661
194 705
194 710
195 238
195 247
195 277
195 278
195 279
195 280
195 281
195 282
195 390
195 391
195 392
195 393
195 394
195 395
195 396
195 397
195 398
195 399
195 431
195 439
195 444
195 490
195 491
195 492
195 493
195 494
195 501
195 661
195 705
195 708
195 709
195 710
195 752
195 753
195 754
195 758
195 760
195 761
196 247
196 262
196 263
196 264
196 265
196 266
196 267
196 268
196 269
196 270
196 271
196 272
196 273
196 274
196 275
196 276
196 283
196 284
196 285
196 380
196 381
196 382
196 383
196 384
196 385
196 386
196 387
196 388
196 389
196 431
196 439
196 444
196 495
196 500
196 657
196 662
196 663
196 705
196 746
196 747
196 752
196 754
196 755
196 756
196 757
196 779
196 780
196 781
197 248
197 249
197 250
197 251
197 252
197 253
197 254
197 255
197 256
197 257
197 258
197 259
197 260
197 261
197 286
197 287
197 288
197 289
197 369
197 370
197 371
197 372
197 373
197 374
197 375
197 376
197 377
197 378
197 379
197 431
197 439
197 444
197 489
197 495
197 500
197 657
197 664
197 665
197 666
197 705
197 711
197 746
197 752
197 759
197 777
197 778
197 782
198 235
198 236
198 237
198 247
198 248
198 290
198 291
198 292
198 358
198 359
198 360
198 361
198 362
198 363
198 364
198 365
198 366
198 367
198 368
198 431
198 439
198 444
198 489
198 495
198 500
198 657
198 661
198 667
198 668
198 705
198 711
198 752
198 760
198 761
198 762
198 765
198 773
198 774
198 775
198 776
198 782
199 221
199 222
199 223
199 224
199 225
199 226
199 227
199 228
199 229
199 230
199 231
199 232
199 233
199 234
199 293
199 294
199 348
199 349
199 350
199 351
199 352
199 353
199 354
199 355
199 356
199 357
199 431
199 439
199 443
199 444
199 489
199 657
199 661
199 669
199 670
199 671
199 705
199 711
199 747
199 752
199 763
199 766
199 767
199 771
199 772
199 779
199 780
199 781
199 782
199 946
200 214
200 215
200 216
200 217
200 218
200 219
200 220
200 295
200 296
200 337
200 338
200 339
200 340
200 341
200 342
200 343
200 344
200 345
200 346
200 347
200 418
200 419
200 420
200 421
200 431
200 441
200 442
200 443
200 489
200 657
200 661
200 672
200 673
200 674
200 705
200 711
200 747
200 752
200 763
200 768
200 770
200 771
200 777
200 778
200 945
200 946
201 212
201 213
201 296
201 297
201 327
201 328
201 329
201 330
201 331
201 332
201 333
201 334
201 335
201 336
201 411
201 412
201 413
201 414
201 415
201 416
201 417
201 422
201 427
201 428
201 429
201 430
201 440
201 489
201 657
201 661
201 675
201 676
201 677
201 705
201 711
201 747
201 752
201 763
201 770
201 775
201 776
201 945
202 211
202 212
202 298
202 299
202 315
202 316
202 317
202 318
202 319
202 320
202 321
202 322
202 323
202 324
202 325
202 326
202 400
202 401
202 402
202 410
202 422
202 427
202 431
202 440
202 489
202 661
202 678
202 679
202 705
202 711
202 747
202 752
202 763
202 769
202 773
202 774
202 934
202 935
202 936
202 937
202 938
202 944
203 209
203 210
203 299
203 300
203 302
203 303
203 304
203 305
203 306
203 307
203 308
203 309
203 310
203 311
203 312
203 313
203 314
203 389
203 390
203 391
203 392
203 393
203 394
203 395
203 396
203 397
203 398
203 399
203 403
203 409
203 423
203 427
203 432
203 440
203 489
203 660
203 680
203 681
203 682
203 705
203 711
203 747
203 752
203 763
203 770
203 771
203 772
203 773
203 933
203 939
203 940
203 941
203 942
203 943
203 1074
203 1075
203 1076
203 1077
203 1078
203 1079
203 1080
203 1081
203 1082
203 1084
204 208
204 209
204 300
204 301
204 384
204 385
204 386
204 387
204 388
204 404
204 409
204 432
204 440
204 489
204 683
204 684
204 685
204 705
204 711
204 747
204 752
204 763
204 770
204 932
204 1071
204 1072
204 1073
205 207
205 208
205 301
205 302
205 373
205 374
205 375
205 376
205 383
205 405
205 409
205 432
205 440
205 489
205 686
205 687
205 705
205 711
205 747
205 752
205 763
205 769
205 932
205 1069
205 1070
206 206
206 207
206 302
206 303
206 304
206 360
206 361
206 362
206 363
206 364
206 365
206 366
206 367
206 368
206 369
206 370
206 371
206 372
206 377
206 382
206 432
206 440
206 489
206 688
206 689
206 690
206 705
206 711
206 747
206 752
206 763
206 768
206 933
206 1068
207 204
207 205
207 305
207 306
207 347
207 348
207 349
207 350
207 351
207 352
207 353
207 354
207 355
207 356
207 357
207 358
207 359
207 378
207 382
207 691
207 692
207 705
207 711
207 747
207 752
207 763
207 768
207 934
207 935
207 1063
207 1064
207 1065
207 1067
208 203
208 204
208 306
208 307
208 341
208 342
208 343
208 344
208 345
208 346
208 378
208 669
208 670
208 671
208 693
208 694
208 695
208 705
208 711
208 747
208 752
208 763
208 768
208 936
208 937
208 1060
208 1061
208 1062
208 1063
208 1065
208 1066
208 1067
209 201
209 202
209 307
209 308
209 309
209 330
209 331
209 332
209 340
209 672
209 673
209 696
209 697
209 705
209 711
209 747
209 752
209 764
209 769
209 937
209 938
209 1059
210 200
210 201
210 310
210 311
210 312
210 313
210 320
210 321
210 322
210 323
210 324
210 325
210 326
210 327
210 328
210 329
210 333
210 339
210 674
210 698
210 699
210 700
210 704
210 705
210 711
210 747
210 752
210 764
210 769
210 770
210 928
210 929
210 938
210 1058
211 198
211 199
211 314
211 315
211 316
211 317
211 318
211 319
211 333
211 339
211 674
211 701
211 702
211 703
211 704
211 705
211 711
211 747
211 752
211 764
211 770
211 927
211 930
211 931
211 938
211 1055
211 1056
211 1057
211 1058
212 188
212 189
212 190
212 191
212 192
212 193
212 194
212 195
212 197
212 198
212 333
212 339
212 678
212 679
212 680
212 711
212 747
212 753
212 764
212 770
212 927
212 932
212 933
212 934
212 938
212 1054
213 187
213 197
213 678
213 681
213 706
213 711
213 746
213 753
213 764
213 929
213 935
213 1054
214 176
214 177
214 178
214 179
214 180
214 181
214 182
214 183
214 184
214 185
214 186
214 196
214 319
214 678
214 682
214 707
214 708
214 709
214 711
214 746
214 753
214 764
214 772
214 773
214 774
214 775
214 776
214 930
214 931
214 932
214 936
214 1054
215 163
215 164
215 165
215 166
215 167
215 168
215 169
215 170
215 171
215 172
215 173
215 174
215 175
215 195
215 196
215 319
215 682
215 711
215 712
215 746
215 753
215 764
215 771
215 934
215 935
215 938
215 1054
216 150
216 151
216 152
216 153
216 154
216 155
216 156
216 157
216 158
216 159
216 160
216 161
216 162
216 193
216 194
216 320
216 682
216 712
216 713
216 714
216 746
216 753
216 764
216 770
216 775
216 776
216 938
216 1041
216 1042
216 1043
216 1044
216 1045
216 1051
216 1052
216 1053
217 138
217 139
217 140
217 141
217 142
217 143
217 144
217 145
217 146
217 147
217 148
217 149
217 192
217 193
217 320
217 715
217 716
217 746
217 753
217 764
217 770
217 773
217 774
217 938
217 1041
217 1046
217 1047
217 1048
217 1049
217 1050
218 125
218 126
218 127
218 128
218 129
218 130
218 131
218 132
218 133
218 134
218 135
218 136
218 137
218 191
218 192
218 320
218 687
218 688
218 689
218 717
218 718
218 719
218 746
218 753
218 764
218 771
218 772
218 773
218 937
218 1040
219 112
219 113
219 114
219 115
219 116
219 117
219 118
219 119
219 120
219 121
219 122
219 123
219 124
219 190
219 191
219 321
219 686
219 690
219 691
219 720
219 721
219 746
219 753
219 764
219 937
219 1040
220 99
220 100
220 101
220 102
220 103
220 104
220 105
220 106
220 107
220 108
220 109
220 110
220 111
220 188
220 189
220 321
220 692
220 693
220 722
220 723
220 724
220 746
220 753
220 764
220 770
220 937
220 1039
221 86
221 87
221 88
221 89
221 90
221 91
221 92
221 93
221 94
221 95
221 96
221 97
221 98
221 187
221 188
221 321
221 694
221 725
221 726
221 746
221 753
221 764
221 770
221 936
221 1039
222 74
222 75
222 76
222 77
222 78
222 79
222 80
222 81
222 82
222 83
222 84
222 85
222 186
222 187
222 322
222 694
222 727
222 728
222 729
222 746
222 753
222 764
222 936
222 1039
223 60
223 61
223 62
223 63
223 64
223 65
223 66
223 67
223 68
223 69
223 70
223 71
223 72
223 73
223 185
223 186
223 322
223 694
223 730
223 731
223 746
223 753
223 758
223 764
223 771
223 772
223 773
223 774
223 935
223 1038
224 47
224 48
224 49
224 50
224 51
224 52
224 53
224 54
224 55
224 56
224 57
224 58
224 59
224 182
224 183
224 184
224 322
224 699
224 700
224 701
224 732
224 733
224 734
224 746
224 753
224 757
224 759
224 760
224 764
224 770
224 775
224 776
224 777
224 935
224 1038
225 34
225 35
225 36
225 37
225 38
225 39
225 40
225 41
225 42
225 43
225 44
225 45
225 46
225 174
225 175
225 176
225 177
225 178
225 179
225 180
225 181
225 322
225 698
225 702
225 703
225 735
225 736
225 746
225 753
225 756
225 761
225 762
225 764
225 770
225 936
225 1038
226 21
226 22
226 23
226 24
226 25
226 26
226 27
226 28
226 29
226 30
226 31
226 32
226 33
226 165
226 166
226 167
226 168
226 169
226 170
226 171
226 172
226 173
226 322
226 698
226 704
226 737
226 738
226 739
226 746
226 753
226 756
226 763
226 764
226 770
226 771
226 772
226 776
226 777
226 1038
227 9
227 10
227 11
227 12
227 13
227 14
227 15
227 16
227 17
227 18
227 19
227 20
227 157
227 158
227 159
227 160
227 161
227 162
227 163
227 164
227 323
227 705
227 707
227 740
227 741
227 742
227 746
227 753
227 766
227 767
227 768
227 769
227 927
227 928
227 929
227 934
227 1037
228 0
228 1
228 2
228 3
228 4
228 5
228 6
228 7
228 8
228 149
228 150
228 151
228 152
228 153
228 154
228 155
228 156
228 323
228 705
228 708
228 709
228 743
228 744
228 745
228 746
228 753
228 927
228 930
228 933
228 1037
229 141
229 142
229 143
229 144
229 145
229 146
229 147
229 148
229 166
229 323
229 704
229 710
229 753
229 932
229 933
229 1038
230 132
230 133
230 134
230 135
230 136
230 137
230 138
230 139
230 140
230 161
230 162
230 323
230 705
230 711
230 712
230 713
230 747
230 748
230 749
230 753
230 756
230 928
230 930
230 932
230 1038
231 117
231 118
231 128
231 129
231 130
231 131
231 158
231 159
231 160
231 323
231 711
231 713
231 750
231 751
231 752
231 753
231 756
231 757
231 1039
232 107
232 108
232 109
232 110
232 111
232 112
232 113
232 114
232 115
232 116
232 119
232 127
232 156
232 157
232 323
232 708
232 709
232 710
232 712
232 753
232 754
232 755
232 758
232 777
232 778
232 931
232 1039
233 96
233 97
233 98
233 99
233 100
233 101
233 102
233 103
233 104
233 105
233 106
233 119
233 126
233 154
233 155
233 712
233 756
233 757
233 760
233 931
233 1039
234 91
234 92
234 93
234 94
234 95
234 119
234 126
234 153
234 154
234 712
234 718
234 719
234 720
234 762
234 763
234 774
234 778
234 931
234 1039
235 78
235 79
235 80
235 81
235 90
235 119
235 126
235 152
235 153
235 717
235 721
235 722
235 759
235 760
235 761
235 763
235 773
235 931
235 1039
236 63
236 64
236 65
236 66
236 67
236 68
236 69
236 70
236 71
236 72
236 73
236 74
236 75
236 76
236 77
236 82
236 89
236 119
236 126
236 152
236 717
236 723
236 724
236 761
236 762
236 764
236 765
236 771
236 773
236 775
236 931
236 1039
237 57
237 58
237 59
237 60
237 61
237 62
237 82
237 89
237 119
237 126
237 151
237 717
237 725
237 726
237 766
237 767
237 768
237 769
237 771
237 931
237 1034
237 1035
237 1036
237 1037
237 1038
237 1039
238 56
238 82
238 89
238 119
238 150
238 151
238 727
238 728
238 771
238 773
238 931
238 1033
239 40
239 41
239 42
239 43
239 56
239 82
239 89
239 149
239 150
239 728
239 729
239 771
239 772
239 773
239 931
239 1032
240 25
240 26
240 27
240 28
240 29
240 30
240 31
240 32
240 33
240 34
240 35
240 36
240 37
240 38
240 39
240 44
240 56
240 82
240 89
240 149
240 730
240 731
240 774
240 775
240 925
240 930
240 931
240 1032
241 19
241 20
241 21
241 22
241 23
241 24
241 44
241 56
241 82
241 89
241 148
241 732
241 733
241 776
241 777
241 924
241 926
241 927
241 928
241 929
241 1032
242 0
242 1
242 2
242 3
242 4
242 5
242 18
242 44
242 56
242 148
242 734
242 735
242 778
242 779
242 780
242 923
242 1033
243 6
243 17
243 44
243 56
243 147
243 736
243 737
243 781
243 782
243 923
243 1034
244 6
244 17
244 44
244 147
244 738
244 783
244 784
244 923
244 924
244 1034
245 7
245 17
245 45
245 146
245 738
245 785
245 786
245 787
245 925
245 926
245 930
245 931
245 932
245 933
245 1034
246 7
246 17
246 146
246 738
246 788
246 789
246 926
246 927
246 928
246 929
246 934
246 935
246 936
246 937
246 938
246 1034
247 7
247 17
247 145
247 738
247 790
247 791
247 792
247 939
247 1034
248 7
248 145
248 738
248 746
248 747
248 748
248 793
248 794
248 939
248 1034
249 145
249 738
249 745
249 749
249 750
249 795
249 796
249 797
249 939
249 1034
250 145
250 738
250 745
250 751
250 752
250 798
250 799
250 938
250 939
250 1034
251 145
251 738
251 745
251 752
251 753
251 800
251 801
251 802
251 937
251 938
251 1035
252 144
252 738
252 745
252 754
252 755
252 803
252 804
252 922
252 923
252 935
252 936
252 1035
253 144
253 745
253 756
253 757
253 805
253 806
253 919
253 920
253 921
253 924
253 925
253 926
253 931
253 932
253 933
253 934
253 1036
254 745
254 757
254 758
254 807
254 808
254 809
254 810
254 918
254 927
254 928
254 929
254 930
254 1036
254 1037
255 745
255 759
255 760
255 811
255 812
255 919
255 920
255 921
255 1037
255 1038
255 1039
256 761
256 813
256 921
256 1040
257 762
257 814
257 815
257 921
257 1041
257 1042
257 1043
257 1044
258 763
258 764
258 816
258 817
258 921
258 1045
258 1046
258 1047
259 314
259 764
259 765
259 818
259 819
259 820
259 921
260 312
260 766
260 767
260 821
260 822
260 921
260 1046
260 1047
261 768
261 769
261 823
261 824
261 921
261 1046
262 769
262 770
262 825
262 826
262 827
262 912
262 913
262 914
262 922
262 1046
263 771
263 772
263 828
263 829
263 911
263 915
263 916
263 917
263 918
263 919
263 1046
263 1047
263 1048
263 1049
263 1057
264 773
264 774
264 775
264 830
264 831
264 832
264 911
264 920
264 1050
264 1051
264 1052
264 1053
264 1054
264 1055
264 1056
264 1058
265 776
265 777
265 833
265 834
265 911
265 921
265 1059
266 777
266 778
266 835
266 836
266 837
266 912
266 1060
267 779
267 780
267 838
267 839
267 912
267 913
267 1060
268 781
268 782
268 840
268 841
268 842
268 843
268 913
268 1060
269 782
269 783
269 844
269 845
269 913
269 1060
269 1068
269 1069
269 1070
270 784
270 785
270 846
270 847
270 913
270 1061
270 1068
270 1070
270 1071
270 1072
271 786
271 787
271 848
271 849
271 850
271 914
271 1061
271 1067
271 1073
271 1074
272 788
272 851
272 852
272 897
272 898
272 899
272 914
272 1062
272 1067
272 1075
272 1076
273 788
273 853
273 854
273 855
273 897
273 899
273 915
273 1062
273 1063
273 1064
273 1065
273 1066
273 1067
273 1076
273 1077
274 788
274 856
274 857
274 897
274 898
274 900
274 901
274 915
274 1078
274 1079
275 788
275 858
275 859
275 860
275 900
275 915
275 1079
275 1080
276 788
276 861
276 862
276 900
276 902
276 915
276 1081
276 1082
277 788
277 863
277 864
277 865
277 900
277 902
277 910
277 911
277 912
277 913
277 914
277 1083
277 1084
277 1085
278 788
278 798
278 799
278 800
278 866
278 867
278 900
278 901
278 902
278 909
278 1086
279 788
279 797
279 801
279 802
279 868
279 869
279 870
279 907
279 908
279 1086
280 788
280 797
280 803
280 804
280 871
280 872
280 905
280 906
280 1086
281 788
281 797
281 805
281 806
281 873
281 874
281 875
281 876
281 903
281 904
281 1086
282 797
282 807
282 808
282 877
282 878
282 903
282 1083
282 1084
282 1085
282 1086
283 797
283 809
283 810
283 879
283 880
283 881
283 902
283 1082
284 797
284 811
284 812
284 882
284 883
284 902
284 1081
285 797
285 813
285 814
285 884
285 885
285 886
285 903
285 904
285 1081
286 797
286 815
286 816
286 887
286 888
286 905
286 906
286 1038
286 1039
286 1040
286 1082
287 817
287 818
287 889
287 890
287 891
287 906
287 1036
287 1037
287 1041
287 1042
287 1082
288 818
288 819
288 892
288 893
288 906
288 1036
288 1042
288 1043
288 1082
289 820
289 821
289 894
289 895
289 896
289 905
289 1035
289 1043
289 1044
289 1080
289 1081
290 822
290 823
290 897
290 898
290 904
290 905
290 1035
290 1045
290 1046
290 1075
290 1076
290 1077
290 1078
290 1079
291 824
291 825
291 899
291 900
291 901
291 1035
291 1046
291 1047
291 1071
291 1072
291 1073
291 1074
292 826
292 827
292 905
292 906
292 907
292 1035
292 1047
292 1048
292 1069
292 1070
293 828
293 829
293 908
293 909
293 910
293 1035
293 1048
293 1049
293 1068
293 1069
294 829
294 830
294 911
294 912
294 913
294 1035
294 1049
294 1050
294 1068
295 831
295 832
295 914
295 915
295 1036
295 1051
295 1052
295 1067
296 833
296 834
296 916
296 917
296 918
296 1036
296 1052
296 1053
296 1060
296 1061
296 1062
296 1063
296 1064
296 1065
296 1066
296 1067
297 835
297 836
297 919
297 920
297 1036
297 1054
297 1055
297 1056
297 1057
297 1058
297 1059
298 837
298 921
298 1036
299 838
299 922
299 923
299 1037
300 839
300 840
300 924
300 925
300 1037
301 840
301 841
301 842
301 926
301 927
301 928
301 1038
302 843
302 844
302 929
302 930
302 1038
303 845
303 846
303 931
303 932
303 1038
304 847
304 848
304 933
304 934
304 935
304 1039
305 849
305 850
305 936
305 937
305 1039
306 851
306 852
306 938
306 939
306 1040
307 852
307 853
307 940
307 941
307 942
307 943
307 1040
307 1041
308 854
308 855
308 944
308 945
308 1041
308 1042
309 856
309 857
309 946
309 947
309 1042
309 1043
310 858
310 859
310 948
310 949
310 950
310 1043
310 1044
311 860
311 861
311 951
311 952
311 1045
312 861
312 862
312 953
312 954
312 955
312 1046
313 863
313 864
313 956
313 957
313 1046
314 865
314 866
314 958
314 959
314 1046
315 867
315 868
315 960
315 961
315 962
315 1046
316 869
316 870
316 963
316 964
316 1046
317 871
317 872
317 965
317 966
317 1045
317 1046
318 872
318 873
318 967
318 968
318 969
318 1043
318 1044
319 874
319 875
319 876
319 970
319 971
319 1042
319 1043
320 877
320 878
320 972
320 973
320 1040
320 1041
321 879
321 880
321 974
321 975
321 976
321 977
321 1038
321 1039
322 881
322 882
322 978
322 979
322 1033
322 1034
322 1035
322 1036
322 1037
323 883
323 884
323 980
323 981
323 1021
323 1031
323 1032
324 884
324 885
324 982
324 983
324 984
324 1020
324 1022
324 1023
324 1024
324 1025
324 1026
324 1027
324 1028
324 1029
324 1030
325 886
325 887
325 985
325 986
325 1019
326 888
326 889
326 987
326 988
326 1018
326 1019
327 890
327 891
327 989
327 990
327 991
327 1016
327 1017
328 892
328 893
328 992
328 993
328 1011
328 1012
328 1013
328 1014
328 1015
329 893
329 894
329 994
329 995
329 1009
329 1010
330 895
330 896
330 996
330 997
330 998
330 1009
331 897
331 898
331 999
331 1000
331 1009
332 899
332 900
332 1001
332 1002
332 1003
332 1009
333 901
333 902
333 1004
333 1005
333 1010
334 903
334 1006
334 1007
334 1011
334 1012
334 1013
335 903
335 1008
335 1009
335 1010
335 1014
335 1015
336 903
336 1012
336 1013
336 1016
336 1017
337 903
337 1014
337 1015
337 1018
337 1019
337 1020
338 903
338 1016
338 1017
338 1021
338 1022
339 903
339 1018
339 1019
339 1023
339 1024
340 903
340 1020
340 1021
341 903
341 1022
341 1023
342 903
342 1024
342 1025
343 903
344 903
344 1027
344 1028
345 903
345 1029
345 1030
346 903
346 920
346 921
346 922
346 1031
346 1032
347 903
347 919
347 923
347 924
347 1033
347 1034
348 903
348 919
348 925
348 926
348 1035
348 1036
348 1037
349 903
349 919
349 927
349 928
349 1038
349 1039
350 903
350 919
350 929
350 930
350 1040
350 1041
351 903
351 919
351 931
351 932
351 1042
351 1043
351 1044
352 903
352 919
352 932
352 933
352 1045
352 1046
352 1047
353 903
353 919
353 934
353 935
353 1048
353 1049
353 1050
354 903
354 919
354 936
354 937
354 1051
354 1052
354 1053
355 903
355 919
355 938
355 939
355 1054
355 1055
356 903
356 919
356 940
356 941
356 1055
357 903
357 919
357 942
357 943
357 1056
358 944
358 945
358 1057
358 1058
359 946
359 947
359 1058
359 1059
360 948
360 949
360 1059
360 1060
361 950
361 951
361 1061
361 1062
362 952
362 953
362 1062
362 1063
363 954
363 955
363 1064
363 1065
363 1066
364 956
364 957
364 1067
364 1068
365 957
365 958
365 1069
365 1070
365 1071
365 1072
366 959
366 960
366 1073
366 1074
366 1075
366 1076
366 1077
366 1078
367 961
367 962
367 1079
367 1080
367 1081
367 1082
367 1083
368 963
368 964
368 1084
368 1085
368 1086
368 1087
368 1088
368 1090
368 1091
368 1092
368 1093
368 1094
369 965
369 966
369 1095
369 1096
369 1097
370 967
370 968
370 1090
370 1091
370 1092
370 1098
370 1099
371 968
371 969
371 1093
371 1094
371 1095
371 1100
371 1101
372 970
372 971
372 1096
372 1097
372 1102
372 1103
373 972
373 973
373 1098
373 1099
373 1100
373 1104
374 974
374 975
374 976
374 1101
374 1102
374 1106
375 977
375 978
375 1103
375 1104
375 1107
375 1116
375 1117
376 979
376 980
376 1105
376 1106
376 1107
376 1109
376 1110
376 1114
376 1115
376 1118
376 1119
377 981
377 982
377 1108
377 1111
377 1112
377 1113
377 1120
377 1121
378 982
378 983
378 1108
378 1109
378 1121
378 1122
379 984
379 985
379 1111
379 1112
379 1113
379 1114
379 1115
379 1122
379 1123
380 986
380 987
380 1116
380 1117
380 1123
380 1124
381 988
381 989
381 1118
381 1119
381 1125
381 1126
382 903
382 920
382 990
382 991
382 1120
382 1121
382 1126
382 1127
383 903
383 920
383 992
383 1122
383 1127
