0 163
0 186
0 201
0 853
0 861
0 1266
1 164
1 186
1 201
1 853
1 861
1 1266
2 165
2 187
2 201
2 853
2 861
2 1265
2 1266
3 165
3 187
3 202
3 853
3 861
3 1265
4 165
4 175
4 176
4 177
4 178
4 183
4 184
4 185
4 203
4 853
4 861
4 1264
5 165
5 173
5 174
5 178
5 182
5 186
5 203
5 853
5 861
5 1264
6 164
6 165
6 172
6 179
6 181
6 203
6 853
6 861
6 1020
6 1021
6 1022
6 1023
6 1024
6 1265
7 164
7 171
7 179
7 182
7 203
7 853
7 861
7 1019
7 1025
7 1026
7 1265
7 1266
8 165
8 166
8 167
8 168
8 169
8 170
8 171
8 179
8 182
8 183
8 203
8 853
8 861
8 1018
8 1027
8 1028
8 1267
9 179
9 183
9 184
9 203
9 853
9 861
9 1018
9 1029
9 1030
9 1268
10 177
10 178
10 180
10 181
10 182
10 203
10 853
10 861
10 1018
10 1030
10 1268
11 177
11 201
11 202
11 853
11 861
11 1018
11 1019
11 1030
11 1263
11 1264
11 1265
11 1269
12 177
12 178
12 179
12 200
12 853
12 861
12 1019
12 1030
12 1256
12 1257
12 1258
12 1262
12 1265
12 1266
13 200
13 853
13 861
13 1019
13 1031
13 1256
13 1259
13 1262
13 1266
13 1267
13 1268
14 200
14 201
14 202
14 853
14 861
14 1019
14 1031
14 1249
14 1250
14 1251
14 1252
14 1255
14 1259
14 1260
14 1261
14 1262
15 158
15 159
15 203
15 204
15 853
15 861
15 1018
15 1032
15 1247
15 1248
15 1252
15 1255
16 156
16 157
16 160
16 161
16 162
16 163
16 164
16 165
16 166
16 204
16 205
16 853
16 861
16 1019
16 1032
16 1033
16 1245
16 1246
16 1253
16 1255
17 156
17 167
17 168
17 169
17 170
17 171
17 205
17 206
17 853
17 861
17 1019
17 1033
17 1034
17 1244
17 1253
17 1256
17 1257
18 156
18 172
18 173
18 206
18 207
18 853
18 861
18 1020
18 1034
18 1243
18 1254
19 156
19 157
19 173
19 207
19 208
19 853
19 861
19 1020
19 1034
19 1243
19 1256
19 1257
20 158
20 159
20 160
20 161
20 162
20 163
20 164
20 165
20 166
20 167
20 168
20 169
20 170
20 171
20 172
20 173
20 208
20 209
20 853
20 861
20 1016
20 1017
20 1018
20 1020
20 1034
20 1242
21 209
21 210
21 853
21 861
21 1014
21 1015
21 1018
21 1033
21 1242
22 210
22 853
22 861
22 1014
22 1018
22 1020
22 1033
22 1242
23 211
23 853
23 861
23 1013
23 1018
23 1020
23 1033
23 1242
24 211
24 212
24 853
24 861
24 1013
24 1018
24 1020
24 1032
24 1242
25 212
25 853
25 861
25 1013
25 1018
25 1019
25 1020
25 1033
25 1243
26 212
26 853
26 861
26 1012
26 1013
26 1033
26 1243
26 1244
27 213
27 853
27 861
27 1011
27 1012
27 1034
27 1048
27 1049
27 1050
27 1051
27 1052
28 213
28 853
28 861
28 1010
28 1034
28 1045
28 1046
28 1047
28 1053
28 1054
28 1241
28 1242
29 214
29 853
29 861
29 1009
29 1035
29 1043
29 1044
29 1054
29 1055
29 1241
30 215
30 216
30 217
30 218
30 219
30 220
30 853
30 861
30 1009
30 1035
30 1036
30 1041
30 1042
30 1055
30 1056
30 1241
31 221
31 222
31 223
31 224
31 225
31 853
31 861
31 1008
31 1036
31 1037
31 1038
31 1039
31 1040
31 1056
31 1242
32 226
32 227
32 228
32 229
32 230
32 231
32 853
32 861
32 952
32 953
32 954
32 955
32 1008
32 1057
32 1242
33 232
33 233
33 234
33 235
33 853
33 861
33 951
33 952
33 956
33 1008
33 1057
33 1242
34 236
34 237
34 853
34 861
34 950
34 951
34 956
34 1008
34 1057
34 1242
35 237
35 238
35 853
35 861
35 949
35 950
35 956
35 1008
35 1057
35 1243
36 238
36 239
36 853
36 861
36 948
36 949
36 956
36 957
36 958
36 959
36 960
36 961
36 1009
36 1057
36 1243
37 239
37 497
37 498
37 499
37 500
37 501
37 502
37 853
37 861
37 947
37 948
37 961
37 1009
37 1056
37 1243
38 239
38 495
38 496
38 503
38 504
38 505
38 506
38 509
38 853
38 861
38 944
38 945
38 946
38 947
38 961
38 1009
38 1056
38 1242
39 238
39 495
39 507
39 508
39 510
39 511
39 512
39 513
39 514
39 515
39 516
39 517
39 853
39 861
39 942
39 943
39 961
39 1006
39 1007
39 1008
39 1055
39 1056
39 1241
39 1242
40 238
40 495
40 507
40 518
40 519
40 520
40 521
40 522
40 523
40 524
40 525
40 562
40 563
40 564
40 565
40 566
40 567
40 568
40 853
40 861
40 942
40 962
40 1006
40 1008
40 1054
40 1055
40 1240
40 1241
41 237
41 495
41 496
41 497
41 498
41 499
41 500
41 501
41 502
41 503
41 504
41 505
41 506
41 507
41 508
41 509
41 510
41 526
41 527
41 528
41 529
41 530
41 531
41 550
41 551
41 552
41 553
41 554
41 555
41 556
41 557
41 558
41 559
41 560
41 561
41 569
41 853
41 861
41 941
41 962
41 963
41 964
41 1006
41 1053
41 1054
41 1239
41 1240
42 237
42 512
42 532
42 549
42 560
42 569
42 853
42 861
42 941
42 964
42 1006
42 1053
42 1238
43 236
43 513
43 514
43 515
43 533
43 534
43 535
43 536
43 537
43 538
43 539
43 540
43 541
43 542
43 543
43 544
43 545
43 546
43 547
43 548
43 560
43 569
43 853
43 861
43 941
43 965
43 1005
43 1052
43 1238
44 235
44 236
44 250
44 251
44 252
44 516
44 517
44 518
44 519
44 560
44 569
44 853
44 861
44 924
44 925
44 929
44 930
44 941
44 965
44 1052
44 1238
45 222
45 231
45 232
45 233
45 234
45 248
45 249
45 253
45 254
45 520
45 521
45 522
45 523
45 556
45 557
45 558
45 559
45 560
45 561
45 562
45 569
45 853
45 861
45 921
45 922
45 923
45 924
45 926
45 928
45 931
45 941
45 966
45 1003
45 1004
45 1051
45 1239
46 220
46 221
46 223
46 224
46 225
46 226
46 227
46 228
46 229
46 230
46 248
46 254
46 255
46 262
46 524
46 525
46 526
46 527
46 543
46 544
46 545
46 546
46 547
46 548
46 549
46 550
46 551
46 552
46 553
46 554
46 555
46 563
46 564
46 565
46 566
46 567
46 568
46 853
46 861
46 920
46 926
46 928
46 931
46 938
46 941
46 966
46 1002
46 1051
46 1239
46 1240
47 220
47 247
47 255
47 256
47 260
47 261
47 263
47 264
47 528
47 529
47 536
47 537
47 538
47 539
47 540
47 541
47 542
47 853
47 861
47 913
47 914
47 915
47 919
47 926
47 928
47 931
47 936
47 937
47 939
47 942
47 967
47 1002
47 1051
47 1240
47 1241
48 219
48 247
48 256
48 257
48 258
48 259
48 265
48 266
48 530
48 535
48 853
48 861
48 912
48 916
48 917
48 918
48 931
48 935
48 939
48 942
48 967
48 968
48 1001
48 1051
48 1242
49 207
49 208
49 209
49 210
49 219
49 246
49 247
49 267
49 268
49 269
49 530
49 534
49 853
49 861
49 902
49 903
49 904
49 912
49 932
49 934
49 940
49 942
49 968
49 969
49 999
49 1000
49 1051
49 1184
49 1242
50 207
50 211
50 219
50 244
50 245
50 270
50 271
50 530
50 534
50 853
50 861
50 901
50 904
50 912
50 917
50 919
50 932
50 934
50 940
50 941
50 943
50 944
50 969
50 998
50 999
50 1052
50 1183
50 1185
50 1186
50 1234
50 1235
50 1236
50 1237
50 1243
51 209
51 213
51 219
51 242
51 243
51 271
51 272
51 530
51 534
51 853
51 861
51 901
51 905
51 912
51 917
51 918
51 919
51 932
51 934
51 941
51 942
51 969
51 970
51 998
51 1052
51 1182
51 1187
51 1188
51 1189
51 1190
51 1191
51 1192
51 1193
51 1232
51 1233
51 1238
51 1239
51 1243
51 1244
52 210
52 214
52 215
52 216
52 217
52 218
52 242
52 272
52 273
52 530
52 534
52 853
52 861
52 901
52 905
52 908
52 909
52 913
52 932
52 934
52 943
52 944
52 968
52 971
52 993
52 994
52 997
52 1051
52 1052
52 1177
52 1178
52 1179
52 1180
52 1181
52 1182
52 1183
52 1184
52 1185
52 1186
52 1194
52 1195
52 1231
52 1232
52 1240
52 1241
52 1245
52 1246
52 1247
52 1248
53 199
53 200
53 211
53 212
53 241
53 274
53 275
53 530
53 534
53 853
53 861
53 901
53 905
53 907
53 910
53 911
53 913
53 971
53 992
53 993
53 995
53 997
53 1051
53 1177
53 1195
53 1230
53 1242
53 1243
53 1248
54 197
54 198
54 201
54 202
54 203
54 212
54 241
54 275
54 276
54 530
54 534
54 853
54 861
54 901
54 911
54 971
54 974
54 975
54 976
54 980
54 981
54 982
54 989
54 990
54 991
54 992
54 995
54 1050
54 1177
54 1194
54 1195
54 1229
54 1246
54 1247
54 1248
55 194
55 195
55 196
55 204
55 212
55 230
55 239
55 240
55 277
55 278
55 279
55 530
55 534
55 853
55 861
55 901
55 912
55 913
55 971
55 973
55 977
55 978
55 979
55 980
55 982
55 987
55 988
55 995
55 998
55 1049
55 1050
55 1178
55 1193
55 1194
55 1229
56 192
56 193
56 205
56 212
56 228
56 229
56 231
56 232
56 233
56 234
56 235
56 236
56 237
56 238
56 280
56 281
56 530
56 534
56 853
56 861
56 900
56 982
56 987
56 995
56 998
56 1049
56 1179
56 1192
56 1193
56 1228
57 191
57 205
57 206
57 207
57 208
57 209
57 210
57 211
57 212
57 228
57 282
57 283
57 530
57 534
57 853
57 861
57 888
57 889
57 890
57 891
57 900
57 982
57 986
57 996
57 998
57 1050
57 1051
57 1180
57 1190
57 1191
57 1192
57 1228
58 191
58 227
58 283
58 530
58 534
58 853
58 861
58 888
58 892
58 893
58 896
58 897
58 898
58 899
58 983
58 984
58 985
58 986
58 996
58 997
58 998
58 1051
58 1180
58 1181
58 1187
58 1188
58 1189
58 1228
59 192
59 193
59 227
59 283
59 530
59 534
59 853
59 861
59 887
59 893
59 894
59 895
59 1050
59 1051
59 1188
59 1228
60 194
60 227
60 283
60 530
60 534
60 853
60 861
60 876
60 888
60 1049
60 1050
60 1188
60 1228
61 194
61 227
61 278
61 279
61 283
61 530
61 534
61 853
61 861
61 874
61 875
61 877
61 888
61 1049
61 1188
61 1228
62 193
62 194
62 206
62 207
62 208
62 209
62 227
62 278
62 280
62 281
62 282
62 283
62 530
62 534
62 853
62 862
62 874
62 877
62 888
62 1049
62 1187
62 1188
62 1189
62 1190
62 1191
62 1227
63 192
63 193
63 204
63 205
63 210
63 211
63 212
63 213
63 214
63 215
63 216
63 217
63 218
63 219
63 220
63 221
63 222
63 223
63 224
63 225
63 226
63 278
63 530
63 534
63 853
63 862
63 873
63 877
63 887
63 888
63 1050
63 1177
63 1178
63 1179
63 1180
63 1181
63 1192
63 1227
64 192
64 194
64 195
64 196
64 197
64 198
64 199
64 200
64 201
64 202
64 203
64 204
64 278
64 530
64 534
64 853
64 862
64 873
64 878
64 883
64 884
64 885
64 887
64 1050
64 1176
64 1192
64 1227
65 278
65 530
65 534
65 853
65 862
65 872
65 878
65 882
65 885
65 887
65 1049
65 1050
65 1176
65 1192
65 1227
66 277
66 278
66 530
66 534
66 853
66 862
66 872
66 879
66 882
66 885
66 1048
66 1176
66 1187
66 1190
66 1191
66 1192
66 1227
67 277
67 530
67 534
67 853
67 862
67 871
67 879
67 881
67 882
67 886
67 1047
67 1177
67 1178
67 1179
67 1180
67 1181
67 1188
67 1189
67 1228
68 276
68 530
68 534
68 853
68 863
68 872
68 879
68 881
68 1047
68 1188
68 1228
69 270
69 271
69 272
69 273
69 274
69 275
69 276
69 530
69 534
69 850
69 851
69 852
69 853
69 863
69 872
69 873
69 879
69 881
69 1047
69 1188
69 1228
70 268
70 269
70 530
70 534
70 849
70 853
70 863
70 865
70 873
70 879
70 881
70 1046
70 1182
70 1188
70 1229
71 268
71 530
71 534
71 849
71 853
71 862
71 865
71 866
71 873
71 879
71 880
71 881
71 1046
71 1182
71 1188
71 1230
71 1231
71 1232
72 267
72 530
72 534
72 849
72 853
72 862
72 866
72 867
72 872
72 873
72 1045
72 1182
72 1188
72 1233
73 267
73 529
73 534
73 848
73 849
73 853
73 862
73 868
73 869
73 872
73 1046
73 1182
73 1188
73 1230
73 1233
74 268
74 269
74 270
74 271
74 272
74 273
74 274
74 275
74 276
74 277
74 278
74 279
74 280
74 281
74 282
74 529
74 534
74 847
74 853
74 862
74 870
74 1046
74 1162
74 1163
74 1164
74 1182
74 1188
74 1228
74 1229
75 283
75 284
75 529
75 534
75 845
75 846
75 849
75 853
75 862
75 1046
75 1160
75 1161
75 1165
75 1166
75 1167
75 1168
75 1182
75 1188
75 1227
75 1228
76 284
76 529
76 534
76 844
76 849
76 853
76 862
76 1046
76 1152
76 1153
76 1154
76 1155
76 1156
76 1157
76 1158
76 1159
76 1169
76 1170
76 1182
76 1183
76 1184
76 1188
76 1221
76 1222
76 1223
76 1224
76 1225
76 1226
76 1227
77 285
77 529
77 534
77 843
77 847
77 850
77 853
77 862
77 1047
77 1151
77 1170
77 1171
77 1178
77 1179
77 1180
77 1184
77 1185
77 1188
77 1219
77 1220
78 286
78 287
78 288
78 529
78 534
78 843
78 848
78 850
78 853
78 862
78 1047
78 1151
78 1171
78 1172
78 1173
78 1174
78 1175
78 1176
78 1177
78 1185
78 1186
78 1188
78 1217
78 1218
79 289
79 290
79 291
79 292
79 529
79 534
79 843
79 848
79 851
79 853
79 862
79 1048
79 1049
79 1050
79 1051
79 1151
79 1152
79 1188
79 1216
79 1217
80 293
80 294
80 295
80 296
80 529
80 534
80 842
80 849
80 851
80 853
80 862
80 1052
80 1053
80 1152
80 1153
80 1189
80 1216
81 297
81 298
81 529
81 534
81 842
81 849
81 850
81 851
81 853
81 862
81 1053
81 1153
81 1154
81 1190
81 1191
81 1215
82 299
82 300
82 529
82 534
82 843
82 853
82 862
82 1053
82 1154
82 1155
82 1191
82 1215
83 301
83 302
83 303
83 529
83 534
83 843
83 853
83 862
83 1053
83 1155
83 1191
83 1213
83 1214
84 304
84 529
84 534
84 844
84 853
84 862
84 1053
84 1155
84 1191
84 1211
84 1212
85 304
85 529
85 534
85 845
85 853
85 862
85 1053
85 1155
85 1191
85 1198
85 1199
85 1211
86 297
86 304
86 529
86 534
86 845
86 853
86 862
86 1053
86 1151
86 1152
86 1153
86 1154
86 1155
86 1191
86 1195
86 1196
86 1197
86 1210
87 296
87 298
87 299
87 300
87 301
87 302
87 303
87 304
87 529
87 534
87 845
87 853
87 862
87 1053
87 1149
87 1150
87 1191
87 1192
87 1193
87 1194
87 1199
87 1210
88 529
88 534
88 541
88 542
88 844
88 853
88 862
88 1053
88 1147
88 1148
88 1189
88 1199
88 1211
89 298
89 299
89 300
89 301
89 529
89 534
89 540
89 543
89 544
89 545
89 548
89 549
89 550
89 551
89 552
89 553
89 554
89 555
89 556
89 557
89 558
89 559
89 560
89 561
89 562
89 563
89 564
89 565
89 566
89 567
89 568
89 569
89 570
89 845
89 853
89 862
89 1053
89 1145
89 1146
89 1147
89 1188
89 1199
89 1211
89 1212
89 1213
90 302
90 529
90 534
90 540
90 546
90 547
90 571
90 572
90 573
90 574
90 575
90 576
90 577
90 578
90 579
90 580
90 583
90 584
90 585
90 586
90 845
90 853
90 862
90 1053
90 1142
90 1143
90 1144
90 1188
90 1190
90 1199
90 1211
91 302
91 529
91 534
91 542
91 543
91 581
91 582
91 587
91 836
91 845
91 853
91 862
91 1054
91 1140
91 1141
91 1200
91 1209
91 1210
91 1211
91 1212
91 1213
92 274
92 275
92 276
92 277
92 302
92 529
92 534
92 544
92 545
92 546
92 547
92 548
92 549
92 550
92 551
92 552
92 553
92 554
92 555
92 556
92 557
92 558
92 559
92 560
92 566
92 567
92 568
92 569
92 570
92 571
92 581
92 587
92 834
92 835
92 837
92 838
92 842
92 843
92 844
92 846
92 853
92 862
92 1055
92 1140
92 1200
92 1201
92 1202
92 1203
92 1204
92 1205
92 1206
92 1207
92 1208
93 273
93 274
93 277
93 278
93 297
93 298
93 302
93 529
93 534
93 561
93 565
93 573
93 574
93 575
93 576
93 577
93 578
93 579
93 580
93 581
93 582
93 583
93 584
93 585
93 586
93 587
93 834
93 839
93 840
93 841
93 846
93 853
93 862
93 1055
93 1062
93 1140
94 272
94 273
94 278
94 297
94 299
94 300
94 301
94 529
94 534
94 561
94 564
94 833
94 844
94 846
94 853
94 862
94 1056
94 1060
94 1061
94 1063
94 1064
94 1076
94 1077
94 1078
94 1079
94 1080
94 1137
94 1138
95 272
95 278
95 297
95 529
95 534
95 561
95 564
95 833
95 844
95 847
95 853
95 862
95 1056
95 1057
95 1058
95 1059
95 1064
95 1074
95 1075
95 1135
95 1136
96 249
96 250
96 251
96 252
96 253
96 254
96 255
96 256
96 257
96 258
96 259
96 272
96 273
96 274
96 275
96 276
96 277
96 278
96 297
96 529
96 534
96 561
96 564
96 723
96 832
96 845
96 853
96 862
96 1065
96 1072
96 1073
96 1080
96 1133
96 1134
97 248
97 260
97 261
97 262
97 263
97 264
97 297
97 529
97 534
97 561
97 564
97 722
97 724
97 832
97 853
97 862
97 1066
97 1067
97 1070
97 1071
97 1079
97 1133
98 248
98 265
98 266
98 297
98 529
98 534
98 561
98 564
98 721
98 725
98 726
98 727
98 728
98 729
98 832
98 853
98 862
98 1067
98 1068
98 1069
98 1070
98 1079
98 1132
99 259
99 260
99 267
99 268
99 269
99 297
99 529
99 534
99 561
99 564
99 721
99 730
99 831
99 832
99 853
99 862
99 1078
99 1084
99 1085
99 1132
100 261
100 262
100 270
100 271
100 297
100 529
100 534
100 561
100 564
100 709
100 710
100 711
100 712
100 720
100 730
100 803
100 804
100 805
100 806
100 830
100 853
100 862
100 1079
100 1080
100 1081
100 1082
100 1083
100 1086
100 1132
101 263
101 264
101 272
101 273
101 293
101 294
101 295
101 296
101 297
101 529
101 534
101 561
101 564
101 708
101 709
101 712
101 718
101 719
101 730
101 803
101 806
101 817
101 818
101 819
101 820
101 829
101 853
101 862
101 1086
101 1132
102 265
102 266
102 293
102 529
102 534
102 561
102 564
102 707
102 712
102 716
102 717
102 730
102 802
102 806
102 817
102 820
102 829
102 853
102 862
102 1086
102 1133
103 266
103 267
103 268
103 270
103 271
103 293
103 294
103 529
103 534
103 561
103 564
103 706
103 713
103 716
103 730
103 802
103 806
103 816
103 821
103 822
103 823
103 828
103 853
103 862
103 1086
103 1133
104 267
104 269
104 295
104 296
104 529
104 534
104 561
104 564
104 706
104 713
104 714
104 715
104 730
104 780
104 781
104 782
104 797
104 798
104 801
104 806
104 816
104 824
104 825
104 826
104 827
104 828
104 853
104 862
104 1087
104 1134
105 241
105 242
105 243
105 244
105 245
105 267
105 269
105 278
105 279
105 280
105 281
105 282
105 283
105 296
105 529
105 534
105 561
105 564
105 706
105 730
105 737
105 738
105 747
105 748
105 749
105 753
105 754
105 755
105 756
105 779
105 780
105 782
105 783
105 797
105 799
105 801
105 807
105 816
105 853
105 862
105 1087
105 1088
105 1129
105 1130
105 1131
105 1132
106 239
106 240
106 246
106 247
106 267
106 270
106 271
106 272
106 273
106 274
106 275
106 276
106 277
106 278
106 284
106 285
106 286
106 296
106 529
106 534
106 561
106 564
106 706
106 731
106 732
106 733
106 734
106 735
106 736
106 739
106 745
106 746
106 750
106 751
106 752
106 756
106 757
106 758
106 778
106 779
106 784
106 785
106 794
106 795
106 796
106 799
106 807
106 808
106 809
106 810
106 811
106 812
106 813
106 814
106 815
106 853
106 862
106 1088
106 1128
107 235
107 236
107 237
107 238
107 248
107 249
107 265
107 266
107 267
107 287
107 288
107 289
107 296
107 529
107 534
107 561
107 564
107 705
107 740
107 741
107 742
107 743
107 744
107 745
107 759
107 760
107 761
107 778
107 785
107 786
107 792
107 793
107 799
107 853
107 862
107 1087
107 1088
107 1127
108 234
108 250
108 251
108 264
108 290
108 291
108 292
108 296
108 529
108 534
108 561
108 564
108 704
108 705
108 762
108 777
108 786
108 791
108 792
108 799
108 853
108 862
108 1087
108 1128
109 233
109 251
109 252
109 265
109 266
109 267
109 293
109 294
109 295
109 296
109 529
109 534
109 561
109 564
109 703
109 704
109 763
109 773
109 774
109 775
109 776
109 777
109 787
109 791
109 799
109 853
109 862
109 1087
109 1097
109 1128
110 233
110 252
110 267
110 279
110 280
110 281
110 282
110 529
110 534
110 561
110 564
110 702
110 703
110 764
110 765
110 766
110 767
110 768
110 769
110 770
110 771
110 772
110 788
110 789
110 790
110 800
110 801
110 853
110 862
110 1087
110 1095
110 1096
110 1098
110 1099
110 1128
111 234
111 252
111 268
111 269
111 278
111 282
111 529
111 534
111 561
111 564
111 701
111 702
111 853
111 862
111 1087
111 1094
111 1095
111 1100
111 1127
112 234
112 235
112 236
112 237
112 251
112 270
112 271
112 272
112 277
112 282
112 529
112 534
112 561
112 564
112 701
112 853
112 862
112 1088
112 1092
112 1093
112 1094
112 1101
112 1126
113 238
113 239
113 240
113 241
113 242
113 243
113 244
113 245
113 250
113 251
113 273
113 274
113 275
113 276
113 277
113 282
113 426
113 427
113 428
113 429
113 529
113 534
113 561
113 564
113 700
113 853
113 862
113 1088
113 1089
113 1090
113 1091
113 1101
113 1126
114 246
114 247
114 248
114 249
114 282
114 284
114 285
114 424
114 425
114 430
114 431
114 432
114 529
114 534
114 561
114 564
114 699
114 700
114 853
114 862
114 1101
114 1112
114 1113
114 1114
114 1115
114 1116
114 1117
114 1118
114 1119
114 1120
114 1121
114 1122
114 1123
114 1124
114 1125
115 266
115 285
115 404
115 405
115 406
115 407
115 408
115 409
115 410
115 423
115 424
115 433
115 529
115 534
115 561
115 564
115 697
115 698
115 853
115 862
115 1102
115 1110
115 1111
116 263
116 264
116 265
116 267
116 286
116 402
116 403
116 411
116 412
116 421
116 422
116 434
116 529
116 534
116 561
116 563
116 564
116 696
116 697
116 853
116 862
116 1102
116 1108
116 1109
117 263
117 268
117 269
117 281
117 286
117 402
117 412
117 421
117 435
117 436
117 529
117 534
117 561
117 563
117 564
117 606
117 607
117 608
117 609
117 610
117 695
117 696
117 853
117 862
117 1103
117 1108
118 263
118 264
118 270
118 271
118 272
118 273
118 274
118 275
118 276
118 277
118 278
118 279
118 280
118 282
118 283
118 286
118 401
118 412
118 420
118 436
118 437
118 529
118 534
118 561
118 563
118 605
118 610
118 694
118 695
118 853
118 862
118 1103
118 1104
118 1107
119 265
119 266
119 283
119 284
119 285
119 286
119 401
119 412
119 420
119 438
119 529
119 534
119 561
119 563
119 604
119 610
119 694
119 853
119 862
119 1104
119 1107
120 266
120 267
120 268
120 269
120 270
120 400
120 412
120 419
120 420
120 438
120 529
120 534
120 561
120 563
120 604
120 610
120 694
120 853
120 862
120 1105
120 1106
121 271
121 272
121 273
121 274
121 275
121 276
121 401
121 412
121 415
121 416
121 417
121 418
121 439
121 529
121 534
121 561
121 563
121 604
121 610
121 695
121 696
121 697
121 698
121 853
121 862
122 277
122 278
122 279
122 280
122 412
122 414
122 439
122 529
122 534
122 561
122 563
122 604
122 610
122 699
122 700
122 701
122 853
122 862
123 281
123 282
123 398
123 399
123 401
123 440
123 528
123 533
123 561
123 563
123 604
123 610
123 693
123 694
123 695
123 712
123 713
123 853
123 862
124 282
124 283
124 397
124 398
124 440
124 528
124 533
124 561
124 563
124 604
124 611
124 612
124 613
124 614
124 615
124 616
124 692
124 700
124 701
124 711
124 714
124 853
124 862
125 283
125 284
125 397
125 441
125 528
125 533
125 561
125 563
125 604
125 617
125 618
125 619
125 620
125 621
125 622
125 623
125 624
125 625
125 626
125 627
125 628
125 629
125 630
125 631
125 632
125 633
125 691
125 710
125 714
125 852
125 862
126 284
126 396
126 441
126 528
126 533
126 561
126 563
126 604
126 610
126 634
126 635
126 636
126 637
126 638
126 639
126 640
126 641
126 642
126 643
126 644
126 645
126 646
126 647
126 648
126 649
126 650
126 691
126 710
126 714
126 852
126 862
127 283
127 284
127 396
127 441
127 528
127 533
127 561
127 563
127 604
127 612
127 613
127 651
127 652
127 653
127 654
127 655
127 656
127 657
127 658
127 659
127 660
127 661
127 662
127 663
127 664
127 665
127 666
127 667
127 691
127 710
127 714
127 852
127 862
128 283
128 395
128 441
128 528
128 533
128 561
128 563
128 604
128 611
128 614
128 668
128 690
128 710
128 714
128 852
128 862
129 279
129 280
129 281
129 282
129 395
129 442
129 528
129 533
129 561
129 563
129 604
129 610
129 615
129 616
129 617
129 618
129 619
129 620
129 621
129 622
129 623
129 624
129 625
129 626
129 627
129 669
129 670
129 671
129 672
129 673
129 674
129 675
129 676
129 677
129 678
129 679
129 680
129 681
129 682
129 683
129 684
129 685
129 690
129 710
129 714
129 852
129 862
130 273
130 274
130 277
130 278
130 395
130 442
130 528
130 533
130 561
130 563
130 605
130 606
130 607
130 608
130 609
130 628
130 629
130 630
130 631
130 632
130 633
130 634
130 635
130 636
130 637
130 638
130 639
130 640
130 641
130 642
130 643
130 686
130 687
130 688
130 689
130 690
130 691
130 692
130 693
130 694
130 695
130 696
130 697
130 698
130 699
130 700
130 701
130 710
130 714
130 852
130 862
131 273
131 275
131 276
131 394
131 443
131 528
131 533
131 561
131 563
131 644
131 645
131 646
131 647
131 648
131 649
131 650
131 651
131 652
131 653
131 654
131 655
131 656
131 657
131 658
131 702
131 703
131 704
131 705
131 706
131 707
131 708
131 709
131 710
131 714
131 852
131 862
132 273
132 394
132 443
132 528
132 533
132 561
132 563
132 659
132 660
132 661
132 662
132 663
132 664
132 665
132 666
132 667
132 668
132 669
132 670
132 671
132 672
132 673
132 714
132 852
132 862
133 225
133 274
133 275
133 393
133 444
133 528
133 533
133 561
133 563
133 674
133 675
133 676
133 677
133 678
133 679
133 680
133 681
133 682
133 683
133 684
133 685
133 686
133 687
133 688
133 714
133 852
133 862
134 224
134 226
134 276
134 277
134 393
134 444
134 461
134 462
134 463
134 464
134 528
134 533
134 561
134 563
134 689
134 690
134 692
134 693
134 694
134 695
134 696
134 697
134 698
134 699
134 700
134 701
134 702
134 714
134 852
134 862
135 217
135 218
135 219
135 223
135 226
135 277
135 278
135 392
135 445
135 459
135 460
135 464
135 465
135 528
135 533
135 561
135 563
135 690
135 691
135 703
135 704
135 705
135 706
135 707
135 708
135 709
135 714
135 852
135 862
136 216
136 219
136 223
136 226
136 278
136 279
136 392
136 445
136 446
136 458
136 459
136 465
136 466
136 528
136 533
136 561
136 563
136 714
136 852
136 862
137 215
137 219
137 223
137 226
137 279
137 391
137 446
137 457
137 458
137 466
137 467
137 528
137 533
137 561
137 563
137 691
137 714
137 852
137 862
138 215
138 219
138 223
138 226
138 280
138 391
138 447
138 457
138 467
138 468
138 528
138 533
138 561
138 563
138 688
138 689
138 690
138 691
138 714
138 852
138 862
139 215
139 219
139 223
139 226
139 280
139 391
139 447
139 448
139 456
139 468
139 528
139 533
139 561
139 563
139 686
139 687
139 707
139 708
139 709
139 712
139 713
139 714
139 716
139 717
139 718
139 719
139 720
139 721
139 722
139 723
139 724
139 725
139 726
139 727
139 728
139 729
139 730
139 731
139 732
139 852
139 862
140 215
140 219
140 223
140 226
140 278
140 279
140 280
140 390
140 448
140 449
140 456
140 469
140 528
140 533
140 561
140 563
140 684
140 685
140 706
140 733
140 852
140 862
141 215
141 219
141 223
141 226
141 277
141 390
141 455
141 469
141 492
141 493
141 528
141 533
141 561
141 563
141 646
141 647
141 681
141 682
141 683
141 705
141 733
141 783
141 784
141 785
141 786
141 787
141 788
141 852
141 862
142 215
142 219
142 223
142 226
142 278
142 279
142 280
142 378
142 379
142 380
142 381
142 390
142 450
142 451
142 455
142 470
142 491
142 494
142 528
142 533
142 561
142 563
142 644
142 645
142 648
142 680
142 705
142 733
142 782
142 789
142 790
142 791
142 792
142 793
142 794
142 795
142 796
142 797
142 798
142 799
142 800
142 801
142 802
142 803
142 804
142 852
142 862
143 215
143 219
143 223
143 226
143 281
143 282
143 376
143 377
143 381
143 382
143 390
143 449
143 452
143 454
143 455
143 490
143 494
143 528
143 533
143 560
143 563
143 644
143 649
143 679
143 705
143 733
143 781
143 805
143 806
143 807
143 808
143 809
143 810
143 811
143 812
143 813
143 852
143 862
144 215
144 219
144 223
144 226
144 283
144 284
144 375
144 376
144 382
144 389
144 449
144 452
144 453
144 469
144 470
144 471
144 472
144 473
144 474
144 475
144 476
144 477
144 478
144 479
144 480
144 481
144 482
144 483
144 484
144 485
144 486
144 490
144 494
144 528
144 533
144 560
144 563
144 643
144 650
144 651
144 679
144 705
144 733
144 781
144 814
144 852
144 862
145 215
145 219
145 223
145 226
145 285
145 286
145 375
145 383
145 389
145 449
145 452
145 468
145 487
145 490
145 494
145 528
145 533
145 560
145 563
145 640
145 641
145 642
145 651
145 652
145 678
145 705
145 733
145 781
145 814
145 852
145 862
146 215
146 219
146 223
146 226
146 286
146 287
146 374
146 383
146 389
146 449
146 453
146 454
146 455
146 456
146 457
146 458
146 459
146 460
146 461
146 462
146 463
146 464
146 465
146 466
146 468
146 487
146 489
146 490
146 491
146 492
146 494
146 528
146 533
146 560
146 563
146 639
146 652
146 667
146 677
146 705
146 733
146 781
146 814
146 852
146 862
147 215
147 221
147 222
147 228
147 229
147 230
147 231
147 288
147 289
147 336
147 337
147 338
147 339
147 340
147 374
147 384
147 388
147 449
147 494
147 528
147 533
147 560
147 563
147 639
147 652
147 666
147 668
147 676
147 705
147 733
147 781
147 814
147 852
147 862
148 206
148 207
148 208
148 209
148 232
148 289
148 290
148 335
148 341
148 342
148 374
148 385
148 386
148 388
148 449
148 494
148 528
148 533
148 560
148 563
148 635
148 636
148 637
148 653
148 658
148 659
148 660
148 661
148 662
148 665
148 668
148 675
148 676
148 706
148 707
148 708
148 709
148 714
148 716
148 717
148 718
148 719
148 720
148 721
148 722
148 723
148 724
148 725
148 726
148 727
148 728
148 729
148 730
148 731
148 732
148 733
148 780
148 814
148 852
148 862
149 205
149 232
149 291
149 292
149 322
149 334
149 342
149 343
149 374
149 386
149 387
149 449
149 464
149 465
149 466
149 467
149 469
149 470
149 471
149 472
149 473
149 474
149 475
149 476
149 477
149 478
149 479
149 480
149 481
149 482
149 487
149 490
149 491
149 494
149 528
149 533
149 560
149 563
149 634
149 653
149 654
149 655
149 656
149 657
149 663
149 665
149 668
149 674
149 675
149 715
149 780
149 814
149 852
149 862
150 204
150 232
150 293
150 294
150 320
150 321
150 323
150 324
150 332
150 333
150 343
150 374
150 387
150 449
150 454
150 455
150 456
150 457
150 458
150 459
150 460
150 461
150 462
150 463
150 468
150 469
150 484
150 485
150 486
150 487
150 491
150 492
150 493
150 494
150 528
150 533
150 560
150 563
150 633
150 665
150 669
150 670
150 671
150 672
150 673
150 780
150 814
150 852
150 862
151 204
151 232
151 294
151 318
151 319
151 320
151 324
151 331
151 332
151 343
151 373
151 449
151 453
151 469
151 470
151 471
151 472
151 473
151 474
151 475
151 476
151 477
151 478
151 479
151 480
151 481
151 482
151 483
151 528
151 533
151 560
151 563
151 633
151 665
151 669
151 715
151 716
151 781
151 782
151 783
151 784
151 785
151 786
151 787
151 788
151 789
151 814
151 852
151 862
152 204
152 232
152 295
152 316
152 317
152 325
152 330
152 331
152 343
152 373
152 449
152 452
152 528
152 533
152 560
152 563
152 633
152 665
152 668
152 709
152 710
152 716
152 717
152 789
152 814
152 852
152 862
153 204
153 232
153 295
153 296
153 316
153 326
153 327
153 328
153 329
153 343
153 372
153 449
153 452
153 481
153 482
153 528
153 533
153 560
153 563
153 632
153 665
153 668
153 707
153 708
153 709
153 717
153 718
153 787
153 788
153 789
153 805
153 806
153 807
153 808
153 809
153 810
153 811
153 812
153 813
153 814
153 852
153 862
154 204
154 232
154 297
154 298
154 299
154 315
154 343
154 372
154 449
154 452
154 482
154 483
154 528
154 533
154 543
154 544
154 560
154 563
154 632
154 665
154 668
154 706
154 718
154 786
154 852
154 862
155 204
155 232
155 300
155 301
155 315
155 343
155 371
155 449
155 452
155 483
155 487
155 488
155 489
155 528
155 533
155 542
155 545
155 560
155 563
155 630
155 631
155 632
155 665
155 668
155 707
155 708
155 709
155 717
155 718
155 786
155 806
155 852
155 862
156 204
156 232
156 302
156 303
156 315
156 343
156 371
156 449
156 452
156 484
156 486
156 487
156 490
156 491
156 528
156 533
156 541
156 545
156 560
156 563
156 628
156 629
156 665
156 668
156 709
156 716
156 717
156 786
156 806
156 852
156 862
157 204
157 232
157 304
157 305
157 314
157 315
157 343
157 371
157 449
157 452
157 484
157 485
157 486
157 491
157 492
157 528
157 533
157 541
157 545
157 560
157 563
157 628
157 665
157 668
157 715
157 716
157 786
157 806
157 852
157 862
158 204
158 232
158 305
158 312
158 313
158 343
158 371
158 449
158 452
158 492
158 493
158 528
158 533
158 541
158 546
158 560
158 563
158 571
158 627
158 665
158 668
158 713
158 786
158 805
158 852
158 862
159 204
159 231
159 306
159 307
159 312
159 343
159 369
159 370
159 449
159 452
159 494
159 495
159 505
159 506
159 507
159 508
159 528
159 533
159 541
159 546
159 547
159 560
159 563
159 570
159 572
159 627
159 665
159 668
159 692
159 693
159 706
159 707
159 708
159 709
159 714
159 715
159 786
159 805
159 852
159 862
160 204
160 231
160 308
160 309
160 310
160 311
160 342
160 367
160 368
160 449
160 452
160 495
160 496
160 503
160 504
160 508
160 509
160 528
160 533
160 541
160 545
160 547
160 560
160 563
160 570
160 572
160 627
160 628
160 665
160 668
160 691
160 694
160 704
160 705
160 715
160 786
160 805
160 852
160 862
161 204
161 231
161 343
161 367
161 449
161 452
161 496
161 502
161 503
161 509
161 510
161 528
161 533
161 541
161 545
161 547
161 560
161 563
161 570
161 573
161 629
161 665
161 668
161 691
161 694
161 703
161 714
161 786
161 805
161 852
161 862
162 204
162 231
162 344
162 345
162 366
162 449
162 452
162 496
162 501
162 502
162 511
162 528
162 533
162 541
162 545
162 547
162 560
162 563
162 570
162 573
162 630
162 665
162 668
162 691
162 694
162 703
162 705
162 714
162 731
162 787
162 788
162 789
162 790
162 791
162 794
162 804
162 852
162 862
163 204
163 231
163 345
163 346
163 366
163 449
163 452
163 496
163 501
163 512
163 528
163 533
163 541
163 545
163 547
163 560
163 563
163 570
163 574
163 630
163 665
163 668
163 691
163 694
163 714
163 730
163 732
163 738
163 739
163 740
163 741
163 742
163 793
163 795
163 797
163 798
163 799
163 800
163 801
163 802
163 803
163 804
163 852
163 862
164 204
164 231
164 346
164 347
164 366
164 449
164 452
164 497
164 498
164 499
164 500
164 513
164 514
164 528
164 533
164 541
164 545
164 547
164 560
164 563
164 570
164 574
164 630
164 665
164 668
164 681
164 682
164 683
164 684
164 685
164 691
164 694
164 704
164 705
164 714
164 729
164 732
164 734
164 735
164 736
164 737
164 743
164 792
164 796
164 852
164 862
165 204
165 231
165 347
165 348
165 363
165 364
165 365
165 449
165 452
165 514
165 515
165 528
165 533
165 541
165 545
165 547
165 560
165 563
165 569
165 574
165 601
165 630
165 665
165 669
165 681
165 685
165 691
165 694
165 703
165 714
165 729
165 743
165 792
165 795
165 852
165 862
166 204
166 231
166 348
166 349
166 350
166 360
166 361
166 362
166 449
166 452
166 515
166 521
166 522
166 523
166 524
166 525
166 528
166 533
166 541
166 545
166 547
166 560
166 563
166 569
166 574
166 600
166 602
166 603
166 604
166 630
166 665
166 670
166 680
166 685
166 691
166 694
166 703
166 714
166 729
166 731
166 743
166 792
166 795
166 852
166 862
167 204
167 231
167 351
167 352
167 353
167 354
167 355
167 356
167 357
167 358
167 359
167 449
167 452
167 516
167 519
167 520
167 526
167 528
167 533
167 539
167 541
167 545
167 547
167 560
167 569
167 575
167 599
167 605
167 606
167 607
167 628
167 629
167 630
167 631
167 632
167 633
167 634
167 635
167 646
167 647
167 648
167 665
167 670
167 680
167 685
167 691
167 694
167 703
167 714
167 727
167 728
167 729
167 731
167 743
167 792
167 795
167 852
167 862
168 205
168 231
168 449
168 452
168 517
168 518
168 519
168 528
168 533
168 538
168 541
168 545
168 547
168 556
168 557
168 558
168 559
168 560
168 563
168 564
168 565
168 566
168 567
168 568
168 569
168 575
168 599
168 608
168 609
168 618
168 619
168 620
168 621
168 622
168 623
168 624
168 625
168 626
168 627
168 636
168 646
168 649
168 665
168 670
168 680
168 685
168 691
168 694
168 703
168 714
168 726
168 729
168 731
168 743
168 792
168 795
168 852
168 862
169 205
169 231
169 448
169 452
169 528
169 533
169 537
169 541
169 547
169 555
169 575
169 579
169 581
169 583
169 584
169 585
169 587
169 588
169 589
169 590
169 591
169 592
169 593
169 594
169 595
169 599
169 609
169 616
169 617
169 637
169 645
169 649
169 665
169 670
169 680
169 685
169 691
169 694
169 703
169 714
169 725
169 729
169 731
169 734
169 735
169 736
169 737
169 738
169 739
169 740
169 741
169 742
169 743
169 792
169 795
169 852
169 862
170 205
170 231
170 448
170 452
170 528
170 533
170 537
170 541
170 547
170 554
170 560
170 575
170 578
170 580
170 582
170 586
170 588
170 596
170 599
170 609
170 616
170 637
170 645
170 649
170 665
170 670
170 680
170 685
170 691
170 694
170 703
170 714
170 725
170 729
170 732
170 792
170 795
170 852
170 862
171 205
171 231
171 448
171 452
171 528
171 534
171 535
171 536
171 537
171 541
171 546
171 554
171 560
171 576
171 577
171 580
171 582
171 586
171 588
171 597
171 610
171 611
171 612
171 615
171 637
171 645
171 649
171 665
171 670
171 680
171 685
171 691
171 694
171 704
171 711
171 714
171 725
171 729
171 732
171 792
171 795
171 852
171 862
172 205
172 231
172 448
172 453
172 528
172 534
172 541
172 546
172 548
172 549
172 550
172 551
172 552
172 553
172 555
172 560
172 579
172 584
172 585
172 597
172 598
172 613
172 615
172 637
172 645
172 649
172 665
172 670
172 680
172 685
172 691
172 694
172 705
172 706
172 707
172 708
172 709
172 712
172 714
172 725
172 729
172 732
172 792
172 795
172 852
172 862
173 205
173 231
173 448
173 453
173 528
173 533
173 541
173 545
173 555
173 560
173 573
173 574
173 576
173 577
173 578
173 587
173 588
173 589
173 590
173 598
173 615
173 637
173 645
173 649
173 665
173 670
173 680
173 685
173 691
173 694
173 709
173 714
173 725
173 729
173 732
173 792
173 795
173 852
173 862
174 205
174 231
174 448
174 453
174 528
174 533
174 541
174 545
174 556
174 560
174 571
174 572
174 591
174 592
174 593
174 594
174 595
174 596
174 597
174 615
174 637
174 645
174 649
174 665
174 670
174 680
174 685
174 691
174 694
174 709
174 713
174 725
174 729
174 732
174 792
174 795
174 852
174 862
175 205
175 231
175 448
175 453
175 527
175 533
175 541
175 545
175 556
175 560
175 567
175 568
175 569
175 570
175 615
175 637
175 645
175 649
175 665
175 670
175 680
175 684
175 685
175 691
175 694
175 709
175 713
175 725
175 729
175 732
175 791
175 794
175 852
175 862
176 205
176 231
176 448
176 453
176 527
176 533
176 542
176 545
176 556
176 560
176 566
176 615
176 637
176 646
176 647
176 649
176 665
176 670
176 680
176 684
176 691
176 694
176 709
176 713
176 725
176 726
176 732
176 791
176 794
176 852
176 862
177 205
177 231
177 448
177 453
177 527
177 533
177 545
177 557
177 560
177 565
177 575
177 586
177 587
177 588
177 589
177 607
177 608
177 609
177 610
177 611
177 612
177 615
177 637
177 646
177 649
177 665
177 669
177 680
177 683
177 691
177 694
177 709
177 713
177 727
177 728
177 729
177 732
177 791
177 794
177 852
177 862
178 205
178 231
178 448
178 453
178 467
178 468
178 469
178 470
178 471
178 472
178 473
178 474
178 475
178 476
178 477
178 478
178 527
178 533
178 539
178 540
178 541
178 542
178 545
178 557
178 560
178 565
178 573
178 574
178 576
178 577
178 578
178 584
178 585
178 590
178 591
178 604
178 605
178 606
178 613
178 615
178 637
178 645
178 648
178 665
178 668
178 680
178 683
178 690
178 694
178 709
178 713
178 729
178 732
178 791
178 794
178 852
178 862
179 205
179 230
179 448
179 453
179 465
179 466
179 479
179 480
179 527
179 533
179 537
179 538
179 542
179 545
179 562
179 564
179 571
179 572
179 579
179 580
179 583
179 584
179 592
179 602
179 603
179 616
179 637
179 645
179 648
179 665
179 668
179 680
179 683
179 690
179 694
179 709
179 713
179 729
179 732
179 791
179 794
179 852
179 862
180 205
180 230
180 335
180 336
180 448
180 453
180 464
180 465
180 480
180 481
180 534
180 535
180 542
180 546
180 547
180 548
180 549
180 550
180 551
180 552
180 553
180 554
180 555
180 556
180 557
180 558
180 561
180 562
180 564
180 570
180 571
180 580
180 582
180 583
180 593
180 602
180 616
180 637
180 645
180 648
180 665
180 668
180 680
180 683
180 690
180 694
180 709
180 713
180 729
180 732
180 791
180 794
180 852
180 862
181 205
181 230
181 333
181 334
181 337
181 338
181 448
181 453
181 464
181 481
181 525
181 526
181 527
181 534
181 536
181 542
181 546
181 558
181 564
181 570
181 581
181 593
181 601
181 615
181 637
181 645
181 648
181 665
181 668
181 680
181 683
181 690
181 694
181 709
181 713
181 729
181 732
181 791
181 794
181 852
181 862
182 205
182 230
182 332
182 333
182 339
182 340
182 448
182 453
182 462
182 463
182 482
182 487
182 527
182 533
182 536
182 542
182 545
182 559
182 564
182 569
182 593
182 601
182 615
182 637
182 645
182 648
182 665
182 668
182 680
182 690
182 694
182 709
182 713
182 729
182 735
182 736
182 737
182 738
182 739
182 740
182 741
182 742
182 743
182 744
182 745
182 746
182 791
182 794
182 852
182 862
183 166
183 167
183 168
183 169
183 170
183 171
183 172
183 205
183 230
183 331
183 332
183 341
183 448
183 453
183 460
183 461
183 482
183 483
183 484
183 485
183 486
183 527
183 533
183 536
183 542
183 545
183 559
183 560
183 563
183 564
183 565
183 566
183 567
183 568
183 581
183 600
183 615
183 637
183 665
183 668
183 680
183 690
183 694
183 709
183 713
183 729
183 732
183 733
183 734
183 747
183 748
183 791
183 794
183 852
183 862
184 164
184 165
184 173
184 174
184 205
184 230
184 331
184 448
184 453
184 457
184 458
184 459
184 460
184 527
184 533
184 536
184 542
184 545
184 560
184 561
184 562
184 563
184 598
184 599
184 615
184 637
184 665
184 668
184 680
184 690
184 694
184 709
184 713
184 728
184 732
184 748
184 791
184 794
184 852
184 862
185 162
185 163
185 175
185 205
185 220
185 225
185 230
185 330
185 343
185 446
185 447
185 448
185 454
185 455
185 456
185 487
185 488
185 489
185 490
185 527
185 533
185 536
185 542
185 545
185 561
185 600
185 615
185 637
185 680
185 690
185 694
185 709
185 713
185 731
185 748
185 791
185 794
185 852
185 862
186 160
186 161
186 176
186 205
186 215
186 220
186 225
186 230
186 330
186 343
186 448
186 454
186 485
186 486
186 490
186 491
186 527
186 533
186 535
186 537
186 538
186 539
186 540
186 541
186 542
186 543
186 544
186 545
186 547
186 548
186 549
186 550
186 551
186 552
186 553
186 554
186 555
186 556
186 557
186 560
186 600
186 615
186 637
186 690
186 694
186 709
186 713
186 715
186 716
186 725
186 726
186 727
186 728
186 731
186 748
186 790
186 793
186 852
186 863
187 160
187 176
187 177
187 205
187 215
187 221
187 222
187 226
187 227
187 228
187 229
187 230
187 329
187 343
187 383
187 384
187 385
187 386
187 387
187 388
187 389
187 390
187 391
187 392
187 393
187 394
187 395
187 396
187 448
187 450
187 451
187 452
187 454
187 455
187 456
187 457
187 458
187 459
187 483
187 484
187 491
187 492
187 527
187 532
187 533
187 558
187 560
187 600
187 616
187 617
187 618
187 619
187 620
187 621
187 622
187 623
187 624
187 625
187 626
187 627
187 709
187 712
187 713
187 717
187 723
187 724
187 728
187 731
187 749
187 773
187 774
187 775
187 776
187 777
187 778
187 779
187 780
187 781
187 782
187 783
187 784
187 790
187 793
187 852
187 863
188 159
188 177
188 178
188 206
188 207
188 208
188 209
188 210
188 211
188 212
188 213
188 214
188 215
188 329
188 343
188 381
188 382
188 397
188 398
188 399
188 400
188 401
188 402
188 435
188 436
188 437
188 438
188 439
188 440
188 441
188 442
188 443
188 444
188 445
188 446
188 447
188 448
188 459
188 482
188 483
188 492
188 493
188 527
188 531
188 532
188 560
188 599
188 600
188 602
188 603
188 604
188 605
188 606
188 607
188 608
188 609
188 610
188 611
188 612
188 613
188 614
188 628
188 629
188 709
188 712
188 717
188 721
188 722
188 728
188 731
188 749
188 772
188 785
188 790
188 793
188 852
188 863
189 159
189 178
189 179
189 220
189 225
189 330
189 343
189 379
189 380
189 403
189 404
189 405
189 423
189 424
189 425
189 426
189 427
189 428
189 429
189 430
189 431
189 432
189 433
189 434
189 459
189 482
189 493
189 494
189 527
189 530
189 531
189 561
189 597
189 598
189 630
189 631
189 637
189 709
189 719
189 720
189 728
189 731
189 749
189 771
189 785
189 790
189 793
189 852
189 863
190 159
190 179
190 215
190 220
190 225
190 330
190 331
190 343
190 378
190 379
190 406
190 407
190 410
190 411
190 412
190 413
190 414
190 415
190 416
190 417
190 418
190 419
190 420
190 421
190 422
190 459
190 481
190 494
190 527
190 529
190 530
190 561
190 597
190 631
190 632
190 637
190 709
190 719
190 728
190 731
190 749
190 771
190 785
190 790
190 793
190 852
190 863
191 158
191 179
191 215
191 220
191 225
191 331
191 332
191 342
191 377
191 378
191 408
191 409
191 481
191 494
191 527
191 529
191 596
191 632
191 637
191 709
191 718
191 728
191 731
191 771
191 785
191 790
191 793
191 852
191 863
192 83
192 84
192 85
192 86
192 87
192 88
192 89
192 158
192 179
192 215
192 220
192 225
192 332
192 342
192 376
192 377
192 480
192 494
192 563
192 595
192 596
192 633
192 638
192 709
192 718
192 728
192 731
192 766
192 767
192 768
192 769
192 770
192 785
192 790
192 793
192 852
192 863
193 55
193 56
193 57
193 58
193 59
193 60
193 61
193 62
193 63
193 64
193 65
193 66
193 67
193 68
193 69
193 70
193 71
193 72
193 73
193 74
193 75
193 76
193 77
193 78
193 79
193 80
193 81
193 82
193 90
193 91
193 158
193 179
193 215
193 220
193 225
193 332
193 343
193 371
193 372
193 373
193 374
193 375
193 376
193 408
193 409
193 410
193 481
193 494
193 527
193 564
193 565
193 566
193 567
193 595
193 633
193 639
193 640
193 708
193 709
193 728
193 731
193 765
193 785
193 790
193 793
193 852
193 863
194 18
194 19
194 20
194 21
194 22
194 23
194 24
194 25
194 26
194 27
194 28
194 29
194 30
194 31
194 32
194 33
194 34
194 35
194 36
194 37
194 38
194 39
194 40
194 41
194 42
194 43
194 44
194 45
194 46
194 47
194 48
194 49
194 50
194 51
194 52
194 53
194 54
194 92
194 93
194 158
194 179
194 215
194 220
194 225
194 331
194 343
194 344
194 359
194 360
194 361
194 362
194 363
194 364
194 365
194 366
194 367
194 370
194 373
194 375
194 410
194 411
194 481
194 494
194 526
194 527
194 568
194 569
194 594
194 634
194 641
194 717
194 728
194 732
194 764
194 790
194 793
194 852
194 863
195 0
195 1
195 2
195 3
195 4
195 5
195 6
195 7
195 8
195 9
195 10
195 11
195 12
195 13
195 14
195 15
195 16
195 17
195 93
195 94
195 158
195 179
195 215
195 220
195 225
195 331
195 344
195 347
195 348
195 349
195 350
195 351
195 352
195 353
195 354
195 355
195 356
195 357
195 358
195 368
195 369
195 373
195 374
195 375
195 411
195 481
195 493
195 526
195 569
195 594
195 634
195 641
195 716
195 728
195 732
195 763
195 764
195 790
195 793
195 852
195 863
196 94
196 95
196 159
196 177
196 178
196 215
196 220
196 225
196 330
196 345
196 346
196 369
196 412
196 481
196 482
196 492
196 493
196 525
196 569
196 591
196 592
196 593
196 635
196 636
196 637
196 641
196 716
196 764
196 788
196 793
196 852
196 863
197 96
197 97
197 160
197 161
197 177
197 215
197 220
197 225
197 321
197 322
197 323
197 324
197 325
197 326
197 327
197 328
197 329
197 330
197 345
197 482
197 483
197 491
197 492
197 525
197 569
197 589
197 590
197 638
197 641
197 764
197 789
197 793
197 852
197 863
198 98
198 99
198 161
198 177
198 178
198 215
198 220
198 225
198 309
198 310
198 311
198 312
198 313
198 314
198 315
198 316
198 317
198 318
198 319
198 320
198 331
198 345
198 367
198 368
198 484
198 485
198 487
198 490
198 491
198 524
198 568
198 587
198 588
198 639
198 785
198 789
198 793
198 852
198 863
199 100
199 101
199 161
199 178
199 215
199 220
199 225
199 295
199 296
199 297
199 298
199 299
199 300
199 301
199 302
199 303
199 304
199 305
199 306
199 307
199 308
199 331
199 345
199 366
199 367
199 413
199 485
199 489
199 524
199 568
199 587
199 639
199 789
199 793
199 852
199 863
200 102
200 103
200 160
200 179
200 215
200 220
200 225
200 283
200 284
200 285
200 286
200 287
200 288
200 289
200 290
200 291
200 292
200 293
200 294
200 331
200 345
200 366
200 413
200 485
200 488
200 523
200 568
200 569
200 586
200 639
200 789
200 793
200 852
200 863
201 103
201 104
201 159
201 179
201 215
201 220
201 225
201 269
201 270
201 271
201 272
201 273
201 274
201 275
201 276
201 277
201 278
201 279
201 280
201 281
201 282
201 330
201 365
201 413
201 485
201 488
201 523
201 569
201 586
201 638
201 639
201 789
201 792
201 852
201 863
202 104
202 105
202 159
202 179
202 215
202 220
202 225
202 257
202 258
202 259
202 260
202 261
202 262
202 263
202 264
202 265
202 266
202 267
202 268
202 330
202 345
202 413
202 485
202 488
202 522
202 569
202 587
202 638
202 641
202 789
202 792
202 852
202 863
203 105
203 106
203 159
203 180
203 215
203 220
203 225
203 245
203 246
203 247
203 248
203 249
203 250
203 251
203 252
203 253
203 254
203 255
203 256
203 330
203 485
203 488
203 522
203 569
203 588
203 589
203 638
203 641
203 789
203 792
203 852
203 863
204 106
204 159
204 180
204 215
204 220
204 225
204 232
204 233
204 234
204 235
204 236
204 237
204 238
204 239
204 240
204 241
204 242
204 243
204 244
204 330
204 486
204 489
204 522
204 569
204 589
204 639
204 640
204 641
204 789
204 792
204 852
204 863
205 107
205 160
205 180
205 215
205 220
205 221
205 222
205 223
205 224
205 225
205 226
205 227
205 228
205 229
205 230
205 231
205 330
205 522
205 569
205 589
205 639
205 789
205 792
205 852
205 863
206 107
206 108
206 160
206 180
206 208
206 209
206 210
206 211
206 212
206 213
206 214
206 215
206 216
206 217
206 218
206 219
206 330
206 345
206 522
206 569
206 588
206 638
206 789
206 792
206 850
206 851
206 852
206 863
207 108
207 109
207 159
207 160
207 180
207 195
207 196
207 197
207 198
207 199
207 200
207 201
207 202
207 203
207 204
207 205
207 206
207 207
207 330
207 345
207 522
207 569
207 588
207 638
207 789
207 792
207 852
207 863
208 109
208 110
208 158
208 183
208 184
208 185
208 186
208 187
208 188
208 189
208 190
208 191
208 192
208 193
208 194
208 330
208 345
208 588
208 639
208 789
208 792
208 852
209 110
209 111
209 157
209 182
209 328
209 345
209 587
209 639
209 788
209 791
209 852
210 111
210 112
210 181
210 328
210 345
210 587
210 639
210 788
210 791
210 852
210 863
211 112
211 146
211 147
211 148
211 149
211 150
211 151
211 152
211 153
211 154
211 155
211 156
211 181
211 328
211 345
211 587
211 639
211 788
211 791
211 852
211 863
212 113
212 133
212 134
212 135
212 136
212 137
212 138
212 139
212 140
212 141
212 142
212 143
212 144
212 145
212 181
212 328
212 345
212 587
212 639
212 788
212 791
212 852
212 863
213 113
213 132
213 157
213 181
213 328
213 345
213 587
213 639
213 788
213 791
213 852
213 863
214 113
214 122
214 123
214 124
214 125
214 126
214 127
214 128
214 129
214 130
214 131
214 157
214 181
214 329
214 345
214 788
214 791
214 852
214 863
215 114
215 116
215 117
215 118
215 119
215 120
215 121
215 157
215 181
215 330
215 345
215 791
215 852
215 863
216 114
216 115
216 157
216 181
216 330
216 345
216 852
216 863
217 115
217 157
217 181
217 330
217 345
217 852
217 863
218 116
218 157
218 181
218 330
218 345
218 852
218 863
219 116
219 157
219 181
219 330
219 345
219 852
219 863
220 116
220 157
220 181
220 330
220 345
220 852
220 863
221 116
221 157
221 330
221 346
221 852
221 863
222 116
222 157
222 182
222 330
222 346
222 852
222 863
223 116
223 157
223 181
223 330
223 346
223 852
223 863
224 116
224 155
224 156
224 181
224 329
224 346
224 863
225 116
225 157
225 181
225 329
225 346
225 863
226 116
226 157
226 181
226 329
226 346
226 863
227 116
227 157
227 181
227 329
227 346
227 863
228 116
228 157
228 181
228 329
228 346
229 117
229 157
229 181
230 157
230 181
231 116
231 157
231 181
232 117
232 157
232 181
233 117
233 157
233 181
234 117
234 157
234 181
235 157
235 181
236 157
236 181
237 157
237 181
238 157
238 181
239 157
239 181
240 157
240 181
241 157
241 181
242 157
242 181
243 157
243 181
244 157
244 181
245 157
245 181
246 157
246 181
247 157
247 181
248 157
248 181
249 157
249 181
250 157
250 181
251 157
251 181
252 157
252 181
253 157
253 181
254 157
254 181
255 157
255 181
256 157
256 181
257 157
257 181
258 157
258 181
258 1278
258 1279
259 157
259 181
260 157
260 181
261 157
261 181
262 157
262 181
263 157
263 181
264 157
264 181
265 157
265 181
266 157
266 181
267 157
267 181
268 157
268 181
269 157
269 181
270 157
271 157
272 157
273 157
