0 423
0 513
0 685
0 816
0 872
0 1147
0 1192
0 1233
1 423
1 513
1 685
1 817
1 872
1 1147
1 1193
1 1194
1 1233
2 424
2 513
2 685
2 818
2 819
2 820
2 821
2 822
2 872
2 1147
2 1195
2 1232
2 1233
3 424
3 510
3 511
3 512
3 685
3 823
3 872
3 1147
3 1196
3 1232
4 424
4 508
4 509
4 823
4 872
4 1147
4 1196
4 1197
4 1232
5 424
5 507
5 683
5 685
5 687
5 688
5 823
5 834
5 872
5 1147
5 1157
5 1158
5 1159
5 1198
5 1199
6 424
6 506
6 688
6 823
6 831
6 832
6 833
6 835
6 872
6 1147
6 1152
6 1153
6 1154
6 1155
6 1156
6 1160
6 1161
6 1162
6 1163
6 1164
6 1200
6 1230
6 1231
7 422
7 423
7 424
7 506
7 689
7 824
7 825
7 826
7 827
7 828
7 829
7 830
7 835
7 872
7 1147
7 1150
7 1151
7 1165
7 1201
7 1228
7 1229
8 421
8 507
8 508
8 689
8 835
8 872
8 1148
8 1150
8 1166
8 1201
8 1226
8 1227
9 421
9 689
9 832
9 833
9 834
9 835
9 872
9 1148
9 1166
9 1201
9 1225
9 1226
10 421
10 506
10 507
10 508
10 689
10 831
10 872
10 1148
10 1166
10 1198
10 1199
10 1200
10 1223
10 1224
10 1232
11 421
11 504
11 505
11 689
11 830
11 872
11 1147
11 1165
11 1166
11 1197
11 1223
12 421
12 504
12 689
12 830
12 872
12 1147
12 1165
12 1196
12 1222
12 1230
12 1232
13 420
13 503
13 690
13 691
13 830
13 872
13 1147
13 1164
13 1197
13 1223
13 1224
13 1225
13 1226
13 1227
13 1228
13 1229
13 1230
14 420
14 502
14 503
14 691
14 692
14 693
14 694
14 695
14 831
14 872
14 1148
14 1163
14 1164
14 1181
14 1182
14 1197
14 1198
14 1232
14 1233
14 1234
14 1235
14 1236
14 1237
14 1238
14 1239
15 420
15 502
15 696
15 697
15 831
15 832
15 873
15 1148
15 1162
15 1163
15 1180
15 1198
15 1240
16 421
16 422
16 423
16 502
16 697
16 832
16 833
16 834
16 873
16 1148
16 1160
16 1161
16 1179
16 1180
16 1182
16 1199
16 1240
17 424
17 425
17 502
17 698
17 835
17 873
17 1148
17 1159
17 1160
17 1174
17 1175
17 1176
17 1177
17 1178
17 1181
17 1199
17 1240
18 426
18 427
18 503
18 698
18 835
18 849
18 850
18 851
18 873
18 1148
18 1158
18 1159
18 1173
18 1181
18 1199
18 1240
19 427
19 428
19 503
19 697
19 698
19 835
19 848
19 852
19 873
19 1148
19 1156
19 1157
19 1173
19 1181
19 1199
19 1240
19 1266
20 428
20 504
20 696
20 697
20 835
20 847
20 852
20 873
20 1148
20 1156
20 1174
20 1175
20 1182
20 1199
20 1240
20 1265
21 429
21 504
21 695
21 696
21 835
21 846
21 847
21 852
21 873
21 1148
21 1156
21 1157
21 1158
21 1159
21 1175
21 1182
21 1183
21 1199
21 1238
21 1239
21 1260
21 1261
21 1262
21 1263
21 1264
21 1265
22 429
22 505
22 695
22 834
22 845
22 852
22 873
22 1148
22 1160
22 1175
22 1184
22 1185
22 1186
22 1187
22 1188
22 1199
22 1237
22 1238
22 1254
22 1255
22 1256
22 1257
22 1258
22 1259
22 1266
23 430
23 506
23 694
23 834
23 844
23 852
23 873
23 1148
23 1160
23 1175
23 1189
23 1190
23 1199
23 1236
23 1237
23 1253
23 1266
23 1267
23 1268
23 1269
24 430
24 431
24 432
24 507
24 508
24 509
24 510
24 511
24 512
24 513
24 514
24 515
24 694
24 835
24 843
24 844
24 851
24 873
24 1148
24 1161
24 1162
24 1163
24 1164
24 1174
24 1175
24 1190
24 1191
24 1198
24 1235
24 1236
24 1252
24 1253
24 1270
24 1271
24 1272
25 433
25 694
25 835
25 836
25 841
25 851
25 873
25 1148
25 1165
25 1166
25 1167
25 1168
25 1169
25 1170
25 1171
25 1172
25 1173
25 1174
25 1191
25 1192
25 1198
25 1234
25 1250
25 1251
25 1273
25 1274
25 1275
25 1276
26 433
26 515
26 693
26 837
26 838
26 839
26 842
26 851
26 873
26 1148
26 1193
26 1194
26 1195
26 1196
26 1197
26 1198
26 1234
26 1249
26 1277
26 1278
26 1279
27 434
27 445
27 446
27 451
27 452
27 453
27 515
27 693
27 837
27 843
27 852
27 873
27 1148
27 1236
27 1248
28 434
28 442
28 443
28 444
28 447
28 448
28 451
28 453
28 454
28 515
28 516
28 693
28 694
28 836
28 843
28 852
28 873
28 1148
28 1236
28 1244
28 1245
28 1246
28 1247
28 1248
29 434
29 440
29 441
29 448
29 454
29 455
29 516
29 517
29 694
29 836
29 843
29 853
29 873
29 1148
29 1236
29 1242
29 1243
30 434
30 438
30 439
30 449
30 450
30 455
30 456
30 518
30 695
30 836
30 843
30 853
30 854
30 859
30 860
30 867
30 868
30 869
30 870
30 873
30 1148
30 1236
30 1241
30 1242
31 435
31 436
31 437
31 456
31 457
31 519
31 695
31 836
31 843
31 854
31 855
31 856
31 857
31 858
31 861
31 862
31 863
31 864
31 865
31 866
31 872
31 1148
31 1237
31 1238
31 1239
31 1240
31 1241
32 458
32 459
32 519
32 695
32 836
32 843
32 872
32 1148
33 459
33 460
33 520
33 693
33 694
33 695
33 836
33 843
33 872
33 1148
34 460
34 520
34 693
34 836
34 843
34 872
34 1148
35 460
35 520
35 693
35 694
35 836
35 843
35 872
35 1148
36 460
36 464
36 465
36 466
36 467
36 468
36 519
36 520
36 694
36 836
36 843
36 872
36 1148
37 460
37 462
37 463
37 469
37 470
37 517
37 518
37 695
37 836
37 843
37 872
37 1148
38 462
38 470
38 515
38 516
38 695
38 836
38 843
38 872
38 1148
39 459
39 471
39 472
39 514
39 515
39 696
39 836
39 843
39 872
39 1148
40 459
40 461
40 470
40 512
40 513
40 696
40 697
40 836
40 843
40 872
40 1148
41 458
41 470
41 485
41 512
41 697
41 698
41 836
41 843
41 872
41 1148
42 458
42 471
42 472
42 484
42 486
42 511
42 698
42 836
42 843
42 872
42 1148
43 458
43 473
43 483
43 487
43 699
43 836
43 843
43 872
43 1149
44 459
44 474
44 475
44 481
44 482
44 488
44 489
44 508
44 509
44 510
44 699
44 836
44 843
44 872
44 1149
45 459
45 475
45 476
45 480
45 481
45 490
45 507
45 508
45 699
45 836
45 843
45 872
45 1149
46 476
46 477
46 478
46 479
46 490
46 507
46 698
46 699
46 836
46 843
46 872
46 1149
47 491
47 507
47 692
47 693
47 694
47 695
47 696
47 697
47 836
47 843
47 872
47 1149
48 491
48 507
48 692
48 836
48 843
48 872
48 1149
49 491
49 508
49 693
49 694
49 836
49 843
49 872
49 1149
50 491
50 508
50 697
50 698
50 836
50 843
50 872
50 1149
51 491
51 509
51 699
51 700
51 836
51 843
51 872
51 1149
52 491
52 509
52 510
52 701
52 836
52 843
52 872
52 1149
53 491
53 510
53 701
53 836
53 843
53 872
53 1149
54 491
54 511
54 701
54 836
54 843
54 872
54 1149
55 491
55 511
55 701
55 836
55 843
55 872
55 1149
56 491
56 512
56 700
56 701
56 836
56 843
56 872
56 1149
57 491
57 512
57 699
57 836
57 843
57 872
57 1149
58 491
58 513
58 698
58 836
58 843
58 872
58 1149
59 492
59 493
59 494
59 513
59 699
59 836
59 843
59 872
59 1149
60 495
60 496
60 497
60 512
60 513
60 699
60 836
60 843
60 872
60 1149
61 498
61 499
61 512
61 699
61 836
61 843
61 872
61 1149
61 1277
61 1278
61 1279
62 499
62 500
62 511
62 698
62 786
62 787
62 788
62 789
62 790
62 791
62 792
62 793
62 796
62 797
62 798
62 799
62 800
62 801
62 802
62 803
62 804
62 805
62 836
62 843
62 872
62 1149
62 1269
62 1270
62 1271
62 1272
62 1273
62 1274
62 1275
62 1276
63 500
63 511
63 698
63 785
63 794
63 795
63 806
63 807
63 808
63 809
63 810
63 811
63 812
63 813
63 814
63 815
63 816
63 817
63 818
63 819
63 836
63 843
63 872
63 1149
63 1261
63 1262
63 1263
63 1264
63 1265
63 1266
63 1267
63 1268
64 500
64 511
64 697
64 784
64 794
64 820
64 836
64 843
64 872
64 1149
64 1254
64 1255
64 1256
64 1257
64 1258
64 1259
64 1260
65 500
65 510
65 697
65 785
65 791
65 792
65 793
65 794
65 795
65 796
65 797
65 798
65 799
65 821
65 836
65 843
65 872
65 1149
65 1245
65 1246
65 1247
65 1248
65 1249
65 1250
65 1251
65 1252
65 1253
66 500
66 510
66 696
66 785
66 786
66 787
66 788
66 789
66 790
66 800
66 801
66 802
66 803
66 804
66 805
66 806
66 807
66 808
66 809
66 810
66 811
66 812
66 821
66 836
66 843
66 872
66 1149
66 1237
66 1238
66 1239
66 1240
66 1241
66 1242
66 1243
66 1244
67 499
67 509
67 510
67 696
67 813
67 814
67 815
67 816
67 817
67 821
67 836
67 843
67 872
67 1149
67 1230
67 1231
67 1232
67 1233
67 1234
67 1235
67 1236
68 499
68 508
68 697
68 818
68 821
68 836
68 843
68 872
68 1149
68 1222
68 1223
68 1224
68 1225
68 1226
68 1227
68 1228
68 1229
69 499
69 507
69 697
69 818
69 821
69 836
69 843
69 872
69 1149
69 1213
69 1214
69 1215
69 1216
69 1217
69 1218
69 1219
69 1220
69 1221
70 498
70 507
70 698
70 818
70 821
70 836
70 843
70 872
70 1150
70 1152
70 1153
70 1154
70 1155
70 1156
70 1157
70 1206
70 1207
70 1208
70 1209
70 1210
70 1211
70 1212
71 498
71 506
71 698
71 818
71 821
71 836
71 843
71 873
71 1150
71 1151
71 1158
71 1159
71 1160
71 1198
71 1199
71 1200
71 1201
71 1202
71 1203
71 1204
71 1205
72 497
72 504
72 505
72 699
72 818
72 821
72 836
72 843
72 873
72 1150
72 1161
72 1162
72 1190
72 1191
72 1192
72 1193
72 1194
72 1195
72 1196
72 1197
73 497
73 504
73 699
73 818
73 821
73 836
73 843
73 873
73 1150
73 1163
73 1164
73 1165
73 1166
73 1182
73 1183
73 1184
73 1185
73 1186
73 1187
73 1188
73 1189
74 497
74 503
74 699
74 818
74 821
74 836
74 843
74 873
74 1150
74 1167
74 1168
74 1169
74 1173
74 1174
74 1175
74 1176
74 1177
74 1178
74 1179
74 1180
74 1181
75 498
75 504
75 700
75 818
75 821
75 836
75 843
75 873
75 1150
75 1170
75 1172
75 1173
76 499
76 500
76 504
76 700
76 818
76 821
76 836
76 843
76 873
76 1150
76 1173
76 1174
76 1175
76 1181
77 500
77 505
77 701
77 818
77 821
77 836
77 843
77 873
77 1150
77 1182
77 1183
77 1184
78 501
78 506
78 701
78 818
78 821
78 836
78 843
78 873
78 1150
78 1185
78 1186
79 501
79 507
79 702
79 818
79 821
79 836
79 844
79 873
79 1150
79 1187
80 502
80 507
80 702
80 703
80 818
80 821
80 836
80 844
80 873
80 1150
80 1188
81 502
81 503
81 506
81 507
81 703
81 818
81 821
81 836
81 844
81 873
81 1150
81 1188
82 503
82 504
82 505
82 703
82 818
82 821
82 836
82 844
82 873
82 1150
82 1188
83 703
83 818
83 821
83 836
83 844
83 873
83 1150
83 1188
84 703
84 818
84 821
84 836
84 844
84 873
84 1137
84 1138
84 1139
84 1140
84 1141
84 1142
84 1143
84 1144
84 1145
84 1146
84 1147
84 1148
84 1149
84 1150
84 1189
85 703
85 818
85 821
85 836
85 844
85 873
85 1136
85 1189
86 702
86 818
86 821
86 836
86 844
86 873
86 1109
86 1110
86 1111
86 1112
86 1113
86 1114
86 1115
86 1116
86 1117
86 1118
86 1119
86 1120
86 1121
86 1122
86 1123
86 1124
86 1125
86 1126
86 1127
86 1128
86 1129
86 1130
86 1131
86 1132
86 1133
86 1134
86 1135
86 1189
87 702
87 818
87 821
87 836
87 844
87 873
87 1083
87 1084
87 1085
87 1086
87 1087
87 1088
87 1089
87 1090
87 1091
87 1092
87 1093
87 1094
87 1095
87 1096
87 1097
87 1098
87 1099
87 1100
87 1101
87 1102
87 1103
87 1104
87 1105
87 1106
87 1107
87 1108
87 1189
88 702
88 818
88 821
88 836
88 844
88 873
88 1073
88 1074
88 1075
88 1076
88 1077
88 1078
88 1079
88 1080
88 1081
88 1082
88 1189
89 701
89 818
89 822
89 836
89 844
89 873
89 1072
89 1190
90 701
90 818
90 822
90 836
90 844
90 873
90 1000
90 1001
90 1002
90 1003
90 1004
90 1005
90 1006
90 1007
90 1008
90 1009
90 1010
90 1011
90 1012
90 1013
90 1014
90 1015
90 1016
90 1017
90 1018
90 1019
90 1020
90 1021
90 1022
90 1023
90 1024
90 1025
90 1026
90 1071
90 1190
91 701
91 818
91 822
91 836
91 844
91 873
91 972
91 973
91 974
91 975
91 976
91 977
91 978
91 979
91 980
91 981
91 982
91 983
91 984
91 985
91 986
91 987
91 988
91 989
91 990
91 991
91 992
91 993
91 994
91 995
91 996
91 997
91 998
91 999
91 1071
91 1190
92 700
92 818
92 822
92 836
92 844
92 873
92 944
92 945
92 946
92 947
92 948
92 949
92 950
92 951
92 952
92 953
92 954
92 955
92 956
92 957
92 958
92 959
92 960
92 961
92 962
92 963
92 964
92 965
92 966
92 967
92 968
92 969
92 970
92 971
92 1026
92 1071
92 1190
93 701
93 818
93 822
93 836
93 844
93 873
93 918
93 919
93 920
93 921
93 922
93 923
93 924
93 925
93 926
93 927
93 928
93 929
93 930
93 931
93 932
93 933
93 934
93 935
93 936
93 937
93 938
93 939
93 940
93 941
93 942
93 943
93 1026
93 1071
93 1191
94 701
94 818
94 822
94 836
94 844
94 873
94 890
94 891
94 892
94 893
94 894
94 895
94 896
94 897
94 898
94 899
94 900
94 901
94 902
94 903
94 904
94 905
94 906
94 907
94 908
94 909
94 910
94 911
94 912
94 913
94 914
94 915
94 916
94 917
94 1026
94 1071
94 1191
95 702
95 818
95 822
95 836
95 844
95 874
95 875
95 876
95 877
95 878
95 879
95 880
95 881
95 882
95 885
95 886
95 888
95 889
95 944
95 951
95 952
95 953
95 954
95 955
95 956
95 957
95 1026
95 1071
95 1191
96 702
96 818
96 822
96 836
96 844
96 883
96 884
96 887
96 888
96 945
96 948
96 949
96 950
96 1026
96 1071
96 1191
97 703
97 818
97 822
97 836
97 844
97 883
97 887
97 910
97 911
97 912
97 913
97 945
97 946
97 947
97 1026
97 1071
97 1191
98 703
98 818
98 822
98 836
98 844
98 883
98 887
98 908
98 909
98 1026
98 1071
98 1191
99 703
99 819
99 822
99 836
99 844
99 883
99 887
99 890
99 891
99 892
99 893
99 894
99 895
99 896
99 897
99 898
99 899
99 907
99 908
99 1026
99 1071
99 1191
100 703
100 819
100 822
100 836
100 844
100 883
100 887
100 888
100 900
100 901
100 906
100 907
100 1026
100 1071
100 1191
101 703
101 789
101 790
101 791
101 792
101 793
101 819
101 822
101 836
101 844
101 883
101 887
101 901
101 902
101 903
101 904
101 905
101 1026
101 1071
101 1191
102 703
102 760
102 761
102 762
102 763
102 764
102 765
102 766
102 767
102 768
102 769
102 776
102 777
102 778
102 779
102 780
102 781
102 782
102 783
102 784
102 785
102 786
102 787
102 788
102 794
102 795
102 796
102 805
102 806
102 819
102 822
102 836
102 844
102 883
102 887
102 1026
102 1071
102 1191
103 703
103 753
103 754
103 755
103 756
103 757
103 758
103 759
103 770
103 771
103 772
103 773
103 774
103 775
103 776
103 797
103 798
103 799
103 804
103 807
103 808
103 809
103 810
103 811
103 812
103 813
103 819
103 822
103 836
103 844
103 883
103 887
103 954
103 955
103 956
103 957
103 958
103 959
103 960
103 961
103 1026
103 1071
103 1191
104 704
104 751
104 752
104 776
104 777
104 778
104 779
104 803
104 814
104 815
104 816
104 817
104 822
104 837
104 844
104 883
104 887
104 948
104 949
104 950
104 951
104 952
104 953
104 961
104 1026
104 1071
104 1191
105 704
105 749
105 750
105 783
105 784
105 799
105 803
105 818
105 820
105 822
105 837
105 844
105 881
105 883
105 887
105 942
105 943
105 944
105 945
105 946
105 947
105 962
105 1026
105 1071
105 1190
106 704
106 747
106 748
106 785
106 786
106 800
106 801
106 802
106 818
106 820
106 822
106 837
106 844
106 881
106 883
106 887
106 936
106 937
106 938
106 939
106 940
106 941
106 962
106 1026
106 1071
106 1190
107 704
107 746
107 747
107 786
107 818
107 820
107 822
107 837
107 844
107 875
107 876
107 877
107 878
107 879
107 880
107 883
107 887
107 930
107 931
107 932
107 933
107 934
107 935
107 963
107 1026
107 1071
107 1189
108 703
108 744
108 745
108 778
108 779
108 787
108 818
108 820
108 822
108 837
108 844
108 873
108 874
108 883
108 887
108 925
108 926
108 927
108 928
108 929
108 963
108 1027
108 1071
108 1188
108 1189
109 697
109 698
109 702
109 703
109 707
109 708
109 709
109 710
109 711
109 712
109 713
109 714
109 715
109 716
109 717
109 744
109 777
109 787
109 818
109 820
109 822
109 837
109 844
109 872
109 873
109 883
109 887
109 919
109 920
109 921
109 922
109 923
109 924
109 964
109 1027
109 1071
109 1188
110 696
110 699
110 700
110 701
110 705
110 706
110 718
110 719
110 743
110 777
110 786
110 787
110 818
110 820
110 822
110 837
110 844
110 872
110 883
110 887
110 914
110 915
110 916
110 917
110 918
110 964
110 1027
110 1071
110 1187
111 695
111 704
111 720
111 721
111 741
111 742
111 743
111 777
111 786
111 818
111 820
111 822
111 837
111 844
111 871
111 883
111 887
111 907
111 908
111 909
111 910
111 911
111 912
111 913
111 964
111 1027
111 1071
111 1187
112 695
112 702
112 703
112 722
112 723
112 739
112 740
112 777
112 786
112 818
112 820
112 822
112 833
112 834
112 835
112 836
112 837
112 845
112 846
112 847
112 848
112 849
112 850
112 851
112 852
112 853
112 854
112 871
112 883
112 887
112 901
112 902
112 903
112 904
112 905
112 906
112 964
112 1027
112 1071
112 1186
113 694
113 701
113 702
113 723
113 724
113 738
113 739
113 777
113 786
113 818
113 820
113 822
113 830
113 831
113 832
113 837
113 845
113 855
113 856
113 871
113 883
113 887
113 896
113 897
113 898
113 899
113 900
113 964
113 1027
113 1071
113 1186
114 690
114 691
114 692
114 693
114 694
114 700
114 701
114 725
114 726
114 736
114 737
114 777
114 787
114 818
114 820
114 822
114 828
114 829
114 837
114 844
114 857
114 858
114 872
114 883
114 887
114 890
114 891
114 892
114 893
114 894
114 895
114 963
114 964
114 1027
114 1071
114 1185
115 688
115 689
115 700
115 726
115 727
115 736
115 777
115 788
115 789
115 790
115 818
115 820
115 823
115 824
115 825
115 826
115 827
115 837
115 844
115 858
115 859
115 872
115 883
115 889
115 963
115 1027
115 1071
115 1185
116 687
116 699
116 728
116 729
116 735
116 777
116 791
116 792
116 802
116 803
116 804
116 818
116 820
116 823
116 837
116 844
116 859
116 860
116 872
116 883
116 962
116 1027
116 1071
116 1184
117 686
117 699
117 729
117 730
117 735
117 777
117 793
117 794
117 795
117 796
117 797
117 798
117 799
117 800
117 801
117 805
117 806
117 807
117 808
117 809
117 810
117 811
117 812
117 813
117 814
117 815
117 816
117 817
117 818
117 820
117 822
117 837
117 844
117 860
117 872
117 883
117 887
117 962
117 1027
117 1071
117 1184
118 687
118 699
118 730
118 735
118 777
118 820
118 822
118 837
118 844
118 861
118 871
118 872
118 883
118 887
118 961
118 1027
118 1071
118 1184
119 687
119 699
119 731
119 735
119 777
119 819
119 822
119 837
119 844
119 861
119 870
119 871
119 883
119 887
119 961
119 1027
119 1071
119 1184
120 688
120 699
120 731
120 732
120 735
120 777
120 819
120 822
120 837
120 844
120 862
120 863
120 864
120 865
120 866
120 867
120 868
120 869
120 870
120 883
120 887
120 961
120 1027
120 1071
120 1184
121 688
121 699
121 732
121 733
121 734
121 735
121 777
121 819
121 822
121 837
121 844
121 883
121 887
121 961
121 1027
121 1071
121 1184
122 688
122 699
122 777
122 819
122 822
122 837
122 844
122 883
122 887
122 961
122 1027
122 1071
122 1183
123 699
123 777
123 819
123 822
123 837
123 844
123 883
123 887
123 962
123 1027
123 1071
123 1183
124 684
124 685
124 686
124 687
124 698
124 777
124 808
124 809
124 810
124 811
124 812
124 813
124 814
124 815
124 816
124 822
124 837
124 844
124 883
124 888
124 962
124 1027
124 1071
124 1183
125 684
125 686
125 698
125 777
125 807
125 817
125 822
125 837
125 844
125 883
125 888
125 963
125 1027
125 1071
125 1182
126 683
126 686
126 689
126 697
126 777
126 780
126 796
126 797
126 798
126 799
126 800
126 801
126 802
126 803
126 804
126 805
126 806
126 817
126 822
126 837
126 844
126 883
126 888
126 963
126 1027
126 1071
126 1182
127 683
127 686
127 689
127 697
127 777
127 780
127 790
127 791
127 792
127 793
127 794
127 795
127 817
127 822
127 837
127 844
127 883
127 888
127 964
127 1027
127 1071
127 1182
128 683
128 686
128 689
128 696
128 777
128 780
128 789
128 817
128 822
128 837
128 844
128 883
128 888
128 964
128 1027
128 1071
128 1181
129 683
129 686
129 690
129 691
129 692
129 693
129 694
129 695
129 696
129 777
129 780
129 788
129 817
129 822
129 837
129 844
129 883
129 888
129 965
129 1027
129 1071
129 1181
130 666
130 667
130 668
130 683
130 686
130 777
130 780
130 788
130 817
130 822
130 837
130 844
130 883
130 888
130 965
130 1027
130 1071
130 1178
130 1179
130 1180
131 666
131 669
131 670
131 671
131 683
131 686
131 777
131 780
131 789
131 817
131 822
131 837
131 844
131 883
131 888
131 965
131 1027
131 1071
131 1175
131 1176
131 1177
132 666
132 667
132 671
132 683
132 686
132 777
132 780
132 789
132 817
132 823
132 837
132 844
132 883
132 888
132 965
132 1027
132 1070
132 1173
132 1174
133 669
133 670
133 671
133 683
133 686
133 777
133 780
133 789
133 817
133 823
133 837
133 845
133 883
133 888
133 964
133 965
133 1027
133 1070
133 1171
133 1172
134 451
134 452
134 453
134 454
134 455
134 456
134 457
134 458
134 459
134 460
134 461
134 462
134 463
134 464
134 465
134 466
134 467
134 468
134 469
134 470
134 471
134 472
134 473
134 474
134 475
134 476
134 477
134 478
134 479
134 480
134 481
134 482
134 483
134 484
134 485
134 486
134 487
134 488
134 489
134 490
134 491
134 492
134 493
134 494
134 495
134 496
134 522
134 523
134 684
134 686
134 777
134 780
134 789
134 817
134 823
134 837
134 845
134 883
134 888
134 964
134 1027
134 1070
134 1170
134 1171
135 449
135 450
135 497
135 498
135 499
135 500
135 521
135 524
135 684
135 687
135 777
135 780
135 789
135 817
135 823
135 837
135 845
135 883
135 888
135 955
135 956
135 957
135 958
135 959
135 960
135 961
135 962
135 963
135 1027
135 1070
135 1170
136 449
136 501
136 502
136 503
136 504
136 505
136 521
136 524
136 684
136 687
136 777
136 780
136 789
136 817
136 823
136 837
136 845
136 883
136 888
136 953
136 954
136 1027
136 1070
136 1169
137 448
137 506
137 507
137 508
137 509
137 510
137 520
137 525
137 684
137 687
137 777
137 780
137 790
137 818
137 823
137 837
137 845
137 883
137 888
137 953
137 1027
137 1070
137 1169
138 448
138 511
138 512
138 513
138 514
138 520
138 525
138 684
138 687
138 777
138 780
138 790
138 800
138 818
138 823
138 837
138 845
138 883
138 888
138 952
138 1027
138 1070
138 1169
139 447
139 515
139 516
139 517
139 518
139 684
139 687
139 777
139 780
139 790
139 799
139 801
139 814
139 818
139 823
139 837
139 845
139 883
139 888
139 952
139 1027
139 1070
139 1168
140 446
140 447
140 519
140 520
140 521
140 522
140 523
140 684
140 687
140 777
140 780
140 790
140 799
140 801
140 813
140 815
140 818
140 823
140 837
140 845
140 883
140 888
140 952
140 1027
140 1070
140 1168
141 444
141 445
141 524
141 525
141 526
141 684
141 687
141 777
141 780
141 790
141 799
141 801
141 812
141 815
141 818
141 823
141 837
141 845
141 883
141 888
141 952
141 1027
141 1070
141 1168
142 443
142 444
142 526
142 527
142 684
142 687
142 777
142 780
142 791
142 799
142 801
142 812
142 815
142 818
142 823
142 837
142 845
142 883
142 888
142 953
142 1027
142 1070
142 1167
143 441
143 442
143 527
143 684
143 687
143 777
143 780
143 791
143 799
143 812
143 815
143 818
143 823
143 837
143 845
143 883
143 888
143 953
143 1027
143 1070
143 1166
143 1167
144 440
144 441
144 527
144 684
144 687
144 777
144 780
144 791
144 799
144 802
144 811
144 812
144 813
144 814
144 815
144 816
144 818
144 823
144 837
144 845
144 883
144 888
144 953
144 1027
144 1070
144 1166
145 438
145 439
145 527
145 684
145 687
145 777
145 780
145 791
145 799
145 802
145 810
145 817
145 823
145 837
145 845
145 883
145 888
145 953
145 1027
145 1070
145 1165
146 436
146 437
146 528
146 684
146 687
146 778
146 780
146 791
146 799
146 802
146 809
146 817
146 819
146 823
146 837
146 845
146 883
146 888
146 953
146 1027
146 1070
146 1165
147 436
147 528
147 684
147 687
147 778
147 792
147 799
147 803
147 809
147 817
147 819
147 823
147 837
147 845
147 883
147 888
147 953
147 1027
147 1070
147 1164
148 435
148 528
148 684
148 687
148 778
148 792
148 799
148 803
148 809
148 817
148 818
148 819
148 823
148 837
148 845
148 883
148 888
148 952
148 953
148 1028
148 1070
148 1163
148 1164
149 434
149 435
149 529
149 684
149 687
149 778
149 792
149 799
149 803
149 809
149 818
149 823
149 837
149 845
149 883
149 888
149 951
149 952
149 1028
149 1070
149 1163
150 434
150 529
150 684
150 687
150 778
150 792
150 799
150 804
150 809
150 817
150 820
150 821
150 822
150 824
150 825
150 826
150 837
150 845
150 883
150 888
150 950
150 951
150 1028
150 1070
150 1162
151 433
151 529
151 684
151 687
151 778
151 792
151 799
151 804
151 809
151 817
151 820
151 837
151 845
151 883
151 888
151 949
151 950
151 1028
151 1070
151 1162
152 432
152 433
152 530
152 684
152 687
152 778
152 792
152 799
152 804
152 809
152 817
152 826
152 837
152 845
152 884
152 889
152 949
152 1028
152 1070
152 1161
153 431
153 432
153 530
153 684
153 687
153 778
153 793
153 799
153 805
153 809
153 817
153 825
153 837
153 845
153 884
153 889
153 948
153 1028
153 1070
153 1161
154 430
154 431
154 531
154 684
154 687
154 778
154 793
154 799
154 805
154 806
154 807
154 808
154 809
154 817
154 820
154 821
154 824
154 825
154 837
154 845
154 884
154 889
154 948
154 1028
154 1070
154 1161
155 430
155 531
155 532
155 684
155 687
155 778
155 793
155 799
155 805
155 817
155 821
155 824
155 837
155 845
155 884
155 889
155 949
155 1028
155 1070
155 1161
156 429
156 533
156 684
156 687
156 778
156 793
156 799
156 804
156 805
156 810
156 817
156 821
156 824
156 837
156 845
156 884
156 889
156 949
156 950
156 1028
156 1070
156 1160
157 429
157 534
157 684
157 687
157 691
157 692
157 693
157 694
157 695
157 778
157 793
157 799
157 804
157 810
157 811
157 816
157 817
157 821
157 825
157 837
157 845
157 884
157 889
157 950
157 951
157 1028
157 1070
157 1160
158 428
158 534
158 535
158 684
158 687
158 690
158 696
158 778
158 794
158 799
158 804
158 811
158 812
158 814
158 820
158 825
158 837
158 845
158 884
158 889
158 951
158 952
158 1028
158 1070
158 1160
159 428
159 536
159 537
159 538
159 539
159 540
159 684
159 687
159 696
159 778
159 794
159 799
159 805
159 812
159 815
159 820
159 825
159 837
159 845
159 884
159 889
159 952
159 953
159 1028
159 1070
159 1160
159 1218
159 1219
159 1220
159 1221
159 1222
159 1223
159 1224
159 1225
159 1226
159 1227
159 1228
159 1229
159 1230
159 1231
159 1232
159 1233
159 1234
160 427
160 541
160 542
160 543
160 641
160 642
160 643
160 684
160 687
160 696
160 778
160 794
160 798
160 799
160 805
160 813
160 815
160 819
160 825
160 837
160 845
160 884
160 889
160 953
160 954
160 1028
160 1070
160 1159
160 1160
160 1184
160 1185
160 1186
160 1187
160 1188
160 1189
160 1190
160 1191
160 1192
160 1193
160 1194
160 1195
160 1196
160 1197
160 1198
160 1199
160 1200
160 1201
160 1202
160 1203
160 1204
160 1205
160 1206
160 1216
160 1217
160 1235
160 1236
161 173
161 174
161 175
161 176
161 177
161 178
161 179
161 180
161 181
161 182
161 183
161 184
161 185
161 186
161 187
161 188
161 189
161 190
161 191
161 192
161 193
161 194
161 195
161 196
161 197
161 198
161 199
161 200
161 201
161 202
161 203
161 204
161 205
161 206
161 207
161 208
161 209
161 210
161 211
161 212
161 213
161 214
161 215
161 216
161 217
161 218
161 219
161 220
161 221
161 222
161 223
161 224
161 225
161 226
161 227
161 228
161 229
161 230
161 231
161 232
161 233
161 234
161 235
161 236
161 237
161 238
161 239
161 240
161 241
161 242
161 243
161 244
161 245
161 246
161 247
161 248
161 249
161 250
161 251
161 252
161 253
161 254
161 255
161 427
161 544
161 545
161 546
161 640
161 644
161 645
161 684
161 687
161 696
161 778
161 795
161 796
161 797
161 799
161 806
161 813
161 819
161 825
161 837
161 845
161 884
161 889
161 932
161 933
161 934
161 935
161 936
161 937
161 938
161 939
161 955
161 956
161 957
161 958
161 959
161 1028
161 1070
161 1181
161 1182
161 1183
161 1207
161 1215
161 1216
161 1236
161 1247
161 1248
161 1249
161 1250
161 1251
161 1252
161 1253
161 1254
161 1255
161 1256
161 1257
161 1258
161 1259
161 1260
161 1261
161 1262
161 1263
161 1264
161 1265
161 1266
161 1267
161 1268
161 1269
161 1270
161 1271
161 1272
161 1273
161 1274
161 1275
162 86
162 87
162 88
162 89
162 90
162 91
162 92
162 93
162 94
162 95
162 96
162 97
162 98
162 99
162 100
162 101
162 102
162 103
162 104
162 105
162 106
162 107
162 108
162 109
162 110
162 111
162 112
162 113
162 114
162 115
162 116
162 117
162 118
162 119
162 120
162 121
162 122
162 123
162 124
162 125
162 126
162 127
162 128
162 129
162 130
162 131
162 132
162 133
162 134
162 135
162 136
162 137
162 138
162 139
162 140
162 141
162 142
162 143
162 144
162 145
162 146
162 147
162 148
162 149
162 150
162 151
162 152
162 153
162 154
162 155
162 156
162 157
162 158
162 159
162 160
162 161
162 162
162 163
162 164
162 165
162 166
162 167
162 168
162 169
162 170
162 171
162 172
162 256
162 257
162 427
162 547
162 548
162 549
162 639
162 646
162 647
162 684
162 687
162 696
162 778
162 799
162 806
162 820
162 825
162 837
162 845
162 884
162 889
162 930
162 931
162 940
162 941
162 942
162 943
162 944
162 945
162 946
162 947
162 948
162 949
162 950
162 960
162 961
162 962
162 963
162 1028
162 1070
162 1139
162 1140
162 1141
162 1142
162 1143
162 1144
162 1159
162 1160
162 1161
162 1162
162 1163
162 1164
162 1165
162 1166
162 1167
162 1180
162 1207
162 1213
162 1214
162 1215
162 1237
162 1245
162 1246
162 1276
163 83
163 84
163 85
163 257
163 427
163 550
163 551
163 639
163 647
163 648
163 684
163 687
163 696
163 778
163 796
163 799
163 807
163 820
163 825
163 835
163 836
163 837
163 846
163 847
163 884
163 889
163 898
163 899
163 900
163 901
163 902
163 903
163 928
163 929
163 951
163 952
163 964
163 965
163 966
163 967
163 1028
163 1070
163 1087
163 1088
163 1089
163 1090
163 1091
163 1092
163 1093
163 1094
163 1095
163 1096
163 1097
163 1098
163 1099
163 1100
163 1101
163 1138
163 1147
163 1148
163 1149
163 1150
163 1151
163 1152
163 1153
163 1154
163 1155
163 1156
163 1157
163 1158
163 1168
163 1179
163 1207
163 1211
163 1212
163 1237
163 1238
163 1244
163 1245
163 1277
164 79
164 80
164 81
164 82
164 258
164 427
164 552
164 553
164 638
164 648
164 684
164 687
164 696
164 778
164 781
164 796
164 799
164 807
164 819
164 826
164 827
164 828
164 829
164 833
164 834
164 837
164 846
164 848
164 849
164 884
164 889
164 896
164 897
164 904
164 905
164 906
164 907
164 908
164 909
164 910
164 927
164 928
164 952
164 953
164 963
164 964
164 968
164 969
164 1028
164 1070
164 1085
164 1086
164 1102
164 1103
164 1104
164 1105
164 1106
164 1107
164 1108
164 1137
164 1146
164 1168
164 1178
164 1206
164 1210
164 1211
164 1238
164 1243
164 1244
164 1277
165 76
165 77
165 78
165 258
165 259
165 426
165 553
165 554
165 614
165 615
165 616
165 638
165 649
165 684
165 687
165 696
165 697
165 769
165 770
165 771
165 772
165 773
165 774
165 775
165 776
165 781
165 796
165 799
165 808
165 819
165 825
165 826
165 830
165 831
165 832
165 833
165 837
165 845
165 850
165 851
165 863
165 864
165 865
165 866
165 867
165 868
165 869
165 878
165 879
165 895
165 896
165 911
165 912
165 925
165 926
165 953
165 954
165 962
165 963
165 970
165 971
165 972
165 973
165 974
165 975
165 976
165 977
165 1028
165 1070
165 1083
165 1084
165 1109
165 1110
165 1111
165 1112
165 1137
165 1145
165 1168
165 1177
165 1206
165 1209
165 1210
165 1238
165 1243
165 1278
166 73
166 74
166 75
166 259
166 426
166 555
166 556
166 613
166 617
166 638
166 649
166 684
166 687
166 697
166 698
166 760
166 761
166 762
166 763
166 764
166 765
166 766
166 767
166 768
166 777
166 778
166 781
166 796
166 799
166 809
166 820
166 822
166 824
166 825
166 837
166 845
166 851
166 861
166 862
166 870
166 871
166 874
166 875
166 876
166 877
166 880
166 881
166 883
166 884
166 889
166 891
166 893
166 894
166 912
166 913
166 924
166 925
166 954
166 955
166 960
166 961
166 978
166 979
166 1019
166 1020
166 1026
166 1028
166 1070
166 1081
166 1082
166 1113
166 1114
166 1136
166 1144
166 1169
166 1177
166 1205
166 1209
166 1239
166 1242
166 1278
167 68
167 69
167 70
167 71
167 72
167 260
167 427
167 557
167 558
167 612
167 617
167 638
167 649
167 684
167 687
167 691
167 693
167 698
167 759
167 778
167 781
167 796
167 799
167 809
167 818
167 820
167 824
167 829
167 830
167 837
167 845
167 851
167 859
167 860
167 872
167 873
167 882
167 884
167 892
167 913
167 922
167 923
167 955
167 958
167 959
167 979
167 980
167 981
167 1017
167 1018
167 1021
167 1022
167 1023
167 1024
167 1025
167 1026
167 1028
167 1070
167 1081
167 1115
167 1116
167 1122
167 1123
167 1136
167 1144
167 1169
167 1177
167 1205
167 1208
167 1239
167 1242
167 1278
168 66
168 67
168 260
168 261
168 427
168 558
168 601
168 602
168 612
168 617
168 638
168 650
168 651
168 652
168 653
168 654
168 655
168 656
168 657
168 658
168 659
168 660
168 661
168 662
168 663
168 664
168 684
168 687
168 690
168 692
168 698
168 758
168 779
168 796
168 799
168 808
168 820
168 821
168 823
168 828
168 829
168 837
168 845
168 851
168 857
168 858
168 870
168 871
168 879
168 880
168 884
168 890
168 914
168 921
168 922
168 955
168 958
168 982
168 983
168 1015
168 1016
168 1028
168 1070
168 1080
168 1117
168 1118
168 1119
168 1120
168 1121
168 1124
168 1125
168 1136
168 1144
168 1169
168 1177
168 1204
168 1208
168 1239
168 1242
168 1278
169 64
169 65
169 261
169 427
169 559
169 597
169 598
169 599
169 600
169 603
169 612
169 617
169 638
169 650
169 665
169 666
169 684
169 687
169 691
169 697
169 758
169 779
169 796
169 799
169 807
169 814
169 819
169 821
169 823
169 827
169 828
169 837
169 845
169 851
169 855
169 856
169 868
169 869
169 878
169 879
169 884
169 890
169 914
169 920
169 921
169 955
169 983
169 984
169 985
169 1013
169 1014
169 1028
169 1070
169 1080
169 1125
169 1126
169 1136
169 1143
169 1169
169 1176
169 1204
169 1207
169 1239
169 1242
169 1278
170 64
170 261
170 427
170 559
170 596
170 603
170 612
170 616
170 638
170 649
170 667
170 684
170 687
170 697
170 757
170 779
170 796
170 799
170 807
170 813
170 815
170 819
170 820
170 821
170 823
170 827
170 837
170 845
170 850
170 854
170 868
170 877
170 884
170 889
170 914
170 919
170 955
170 986
170 1013
170 1028
170 1070
170 1080
170 1126
170 1136
170 1143
170 1169
170 1175
170 1204
170 1207
170 1239
170 1242
170 1278
171 63
171 262
171 428
171 559
171 594
171 595
171 603
171 612
171 616
171 638
171 650
171 667
171 684
171 687
171 688
171 696
171 757
171 780
171 796
171 799
171 806
171 813
171 815
171 821
171 823
171 826
171 837
171 845
171 850
171 853
171 867
171 876
171 884
171 889
171 914
171 918
171 955
171 987
171 1007
171 1008
171 1009
171 1010
171 1011
171 1012
171 1028
171 1070
171 1079
171 1127
171 1136
171 1143
171 1169
171 1174
171 1204
171 1207
171 1239
171 1242
171 1279
172 62
172 63
172 262
172 428
172 559
172 593
172 603
172 612
172 616
172 638
172 650
172 667
172 685
172 687
172 696
172 757
172 780
172 797
172 800
172 806
172 813
172 814
172 815
172 821
172 823
172 826
172 837
172 845
172 850
172 851
172 865
172 866
172 874
172 875
172 884
172 889
172 915
172 918
172 955
172 988
172 989
172 1006
172 1028
172 1070
172 1079
172 1127
172 1136
172 1143
172 1169
172 1173
172 1174
172 1204
172 1207
172 1239
172 1242
173 61
173 62
173 262
173 429
173 430
173 559
173 592
173 603
173 612
173 616
173 637
173 650
173 667
173 685
173 688
173 690
173 695
173 757
173 781
173 797
173 800
173 806
173 813
173 815
173 823
173 826
173 837
173 845
173 884
173 889
173 915
173 917
173 955
173 989
173 990
173 1005
173 1028
173 1070
173 1079
173 1128
173 1136
173 1142
173 1169
173 1171
173 1172
173 1204
173 1238
174 60
174 61
174 262
174 431
174 432
174 559
174 592
174 603
174 612
174 616
174 637
174 650
174 667
174 685
174 688
174 695
174 757
174 781
174 797
174 800
174 805
174 813
174 815
174 824
174 837
174 845
174 849
174 850
174 884
174 889
174 915
174 917
174 955
174 991
174 992
174 993
174 1005
174 1028
174 1070
174 1078
174 1128
174 1136
174 1142
174 1169
174 1171
174 1204
175 59
175 60
175 263
175 432
175 559
175 592
175 603
175 612
175 616
175 637
175 650
175 667
175 685
175 688
175 690
175 695
175 757
175 782
175 797
175 800
175 805
175 813
175 821
175 822
175 823
175 824
175 825
175 826
175 828
175 829
175 830
175 831
175 832
175 833
175 834
175 835
175 836
175 837
175 838
175 839
175 840
175 841
175 842
175 843
175 844
175 845
175 846
175 847
175 848
175 849
175 851
175 852
175 884
175 889
175 955
175 957
175 994
175 995
175 1004
175 1028
175 1070
175 1077
175 1128
175 1136
175 1141
175 1142
175 1169
175 1170
175 1171
175 1205
175 1206
176 58
176 59
176 263
176 432
176 559
176 592
176 603
176 612
176 616
176 637
176 650
176 667
176 685
176 688
176 695
176 756
176 782
176 816
176 817
176 818
176 819
176 827
176 829
176 884
176 889
176 996
176 997
176 1004
176 1028
176 1070
176 1076
176 1127
176 1138
176 1139
176 1140
176 1171
177 57
177 58
177 263
177 432
177 559
177 592
177 603
177 612
177 616
177 637
177 650
177 667
177 681
177 682
177 683
177 684
177 685
177 688
177 696
177 724
177 725
177 726
177 727
177 728
177 732
177 733
177 734
177 735
177 736
177 737
177 738
177 756
177 782
177 803
177 804
177 805
177 806
177 807
177 808
177 809
177 810
177 811
177 812
177 815
177 819
177 827
177 829
177 882
177 883
177 884
177 890
177 997
177 998
177 1003
177 1028
177 1070
177 1076
178 57
178 263
178 431
178 559
178 592
178 603
178 612
178 616
178 637
178 650
178 667
178 679
178 680
178 685
178 688
178 696
178 697
178 705
178 706
178 707
178 708
178 709
178 710
178 711
178 712
178 716
178 717
178 718
178 719
178 720
178 721
178 722
178 723
178 729
178 730
178 731
178 739
178 740
178 756
178 781
178 812
178 815
178 819
178 827
178 829
178 852
178 884
178 890
178 1003
178 1028
178 1070
178 1076
178 1278
178 1279
179 56
179 263
179 431
179 559
179 592
179 603
179 612
179 616
179 637
179 651
179 667
179 679
179 685
179 688
179 692
179 693
179 697
179 703
179 704
179 713
179 714
179 715
179 740
179 756
179 812
179 815
179 819
179 827
179 829
179 852
179 884
179 890
179 996
179 997
179 998
179 1004
179 1005
179 1028
179 1070
179 1075
180 55
180 56
180 263
180 431
180 559
180 592
180 603
180 612
180 616
180 636
180 651
180 667
180 678
180 685
180 692
180 694
180 702
180 703
180 731
180 741
180 756
180 780
180 812
180 815
180 819
180 827
180 829
180 852
180 884
180 890
180 998
180 1004
180 1026
180 1027
180 1028
180 1070
180 1075
180 1076
181 54
181 55
181 263
181 431
181 559
181 592
181 603
181 612
181 616
181 636
181 651
181 667
181 678
181 685
181 697
181 698
181 702
181 713
181 732
181 742
181 743
181 756
181 780
181 812
181 815
181 819
181 827
181 829
181 852
181 884
181 890
181 999
181 1003
181 1028
181 1073
181 1074
182 53
182 54
182 263
182 430
182 559
182 591
182 603
182 612
182 616
182 619
182 620
182 621
182 622
182 623
182 624
182 625
182 626
182 627
182 628
182 629
182 630
182 631
182 632
182 633
182 634
182 635
182 636
182 638
182 639
182 640
182 641
182 642
182 643
182 644
182 645
182 646
182 651
182 667
182 677
182 685
182 690
182 691
182 694
182 695
182 696
182 697
182 699
182 701
182 713
182 732
182 733
182 734
182 743
182 756
182 780
182 812
182 815
182 819
182 827
182 829
182 852
182 884
182 890
182 1028
182 1071
182 1072
183 52
183 53
183 264
183 355
183 356
183 357
183 358
183 359
183 360
183 361
183 430
183 559
183 591
183 603
183 612
183 616
183 618
183 647
183 648
183 651
183 685
183 689
183 691
183 694
183 699
183 701
183 712
183 735
183 743
183 756
183 780
183 812
183 815
183 819
183 827
183 829
183 852
183 884
183 890
183 1028
183 1071
184 51
184 52
184 264
184 333
184 334
184 335
184 336
184 337
184 338
184 339
184 340
184 341
184 342
184 343
184 344
184 345
184 346
184 352
184 353
184 354
184 362
184 363
184 430
184 560
184 561
184 562
184 563
184 564
184 565
184 566
184 567
184 568
184 569
184 570
184 571
184 572
184 573
184 611
184 616
184 617
184 648
184 649
184 651
184 691
184 694
184 699
184 700
184 712
184 735
184 780
184 812
184 815
184 819
184 827
184 829
184 852
184 884
184 890
184 1028
184 1070
185 50
185 51
185 264
185 331
185 332
185 347
185 350
185 351
185 363
185 364
185 430
185 560
185 574
185 575
185 576
185 577
185 612
185 614
185 650
185 691
185 694
185 700
185 701
185 712
185 735
185 812
185 815
185 819
185 827
185 829
185 852
185 884
185 1028
185 1070
186 49
186 50
186 264
186 331
186 348
186 349
186 364
186 430
186 559
186 578
186 579
186 611
186 654
186 689
186 690
186 691
186 694
186 712
186 734
186 812
186 815
186 820
186 827
186 829
186 852
186 1028
186 1070
187 48
187 49
187 264
187 330
187 348
187 364
187 429
187 559
187 580
187 603
187 609
187 610
187 653
187 691
187 695
187 712
187 735
187 812
187 815
187 820
187 827
187 829
187 852
187 1028
187 1070
188 47
188 48
188 264
188 330
188 347
188 364
188 429
188 559
188 602
188 603
188 607
188 608
188 609
188 653
188 695
188 710
188 812
188 815
188 820
188 827
188 829
188 852
188 1028
188 1070
189 46
189 47
189 264
189 330
189 347
189 365
189 366
189 430
189 559
189 603
189 605
189 606
189 654
189 711
189 812
189 815
189 820
189 827
189 829
189 852
189 1029
189 1070
190 45
190 46
190 265
190 330
190 346
190 430
190 559
190 603
190 605
190 654
190 655
190 656
190 657
190 711
190 812
190 815
190 820
190 827
190 829
190 852
190 1029
190 1070
191 44
191 45
191 265
191 330
191 346
191 364
191 430
191 559
191 658
191 659
191 660
191 711
191 827
191 852
191 1029
191 1070
192 43
192 44
192 265
192 330
192 346
192 364
192 431
192 559
192 601
192 602
192 661
192 852
192 1029
192 1070
193 42
193 43
193 265
193 330
193 345
193 431
193 559
193 600
193 601
193 662
193 663
193 853
193 1029
193 1070
194 42
194 265
194 330
194 345
194 431
194 559
194 600
194 663
194 664
194 853
194 1029
194 1070
195 41
195 265
195 328
195 329
195 330
195 331
195 332
195 333
195 334
195 335
195 336
195 337
195 338
195 339
195 340
195 341
195 344
195 431
195 559
195 599
195 664
195 853
195 1029
195 1070
196 40
196 41
196 265
196 326
196 327
196 342
196 343
196 344
196 377
196 378
196 379
196 380
196 381
196 431
196 559
196 599
196 664
196 853
196 1029
196 1070
197 39
197 40
197 265
197 326
197 342
197 344
197 376
197 382
197 432
197 599
197 665
197 853
197 1029
197 1070
198 38
198 39
198 266
198 311
198 312
198 313
198 314
198 315
198 316
198 317
198 318
198 319
198 320
198 321
198 325
198 342
198 344
198 375
198 382
198 432
198 599
198 665
198 829
198 853
198 1029
198 1070
199 37
199 38
199 266
199 309
199 310
199 322
199 323
199 324
199 325
199 342
199 375
199 383
199 432
199 599
199 665
199 829
199 853
199 1029
199 1070
200 36
200 37
200 266
200 309
200 375
200 432
200 598
200 665
200 1029
200 1070
201 35
201 36
201 266
201 308
201 375
201 382
201 432
201 598
201 665
201 1029
201 1070
202 34
202 35
202 266
202 308
202 323
202 375
202 382
202 433
202 598
202 666
202 1029
202 1070
203 32
203 33
203 266
203 307
203 323
203 375
203 382
203 432
203 433
203 598
203 666
203 1029
203 1070
204 31
204 32
204 266
204 307
204 375
204 382
204 598
204 666
204 1029
204 1070
205 28
205 29
205 30
205 267
205 306
205 373
205 374
205 382
205 433
205 597
205 1029
205 1070
206 26
206 27
206 267
206 306
206 370
206 371
206 372
206 382
206 433
206 598
206 1029
206 1070
207 23
207 24
207 25
207 267
207 305
207 368
207 369
207 375
207 598
207 1029
207 1070
208 21
208 22
208 267
208 305
208 365
208 366
208 367
208 372
208 373
208 374
208 383
208 598
208 1029
208 1070
209 19
209 20
209 267
209 288
209 289
209 290
209 291
209 292
209 293
209 294
209 305
209 364
209 369
209 370
209 375
209 376
209 383
209 599
209 1029
209 1070
210 16
210 17
210 18
210 268
210 269
210 270
210 271
210 272
210 273
210 274
210 275
210 276
210 277
210 278
210 279
210 280
210 281
210 282
210 283
210 284
210 285
210 286
210 287
210 295
210 296
210 365
210 366
210 376
210 383
210 599
210 600
210 1029
210 1070
211 14
211 15
211 296
211 376
211 383
211 600
211 601
211 1029
211 1070
212 11
212 12
212 13
212 267
212 376
212 383
212 1029
212 1070
213 10
213 267
213 376
213 383
213 1029
213 1070
214 9
214 130
214 131
214 132
214 133
214 134
214 135
214 136
214 137
214 138
214 139
214 140
214 141
214 142
214 143
214 144
214 145
214 146
214 147
214 148
214 149
214 150
214 151
214 152
214 153
214 154
214 155
214 156
214 157
214 158
214 159
214 160
214 161
214 162
214 163
214 164
214 165
214 166
214 167
214 168
214 169
214 170
214 171
214 172
214 173
214 174
214 175
214 176
214 177
214 178
214 179
214 180
214 181
214 182
214 183
214 184
214 185
214 186
214 187
214 188
214 189
214 190
214 191
214 192
214 193
214 194
214 195
214 196
214 197
214 198
214 199
214 200
214 201
214 202
214 203
214 204
214 205
214 206
214 207
214 208
214 209
214 210
214 211
214 212
214 213
214 214
214 215
214 216
214 217
214 218
214 219
214 220
214 221
214 222
214 223
214 224
214 225
214 226
214 227
214 228
214 229
214 230
214 231
214 232
214 233
214 234
214 235
214 236
214 237
214 238
214 239
214 240
214 241
214 242
214 243
214 244
214 245
214 268
214 376
214 383
214 1029
214 1070
215 6
215 7
215 8
215 121
215 122
215 123
215 124
215 125
215 126
215 127
215 128
215 129
215 246
215 247
215 268
215 376
215 383
215 1029
215 1070
216 4
216 5
216 111
216 112
216 113
216 114
216 115
216 116
216 117
216 118
216 119
216 120
216 248
216 249
216 268
216 376
216 1029
216 1069
217 0
217 1
217 2
217 3
217 101
217 102
217 103
217 104
217 105
217 106
217 107
217 108
217 109
217 110
217 250
217 251
217 268
217 1029
217 1069
218 92
218 93
218 94
218 95
218 96
218 97
218 98
218 99
218 100
218 252
218 253
218 254
218 268
218 1029
218 1069
219 82
219 83
219 84
219 85
219 86
219 87
219 88
219 89
219 90
219 91
219 255
219 256
219 266
219 267
219 1029
219 1069
220 73
220 74
220 75
220 76
220 77
220 78
220 79
220 80
220 81
220 257
220 258
220 263
220 264
220 265
220 1029
220 1069
221 63
221 64
221 65
221 66
221 67
221 68
221 69
221 70
221 71
221 72
221 259
221 1029
221 1069
222 53
222 54
222 55
222 56
222 57
222 58
222 59
222 60
222 61
222 62
222 262
222 263
222 1029
222 1069
223 44
223 45
223 46
223 47
223 48
223 49
223 50
223 51
223 52
223 264
223 265
223 1029
223 1069
224 34
224 35
224 36
224 37
224 38
224 39
224 40
224 41
224 42
224 43
224 266
224 267
224 1029
224 1069
225 24
225 25
225 26
225 27
225 28
225 29
225 30
225 31
225 32
225 33
225 268
225 269
225 270
225 271
225 1029
225 1069
226 18
226 19
226 20
226 21
226 22
226 23
226 272
226 273
226 1029
226 1069
227 16
227 17
227 274
227 275
227 1029
227 1069
228 13
228 14
228 15
228 276
228 277
228 1029
228 1069
229 11
229 12
229 278
229 279
229 1030
229 1069
230 9
230 10
230 280
230 281
230 1069
231 6
231 7
231 8
231 282
231 283
231 1069
232 4
232 5
232 283
232 284
232 1069
233 0
233 1
233 2
233 3
233 285
233 286
233 1069
234 286
234 287
235 288
235 289
236 289
236 290
237 291
237 292
238 292
238 293
239 294
239 295
240 295
240 296
241 297
241 298
242 298
242 299
243 300
243 301
243 302
243 303
244 304
244 305
244 306
245 307
246 308
247 308
248 309
249 309
249 310
250 311
250 312
251 312
251 313
251 314
251 315
252 316
252 317
252 318
252 319
252 320
252 321
252 322
253 323
253 324
253 325
253 326
253 327
253 328
253 329
253 330
254 331
254 332
254 333
254 334
254 335
254 336
254 337
254 338
254 339
255 340
255 341
255 342
255 343
255 344
255 345
255 346
255 347
255 348
256 349
257 350
257 351
257 352
257 353
257 354
257 355
257 356
258 357
258 358
258 359
258 360
258 361
258 362
258 363
258 364
259 365
259 366
259 367
259 368
259 369
259 370
259 371
259 372
260 373
260 374
260 375
260 376
261 377
261 378
261 379
261 380
262 381
262 382
262 383
263 384
263 385
264 386
264 387
265 387
265 388
266 388
267 389
268 389
269 390
270 390
271 391
272 391
273 392
274 392
275 392
276 392
277 392
278 392
279 392
280 392
281 392
282 392
283 393
284 393
285 393
286 393
287 393
288 393
289 393
290 393
291 393
292 393
293 393
294 393
295 392
332 368
333 366
333 367
334 364
334 365
335 361
335 362
335 363
336 354
336 355
336 356
336 357
336 358
336 359
336 360
382 154
382 155
383 154
