0 19
0 24
0 62
0 74
0 137
0 148
0 154
0 159
0 164
0 692
0 1278
1 19
1 63
1 68
1 74
1 137
1 155
1 156
1 157
1 158
1 159
1 164
1 692
1 1278
2 19
2 21
2 22
2 23
2 63
2 64
2 65
2 66
2 67
2 69
2 74
2 138
2 139
2 140
2 141
2 142
2 143
2 144
2 145
2 146
2 147
2 165
2 691
2 692
2 1278
3 19
3 21
3 70
3 71
3 72
3 73
3 166
3 167
3 168
3 169
3 690
3 691
3 1278
4 170
4 171
4 689
4 690
4 1278
5 172
5 173
5 687
5 688
5 1278
6 174
6 175
6 176
6 686
6 687
6 1278
7 177
7 178
7 685
7 686
7 1278
8 178
8 179
8 684
8 685
8 1278
9 179
9 180
9 181
9 182
9 684
9 1278
10 183
10 683
10 1278
11 184
11 683
11 1278
12 184
12 683
12 1278
13 184
13 189
13 190
13 191
13 192
13 683
13 1278
14 184
14 189
14 192
14 193
14 682
14 1278
15 185
15 186
15 187
15 188
15 194
15 195
15 196
15 682
15 1278
16 197
16 661
16 680
16 681
16 682
16 1278
17 198
17 658
17 659
17 660
17 662
17 663
17 664
17 665
17 666
17 667
17 668
17 669
17 670
17 671
17 672
17 673
17 674
17 675
17 676
17 677
17 678
17 679
17 1278
18 198
18 656
18 657
18 1278
19 199
19 656
19 1278
20 199
20 655
20 1278
21 200
21 655
21 1278
22 200
22 201
22 202
22 655
22 1278
23 203
23 656
23 1278
24 204
24 656
24 1278
25 204
25 205
25 657
25 1278
26 205
26 206
26 657
26 658
26 659
26 660
26 661
26 662
26 1278
27 206
27 207
27 663
27 664
27 1278
28 207
28 208
28 209
28 665
28 666
28 1278
29 210
29 666
29 667
29 668
29 669
29 670
29 671
29 672
29 673
29 674
29 1278
30 210
30 659
30 660
30 661
30 675
30 1278
31 210
31 644
31 645
31 646
31 657
31 658
31 662
31 663
31 675
31 1278
32 210
32 234
32 235
32 236
32 237
32 238
32 239
32 240
32 241
32 242
32 254
32 255
32 256
32 642
32 643
32 647
32 655
32 656
32 663
32 664
32 667
32 668
32 669
32 670
32 671
32 672
32 673
32 674
32 675
32 1278
33 209
33 210
33 222
33 223
33 224
33 225
33 226
33 232
33 233
33 243
33 253
33 254
33 257
33 258
33 640
33 641
33 642
33 647
33 655
33 664
33 665
33 666
33 1278
34 209
34 220
34 221
34 227
34 228
34 229
34 230
34 231
34 244
34 245
34 246
34 247
34 248
34 249
34 250
34 251
34 252
34 258
34 638
34 639
34 647
34 654
34 1278
35 208
35 219
35 220
35 258
35 636
35 637
35 647
35 654
35 1278
36 208
36 218
36 219
36 259
36 260
36 261
36 262
36 636
36 647
36 654
36 1278
37 207
37 208
37 217
37 263
37 294
37 295
37 296
37 297
37 635
37 648
37 649
37 650
37 651
37 652
37 653
37 1278
38 207
38 216
38 264
38 265
38 266
38 285
38 292
38 293
38 298
38 314
38 315
38 316
38 317
38 635
38 1278
39 206
39 216
39 267
39 268
39 269
39 270
39 279
39 283
39 284
39 286
39 287
39 288
39 289
39 290
39 291
39 292
39 299
39 312
39 313
39 317
39 634
39 1278
40 207
40 216
40 271
40 272
40 277
40 278
40 280
40 281
40 282
40 300
40 304
40 305
40 306
40 307
40 308
40 309
40 310
40 311
40 312
40 318
40 634
40 1278
41 207
41 216
41 272
41 276
41 277
41 300
41 303
41 319
41 320
41 634
41 1278
42 207
42 215
42 272
42 276
42 300
42 320
42 634
42 1278
43 207
43 215
43 273
43 274
43 275
43 300
43 302
43 320
43 634
43 1279
44 207
44 214
44 300
44 302
44 321
44 634
44 1279
45 208
45 209
45 210
45 211
45 212
45 213
45 300
45 302
45 321
45 634
45 1278
46 299
46 322
46 323
46 324
46 325
46 634
46 1278
47 299
47 301
47 326
47 634
47 1278
48 299
48 300
48 301
48 326
48 635
48 1278
49 326
49 635
49 1278
50 327
50 331
50 332
50 333
50 636
50 1278
51 327
51 329
51 330
51 637
51 638
51 1278
52 327
52 329
52 334
52 638
52 1278
53 334
53 638
53 1278
54 334
54 370
54 371
54 372
54 638
54 1278
55 334
55 368
55 369
55 373
55 638
55 1278
56 335
56 336
56 337
56 338
56 339
56 340
56 366
56 367
56 374
56 638
56 1278
57 341
57 347
57 348
57 349
57 350
57 351
57 352
57 353
57 354
57 363
57 364
57 365
57 374
57 638
57 1279
58 341
58 345
58 346
58 354
58 360
58 361
58 362
58 374
58 638
59 192
59 193
59 194
59 342
59 343
59 344
59 345
59 354
59 358
59 359
59 374
59 638
60 191
60 195
60 354
60 358
60 375
60 639
61 190
61 195
61 355
61 356
61 357
61 375
61 376
61 377
61 378
61 379
61 639
62 190
62 195
62 379
62 380
62 639
63 190
63 195
63 380
63 381
63 639
64 190
64 195
64 381
64 382
64 640
64 641
64 642
64 643
64 644
65 190
65 195
65 383
65 384
65 645
65 646
66 190
66 195
66 384
66 646
67 190
67 196
67 384
67 646
68 190
68 196
68 385
68 645
68 646
69 190
69 196
69 385
69 645
70 190
70 196
70 386
70 644
71 191
71 196
71 386
71 643
71 644
72 191
72 196
72 386
72 643
73 191
73 196
73 387
73 643
74 113
74 114
74 115
74 116
74 117
74 118
74 119
74 120
74 191
74 196
74 387
74 643
74 644
75 111
75 112
75 121
75 122
75 123
75 191
75 196
75 388
75 602
75 603
75 604
75 605
75 606
75 607
75 608
75 609
75 610
75 611
75 612
75 613
75 644
75 645
76 109
76 110
76 124
76 125
76 191
76 196
76 388
76 589
76 590
76 591
76 592
76 593
76 594
76 595
76 596
76 597
76 598
76 599
76 600
76 601
76 614
76 615
76 646
76 647
76 654
76 655
76 656
77 107
77 108
77 120
77 126
77 127
77 191
77 196
77 387
77 388
77 588
77 615
77 647
77 648
77 649
77 650
77 651
77 652
77 653
77 657
77 658
78 0
78 1
78 2
78 3
78 4
78 5
78 106
78 107
78 113
78 114
78 119
78 121
78 122
78 127
78 191
78 196
78 387
78 587
78 602
78 603
78 604
78 605
78 606
78 607
78 608
78 609
78 610
78 611
78 612
78 613
78 614
78 615
78 658
78 659
79 6
79 105
79 106
79 112
79 119
79 122
79 123
79 128
79 191
79 196
79 387
79 588
79 589
79 590
79 591
79 592
79 593
79 594
79 595
79 596
79 597
79 598
79 599
79 600
79 601
79 659
80 6
80 104
80 105
80 110
80 111
80 114
80 119
80 123
80 124
80 128
80 129
80 191
80 196
80 387
80 388
80 389
80 659
81 6
81 104
81 109
81 110
81 113
81 120
81 124
81 125
81 129
81 130
81 191
81 196
81 390
81 391
81 659
82 6
82 103
82 108
82 109
82 113
82 120
82 121
82 125
82 130
82 191
82 196
82 391
82 658
83 6
83 103
83 107
83 111
83 112
83 121
83 122
83 125
83 131
83 191
83 197
83 392
83 658
84 6
84 102
84 106
84 110
84 122
84 123
84 126
84 131
84 132
84 133
84 134
84 135
84 136
84 137
84 191
84 197
84 392
84 478
84 479
84 480
84 481
84 482
84 483
84 484
84 485
84 486
84 658
85 6
85 102
85 106
85 109
85 123
85 126
85 137
85 191
85 197
85 392
85 477
85 487
85 658
86 6
86 102
86 106
86 109
86 124
86 126
86 137
86 191
86 197
86 392
86 464
86 465
86 466
86 467
86 468
86 469
86 470
86 471
86 472
86 473
86 474
86 475
86 476
86 488
86 659
86 1247
86 1248
86 1249
87 6
87 102
87 106
87 108
87 109
87 124
87 125
87 137
87 191
87 197
87 391
87 392
87 463
87 488
87 655
87 656
87 657
87 1239
87 1240
87 1241
87 1242
87 1243
87 1244
87 1245
87 1246
87 1250
88 6
88 102
88 106
88 108
88 125
88 127
88 137
88 191
88 197
88 391
88 463
88 488
88 653
88 654
88 1224
88 1225
88 1226
88 1227
88 1228
88 1229
88 1230
88 1231
88 1232
88 1233
88 1234
88 1235
88 1236
88 1237
88 1238
88 1250
89 6
89 102
89 106
89 108
89 125
89 127
89 137
89 191
89 197
89 391
89 392
89 463
89 478
89 479
89 480
89 481
89 482
89 483
89 484
89 485
89 486
89 487
89 651
89 652
89 1222
89 1223
89 1250
90 6
90 103
90 106
90 108
90 109
90 110
90 111
90 112
90 113
90 114
90 115
90 116
90 117
90 118
90 119
90 120
90 121
90 122
90 123
90 124
90 125
90 127
90 137
90 191
90 197
90 359
90 360
90 361
90 393
90 394
90 464
90 465
90 466
90 467
90 468
90 469
90 470
90 471
90 472
90 473
90 474
90 475
90 476
90 477
90 651
90 1222
90 1250
91 6
91 103
91 104
91 105
91 106
91 137
91 191
91 197
91 357
91 358
91 362
91 394
91 650
91 1221
91 1250
92 6
92 126
92 137
92 191
92 197
92 325
92 326
92 357
92 362
92 394
92 650
92 1221
92 1250
93 6
93 127
93 137
93 191
93 197
93 323
93 324
93 327
93 356
93 362
93 394
93 649
93 1220
93 1250
94 7
94 127
94 138
94 191
94 197
94 323
94 327
94 356
94 362
94 394
94 648
94 649
94 1220
94 1250
95 7
95 127
95 138
95 191
95 197
95 323
95 327
95 356
95 362
95 394
95 395
95 396
95 397
95 647
95 1219
95 1250
96 7
96 127
96 138
96 192
96 197
96 214
96 323
96 326
96 356
96 362
96 398
96 399
96 646
96 1219
96 1250
97 7
97 127
97 138
97 192
97 197
97 213
97 215
97 216
97 323
97 326
97 356
97 362
97 399
97 400
97 646
97 1219
97 1250
98 7
98 127
98 138
98 192
98 197
98 212
98 217
98 323
98 326
98 356
98 362
98 400
98 401
98 402
98 645
98 1219
98 1250
99 7
99 127
99 138
99 192
99 197
99 212
99 217
99 323
99 326
99 356
99 362
99 403
99 404
99 645
99 1219
99 1249
100 7
100 127
100 138
100 192
100 198
100 212
100 217
100 323
100 326
100 356
100 363
100 405
100 645
100 1220
100 1249
101 7
101 127
101 138
101 192
101 198
101 212
101 217
101 323
101 326
101 356
101 363
101 406
101 645
101 1220
101 1221
101 1249
102 7
102 127
102 138
102 192
102 198
102 212
102 217
102 323
102 326
102 356
102 363
102 406
102 645
102 1221
102 1222
102 1249
103 7
103 127
103 138
103 192
103 198
103 212
103 217
103 323
103 327
103 356
103 363
103 407
103 410
103 411
103 412
103 644
103 1223
103 1224
103 1225
103 1249
104 7
104 127
104 138
104 192
104 198
104 212
104 217
104 323
104 327
104 357
104 363
104 407
104 408
104 409
104 413
104 644
104 1226
104 1227
104 1228
104 1229
104 1230
104 1231
104 1232
104 1233
104 1234
104 1235
104 1236
104 1237
104 1249
105 7
105 127
105 138
105 192
105 198
105 212
105 217
105 323
105 327
105 357
105 363
105 413
105 645
105 1238
105 1239
105 1240
105 1241
105 1242
105 1243
105 1244
105 1245
105 1246
105 1247
105 1248
105 1249
106 7
106 128
106 138
106 192
106 198
106 212
106 217
106 324
106 327
106 357
106 363
106 413
106 645
106 646
107 7
107 128
107 138
107 192
107 198
107 212
107 218
107 324
107 327
107 357
107 363
107 413
107 646
107 647
108 7
108 128
108 138
108 192
108 198
108 212
108 218
108 324
108 327
108 357
108 363
108 412
108 648
108 649
109 7
109 128
109 138
109 192
109 198
109 212
109 218
109 324
109 327
109 357
109 363
109 412
109 650
109 651
110 7
110 128
110 138
110 192
110 198
110 212
110 218
110 324
110 327
110 357
110 363
110 412
110 651
110 652
111 7
111 128
111 138
111 192
111 198
111 212
111 218
111 324
111 327
111 357
111 363
111 412
111 652
112 7
112 128
112 138
112 192
112 198
112 212
112 218
112 324
112 327
112 357
112 363
112 411
112 653
113 7
113 129
113 139
113 192
113 198
113 212
113 218
113 324
113 327
113 357
113 363
113 411
113 653
114 7
114 130
114 131
114 139
114 192
114 198
114 212
114 218
114 324
114 327
114 357
114 363
114 412
114 413
114 414
114 415
114 416
114 417
114 418
114 419
114 420
114 421
114 422
114 653
115 7
115 132
115 139
115 192
115 199
115 213
115 218
115 324
115 327
115 357
115 363
115 419
115 422
115 517
115 518
115 519
115 520
115 521
115 522
115 523
115 524
115 525
115 526
115 527
115 528
115 529
115 530
115 531
115 532
115 533
115 653
116 7
116 132
116 139
116 192
116 199
116 213
116 218
116 324
116 327
116 357
116 363
116 419
116 422
116 515
116 516
116 534
116 654
117 7
117 132
117 139
117 192
117 199
117 213
117 218
117 324
117 327
117 333
117 357
117 363
117 419
117 422
117 515
117 534
117 654
117 655
118 7
118 102
118 103
118 104
118 105
118 106
118 107
118 108
118 132
118 139
118 192
118 199
118 213
118 218
118 324
118 327
118 331
118 332
118 334
118 335
118 336
118 337
118 338
118 357
118 363
118 419
118 422
118 516
118 517
118 518
118 519
118 520
118 521
118 522
118 523
118 524
118 525
118 526
118 527
118 528
118 529
118 530
118 531
118 532
118 533
118 534
118 655
119 7
119 100
119 101
119 109
119 110
119 132
119 139
119 193
119 199
119 213
119 218
119 324
119 328
119 329
119 330
119 339
119 340
119 357
119 363
119 419
119 422
119 654
119 655
120 7
120 98
120 99
120 111
120 112
120 132
120 139
120 193
120 199
120 213
120 218
120 324
120 340
120 341
120 342
120 343
120 357
120 364
120 419
120 422
120 652
120 653
121 7
121 96
121 97
121 112
121 113
121 132
121 139
121 193
121 199
121 213
121 218
121 324
121 335
121 336
121 337
121 344
121 345
121 357
121 364
121 416
121 417
121 419
121 422
121 651
121 652
122 7
122 96
122 103
122 108
122 113
122 114
122 132
122 139
122 193
122 199
122 213
122 218
122 324
122 329
122 331
122 335
122 338
122 339
122 345
122 346
122 357
122 364
122 415
122 419
122 422
122 455
122 650
122 651
123 8
123 95
123 101
123 102
123 107
123 109
123 110
123 114
123 115
123 132
123 139
123 193
123 199
123 213
123 218
123 324
123 328
123 335
123 336
123 346
123 357
123 364
123 415
123 419
123 422
123 454
123 456
123 650
124 8
124 93
124 94
124 95
124 100
124 115
124 133
124 139
124 193
124 199
124 213
124 218
124 324
124 328
124 330
124 337
124 346
124 357
124 364
124 417
124 419
124 422
124 453
124 456
124 542
124 649
125 8
125 92
125 100
125 102
125 109
125 111
125 115
125 133
125 139
125 193
125 199
125 213
125 219
125 324
125 338
125 340
125 346
125 357
125 364
125 420
125 422
125 453
125 456
125 541
125 543
125 649
126 8
126 91
126 98
126 109
126 111
126 115
126 133
126 139
126 193
126 199
126 213
126 219
126 324
126 338
126 340
126 346
126 357
126 364
126 420
126 422
126 453
126 456
126 540
126 543
126 650
127 8
127 91
127 98
127 100
127 115
127 133
127 139
127 193
127 199
127 213
127 219
127 324
127 330
127 338
127 340
127 346
127 357
127 364
127 387
127 388
127 389
127 390
127 391
127 392
127 419
127 422
127 453
127 456
127 540
127 543
127 650
128 8
128 91
128 97
128 110
128 112
128 115
128 133
128 139
128 193
128 199
128 213
128 219
128 324
128 329
128 331
128 338
128 339
128 340
128 346
128 357
128 364
128 386
128 392
128 419
128 422
128 453
128 456
128 540
128 543
128 650
129 8
129 91
129 97
129 110
129 112
129 115
129 133
129 139
129 193
129 199
129 213
129 219
129 325
129 328
129 332
129 333
129 334
129 335
129 336
129 337
129 338
129 340
129 346
129 358
129 364
129 385
129 393
129 419
129 422
129 453
129 456
129 540
129 543
129 650
130 8
130 91
130 97
130 110
130 112
130 113
130 114
130 115
130 133
130 139
130 193
130 199
130 213
130 219
130 325
130 328
130 346
130 358
130 364
130 386
130 393
130 420
130 422
130 453
130 456
130 540
130 543
130 651
130 1247
130 1248
130 1249
131 8
131 91
131 97
131 110
131 133
131 139
131 193
131 199
131 213
131 219
131 325
131 328
131 339
131 346
131 358
131 364
131 387
131 388
131 394
131 395
131 396
131 397
131 420
131 422
131 453
131 456
131 540
131 543
131 651
131 652
131 1241
131 1242
131 1243
131 1244
131 1245
131 1246
131 1250
132 8
132 91
132 97
132 100
132 101
132 110
132 133
132 139
132 193
132 200
132 213
132 219
132 325
132 328
132 339
132 346
132 358
132 364
132 388
132 398
132 399
132 420
132 422
132 453
132 456
132 540
132 543
132 625
132 626
132 627
132 628
132 629
132 630
132 631
132 632
132 633
132 634
132 653
132 722
132 723
132 724
132 725
132 726
132 727
132 728
132 729
132 730
132 731
132 732
132 733
132 734
132 735
132 736
132 737
132 738
132 1234
132 1235
132 1236
132 1237
132 1238
132 1239
132 1240
132 1250
133 8
133 91
133 97
133 102
133 103
133 104
133 105
133 106
133 107
133 108
133 109
133 133
133 139
133 193
133 200
133 213
133 219
133 325
133 328
133 340
133 346
133 358
133 364
133 389
133 400
133 401
133 420
133 422
133 453
133 456
133 540
133 543
133 623
133 624
133 635
133 653
133 654
133 655
133 701
133 702
133 703
133 704
133 705
133 706
133 707
133 708
133 709
133 710
133 711
133 712
133 713
133 714
133 715
133 716
133 717
133 718
133 719
133 720
133 721
133 739
133 1230
133 1231
133 1232
133 1233
133 1250
134 8
134 91
134 97
134 133
134 140
134 193
134 200
134 213
134 219
134 325
134 328
134 340
134 346
134 358
134 364
134 389
134 401
134 402
134 403
134 404
134 405
134 406
134 407
134 408
134 409
134 420
134 422
134 453
134 456
134 540
134 543
134 623
134 635
134 653
134 700
134 739
134 1229
134 1250
135 8
135 91
135 97
135 133
135 140
135 193
135 200
135 213
135 219
135 325
135 329
135 340
135 346
135 358
135 364
135 389
135 399
135 410
135 411
135 412
135 413
135 414
135 415
135 416
135 417
135 419
135 423
135 453
135 456
135 540
135 543
135 555
135 556
135 557
135 558
135 623
135 624
135 625
135 626
135 627
135 628
135 629
135 630
135 631
135 632
135 633
135 634
135 635
135 652
135 655
135 699
135 739
135 1228
135 1250
136 8
136 91
136 97
136 133
136 140
136 193
136 200
136 213
136 219
136 325
136 329
136 340
136 346
136 358
136 364
136 389
136 395
136 396
136 397
136 398
136 400
136 401
136 407
136 408
136 419
136 423
136 453
136 456
136 540
136 544
136 553
136 554
136 559
136 560
136 652
136 655
136 699
136 739
136 1228
136 1250
137 8
137 91
137 97
137 133
137 140
137 193
137 200
137 213
137 219
137 325
137 329
137 340
137 346
137 358
137 364
137 390
137 391
137 392
137 393
137 394
137 411
137 412
137 413
137 414
137 415
137 419
137 423
137 453
137 456
137 540
137 544
137 553
137 560
137 561
137 652
137 655
137 699
137 739
137 1227
137 1250
138 8
138 91
138 97
138 133
138 140
138 193
138 200
138 213
138 219
138 325
138 329
138 340
138 347
138 358
138 364
138 415
138 419
138 423
138 453
138 456
138 540
138 544
138 552
138 561
138 652
138 655
138 699
138 739
138 1227
138 1250
139 8
139 91
139 97
139 133
139 140
139 193
139 200
139 213
139 219
139 325
139 329
139 340
139 347
139 358
139 364
139 414
139 415
139 419
139 423
139 453
139 456
139 540
139 544
139 552
139 562
139 652
139 655
139 700
139 739
139 1226
139 1250
140 8
140 91
140 97
140 133
140 140
140 193
140 200
140 213
140 219
140 325
140 329
140 340
140 347
140 358
140 364
140 414
140 419
140 423
140 453
140 456
140 540
140 544
140 552
140 562
140 563
140 652
140 655
140 700
140 739
140 1226
140 1250
141 8
141 91
141 97
141 133
141 140
141 193
141 200
141 213
141 219
141 325
141 329
141 340
141 347
141 358
141 365
141 413
141 419
141 421
141 422
141 423
141 454
141 457
141 540
141 544
141 552
141 563
141 652
141 655
141 700
141 739
141 1225
141 1250
142 8
142 91
142 97
142 133
142 140
142 193
142 200
142 213
142 219
142 325
142 329
142 341
142 347
142 358
142 365
142 413
142 418
142 419
142 424
142 454
142 457
142 541
142 544
142 552
142 563
142 652
142 655
142 700
142 739
142 1225
142 1250
143 8
143 91
143 97
143 133
143 140
143 193
143 200
143 213
143 219
143 325
143 329
143 342
143 347
143 358
143 365
143 413
143 418
143 424
143 425
143 454
143 457
143 541
143 544
143 552
143 563
143 652
143 655
143 700
143 739
143 1225
143 1250
144 8
144 92
144 97
144 133
144 140
144 194
144 200
144 213
144 220
144 325
144 329
144 342
144 347
144 358
144 365
144 413
144 417
144 425
144 454
144 457
144 541
144 544
144 552
144 564
144 652
144 655
144 700
144 734
144 735
144 736
144 737
144 738
144 739
144 1225
144 1250
145 8
145 92
145 97
145 133
145 140
145 194
145 200
145 213
145 220
145 325
145 329
145 342
145 347
145 358
145 365
145 413
145 417
145 425
145 454
145 457
145 541
145 544
145 552
145 564
145 652
145 655
145 701
145 702
145 703
145 704
145 705
145 706
145 707
145 708
145 709
145 710
145 711
145 712
145 713
145 714
145 715
145 716
145 719
145 720
145 721
145 724
145 725
145 726
145 727
145 728
145 729
145 730
145 731
145 732
145 733
145 1226
145 1250
146 8
146 92
146 97
146 133
146 140
146 194
146 200
146 213
146 220
146 325
146 329
146 342
146 347
146 358
146 365
146 413
146 417
146 425
146 454
146 457
146 541
146 544
146 551
146 552
146 565
146 652
146 655
146 717
146 718
146 722
146 723
146 1226
146 1227
146 1250
147 8
147 92
147 97
147 133
147 140
147 194
147 200
147 213
147 220
147 325
147 329
147 342
147 347
147 358
147 365
147 412
147 417
147 418
147 424
147 425
147 454
147 457
147 541
147 544
147 551
147 565
147 652
147 655
147 717
147 722
147 1228
147 1229
147 1230
147 1250
148 8
148 92
148 97
148 133
148 140
148 194
148 201
148 213
148 220
148 325
148 329
148 343
148 347
148 358
148 365
148 405
148 411
148 412
148 418
148 424
148 454
148 457
148 488
148 541
148 544
148 550
148 565
148 652
148 655
148 717
148 722
148 1231
148 1232
148 1233
148 1234
148 1235
148 1236
148 1237
148 1247
148 1248
148 1249
148 1250
149 8
149 92
149 97
149 133
149 140
149 194
149 201
149 213
149 220
149 325
149 329
149 343
149 347
149 358
149 365
149 404
149 406
149 407
149 408
149 409
149 410
149 418
149 423
149 454
149 457
149 483
149 484
149 485
149 486
149 487
149 489
149 541
149 544
149 550
149 565
149 649
149 650
149 652
149 655
149 717
149 722
149 1238
149 1239
149 1240
149 1241
149 1242
149 1243
149 1244
149 1245
149 1246
150 8
150 92
150 97
150 134
150 140
150 194
150 201
150 213
150 220
150 326
150 329
150 343
150 347
150 358
150 365
150 403
150 419
150 421
150 422
150 423
150 454
150 457
150 482
150 490
150 541
150 544
150 550
150 551
150 552
150 554
150 555
150 556
150 557
150 558
150 559
150 560
150 561
150 562
150 563
150 564
150 565
150 648
150 652
150 655
150 717
150 722
151 8
151 92
151 97
151 135
151 140
151 194
151 201
151 213
151 220
151 326
151 329
151 343
151 348
151 358
151 365
151 404
151 405
151 406
151 419
151 423
151 454
151 457
151 481
151 490
151 491
151 492
151 541
151 544
151 548
151 565
151 566
151 647
151 652
151 655
151 717
151 722
152 8
152 92
152 98
152 135
152 140
152 194
152 201
152 213
152 220
152 326
152 329
152 343
152 348
152 349
152 359
152 365
152 409
152 419
152 423
152 454
152 457
152 480
152 481
152 493
152 541
152 545
152 546
152 547
152 548
152 551
152 552
152 566
152 647
152 652
152 655
152 717
152 722
153 9
153 92
153 98
153 135
153 141
153 194
153 201
153 214
153 220
153 326
153 329
153 342
153 343
153 349
153 359
153 365
153 409
153 419
153 423
153 454
153 457
153 479
153 480
153 493
153 531
153 532
153 533
153 534
153 535
153 536
153 537
153 538
153 539
153 540
153 541
153 545
153 551
153 555
153 556
153 557
153 566
153 634
153 641
153 642
153 643
153 646
153 647
153 652
153 655
153 717
153 722
154 9
154 27
154 92
154 98
154 135
154 141
154 194
154 201
154 214
154 220
154 326
154 329
154 341
154 349
154 359
154 365
154 409
154 419
154 423
154 454
154 457
154 478
154 479
154 493
154 529
154 530
154 541
154 544
154 552
154 553
154 554
154 558
154 632
154 633
154 635
154 636
154 639
154 640
154 643
154 644
154 645
154 652
154 655
154 717
154 722
155 9
155 26
155 28
155 29
155 92
155 98
155 135
155 141
155 194
155 201
155 214
155 220
155 326
155 329
155 340
155 349
155 359
155 365
155 409
155 419
155 423
155 454
155 457
155 478
155 527
155 528
155 541
155 544
155 558
155 562
155 563
155 564
155 629
155 630
155 631
155 636
155 637
155 638
155 639
155 652
155 655
155 717
155 722
156 9
156 25
156 30
156 92
156 98
156 135
156 141
156 194
156 201
156 214
156 220
156 326
156 329
156 340
156 349
156 359
156 365
156 407
156 408
156 419
156 423
156 445
156 446
156 447
156 448
156 454
156 457
156 477
156 484
156 485
156 486
156 487
156 488
156 489
156 490
156 491
156 492
156 493
156 494
156 495
156 496
156 497
156 498
156 499
156 527
156 541
156 544
156 558
156 561
156 564
156 565
156 628
156 652
156 655
156 717
156 722
157 9
157 25
157 30
157 92
157 98
157 135
157 141
157 194
157 201
157 214
157 220
157 326
157 329
157 340
157 349
157 359
157 365
157 406
157 407
157 419
157 423
157 443
157 444
157 449
157 450
157 454
157 457
157 477
157 483
157 500
157 526
157 541
157 544
157 558
157 561
157 566
157 567
157 627
157 652
157 655
157 718
157 722
158 9
158 25
158 30
158 92
158 98
158 135
158 141
158 194
158 201
158 214
158 220
158 326
158 330
158 340
158 349
158 359
158 365
158 406
158 420
158 423
158 442
158 450
158 454
158 457
158 476
158 477
158 482
158 500
158 525
158 526
158 541
158 545
158 558
158 561
158 567
158 604
158 605
158 606
158 607
158 625
158 626
158 627
158 652
158 655
158 718
158 722
159 9
159 25
159 30
159 92
159 98
159 135
159 141
159 194
159 201
159 214
159 220
159 326
159 330
159 340
159 349
159 359
159 365
159 405
159 420
159 423
159 441
159 450
159 454
159 457
159 475
159 476
159 482
159 500
159 519
159 520
159 521
159 522
159 523
159 524
159 541
159 545
159 558
159 561
159 567
159 602
159 603
159 608
159 609
159 623
159 624
159 652
159 655
159 673
159 674
159 675
159 718
159 722
160 0
160 9
160 25
160 30
160 92
160 98
160 135
160 141
160 194
160 201
160 214
160 220
160 326
160 330
160 341
160 342
160 349
160 359
160 365
160 405
160 420
160 423
160 441
160 451
160 454
160 457
160 475
160 482
160 500
160 517
160 518
160 541
160 545
160 558
160 561
160 567
160 588
160 589
160 590
160 591
160 592
160 593
160 594
160 595
160 596
160 597
160 598
160 599
160 600
160 601
160 602
160 610
160 611
160 623
160 653
160 656
160 671
160 672
160 676
160 718
160 722
161 1
161 9
161 25
161 30
161 92
161 98
161 135
161 141
161 194
161 201
161 214
161 220
161 326
161 330
161 343
161 349
161 359
161 366
161 401
161 402
161 403
161 404
161 420
161 423
161 439
161 440
161 451
161 454
161 457
161 474
161 482
161 500
161 511
161 512
161 513
161 514
161 515
161 516
161 541
161 545
161 558
161 561
161 568
161 586
161 587
161 611
161 622
161 653
161 656
161 669
161 670
161 677
161 718
161 722
162 1
162 9
162 25
162 30
162 92
162 98
162 135
162 141
162 194
162 201
162 214
162 221
162 326
162 330
162 343
162 349
162 359
162 366
162 400
162 420
162 423
162 439
162 452
162 454
162 457
162 467
162 472
162 473
162 482
162 500
162 509
162 510
162 541
162 545
162 558
162 561
162 568
162 569
162 585
162 612
162 620
162 621
162 653
162 656
162 669
162 677
162 718
162 722
163 1
163 9
163 25
163 30
163 92
163 98
163 135
163 141
163 194
163 202
163 214
163 221
163 326
163 330
163 343
163 349
163 359
163 366
163 399
163 420
163 423
163 438
163 453
163 454
163 457
163 462
163 463
163 464
163 465
163 466
163 468
163 469
163 471
163 482
163 500
163 508
163 509
163 541
163 545
163 558
163 561
163 570
163 584
163 590
163 591
163 592
163 612
163 613
163 620
163 653
163 656
163 668
163 677
163 718
163 722
164 1
164 9
164 25
164 30
164 92
164 98
164 135
164 141
164 194
164 203
164 214
164 221
164 326
164 330
164 343
164 349
164 359
164 366
164 399
164 420
164 423
164 438
164 454
164 458
164 459
164 460
164 461
164 469
164 471
164 482
164 500
164 505
164 506
164 507
164 508
164 541
164 546
164 547
164 558
164 561
164 571
164 572
164 584
164 590
164 592
164 613
164 619
164 653
164 656
164 668
164 677
164 718
164 722
165 1
165 9
165 25
165 30
165 92
165 98
165 135
165 141
165 194
165 203
165 214
165 221
165 326
165 330
165 343
165 349
165 359
165 366
165 399
165 420
165 423
165 438
165 454
165 458
165 469
165 471
165 482
165 500
165 503
165 504
165 540
165 548
165 558
165 561
165 573
165 583
165 589
165 592
165 614
165 617
165 618
165 653
165 656
165 668
165 677
165 718
165 722
166 1
166 9
166 25
166 30
166 92
166 98
166 135
166 141
166 194
166 203
166 214
166 221
166 326
166 330
166 343
166 349
166 359
166 366
166 399
166 410
166 420
166 423
166 436
166 437
166 454
166 457
166 482
166 501
166 502
166 503
166 539
166 545
166 548
166 558
166 561
166 573
166 583
166 589
166 593
166 594
166 595
166 614
166 616
166 617
166 646
166 647
166 648
166 649
166 650
166 651
166 652
166 656
166 669
166 677
166 718
166 722
167 1
167 9
167 25
167 30
167 92
167 98
167 135
167 141
167 195
167 203
167 214
167 221
167 288
167 289
167 326
167 330
167 343
167 349
167 359
167 366
167 400
167 401
167 402
167 408
167 409
167 411
167 412
167 420
167 423
167 434
167 435
167 454
167 457
167 483
167 501
167 539
167 545
167 548
167 558
167 561
167 574
167 582
167 589
167 596
167 614
167 616
167 645
167 653
167 656
167 669
167 670
167 676
167 718
167 722
167 1145
167 1146
167 1147
167 1148
167 1149
167 1150
167 1151
167 1152
168 1
168 9
168 25
168 30
168 92
168 98
168 135
168 141
168 195
168 203
168 214
168 221
168 281
168 282
168 283
168 284
168 285
168 286
168 287
168 290
168 326
168 330
168 343
168 349
168 359
168 366
168 403
168 404
168 405
168 406
168 407
168 412
168 413
168 420
168 423
168 433
168 434
168 454
168 457
168 477
168 478
168 479
168 480
168 481
168 501
168 539
168 545
168 548
168 558
168 561
168 574
168 575
168 581
168 582
168 588
168 596
168 644
168 653
168 656
168 672
168 673
168 674
168 675
168 718
168 722
168 1143
168 1144
168 1153
169 1
169 9
169 25
169 30
169 92
169 98
169 135
169 141
169 195
169 203
169 214
169 221
169 278
169 279
169 280
169 291
169 326
169 330
169 343
169 349
169 359
169 366
169 413
169 420
169 423
169 432
169 433
169 454
169 457
169 476
169 501
169 539
169 545
169 548
169 558
169 561
169 575
169 581
169 588
169 596
169 644
169 653
169 656
169 672
169 675
169 718
169 722
169 1130
169 1131
169 1132
169 1133
169 1134
169 1135
169 1136
169 1137
169 1138
169 1139
169 1140
169 1141
169 1142
169 1154
170 1
170 9
170 25
170 30
170 92
170 98
170 135
170 141
170 195
170 203
170 214
170 221
170 277
170 291
170 326
170 330
170 343
170 349
170 359
170 366
170 413
170 420
170 423
170 432
170 454
170 457
170 475
170 501
170 517
170 518
170 539
170 545
170 548
170 558
170 561
170 575
170 580
170 588
170 596
170 644
170 653
170 656
170 671
170 675
170 718
170 722
170 1129
170 1154
171 1
171 9
171 25
171 30
171 92
171 98
171 135
171 141
171 195
171 203
171 214
171 221
171 276
171 291
171 326
171 330
171 343
171 349
171 359
171 366
171 414
171 420
171 423
171 431
171 454
171 457
171 475
171 501
171 516
171 539
171 545
171 548
171 559
171 562
171 576
171 580
171 588
171 596
171 644
171 653
171 656
171 671
171 675
171 718
171 723
171 1128
171 1154
172 1
172 9
172 25
172 30
172 92
172 98
172 135
172 141
172 195
172 203
172 214
172 221
172 277
172 291
172 327
172 330
172 344
172 349
172 359
172 366
172 420
172 423
172 429
172 430
172 454
172 457
172 475
172 501
172 516
172 539
172 545
172 548
172 559
172 562
172 576
172 580
172 588
172 596
172 644
172 653
172 656
172 671
172 675
172 718
172 723
172 1126
172 1127
172 1155
173 1
173 9
173 25
173 30
173 92
173 98
173 135
173 141
173 195
173 203
173 214
173 221
173 277
173 291
173 327
173 330
173 344
173 349
173 359
173 366
173 412
173 413
173 414
173 415
173 416
173 420
173 423
173 429
173 454
173 457
173 475
173 501
173 511
173 512
173 513
173 514
173 515
173 516
173 539
173 545
173 548
173 559
173 562
173 577
173 580
173 588
173 596
173 644
173 653
173 656
173 671
173 675
173 718
173 723
173 1125
173 1126
173 1155
174 1
174 9
174 25
174 30
174 92
174 98
174 135
174 141
174 195
174 203
174 214
174 221
174 278
174 291
174 327
174 330
174 344
174 349
174 359
174 366
174 392
174 394
174 397
174 398
174 399
174 411
174 416
174 417
174 420
174 423
174 428
174 454
174 457
174 475
174 502
174 503
174 504
174 505
174 506
174 507
174 508
174 509
174 510
174 519
174 539
174 545
174 548
174 559
174 562
174 577
174 580
174 588
174 596
174 644
174 653
174 656
174 671
174 675
174 718
174 723
174 1124
174 1125
174 1156
175 1
175 9
175 25
175 30
175 92
175 98
175 135
175 141
175 195
175 203
175 214
175 221
175 278
175 291
175 327
175 330
175 344
175 349
175 359
175 366
175 395
175 396
175 397
175 399
175 410
175 417
175 420
175 423
175 429
175 454
175 457
175 475
175 502
175 520
175 521
175 539
175 542
175 545
175 548
175 559
175 562
175 577
175 581
175 588
175 596
175 644
175 653
175 656
175 671
175 675
175 718
175 723
175 1123
175 1124
175 1156
176 1
176 9
176 25
176 30
176 92
176 98
176 135
176 141
176 195
176 203
176 214
176 221
176 278
176 291
176 327
176 330
176 344
176 349
176 360
176 366
176 392
176 399
176 410
176 417
176 420
176 424
176 429
176 455
176 458
176 475
176 501
176 517
176 521
176 539
176 542
176 545
176 548
176 559
176 562
176 577
176 581
176 589
176 596
176 613
176 645
176 646
176 647
176 648
176 649
176 653
176 656
176 671
176 675
176 718
176 723
176 1122
176 1123
176 1157
177 1
177 9
177 25
177 31
177 32
177 33
177 93
177 98
177 135
177 141
177 148
177 149
177 150
177 195
177 203
177 214
177 221
177 278
177 292
177 327
177 330
177 344
177 349
177 360
177 366
177 393
177 399
177 410
177 417
177 420
177 424
177 429
177 455
177 458
177 475
177 501
177 516
177 517
177 519
177 521
177 539
177 542
177 546
177 548
177 559
177 562
177 577
177 581
177 589
177 596
177 609
177 610
177 611
177 612
177 650
177 653
177 656
177 671
177 675
177 718
177 723
177 1121
177 1122
177 1157
178 1
178 9
178 24
178 25
178 31
178 34
178 35
178 93
178 98
178 135
178 141
178 148
178 150
178 151
178 195
178 203
178 214
178 221
178 278
178 292
178 293
178 327
178 330
178 344
178 349
178 360
178 366
178 393
178 394
178 398
178 411
178 412
178 417
178 420
178 424
178 428
178 429
178 455
178 458
178 475
178 501
178 516
178 519
178 521
178 540
178 541
178 548
178 559
178 562
178 576
178 581
178 589
178 596
178 608
178 650
178 656
178 671
178 675
178 718
178 723
178 1120
178 1121
178 1157
179 1
179 9
179 22
179 23
179 25
179 30
179 35
179 36
179 93
179 98
179 135
179 141
179 147
179 148
179 151
179 152
179 195
179 203
179 214
179 221
179 278
179 293
179 294
179 317
179 318
179 319
179 320
179 321
179 322
179 323
179 324
179 325
179 326
179 327
179 331
179 332
179 333
179 334
179 335
179 336
179 337
179 338
179 339
179 340
179 341
179 342
179 343
179 344
179 352
179 353
179 354
179 355
179 356
179 357
179 358
179 359
179 360
179 367
179 368
179 369
179 370
179 371
179 372
179 373
179 374
179 375
179 394
179 397
179 398
179 413
179 417
179 420
179 424
179 428
179 455
179 458
179 475
179 492
179 495
179 496
179 497
179 498
179 501
179 515
179 519
179 521
179 542
179 547
179 559
179 562
179 576
179 582
179 583
179 589
179 607
179 650
179 656
179 671
179 675
179 718
179 723
179 1119
179 1120
179 1157
180 1
180 9
180 22
180 25
180 30
180 36
180 37
180 93
180 98
180 135
180 141
180 146
180 147
180 152
180 153
180 195
180 204
180 214
180 221
180 278
180 294
180 303
180 304
180 305
180 306
180 307
180 308
180 309
180 310
180 311
180 312
180 313
180 314
180 315
180 316
180 327
180 331
180 344
180 351
180 360
180 367
180 376
180 397
180 400
180 413
180 417
180 420
180 424
180 427
180 455
180 458
180 475
180 489
180 490
180 491
180 493
180 494
180 499
180 500
180 515
180 519
180 521
180 542
180 546
180 559
180 562
180 576
180 607
180 628
180 629
180 630
180 631
180 632
180 633
180 634
180 635
180 650
180 656
180 671
180 675
180 718
180 723
180 1118
180 1119
180 1157
181 1
181 9
181 21
181 25
181 30
181 38
181 39
181 93
181 98
181 136
181 141
181 145
181 146
181 153
181 154
181 155
181 156
181 163
181 164
181 195
181 204
181 214
181 222
181 277
181 296
181 297
181 298
181 299
181 300
181 301
181 302
181 327
181 330
181 344
181 350
181 360
181 366
181 376
181 394
181 396
181 398
181 400
181 413
181 417
181 420
181 424
181 427
181 455
181 458
181 475
181 488
181 493
181 499
181 515
181 519
181 521
181 542
181 546
181 559
181 562
181 575
181 579
181 580
181 581
181 582
181 587
181 588
181 607
181 614
181 620
181 621
181 622
181 623
181 624
181 625
181 626
181 627
181 635
181 636
181 637
181 638
181 639
181 640
181 641
181 649
181 650
181 662
181 718
181 723
181 1117
181 1118
181 1158
182 1
182 9
182 20
182 21
182 25
182 30
182 39
182 40
182 93
182 98
182 136
182 142
182 143
182 144
182 145
182 157
182 158
182 159
182 160
182 161
182 162
182 165
182 166
182 167
182 168
182 195
182 204
182 214
182 222
182 276
182 277
182 295
182 327
182 330
182 344
182 350
182 360
182 367
182 376
182 392
182 393
182 395
182 398
182 413
182 417
182 420
182 424
182 428
182 455
182 458
182 475
182 488
182 493
182 499
182 515
182 519
182 521
182 542
182 546
182 559
182 562
182 574
182 575
182 578
182 583
182 584
182 585
182 586
182 604
182 605
182 606
182 607
182 620
182 621
182 642
182 643
182 663
182 664
182 669
182 670
182 671
182 718
182 723
182 1116
182 1117
182 1158
183 0
183 1
183 10
183 19
183 20
183 25
183 30
183 40
183 41
183 93
183 98
183 107
183 108
183 109
183 110
183 111
183 112
183 113
183 114
183 115
183 116
183 117
183 128
183 129
183 130
183 131
183 132
183 133
183 134
183 135
183 136
183 142
183 169
183 170
183 195
183 204
183 214
183 222
183 275
183 276
183 294
183 327
183 330
183 344
183 350
183 360
183 367
183 376
183 390
183 392
183 401
183 402
183 403
183 404
183 405
183 406
183 407
183 408
183 409
183 410
183 411
183 412
183 413
183 418
183 419
183 420
183 424
183 428
183 455
183 458
183 475
183 488
183 493
183 499
183 516
183 519
183 521
183 542
183 546
183 559
183 562
183 574
183 576
183 577
183 620
183 664
183 668
183 671
183 675
183 718
183 723
183 1115
183 1116
183 1158
184 1
184 10
184 12
184 13
184 14
184 15
184 16
184 17
184 18
184 25
184 30
184 41
184 42
184 93
184 98
184 106
184 118
184 119
184 120
184 121
184 122
184 123
184 124
184 125
184 126
184 127
184 136
184 141
184 170
184 192
184 193
184 195
184 204
184 214
184 222
184 274
184 275
184 294
184 327
184 330
184 344
184 350
184 360
184 367
184 376
184 390
184 393
184 395
184 400
184 421
184 424
184 428
184 455
184 458
184 475
184 488
184 493
184 499
184 517
184 518
184 519
184 521
184 542
184 546
184 559
184 562
184 575
184 619
184 643
184 671
184 676
184 719
184 723
184 1114
184 1115
184 1158
185 1
185 11
185 25
185 30
185 43
185 44
185 45
185 93
185 98
185 105
185 136
185 141
185 170
185 189
185 190
185 191
185 195
185 204
185 214
185 222
185 272
185 273
185 294
185 327
185 330
185 344
185 350
185 360
185 367
185 376
185 390
185 395
185 399
185 421
185 424
185 428
185 455
185 458
185 473
185 474
185 476
185 488
185 493
185 500
185 503
185 504
185 519
185 521
185 542
185 546
185 559
185 562
185 619
185 644
185 672
185 676
185 719
185 723
185 1113
185 1114
185 1158
186 1
186 10
186 25
186 30
186 46
186 47
186 48
186 49
186 93
186 98
186 105
186 136
186 141
186 171
186 180
186 181
186 182
186 183
186 184
186 185
186 186
186 187
186 188
186 195
186 204
186 214
186 222
186 270
186 271
186 294
186 327
186 330
186 344
186 350
186 360
186 367
186 377
186 390
186 395
186 399
186 421
186 424
186 428
186 455
186 458
186 472
186 473
186 476
186 488
186 493
186 501
186 505
186 506
186 515
186 519
186 521
186 542
186 546
186 559
186 562
186 618
186 644
186 672
186 676
186 719
186 723
186 1112
186 1113
186 1153
186 1154
186 1155
186 1156
186 1157
186 1158
187 1
187 10
187 25
187 30
187 50
187 51
187 93
187 98
187 104
187 136
187 141
187 171
187 172
187 173
187 174
187 175
187 176
187 177
187 178
187 179
187 195
187 204
187 214
187 222
187 269
187 294
187 327
187 330
187 344
187 350
187 360
187 367
187 377
187 379
187 380
187 390
187 395
187 399
187 421
187 424
187 428
187 455
187 459
187 461
187 462
187 463
187 464
187 465
187 466
187 467
187 468
187 469
187 470
187 471
187 476
187 488
187 491
187 493
187 507
187 508
187 512
187 513
187 518
187 521
187 542
187 546
187 559
187 562
187 616
187 617
187 618
187 645
187 646
187 672
187 676
187 719
187 723
187 1110
187 1111
187 1151
187 1152
188 1
188 10
188 25
188 30
188 51
188 93
188 98
188 104
188 136
188 141
188 195
188 204
188 214
188 222
188 269
188 294
188 327
188 330
188 344
188 350
188 360
188 367
188 377
188 381
188 382
188 383
188 384
188 385
188 386
188 387
188 388
188 389
188 390
188 395
188 399
188 421
188 424
188 428
188 440
188 441
188 442
188 443
188 444
188 452
188 453
188 454
188 455
188 458
188 476
188 477
188 478
188 479
188 480
188 481
188 482
188 483
188 484
188 485
188 486
188 487
188 488
188 491
188 507
188 511
188 514
188 518
188 521
188 539
188 540
188 546
188 559
188 562
188 615
188 647
188 648
188 672
188 676
188 1110
188 1151
189 1
189 10
189 25
189 30
189 51
189 93
189 99
189 100
189 101
189 102
189 103
189 136
189 141
189 195
189 204
189 214
189 222
189 270
189 294
189 327
189 331
189 344
189 350
189 360
189 367
189 376
189 395
189 399
189 421
189 424
189 428
189 439
189 451
189 456
189 459
189 460
189 491
189 507
189 510
189 514
189 518
189 521
189 538
189 541
189 543
189 547
189 548
189 549
189 551
189 552
189 560
189 561
189 562
189 614
189 648
189 672
189 676
189 1109
189 1150
190 1
190 10
190 26
190 30
190 52
190 93
190 99
190 136
190 141
190 195
190 204
190 215
190 222
190 270
190 295
190 327
190 331
190 344
190 350
190 360
190 367
190 375
190 376
190 377
190 378
190 379
190 380
190 381
190 382
190 383
190 384
190 385
190 395
190 399
190 421
190 425
190 426
190 427
190 428
190 440
190 441
190 452
190 453
190 454
190 455
190 458
190 491
190 507
190 510
190 514
190 518
190 521
190 537
190 541
190 543
190 551
190 614
190 648
190 672
190 676
190 1109
190 1149
190 1150
191 1
191 10
191 26
191 31
191 52
191 93
191 98
191 136
191 141
191 195
191 204
191 215
191 222
191 262
191 263
191 264
191 265
191 266
191 267
191 268
191 269
191 295
191 327
191 331
191 344
191 350
191 358
191 359
191 360
191 368
191 369
191 370
191 371
191 372
191 373
191 374
191 386
191 387
191 388
191 389
191 390
191 391
191 392
191 393
191 395
191 400
191 421
191 425
191 455
191 458
191 459
191 488
191 491
191 507
191 510
191 514
191 517
191 520
191 521
191 529
191 534
191 535
191 541
191 543
191 549
191 550
191 551
191 553
191 614
191 647
191 648
191 672
191 676
191 711
191 712
191 713
191 726
191 727
191 1108
191 1149
192 1
192 10
192 26
192 31
192 52
192 93
192 98
192 136
192 141
192 196
192 204
192 215
192 222
192 262
192 327
192 331
192 342
192 343
192 344
192 351
192 360
192 368
192 394
192 395
192 400
192 421
192 424
192 455
192 458
192 489
192 491
192 507
192 510
192 514
192 518
192 520
192 523
192 528
192 530
192 533
192 536
192 537
192 542
192 553
192 615
192 616
192 646
192 672
192 676
192 713
192 729
192 1107
192 1108
192 1148
193 1
193 10
193 26
193 31
193 53
193 93
193 98
193 136
193 141
193 196
193 204
193 215
193 222
193 262
193 263
193 325
193 326
193 327
193 344
193 350
193 360
193 367
193 370
193 371
193 395
193 398
193 400
193 421
193 424
193 455
193 458
193 489
193 491
193 507
193 510
193 515
193 518
193 522
193 524
193 527
193 531
193 532
193 533
193 549
193 553
193 616
193 645
193 672
193 676
193 705
193 706
193 707
193 708
193 709
193 710
193 711
193 712
193 713
193 726
193 735
193 1107
193 1148
194 1
194 10
194 26
194 31
194 54
194 55
194 56
194 70
194 71
194 72
194 73
194 74
194 75
194 76
194 93
194 98
194 136
194 141
194 196
194 204
194 215
194 222
194 263
194 264
194 327
194 328
194 332
194 345
194 348
194 350
194 361
194 362
194 363
194 367
194 369
194 372
194 395
194 398
194 400
194 421
194 424
194 455
194 456
194 491
194 507
194 510
194 515
194 519
194 525
194 526
194 527
194 550
194 553
194 616
194 645
194 672
194 676
194 703
194 704
194 705
194 729
194 730
194 731
194 732
194 733
194 734
194 735
194 740
194 1106
194 1147
195 1
195 10
195 26
195 31
195 57
195 58
195 59
195 60
195 61
195 62
195 63
195 64
195 65
195 66
195 67
195 68
195 69
195 77
195 78
195 79
195 80
195 81
195 82
195 83
195 84
195 85
195 86
195 87
195 88
195 89
195 90
195 91
195 93
195 98
195 136
195 141
195 196
195 204
195 215
195 222
195 264
195 265
195 328
195 331
195 345
195 350
195 361
195 364
195 367
195 369
195 372
195 400
195 420
195 421
195 422
195 454
195 455
195 491
195 493
195 500
195 501
195 507
195 511
195 515
195 519
195 521
195 536
195 537
195 542
195 543
195 544
195 547
195 549
195 551
195 553
195 616
195 645
195 702
195 741
195 742
195 743
195 746
195 749
195 1106
195 1147
196 1
196 10
196 26
196 31
196 93
196 98
196 136
196 142
196 196
196 205
196 215
196 222
196 276
196 328
196 331
196 334
196 335
196 336
196 346
196 351
196 361
196 364
196 367
196 369
196 372
196 400
196 401
196 402
196 403
196 404
196 405
196 406
196 407
196 408
196 409
196 410
196 411
196 412
196 413
196 414
196 419
196 423
196 452
196 453
196 490
196 491
196 493
196 499
196 507
196 511
196 512
196 515
196 519
196 520
196 521
196 531
196 533
196 538
196 544
196 548
196 551
196 553
196 616
196 645
196 744
196 745
196 746
196 749
196 750
196 756
196 1054
196 1055
196 1056
196 1105
196 1147
197 1
197 10
197 26
197 31
197 93
197 98
197 136
197 142
197 196
197 205
197 215
197 222
197 261
197 262
197 263
197 264
197 265
197 266
197 267
197 268
197 269
197 270
197 271
197 272
197 273
197 274
197 275
197 319
197 328
197 331
197 333
197 337
197 346
197 351
197 361
197 365
197 367
197 369
197 372
197 414
197 418
197 452
197 479
197 490
197 493
197 498
197 502
197 507
197 514
197 515
197 525
197 527
197 530
197 533
197 539
197 542
197 548
197 616
197 646
197 752
197 753
197 754
197 755
197 756
197 760
197 1053
197 1057
197 1086
197 1087
197 1105
197 1147
198 1
198 10
198 26
198 31
198 93
198 98
198 136
198 142
198 196
198 205
198 215
198 222
198 242
198 243
198 244
198 245
198 246
198 247
198 248
198 249
198 250
198 251
198 252
198 253
198 254
198 255
198 256
198 257
198 258
198 259
198 260
198 318
198 320
198 328
198 331
198 333
198 337
198 346
198 351
198 361
198 365
198 367
198 368
198 369
198 372
198 414
198 418
198 451
198 478
198 480
198 489
198 494
198 495
198 496
198 497
198 498
198 503
198 504
198 505
198 506
198 507
198 510
198 511
198 518
198 519
198 520
198 521
198 524
198 527
198 530
198 533
198 539
198 542
198 616
198 646
198 761
198 762
198 1052
198 1057
198 1085
198 1088
198 1104
198 1147
199 1
199 10
199 26
199 31
199 93
199 98
199 136
199 142
199 196
199 205
199 215
199 223
199 225
199 226
199 227
199 228
199 229
199 230
199 231
199 232
199 233
199 234
199 235
199 236
199 237
199 238
199 239
199 240
199 241
199 280
199 281
199 282
199 283
199 284
199 285
199 300
199 301
199 317
199 320
199 328
199 331
199 333
199 337
199 346
199 352
199 360
199 372
199 451
199 464
199 477
199 480
199 488
199 489
199 510
199 512
199 513
199 514
199 515
199 518
199 521
199 524
199 527
199 530
199 533
199 539
199 616
199 646
199 764
199 765
199 766
199 767
199 768
199 1052
199 1057
199 1084
199 1088
199 1104
199 1147
200 1
200 10
200 26
200 31
200 93
200 99
200 136
200 142
200 196
200 205
200 206
200 207
200 208
200 209
200 210
200 211
200 215
200 216
200 217
200 218
200 219
200 220
200 221
200 222
200 223
200 224
200 286
200 287
200 288
200 299
200 302
200 317
200 321
200 328
200 331
200 333
200 338
200 346
200 352
200 353
200 359
200 360
200 372
200 451
200 463
200 465
200 477
200 480
200 487
200 488
200 491
200 492
200 493
200 497
200 498
200 502
200 503
200 504
200 510
200 518
200 522
200 525
200 527
200 530
200 533
200 616
200 646
200 771
200 772
200 1052
200 1057
200 1084
200 1088
200 1104
200 1147
201 1
201 10
201 26
201 31
201 93
201 99
201 136
201 142
201 191
201 192
201 193
201 194
201 195
201 196
201 197
201 198
201 199
201 200
201 201
201 202
201 203
201 204
201 205
201 212
201 213
201 214
201 289
201 290
201 298
201 303
201 316
201 317
201 321
201 322
201 328
201 331
201 332
201 333
201 338
201 339
201 340
201 341
201 342
201 343
201 344
201 345
201 354
201 355
201 356
201 357
201 358
201 366
201 367
201 368
201 372
201 446
201 447
201 451
201 462
201 465
201 477
201 480
201 486
201 491
201 501
201 507
201 510
201 515
201 518
201 522
201 525
201 530
201 533
201 646
201 779
201 780
201 781
201 1052
201 1057
201 1084
201 1088
201 1104
201 1147
202 1
202 10
202 26
202 31
202 93
202 99
202 136
202 142
202 173
202 174
202 175
202 176
202 177
202 178
202 180
202 181
202 182
202 183
202 184
202 185
202 186
202 187
202 188
202 189
202 190
202 290
202 291
202 292
202 293
202 294
202 295
202 296
202 297
202 298
202 304
202 305
202 315
202 316
202 324
202 325
202 326
202 327
202 328
202 329
202 365
202 368
202 372
202 445
202 448
202 451
202 462
202 466
202 477
202 481
202 482
202 483
202 484
202 485
202 488
202 489
202 491
202 498
202 501
202 507
202 510
202 515
202 518
202 522
202 525
202 785
202 786
202 790
202 791
202 792
202 1052
202 1057
202 1084
202 1088
202 1105
202 1146
202 1147
203 1
203 10
203 26
203 31
203 93
203 99
203 136
203 142
203 170
203 171
203 172
203 211
203 212
203 306
203 307
203 308
203 309
203 310
203 311
203 312
203 313
203 314
203 320
203 321
203 337
203 338
203 339
203 351
203 352
203 353
203 354
203 358
203 359
203 360
203 364
203 368
203 373
203 444
203 448
203 451
203 461
203 462
203 467
203 468
203 476
203 487
203 489
203 491
203 498
203 501
203 507
203 510
203 515
203 518
203 522
203 525
203 794
203 795
203 796
203 797
203 798
203 1052
203 1057
203 1084
203 1088
203 1105
203 1145
204 1
204 10
204 26
204 31
204 93
204 99
204 143
204 174
204 175
204 176
204 177
204 178
204 209
204 210
204 304
204 317
204 320
204 323
204 324
204 337
204 340
204 341
204 342
204 343
204 344
204 345
204 346
204 351
204 364
204 368
204 373
204 444
204 449
204 451
204 460
204 461
204 469
204 470
204 471
204 472
204 473
204 474
204 475
204 476
204 485
204 486
204 489
204 491
204 498
204 501
204 507
204 510
204 515
204 518
204 799
204 800
204 1052
204 1057
204 1084
204 1088
204 1105
204 1144
205 2
205 10
205 26
205 31
205 93
205 99
205 134
205 136
205 143
205 166
205 167
205 168
205 169
205 170
205 171
205 172
205 173
205 208
205 209
205 298
205 303
205 305
205 306
205 314
205 315
205 320
205 328
205 329
205 330
205 331
205 332
205 337
205 351
205 360
205 364
205 368
205 373
205 415
205 419
205 444
205 449
205 450
205 460
205 465
205 466
205 467
205 477
205 481
205 489
205 491
205 498
205 501
205 507
205 510
205 515
205 803
205 804
205 805
205 806
205 1052
205 1057
205 1084
205 1088
205 1106
205 1144
206 2
206 10
206 26
206 31
206 93
206 100
206 136
206 142
206 161
206 162
206 163
206 207
206 208
206 298
206 302
206 307
206 308
206 309
206 310
206 311
206 312
206 317
206 320
206 332
206 337
206 346
206 351
206 361
206 365
206 367
206 368
206 416
206 420
206 443
206 444
206 450
206 451
206 459
206 465
206 468
206 469
206 474
206 475
206 480
206 489
206 492
206 498
206 501
206 507
206 510
206 807
206 808
206 809
206 810
206 811
206 812
206 813
206 1052
206 1057
206 1084
206 1088
206 1107
206 1108
206 1144
207 2
207 10
207 26
207 31
207 92
207 93
207 100
207 136
207 142
207 159
207 205
207 206
207 295
207 296
207 298
207 302
207 317
207 320
207 332
207 337
207 346
207 351
207 361
207 416
207 421
207 443
207 461
207 462
207 465
207 477
207 480
207 489
207 492
207 498
207 501
207 507
207 817
207 818
207 1052
207 1057
207 1084
207 1088
207 1109
207 1110
207 1111
207 1142
207 1143
208 2
208 10
208 26
208 31
208 93
208 99
208 136
208 142
208 157
208 158
208 203
208 204
208 205
208 296
208 298
208 302
208 317
208 320
208 332
208 337
208 346
208 351
208 391
208 392
208 416
208 421
208 422
208 442
208 448
208 449
208 450
208 453
208 458
208 461
208 465
208 477
208 480
208 489
208 492
208 498
208 501
208 819
208 820
208 821
208 822
208 827
208 1052
208 1057
208 1084
208 1089
208 1112
208 1113
208 1114
208 1115
208 1123
208 1142
209 0
209 1
209 2
209 10
209 26
209 31
209 94
209 99
209 136
209 142
209 156
209 157
209 201
209 202
209 298
209 302
209 317
209 320
209 332
209 338
209 346
209 390
209 393
209 415
209 424
209 441
209 444
209 445
209 448
209 450
209 451
209 454
209 455
209 456
209 460
209 462
209 465
209 477
209 480
209 489
209 492
209 498
209 501
209 823
209 824
209 825
209 826
209 830
209 831
209 832
209 833
209 1052
209 1057
209 1084
209 1089
209 1116
209 1117
209 1118
209 1119
209 1120
209 1121
209 1122
209 1124
209 1141
210 2
210 10
210 24
210 25
210 26
210 32
210 94
210 99
210 136
210 142
210 154
210 155
210 200
210 201
210 298
210 302
210 317
210 320
210 332
210 338
210 389
210 393
210 415
210 420
210 421
210 425
210 426
210 440
210 448
210 451
210 452
210 459
210 462
210 465
210 477
210 480
210 489
210 492
210 834
210 835
210 836
210 837
210 838
210 839
210 840
210 841
210 1052
210 1057
210 1084
210 1089
210 1124
210 1142
211 2
211 11
211 26
211 32
211 94
211 99
211 117
211 118
211 119
211 120
211 137
211 142
211 153
211 154
211 199
211 200
211 299
211 302
211 317
211 320
211 332
211 389
211 394
211 415
211 420
211 422
211 423
211 427
211 428
211 438
211 439
211 443
211 445
211 448
211 451
211 453
211 454
211 457
211 458
211 462
211 465
211 477
211 480
211 487
211 489
211 492
211 844
211 845
211 846
211 847
211 1052
211 1057
211 1084
211 1089
211 1124
211 1142
212 2
212 11
212 26
212 31
212 94
212 99
212 117
212 121
212 122
212 137
212 142
212 151
212 152
212 197
212 198
212 299
212 300
212 302
212 317
212 320
212 389
212 394
212 395
212 415
212 420
212 423
212 424
212 429
212 430
212 431
212 432
212 433
212 434
212 435
212 436
212 437
212 441
212 445
212 448
212 460
212 461
212 462
212 466
212 475
212 477
212 480
212 487
212 488
212 489
212 848
212 849
212 850
212 851
212 852
212 853
212 1052
212 1057
212 1084
212 1089
212 1124
212 1142
213 2
213 11
213 26
213 31
213 99
213 116
213 123
213 137
213 142
213 151
213 197
213 300
213 302
213 317
213 320
213 388
213 395
213 414
213 420
213 424
213 440
213 445
213 448
213 462
213 466
213 475
213 477
213 480
213 854
213 1052
213 1057
213 1084
213 1089
213 1123
213 1142
214 2
214 11
214 26
214 31
214 116
214 121
214 124
214 125
214 126
214 137
214 142
214 150
214 196
214 388
214 393
214 396
214 414
214 416
214 420
214 425
214 426
214 427
214 428
214 438
214 439
214 445
214 448
214 462
214 465
214 476
214 477
214 480
214 855
214 856
214 857
214 858
214 859
214 860
214 861
214 862
214 863
214 1052
214 1057
214 1084
214 1089
214 1123
214 1142
215 26
215 31
215 67
215 68
215 69
215 70
215 114
215 115
215 127
215 128
215 129
215 137
215 142
215 149
215 150
215 195
215 196
215 356
215 357
215 358
215 359
215 388
215 393
215 396
215 397
215 417
215 420
215 429
215 430
215 431
215 432
215 433
215 434
215 435
215 436
215 437
215 445
215 448
215 462
215 465
215 477
215 864
215 865
215 866
215 867
215 868
215 869
215 1052
215 1057
215 1084
215 1089
215 1123
215 1142
216 65
216 66
216 71
216 72
216 73
216 74
216 113
216 114
216 121
216 122
216 123
216 130
216 131
216 132
216 133
216 134
216 135
216 142
216 145
216 146
216 147
216 148
216 193
216 194
216 355
216 359
216 387
216 398
216 399
216 413
216 417
216 420
216 445
216 449
216 462
216 465
216 870
216 871
216 1052
216 1057
216 1084
216 1089
216 1121
216 1122
216 1142
217 64
217 65
217 71
217 75
217 76
217 111
217 112
217 116
217 117
217 121
217 125
217 126
217 127
217 136
217 137
217 138
217 139
217 140
217 141
217 142
217 143
217 144
217 192
217 193
217 304
217 354
217 359
217 393
217 394
217 395
217 399
217 400
217 410
217 411
217 415
217 420
217 445
217 449
217 462
217 465
217 872
217 873
217 874
217 875
217 1052
217 1057
217 1084
217 1089
217 1120
217 1121
217 1142
218 63
218 64
218 77
218 78
218 109
218 110
218 115
218 116
218 121
218 131
218 132
218 142
218 190
218 191
218 305
218 354
218 360
218 386
218 389
218 393
218 396
218 397
218 401
218 402
218 403
218 404
218 405
218 406
218 407
218 408
218 409
218 414
218 416
218 420
218 445
218 449
218 462
218 465
218 876
218 877
218 878
218 879
218 1052
218 1057
218 1084
218 1089
218 1118
218 1119
218 1142
219 62
219 71
219 72
219 73
219 79
219 80
219 108
219 109
219 113
219 114
219 117
219 121
219 137
219 138
219 139
219 142
219 143
219 189
219 190
219 305
219 354
219 360
219 361
219 385
219 388
219 393
219 397
219 398
219 399
219 412
219 413
219 416
219 420
219 445
219 449
219 880
219 1052
219 1057
219 1084
219 1089
219 1117
219 1118
219 1141
220 2
220 11
220 60
220 61
220 65
220 71
220 74
220 75
220 76
220 81
220 82
220 83
220 84
220 94
220 99
220 106
220 107
220 111
220 112
220 117
220 121
220 137
220 141
220 142
220 188
220 189
220 305
220 308
220 309
220 353
220 354
220 361
220 362
220 384
220 393
220 400
220 401
220 409
220 410
220 411
220 416
220 420
220 445
220 449
220 881
220 1052
220 1057
220 1085
220 1089
220 1116
220 1117
220 1141
221 2
221 11
221 59
221 60
221 64
221 71
221 77
221 78
221 79
221 85
221 86
221 87
221 88
221 89
221 90
221 91
221 94
221 99
221 100
221 101
221 102
221 103
221 104
221 109
221 110
221 117
221 121
221 138
221 139
221 140
221 141
221 186
221 187
221 307
221 310
221 352
221 353
221 359
221 362
221 363
221 383
221 387
221 389
221 393
221 417
221 421
221 445
221 449
221 881
221 1052
221 1057
221 1085
221 1089
221 1115
221 1116
221 1140
222 3
222 12
222 58
222 59
222 63
222 71
222 81
222 82
222 92
222 93
222 94
222 95
222 96
222 97
222 107
222 117
222 121
222 138
222 185
222 186
222 306
222 310
222 351
222 364
222 365
222 382
222 386
222 389
222 393
222 417
222 421
222 446
222 449
222 882
222 1052
222 1057
222 1085
222 1089
222 1115
222 1140
223 3
223 4
223 13
223 14
223 56
223 57
223 62
223 63
223 65
223 71
223 85
223 86
223 104
223 105
223 117
223 121
223 137
223 138
223 183
223 184
223 305
223 306
223 311
223 350
223 354
223 360
223 361
223 362
223 365
223 366
223 367
223 381
223 385
223 389
223 393
223 417
223 421
223 446
223 882
223 1052
223 1057
223 1085
223 1089
223 1112
223 1113
223 1114
223 1140
224 0
224 1
224 2
224 15
224 55
224 56
224 60
224 61
224 66
224 71
224 91
224 92
224 100
224 117
224 121
224 134
224 135
224 136
224 182
224 183
224 304
224 305
224 311
224 312
224 349
224 353
224 359
224 362
224 363
224 368
224 369
224 370
224 371
224 372
224 373
224 374
224 375
224 376
224 377
224 378
224 379
224 380
224 384
224 389
224 393
224 417
224 421
224 883
224 1052
224 1057
224 1085
224 1089
224 1110
224 1111
224 1141
225 11
225 12
225 16
225 17
225 53
225 54
225 58
225 59
225 66
225 71
225 94
225 95
225 96
225 97
225 98
225 99
225 118
225 122
225 132
225 133
225 180
225 181
225 302
225 303
225 313
225 314
225 348
225 352
225 354
225 359
225 364
225 365
225 383
225 389
225 393
225 417
225 421
225 883
225 884
225 1052
225 1057
225 1085
225 1089
225 1110
225 1141
226 11
226 13
226 14
226 18
226 29
226 30
226 31
226 49
226 50
226 51
226 52
226 56
226 57
226 66
226 71
226 118
226 122
226 130
226 131
226 179
226 180
226 301
226 302
226 306
226 315
226 346
226 347
226 350
226 354
226 359
226 366
226 367
226 368
226 380
226 381
226 390
226 394
226 417
226 421
226 884
226 1052
226 1057
226 1085
226 1089
226 1109
226 1142
226 1253
226 1254
227 2
227 11
227 15
227 20
227 21
227 22
227 23
227 24
227 45
227 46
227 47
227 48
227 54
227 55
227 66
227 71
227 118
227 122
227 129
227 130
227 177
227 178
227 299
227 300
227 306
227 311
227 312
227 317
227 344
227 345
227 348
227 354
227 359
227 372
227 373
227 374
227 375
227 376
227 377
227 378
227 379
227 390
227 394
227 417
227 421
227 885
227 1052
227 1057
227 1085
227 1089
227 1109
227 1142
227 1143
227 1255
227 1256
228 2
228 11
228 17
228 25
228 26
228 27
228 28
228 29
228 30
228 31
228 32
228 33
228 34
228 35
228 36
228 37
228 38
228 39
228 40
228 41
228 42
228 43
228 44
228 52
228 53
228 66
228 71
228 118
228 122
228 127
228 128
228 176
228 177
228 298
228 299
228 310
228 314
228 318
228 341
228 342
228 347
228 354
228 359
228 390
228 394
228 417
228 421
228 885
228 1109
228 1143
228 1144
228 1256
228 1278
228 1279
229 3
229 10
229 20
229 21
229 48
229 49
229 50
229 66
229 71
229 118
229 122
229 125
229 126
229 174
229 175
229 236
229 237
229 238
229 239
229 297
229 298
229 303
229 304
229 305
229 306
229 310
229 315
229 320
229 321
229 339
229 340
229 345
229 354
229 359
229 390
229 394
229 417
229 421
229 886
229 1144
229 1188
229 1189
229 1190
229 1201
229 1256
229 1267
229 1278
230 4
230 9
230 24
230 25
230 43
230 44
230 66
230 71
230 118
230 122
230 123
230 173
230 174
230 235
230 240
230 295
230 296
230 301
230 302
230 306
230 310
230 317
230 322
230 323
230 324
230 325
230 336
230 337
230 338
230 343
230 344
230 354
230 359
230 390
230 394
230 417
230 1109
230 1110
230 1111
230 1112
230 1145
230 1146
230 1147
230 1148
230 1191
230 1200
230 1256
230 1266
231 4
231 9
231 66
231 71
231 118
231 122
231 172
231 173
231 234
231 240
231 294
231 295
231 300
231 301
231 306
231 310
231 319
231 320
231 326
231 327
231 328
231 329
231 330
231 331
231 332
231 333
231 334
231 335
231 341
231 342
231 354
231 359
231 390
231 394
231 1113
231 1114
231 1115
231 1116
231 1147
231 1191
231 1199
231 1256
231 1266
232 4
232 9
232 66
232 72
232 118
232 122
232 170
232 171
232 234
232 240
232 242
232 243
232 293
232 294
232 298
232 299
232 306
232 310
232 321
232 322
232 338
232 339
232 340
232 354
232 359
232 390
232 394
232 1117
232 1118
232 1147
232 1191
232 1199
232 1256
232 1266
233 4
233 9
233 66
233 72
233 118
233 122
233 168
233 169
233 170
233 234
233 244
233 245
233 291
233 292
233 297
233 298
233 306
233 311
233 325
233 326
233 334
233 335
233 354
233 359
233 390
233 394
233 1119
233 1148
233 1191
233 1199
233 1256
233 1266
234 4
234 9
234 66
234 72
234 118
234 122
234 166
234 167
234 234
234 240
234 246
234 247
234 290
234 291
234 296
234 297
234 306
234 311
234 329
234 330
234 331
234 332
234 333
234 355
234 359
234 390
234 394
234 1119
234 1133
234 1134
234 1135
234 1148
234 1191
234 1199
234 1256
234 1266
235 4
235 9
235 66
235 72
235 118
235 122
235 165
235 166
235 233
235 248
235 249
235 288
235 289
235 294
235 295
235 306
235 311
235 355
235 359
235 390
235 394
235 1119
235 1133
235 1135
235 1149
235 1191
235 1199
235 1256
235 1266
236 4
236 9
236 66
236 72
236 118
236 122
236 163
236 164
236 232
236 233
236 241
236 242
236 243
236 244
236 250
236 251
236 284
236 285
236 286
236 287
236 293
236 294
236 306
236 311
236 355
236 359
236 390
236 394
236 1119
236 1132
236 1136
236 1149
236 1191
236 1199
236 1256
236 1266
237 4
237 9
237 66
237 72
237 117
237 118
237 122
237 162
237 163
237 231
237 232
237 241
237 245
237 246
237 252
237 253
237 254
237 255
237 282
237 283
237 291
237 292
237 306
237 311
237 355
237 359
237 390
237 1119
237 1131
237 1132
237 1136
237 1150
237 1191
237 1199
237 1256
237 1266
238 4
238 9
238 66
238 72
238 117
238 119
238 120
238 121
238 160
238 161
238 231
238 234
238 240
238 247
238 248
238 256
238 257
238 258
238 259
238 279
238 280
238 281
238 289
238 290
238 306
238 311
238 355
238 359
238 1191
238 1199
238 1256
238 1266
239 4
239 9
239 66
239 72
239 116
239 160
239 230
239 234
239 240
239 249
239 250
239 260
239 261
239 262
239 263
239 264
239 265
239 266
239 267
239 268
239 269
239 270
239 271
239 272
239 273
239 274
239 275
239 276
239 277
239 278
239 286
239 287
239 288
239 306
239 311
239 355
239 359
239 1043
239 1044
239 1045
239 1046
239 1047
239 1048
239 1049
239 1050
239 1051
239 1052
239 1053
239 1054
239 1055
239 1056
239 1057
239 1058
239 1059
239 1060
239 1191
239 1199
239 1256
239 1266
240 4
240 9
240 67
240 72
240 116
240 159
240 229
240 230
240 234
240 240
240 251
240 252
240 253
240 282
240 283
240 284
240 285
240 306
240 311
240 355
240 359
240 992
240 993
240 994
240 995
240 996
240 1016
240 1017
240 1018
240 1019
240 1020
240 1021
240 1022
240 1023
240 1024
240 1025
240 1026
240 1027
240 1028
240 1029
240 1030
240 1031
240 1032
240 1033
240 1034
240 1035
240 1036
240 1037
240 1038
240 1039
240 1040
240 1041
240 1042
240 1061
240 1062
240 1192
240 1199
240 1256
240 1266
240 1278
240 1279
241 4
241 9
241 68
241 72
241 115
241 131
241 132
241 133
241 134
241 159
241 228
241 229
241 234
241 240
241 254
241 255
241 256
241 257
241 279
241 280
241 281
241 306
241 311
241 355
241 359
241 985
241 986
241 987
241 988
241 989
241 990
241 991
241 997
241 998
241 999
241 1000
241 1001
241 1002
241 1003
241 1004
241 1005
241 1006
241 1007
241 1008
241 1009
241 1010
241 1011
241 1012
241 1013
241 1014
241 1015
241 1062
241 1063
241 1192
241 1199
241 1256
241 1266
242 4
242 9
242 68
242 72
242 115
242 130
242 135
242 158
242 227
242 228
242 233
242 235
242 240
242 258
242 259
242 260
242 261
242 275
242 276
242 277
242 278
242 306
242 311
242 355
242 359
242 976
242 977
242 978
242 979
242 980
242 981
242 982
242 983
242 984
242 1063
242 1064
242 1192
242 1199
242 1256
242 1266
243 4
243 9
243 68
243 72
243 115
243 129
243 135
243 158
243 226
243 227
243 233
243 235
243 241
243 262
243 263
243 264
243 265
243 266
243 267
243 268
243 269
243 270
243 271
243 272
243 273
243 274
243 307
243 311
243 355
243 359
243 968
243 969
243 970
243 971
243 972
243 973
243 974
243 975
243 1064
243 1065
243 1066
243 1067
243 1068
243 1069
243 1070
243 1071
243 1072
243 1073
243 1192
243 1199
243 1256
243 1266
244 4
244 9
244 68
244 72
244 115
244 129
244 136
244 158
244 225
244 226
244 232
244 233
244 241
244 307
244 311
244 355
244 359
244 967
244 1074
244 1075
244 1081
244 1082
244 1083
244 1084
244 1085
244 1192
244 1199
244 1256
244 1266
245 4
245 68
245 72
245 128
245 129
245 137
245 138
245 158
245 224
245 225
245 231
245 232
245 234
245 241
245 307
245 311
245 355
245 359
245 966
245 1076
245 1077
245 1078
245 1079
245 1080
245 1086
245 1087
245 1088
245 1089
245 1090
245 1091
245 1092
245 1102
245 1103
245 1104
245 1105
245 1192
245 1199
245 1256
245 1266
246 68
246 72
246 127
246 135
246 138
246 158
246 223
246 224
246 230
246 231
246 234
246 241
246 307
246 311
246 355
246 966
246 1093
246 1094
246 1095
246 1096
246 1097
246 1098
246 1099
246 1100
246 1101
246 1106
246 1117
246 1127
246 1192
246 1199
246 1256
246 1266
247 68
247 72
247 126
247 129
247 135
247 138
247 158
247 222
247 223
247 229
247 230
247 234
247 241
247 307
247 311
247 966
247 1107
247 1114
247 1115
247 1116
247 1117
247 1118
247 1119
247 1120
247 1121
247 1122
247 1123
247 1124
247 1125
247 1127
247 1128
247 1192
247 1199
247 1256
247 1266
248 68
248 72
248 126
248 129
248 135
248 139
248 157
248 221
248 222
248 227
248 228
248 234
248 241
248 307
248 311
248 965
248 1107
248 1113
248 1129
248 1130
248 1192
248 1199
248 1256
248 1266
249 69
249 70
249 71
249 72
249 125
249 126
249 129
249 135
249 140
249 141
249 157
249 219
249 220
249 226
249 227
249 234
249 241
249 307
249 311
249 965
249 1107
249 1111
249 1112
249 1130
249 1131
249 1192
249 1199
249 1256
249 1266
250 124
250 125
250 128
250 130
250 141
250 142
250 157
250 218
250 219
250 225
250 226
250 234
250 241
250 307
250 311
250 964
250 965
250 1108
250 1109
250 1110
250 1132
250 1133
250 1134
250 1135
250 1136
250 1137
250 1138
250 1139
250 1140
250 1141
250 1192
250 1199
250 1256
250 1266
251 123
251 124
251 128
251 130
251 136
251 137
251 138
251 143
251 144
251 158
251 217
251 218
251 224
251 225
251 234
251 241
251 307
251 311
251 962
251 963
251 1141
251 1142
251 1146
251 1147
251 1148
251 1149
251 1150
251 1151
251 1152
251 1153
251 1154
251 1155
251 1156
251 1157
251 1158
251 1192
251 1199
251 1256
251 1266
252 122
252 123
252 128
252 135
252 138
252 139
252 144
252 145
252 158
252 159
252 215
252 216
252 223
252 224
252 234
252 241
252 307
252 311
252 961
252 962
252 1160
252 1161
252 1169
252 1192
252 1199
252 1256
252 1266
253 121
253 122
253 127
253 135
253 140
253 141
253 146
253 147
253 159
253 214
253 215
253 221
253 222
253 234
253 241
253 307
253 311
253 961
253 1161
253 1162
253 1163
253 1164
253 1165
253 1166
253 1167
253 1168
253 1170
253 1171
253 1181
253 1192
253 1199
253 1256
254 120
254 121
254 126
254 127
254 129
254 135
254 141
254 142
254 147
254 148
254 160
254 213
254 214
254 220
254 221
254 234
254 241
254 307
254 311
254 960
254 1172
254 1173
254 1174
254 1175
254 1176
254 1177
254 1178
254 1179
254 1180
254 1182
254 1183
254 1184
254 1185
254 1192
254 1199
254 1256
255 116
255 117
255 119
255 120
255 125
255 126
255 129
255 135
255 142
255 143
255 149
255 150
255 160
255 211
255 212
255 218
255 219
255 234
255 241
255 307
255 960
255 1186
255 1187
255 1188
255 1192
255 1199
255 1256
256 119
256 125
256 129
256 135
256 143
256 151
256 160
256 211
256 218
256 234
256 241
256 960
256 1189
256 1192
256 1199
256 1256
257 118
257 124
257 129
257 135
257 144
257 152
257 157
257 158
257 159
257 160
257 210
257 217
257 235
257 241
257 961
257 1190
257 1191
257 1192
257 1199
257 1256
258 117
258 118
258 123
258 124
258 129
258 135
258 145
258 146
258 153
258 154
258 161
258 209
258 210
258 216
258 217
258 236
258 241
258 961
258 1199
258 1256
259 116
259 117
259 122
259 123
259 129
259 135
259 145
259 146
259 147
259 155
259 156
259 157
259 161
259 207
259 208
259 214
259 215
259 236
259 241
259 961
259 1200
259 1256
260 115
260 116
260 121
260 122
260 123
260 130
260 136
260 145
260 148
260 149
260 158
260 159
260 160
260 205
260 206
260 212
260 213
260 236
260 241
260 961
260 1200
260 1201
260 1202
260 1203
260 1204
260 1205
260 1206
260 1207
260 1208
260 1256
261 113
261 114
261 120
261 121
261 130
261 136
261 149
261 150
261 161
261 162
261 201
261 202
261 203
261 204
261 209
261 210
261 211
261 236
261 241
261 961
261 1209
261 1210
261 1257
261 1258
262 112
262 113
262 119
262 120
262 130
262 136
262 151
262 152
262 163
262 164
262 198
262 199
262 200
262 207
262 208
262 236
262 241
262 959
262 960
262 1211
262 1212
262 1213
262 1214
262 1215
262 1216
262 1217
262 1259
262 1260
262 1261
262 1262
263 111
263 112
263 118
263 119
263 130
263 136
263 153
263 154
263 165
263 166
263 167
263 168
263 169
263 194
263 195
263 196
263 197
263 204
263 205
263 206
263 236
263 241
263 959
263 1218
263 1219
263 1220
263 1221
263 1222
263 1223
263 1224
263 1225
263 1263
263 1264
264 109
264 110
264 116
264 117
264 128
264 129
264 130
264 155
264 156
264 157
264 170
264 171
264 172
264 173
264 174
264 186
264 187
264 188
264 189
264 190
264 191
264 192
264 193
264 200
264 201
264 202
264 236
264 241
264 959
264 1226
264 1227
264 1228
264 1229
264 1230
264 1231
264 1232
264 1233
264 1265
264 1266
265 108
265 109
265 115
265 116
265 130
265 158
265 159
265 160
265 161
265 175
265 176
265 177
265 178
265 179
265 180
265 181
265 182
265 183
265 184
265 185
265 198
265 199
265 236
265 241
265 959
265 1234
265 1235
265 1236
265 1237
265 1266
265 1267
266 107
266 108
266 113
266 114
266 130
266 136
266 162
266 163
266 164
266 196
266 197
266 236
266 241
266 959
266 1238
266 1239
266 1240
266 1241
266 1242
266 1243
266 1244
266 1267
267 106
267 107
267 112
267 113
267 130
267 136
267 165
267 166
267 167
267 168
267 169
267 170
267 171
267 172
267 191
267 192
267 193
267 194
267 195
267 236
267 241
267 959
267 1245
267 1246
267 1247
267 1248
267 1249
267 1250
267 1267
268 104
268 105
268 111
268 112
268 130
268 136
268 179
268 180
268 181
268 182
268 183
268 184
268 185
268 186
268 187
268 189
268 190
268 236
268 241
268 959
268 1251
268 1252
268 1253
268 1254
268 1255
268 1267
269 103
269 104
269 109
269 110
269 130
269 136
269 233
269 234
269 235
269 236
269 241
269 959
269 1256
269 1257
269 1258
269 1259
269 1260
269 1267
270 101
270 102
270 103
270 108
270 109
270 130
270 136
270 236
270 242
270 959
270 1261
270 1262
270 1263
270 1264
270 1265
270 1267
271 99
271 100
271 107
271 108
271 130
271 136
271 236
271 242
271 958
271 1266
272 98
272 99
272 105
272 106
272 130
272 136
272 236
272 242
272 957
272 958
273 96
273 97
273 104
273 105
273 130
273 136
273 236
273 242
274 93
274 94
274 95
274 101
274 102
274 103
274 130
274 136
274 236
274 242
275 91
275 92
275 99
275 100
275 130
275 136
275 236
275 242
276 88
276 89
276 90
276 97
276 98
276 130
276 136
276 236
276 242
277 86
277 87
277 96
277 97
277 130
277 136
278 83
278 84
278 85
278 94
278 95
278 130
278 136
279 80
279 81
279 82
279 92
279 93
279 130
279 136
280 78
280 79
280 89
280 90
280 91
280 130
280 136
281 75
281 76
281 77
281 85
281 86
281 87
281 88
281 130
281 136
282 72
282 73
282 74
282 81
282 82
282 83
282 84
282 130
282 136
283 0
283 1
283 67
283 68
283 69
283 70
283 71
283 78
283 79
283 80
283 130
283 136
284 2
284 3
284 63
284 64
284 65
284 66
284 74
284 75
284 76
284 77
284 130
284 136
285 4
285 5
285 6
285 7
285 59
285 60
285 61
285 62
285 71
285 72
285 73
285 130
285 136
286 8
286 9
286 10
286 11
286 55
286 56
286 57
286 58
286 66
286 67
286 68
286 69
286 130
286 136
287 0
287 1
287 12
287 13
287 14
287 15
287 50
287 51
287 52
287 53
287 54
287 62
287 63
287 64
287 130
287 136
288 2
288 3
288 4
288 5
288 16
288 17
288 18
288 19
288 20
288 21
288 44
288 45
288 46
288 47
288 48
288 49
288 58
288 59
288 60
288 61
288 130
288 136
289 6
289 7
289 8
289 9
289 22
289 23
289 24
289 25
289 26
289 27
289 28
289 29
289 30
289 31
289 32
289 33
289 34
289 35
289 36
289 37
289 38
289 39
289 40
289 41
289 42
289 43
289 54
289 55
289 56
289 57
289 130
289 136
290 10
290 11
290 12
290 13
290 14
290 15
290 16
290 49
290 50
290 51
290 52
290 53
290 130
290 136
291 17
291 18
291 19
291 20
291 21
291 22
291 43
291 44
291 45
291 46
291 47
291 130
291 136
292 27
292 28
292 29
292 30
292 31
292 32
292 33
292 34
292 35
292 36
292 37
292 38
292 39
292 130
292 136
293 130
293 136
294 131
294 137
295 131
295 137
296 131
296 137
297 131
297 137
298 131
298 137
299 131
382 1271
382 1272
382 1273
382 1274
383 1275
