0 474
0 692
1 475
1 476
1 692
2 477
2 692
3 477
3 692
4 477
4 692
5 477
5 691
6 477
6 691
7 477
7 692
8 477
8 692
9 477
9 685
9 686
9 687
9 692
10 477
10 683
10 684
10 688
10 692
11 476
11 477
11 682
11 689
11 692
12 475
12 476
12 682
12 689
12 690
12 691
12 692
13 474
13 475
13 682
13 683
14 473
14 474
14 684
15 473
15 684
16 472
16 684
17 471
17 481
17 482
17 483
17 684
18 471
18 473
18 474
18 475
18 476
18 477
18 478
18 479
18 480
18 484
18 684
19 484
19 678
19 679
19 680
19 681
19 682
19 683
19 684
20 484
20 676
20 677
21 484
21 676
22 484
22 675
23 483
23 484
23 675
24 481
24 482
24 483
24 665
24 675
25 480
25 484
25 485
25 663
25 664
25 666
25 667
25 668
25 669
25 675
26 481
26 482
26 486
26 662
26 670
26 671
26 675
27 486
27 661
27 672
27 673
27 674
28 486
28 661
29 486
29 661
30 487
30 488
30 661
31 489
31 490
31 491
31 492
31 493
31 661
32 494
32 495
32 661
33 495
33 496
33 658
33 659
33 660
33 661
34 496
34 656
34 657
35 496
35 655
35 656
36 496
36 650
36 651
36 652
36 653
36 654
37 496
37 648
37 649
38 495
38 648
39 495
39 647
40 495
40 647
41 495
41 639
41 640
41 641
41 642
41 643
41 645
41 646
42 495
42 638
42 644
42 646
43 495
43 637
43 644
43 646
44 495
44 637
45 496
45 497
45 547
45 638
46 498
46 499
46 545
46 546
46 548
46 549
46 638
47 500
47 543
47 544
47 549
47 550
47 638
48 501
48 529
48 530
48 531
48 543
48 550
48 639
48 640
49 501
49 502
49 503
49 504
49 505
49 506
49 507
49 508
49 528
49 532
49 533
49 541
49 542
49 551
49 641
50 509
50 527
50 534
50 539
50 540
50 551
50 552
50 641
51 509
51 527
51 534
51 538
51 552
51 641
52 509
52 528
52 535
52 537
52 552
52 642
53 509
53 528
53 535
53 536
53 537
53 553
53 643
54 509
54 528
54 553
54 643
55 509
55 528
55 553
55 643
56 510
56 528
56 553
56 643
57 511
57 512
57 528
57 553
57 644
58 512
58 529
58 554
58 644
59 513
59 529
59 555
59 644
60 513
60 514
60 529
60 556
60 644
61 514
61 529
61 556
61 644
62 514
62 527
62 528
62 556
62 643
63 514
63 523
63 524
63 525
63 526
63 557
63 643
64 515
64 516
64 517
64 518
64 519
64 520
64 521
64 522
64 557
64 558
64 643
65 558
65 643
66 559
66 642
66 643
67 559
67 641
67 642
68 559
68 640
69 559
69 639
70 559
70 639
71 560
71 639
72 560
72 561
72 639
73 561
73 562
73 639
74 562
74 639
75 563
75 639
76 563
76 638
77 563
77 637
77 638
78 563
78 637
79 563
79 636
80 563
80 636
81 564
81 636
82 564
82 635
83 564
83 635
84 564
84 635
85 564
85 635
86 565
86 634
87 565
87 634
88 565
88 634
89 566
89 634
90 566
90 635
91 566
91 635
92 566
92 635
93 566
93 635
94 566
94 635
95 566
95 635
96 566
96 635
97 566
97 635
97 922
98 566
98 635
98 922
99 566
99 635
99 923
100 566
100 634
100 923
101 566
101 633
101 634
101 924
102 566
102 632
102 633
102 924
103 566
103 631
103 632
103 925
104 567
104 630
104 631
104 925
105 567
105 568
105 630
105 924
106 569
106 570
106 629
106 924
107 570
107 629
107 923
108 571
108 629
108 922
109 571
109 629
109 922
110 571
110 630
110 921
111 571
111 630
111 921
112 571
112 630
112 920
113 572
113 630
113 919
114 573
114 574
114 630
114 919
115 575
115 576
115 629
115 630
115 918
115 1278
115 1279
116 577
116 582
116 583
116 584
116 629
116 917
117 578
117 580
117 581
117 585
117 628
117 917
118 578
118 579
118 580
118 586
118 587
118 628
118 916
119 588
119 589
119 628
119 916
120 589
120 590
120 629
120 915
121 590
121 591
121 629
121 914
122 591
122 629
122 914
123 591
123 629
123 913
123 1138
124 592
124 629
124 912
124 1123
124 1138
125 593
125 594
125 628
125 629
125 912
125 1047
125 1122
125 1124
125 1138
126 594
126 595
126 596
126 597
126 598
126 599
126 600
126 601
126 602
126 603
126 604
126 627
126 628
126 911
126 1047
126 1122
126 1124
126 1138
127 605
127 606
127 607
127 608
127 609
127 626
127 627
127 911
127 1047
127 1122
127 1124
127 1138
128 610
128 626
128 910
128 1047
128 1122
128 1124
128 1138
129 611
129 612
129 625
129 910
129 1047
129 1122
129 1124
129 1138
130 613
130 614
130 625
130 909
130 1047
130 1122
130 1124
130 1138
131 614
131 615
131 625
131 909
131 1047
131 1122
131 1138
132 615
132 624
132 625
132 909
132 932
132 1047
132 1121
132 1138
133 615
133 624
133 908
133 931
133 933
133 1047
133 1121
133 1138
134 616
134 623
134 908
134 931
134 933
134 1047
134 1121
134 1138
135 617
135 618
135 622
135 908
135 930
135 931
135 1047
135 1121
135 1138
136 618
136 619
136 621
136 907
136 929
136 930
136 932
136 1047
136 1121
136 1138
137 619
137 907
137 928
137 929
137 933
137 1047
137 1121
137 1123
137 1138
138 620
138 907
138 928
138 933
138 1047
138 1123
138 1138
139 620
139 622
139 705
139 907
139 927
139 933
139 1047
139 1123
139 1138
140 620
140 622
140 705
140 906
140 926
140 927
140 933
140 1047
140 1123
140 1138
141 705
141 906
141 926
141 933
141 1028
141 1047
141 1123
141 1138
142 705
142 906
142 925
142 933
142 1029
142 1047
142 1123
142 1138
143 706
143 905
143 925
143 933
143 1029
143 1047
143 1123
143 1138
144 706
144 905
144 925
144 933
144 1029
144 1047
144 1123
144 1138
145 706
145 905
145 925
145 933
145 944
145 1029
145 1047
145 1123
145 1138
146 905
146 925
146 933
146 944
146 1029
146 1047
146 1123
146 1138
147 904
147 925
147 933
147 944
147 945
147 1029
147 1047
147 1123
147 1138
148 904
148 925
148 933
148 1029
148 1047
148 1123
148 1138
149 904
149 925
149 933
149 945
149 1047
149 1123
149 1138
150 708
150 714
150 904
150 925
150 934
150 945
150 1047
150 1123
150 1138
151 708
151 714
151 904
151 925
151 934
151 945
151 1047
151 1123
151 1138
152 708
152 714
152 903
152 925
152 934
152 945
152 1047
152 1123
152 1138
153 708
153 714
153 903
153 925
153 934
153 945
153 1028
153 1047
153 1123
153 1138
154 708
154 714
154 903
154 925
154 934
154 945
154 1028
154 1047
154 1123
154 1138
155 708
155 714
155 903
155 925
155 934
155 945
155 1028
155 1047
155 1123
155 1138
156 708
156 714
156 903
156 925
156 934
156 945
156 1028
156 1047
156 1123
156 1138
157 708
157 714
157 902
157 925
157 934
157 1047
157 1123
157 1138
158 708
158 714
158 902
158 925
158 934
158 1047
158 1123
158 1138
159 708
159 713
159 902
159 925
159 934
159 1047
159 1123
159 1138
160 708
160 713
160 902
160 925
160 934
160 1047
160 1123
160 1138
161 708
161 713
161 902
161 925
161 934
161 1047
161 1123
161 1138
162 647
162 708
162 713
162 901
162 925
162 934
162 1047
162 1123
162 1138
163 589
163 646
163 648
163 708
163 713
163 900
163 901
163 925
163 935
163 1047
163 1123
163 1138
164 588
164 590
164 645
164 648
164 708
164 713
164 901
164 925
164 935
164 946
164 1027
164 1047
164 1123
164 1138
165 587
165 590
165 645
165 648
165 708
165 713
165 901
165 925
165 935
165 946
165 1027
165 1047
165 1123
165 1138
166 587
166 590
166 645
166 648
166 708
166 713
166 901
166 925
166 935
166 1027
166 1047
166 1123
166 1138
167 587
167 590
167 620
167 645
167 648
167 708
167 713
167 901
167 925
167 935
167 1027
167 1047
167 1123
167 1138
168 587
168 590
168 619
168 621
168 645
168 648
168 709
168 901
168 925
168 935
168 947
168 1027
168 1047
168 1122
168 1138
169 587
169 590
169 612
169 613
169 618
169 621
169 645
169 648
169 709
169 901
169 925
169 935
169 947
169 1027
169 1047
169 1122
169 1138
170 587
170 590
170 611
170 614
170 618
170 621
170 645
170 648
170 709
170 901
170 925
170 935
170 947
170 1027
170 1047
170 1122
170 1138
171 587
171 590
171 610
171 614
171 618
171 621
171 645
171 648
171 709
171 902
171 925
171 935
171 947
171 1027
171 1047
171 1122
171 1138
172 561
172 562
172 563
172 564
172 587
172 590
172 610
172 614
172 618
172 621
172 645
172 648
172 710
172 902
172 925
172 935
172 947
172 1027
172 1047
172 1122
172 1138
173 560
173 564
173 587
173 590
173 610
173 614
173 618
173 621
173 645
173 648
173 710
173 902
173 926
173 935
173 947
173 1027
173 1047
173 1122
173 1138
174 559
174 564
174 587
174 590
174 610
174 614
174 618
174 621
174 645
174 648
174 710
174 902
174 926
174 935
174 947
174 1027
174 1047
174 1122
174 1138
175 559
175 564
175 587
175 590
175 610
175 614
175 618
175 621
175 645
175 648
175 710
175 902
175 926
175 935
175 947
175 1027
175 1047
175 1122
175 1138
176 559
176 564
176 587
176 590
176 610
176 614
176 618
176 621
176 636
176 637
176 638
176 645
176 648
176 710
176 902
176 926
176 936
176 948
176 1026
176 1047
176 1122
176 1138
177 559
177 564
177 587
177 590
177 610
177 615
177 618
177 622
177 633
177 634
177 635
177 636
177 638
177 645
177 648
177 710
177 902
177 926
177 936
177 948
177 1026
177 1047
177 1122
177 1138
178 559
178 564
178 587
178 590
178 610
178 615
178 618
178 622
178 632
178 645
178 648
178 711
178 903
178 926
178 936
178 948
178 1026
178 1047
178 1122
178 1138
179 559
179 564
179 587
179 590
179 632
179 639
179 645
179 648
179 711
179 903
179 926
179 936
179 948
179 1026
179 1047
179 1122
179 1138
180 559
180 564
180 632
180 645
180 648
180 711
180 903
180 926
180 936
180 948
180 1026
180 1047
180 1122
180 1139
181 559
181 564
181 631
181 632
181 639
181 645
181 648
181 711
181 903
181 926
181 936
181 948
181 1026
181 1047
181 1122
181 1139
182 559
182 564
182 632
182 635
182 636
182 639
182 643
182 644
182 645
182 711
182 903
182 926
182 936
182 948
182 1026
182 1047
182 1122
182 1139
183 559
183 564
183 645
183 649
183 903
183 926
183 936
183 948
183 1026
183 1047
183 1122
183 1139
184 559
184 564
184 645
184 648
184 903
184 926
184 936
184 948
184 1026
184 1047
184 1122
184 1139
185 559
185 564
185 645
185 648
185 904
185 926
185 936
185 948
185 1026
185 1047
185 1122
185 1139
186 559
186 643
186 644
186 648
186 904
186 926
186 936
186 949
186 1026
186 1047
186 1122
186 1139
187 559
187 643
187 648
187 904
187 926
187 936
187 949
187 1026
187 1047
187 1122
187 1139
188 642
188 647
188 904
188 926
188 937
188 949
188 1026
188 1047
188 1122
188 1139
189 569
189 570
189 571
189 572
189 573
189 574
189 642
189 646
189 904
189 926
189 937
189 949
189 1026
189 1047
189 1122
189 1139
190 569
190 574
190 642
190 646
190 904
190 926
190 937
190 949
190 1026
190 1047
190 1122
190 1139
191 569
191 574
191 642
191 646
191 905
191 926
191 937
191 949
191 1026
191 1047
191 1122
191 1139
192 569
192 574
192 905
192 926
192 937
192 949
192 1026
192 1047
192 1122
192 1139
193 569
193 574
193 905
193 926
193 937
193 949
193 1026
193 1047
193 1122
193 1139
194 569
194 574
194 905
194 926
194 937
194 949
194 1026
194 1047
194 1122
194 1139
195 485
195 486
195 487
195 488
195 489
195 569
195 574
195 905
195 926
195 937
195 950
195 1026
195 1047
195 1122
195 1139
196 470
196 471
196 472
196 473
196 474
196 475
196 476
196 477
196 478
196 479
196 480
196 481
196 482
196 483
196 484
196 490
196 491
196 569
196 574
196 905
196 926
196 937
196 950
196 1025
196 1047
196 1122
196 1139
197 457
197 458
197 459
197 460
197 461
197 462
197 463
197 464
197 465
197 466
197 467
197 468
197 469
197 492
197 493
197 684
197 685
197 686
197 687
197 905
197 926
197 937
197 950
197 1025
197 1048
197 1122
197 1139
198 443
198 444
198 445
198 446
198 447
198 448
198 449
198 450
198 451
198 452
198 453
198 454
198 455
198 456
198 493
198 494
198 683
198 684
198 688
198 905
198 926
198 937
198 950
198 1025
198 1048
198 1122
198 1139
199 435
199 436
199 437
199 438
199 439
199 440
199 441
199 442
199 495
199 496
199 683
199 688
199 905
199 926
199 937
199 950
199 1025
199 1048
199 1122
199 1139
200 433
200 434
200 497
200 498
200 682
200 688
200 905
200 926
200 938
200 950
200 1025
200 1048
200 1122
200 1139
201 432
201 433
201 498
201 499
201 682
201 688
201 905
201 926
201 938
201 950
201 1025
201 1048
201 1122
201 1139
202 431
202 432
202 500
202 501
202 682
202 688
202 905
202 926
202 938
202 950
202 1025
202 1048
202 1122
202 1139
203 430
203 431
203 501
203 502
203 682
203 688
203 905
203 926
203 938
203 950
203 1025
203 1048
203 1122
203 1139
204 429
204 430
204 502
204 503
204 682
204 688
204 905
204 926
204 938
204 951
204 1025
204 1048
204 1122
204 1139
205 428
205 429
205 682
205 689
205 905
205 926
205 938
205 951
205 1025
205 1048
205 1122
205 1139
206 426
206 427
206 504
206 683
206 689
206 905
206 926
206 938
206 951
206 1025
206 1048
206 1122
206 1139
207 425
207 426
207 504
207 683
207 689
207 904
207 926
207 938
207 951
207 1025
207 1048
207 1122
207 1139
208 424
208 425
208 505
208 683
208 689
208 904
208 926
208 938
208 951
208 1025
208 1048
208 1122
208 1139
209 423
209 424
209 506
209 507
209 683
209 689
209 904
209 926
209 938
209 951
209 1025
209 1048
209 1122
209 1139
210 422
210 423
210 508
210 509
210 683
210 689
210 904
210 926
210 938
210 951
210 1025
210 1048
210 1122
211 421
211 422
211 509
211 510
211 683
211 689
211 904
211 926
211 939
211 951
211 1025
211 1048
212 421
212 510
212 683
212 689
212 904
212 926
212 939
212 951
212 1025
212 1048
213 420
213 510
213 904
213 926
213 939
213 951
213 1025
213 1048
214 420
214 511
214 904
214 926
214 939
214 952
214 1025
214 1048
215 419
215 420
215 511
215 904
215 926
215 939
215 952
215 1025
215 1048
216 418
216 419
216 511
216 904
216 926
216 939
216 952
216 1025
216 1048
217 414
217 418
217 511
217 904
217 926
217 939
217 952
217 1024
217 1048
218 411
218 412
218 413
218 415
218 416
218 417
218 512
218 904
218 926
218 939
218 952
218 1024
218 1048
219 409
219 410
219 512
219 904
219 925
219 939
219 952
219 1024
219 1048
220 408
220 409
220 512
220 904
220 925
220 939
220 952
220 1024
220 1048
221 406
221 407
221 513
221 904
221 925
221 939
221 952
221 1024
221 1048
222 405
222 406
222 513
222 904
222 925
222 939
222 952
222 1048
223 407
223 513
223 904
223 925
223 939
223 952
223 1048
224 407
224 408
224 513
224 904
224 925
224 940
224 953
224 1048
225 409
225 410
225 411
225 514
225 904
225 925
225 940
225 953
225 1048
226 514
226 904
226 925
226 940
226 953
227 410
227 411
227 514
227 904
227 925
227 940
227 953
228 409
228 410
228 514
228 904
228 925
228 940
228 953
229 408
229 409
229 514
229 904
229 925
229 940
229 953
230 407
230 408
230 514
230 903
230 925
230 940
230 953
231 406
231 407
231 514
231 903
231 925
231 940
231 953
232 405
232 406
232 514
232 903
232 925
232 940
232 953
233 403
233 404
233 514
233 903
233 925
233 940
233 954
234 402
234 403
234 514
234 903
234 925
234 940
234 954
235 401
235 402
235 514
235 903
235 925
235 940
235 954
236 400
236 401
236 515
236 903
236 925
236 941
236 954
237 399
237 400
237 515
237 903
237 925
237 941
237 954
238 398
238 399
238 515
238 903
238 925
238 941
238 954
239 398
239 515
239 903
239 925
239 941
239 951
239 952
239 953
240 397
240 515
240 903
240 925
240 941
240 949
240 950
241 397
241 515
241 925
241 941
241 946
241 947
241 948
242 397
242 515
242 925
242 942
242 943
242 944
242 945
243 397
243 515
243 925
244 397
245 397
246 397
247 397
248 397
249 397
250 397
251 397
252 397
253 397
254 397
255 397
256 397
257 397
