26 267
26 268
26 269
27 266
27 270
27 271
28 265
28 272
28 273
29 265
29 273
30 265
30 274
31 224
31 225
31 226
31 264
31 265
31 274
32 222
32 223
32 226
32 227
32 228
32 229
32 262
32 263
32 274
33 39
33 40
33 41
33 42
33 43
33 221
33 222
33 230
33 231
33 232
33 233
33 234
33 235
33 262
33 274
34 11
34 12
34 13
34 14
34 15
34 37
34 38
34 44
34 45
34 164
34 221
34 236
34 237
34 238
34 239
34 261
34 274
34 278
34 279
34 280
35 9
35 10
35 16
35 17
35 25
35 26
35 27
35 28
35 29
35 30
35 31
35 32
35 33
35 34
35 35
35 36
35 45
35 46
35 162
35 163
35 165
35 166
35 167
35 168
35 169
35 170
35 171
35 172
35 220
35 240
35 241
35 242
35 243
35 244
35 245
35 246
35 247
35 248
35 249
35 250
35 251
35 261
35 274
35 275
35 276
35 277
35 278
35 280
35 281
36 7
36 8
36 17
36 18
36 24
36 46
36 160
36 161
36 173
36 220
36 252
36 253
36 260
36 281
36 282
36 288
36 289
37 6
37 18
37 23
37 47
37 160
37 174
37 219
37 253
37 260
37 282
37 287
37 290
37 291
37 292
37 293
38 5
38 18
38 23
38 47
38 99
38 100
38 101
38 102
38 103
38 123
38 124
38 125
38 126
38 127
38 154
38 159
38 174
38 219
38 254
38 260
38 282
38 286
38 294
39 4
39 5
39 19
39 24
39 47
39 97
39 98
39 104
39 105
39 120
39 121
39 122
39 128
39 129
39 152
39 153
39 155
39 156
39 157
39 158
39 159
39 174
39 220
39 254
39 255
39 260
39 283
39 284
39 285
39 286
39 294
40 0
40 1
40 2
40 3
40 4
40 19
40 20
40 24
40 25
40 48
40 96
40 106
40 107
40 118
40 119
40 130
40 131
40 139
40 140
40 141
40 142
40 143
40 144
40 145
40 146
40 147
40 148
40 149
40 150
40 151
40 152
40 175
40 220
40 255
40 260
40 294
41 21
41 22
41 23
41 48
41 95
41 108
41 109
41 110
41 117
41 132
41 133
41 134
41 135
41 136
41 137
41 138
41 175
41 185
41 186
41 187
41 220
41 256
41 257
41 259
41 260
41 293
41 294
42 48
42 95
42 111
42 116
42 175
42 184
42 188
42 220
42 256
42 258
42 293
43 49
43 94
43 112
43 113
43 116
43 175
43 182
43 183
43 189
43 200
43 215
43 216
43 220
43 256
43 258
43 292
44 49
44 50
44 94
44 114
44 115
44 176
44 179
44 180
44 181
44 190
44 191
44 197
44 198
44 199
44 201
44 202
44 213
44 214
44 217
44 218
44 220
44 292
44 295
44 296
44 297
44 298
45 50
45 51
45 52
45 53
45 54
45 55
45 94
45 115
45 176
45 177
45 178
45 191
45 195
45 196
45 203
45 204
45 212
45 213
45 218
45 292
45 294
45 295
45 299
45 300
46 56
46 57
46 58
46 59
46 60
46 92
46 93
46 192
46 193
46 194
46 204
46 205
46 211
46 212
46 219
46 220
46 292
46 294
46 300
47 61
47 62
47 74
47 81
47 82
47 83
47 84
47 85
47 86
47 90
47 91
47 206
47 207
47 208
47 209
47 210
47 211
47 291
47 301
47 306
47 307
47 308
47 309
48 63
48 64
48 72
48 73
48 75
48 76
48 78
48 79
48 80
48 87
48 88
48 89
48 90
48 291
48 293
48 301
48 302
48 303
48 304
48 305
48 309
49 64
49 65
49 66
49 67
49 68
49 69
49 70
49 71
49 72
49 77
49 79
49 310
49 320
49 321
50 77
50 79
50 310
50 318
50 319
50 322
50 323
51 310
51 316
51 317
51 324
51 325
52 310
52 315
52 316
52 326
52 327
53 310
53 313
53 314
53 327
53 328
54 310
54 311
54 312
54 329
54 330
54 337
54 338
54 339
54 340
54 341
54 342
54 343
55 331
55 332
55 335
55 336
55 344
55 345
56 332
56 335
56 346
56 347
57 333
57 334
57 348
57 349
57 350
58 351
58 352
58 353
58 354
59 355
59 356
60 356
61 356
62 356
63 357
64 357
64 358
65 358
65 1058
66 358
66 643
66 644
66 648
66 649
66 650
66 651
66 652
66 653
66 654
66 655
66 1054
66 1055
66 1056
66 1057
66 1059
66 1060
67 358
67 461
67 462
67 463
67 464
67 465
67 466
67 467
67 468
67 469
67 470
67 471
67 475
67 476
67 477
67 478
67 479
67 480
67 481
67 482
67 636
67 637
67 638
67 639
67 640
67 641
67 642
67 645
67 646
67 647
67 656
67 657
67 658
67 659
67 660
67 661
67 662
67 663
67 664
67 665
67 666
67 1052
67 1053
67 1061
67 1062
67 1063
67 1064
67 1065
67 1066
67 1067
67 1068
67 1069
67 1070
67 1071
67 1072
67 1073
67 1074
68 358
68 459
68 460
68 472
68 473
68 474
68 483
68 635
68 646
68 667
68 1051
68 1052
68 1075
68 1076
68 1077
68 1078
68 1079
68 1080
68 1081
69 358
69 373
69 374
69 375
69 376
69 377
69 378
69 379
69 380
69 381
69 382
69 383
69 421
69 457
69 458
69 473
69 483
69 634
69 668
69 1044
69 1045
69 1046
69 1047
69 1048
69 1049
69 1050
69 1082
69 1083
70 358
70 370
70 371
70 372
70 384
70 385
70 386
70 387
70 418
70 419
70 420
70 422
70 456
70 462
70 463
70 467
70 468
70 469
70 470
70 471
70 472
70 483
70 634
70 646
70 647
70 649
70 668
70 1040
70 1041
70 1042
70 1043
70 1084
71 356
71 357
71 368
71 369
71 388
71 389
71 417
71 422
71 455
71 460
71 461
71 472
71 473
71 474
71 475
71 476
71 477
71 483
71 635
71 636
71 637
71 638
71 639
71 640
71 641
71 642
71 643
71 644
71 645
71 650
71 651
71 652
71 653
71 654
71 655
71 668
71 1038
71 1039
71 1085
71 1086
71 1087
71 1088
71 1089
72 354
72 355
72 366
72 367
72 390
72 391
72 416
72 422
72 446
72 447
72 448
72 455
72 458
72 459
72 478
72 479
72 480
72 481
72 482
72 483
72 656
72 657
72 658
72 659
72 660
72 661
72 668
72 1036
72 1037
72 1090
72 1091
72 1092
72 1093
72 1094
72 1095
72 1096
72 1097
72 1098
72 1099
72 1100
72 1101
72 1102
73 352
73 353
73 364
73 365
73 391
73 392
73 416
73 423
73 444
73 445
73 449
73 450
73 454
73 457
73 458
73 662
73 663
73 669
73 1035
73 1036
73 1103
73 1104
73 1105
74 352
74 360
74 361
74 362
74 363
74 393
74 394
74 415
74 423
74 434
74 435
74 436
74 437
74 438
74 439
74 440
74 441
74 442
74 443
74 450
74 451
74 453
74 454
74 457
74 664
74 669
74 1034
74 1035
74 1106
74 1107
74 1108
74 1109
74 1110
74 1111
75 352
75 353
75 354
75 355
75 356
75 357
75 358
75 359
75 394
75 395
75 415
75 423
75 432
75 433
75 452
75 453
75 456
75 664
75 669
75 1034
75 1112
75 1113
75 1114
76 395
76 396
76 414
76 424
76 431
76 432
76 452
76 456
76 664
76 669
76 1033
76 1115
76 1116
77 397
77 398
77 414
77 425
77 426
77 427
77 428
77 429
77 430
77 431
77 452
77 456
77 457
77 458
77 459
77 664
77 669
77 1032
77 1033
77 1117
77 1118
77 1119
78 398
78 399
78 400
78 401
78 402
78 403
78 404
78 413
78 452
78 455
78 460
78 664
78 668
78 1032
78 1120
79 405
79 406
79 413
79 452
79 461
79 462
79 463
79 664
79 668
79 1031
79 1121
80 406
80 407
80 413
80 452
80 464
80 664
80 668
80 1031
80 1121
80 1122
81 408
81 409
81 412
81 452
81 454
81 465
81 466
81 664
81 668
81 1030
81 1031
81 1122
81 1123
82 409
82 410
82 411
82 412
82 451
82 454
82 467
82 468
82 664
82 667
82 1029
82 1030
82 1123
83 451
83 454
83 469
83 663
83 667
83 1029
83 1124
84 451
84 454
84 470
84 471
84 663
84 667
84 1028
84 1124
85 272
85 273
85 451
85 454
85 472
85 663
85 667
85 1028
85 1124
86 270
86 271
86 273
86 451
86 454
86 473
86 663
86 667
86 1027
86 1124
86 1164
87 268
87 269
87 274
87 275
87 276
87 277
87 278
87 451
87 454
87 474
87 663
87 667
87 1027
87 1125
87 1162
87 1163
87 1165
87 1166
88 279
88 280
88 281
88 282
88 451
88 454
88 475
88 663
88 667
88 1027
88 1125
88 1160
88 1161
88 1167
88 1168
89 282
89 451
89 454
89 475
89 476
89 663
89 667
89 1027
89 1126
89 1127
89 1159
89 1160
89 1169
89 1170
89 1171
89 1172
89 1173
89 1174
89 1175
89 1176
89 1177
89 1178
89 1179
89 1180
90 283
90 451
90 476
90 477
90 663
90 667
90 1027
90 1128
90 1129
90 1130
90 1159
90 1181
90 1182
91 283
91 284
91 285
91 286
91 287
91 288
91 289
91 290
91 451
91 478
91 479
91 663
91 667
91 1026
91 1131
91 1132
91 1133
91 1134
91 1158
91 1183
91 1184
92 290
92 451
92 453
92 479
92 480
92 663
92 667
92 1026
92 1135
92 1158
92 1185
92 1189
92 1190
92 1191
92 1192
93 290
93 450
93 453
93 480
93 481
93 663
93 667
93 1025
93 1026
93 1136
93 1137
93 1138
93 1158
93 1186
93 1187
93 1188
93 1193
94 289
94 450
94 453
94 481
94 482
94 663
94 668
94 1024
94 1025
94 1139
94 1140
94 1141
94 1142
94 1143
94 1144
94 1145
94 1146
94 1147
94 1148
94 1149
94 1150
94 1151
94 1152
94 1153
94 1154
94 1155
94 1156
94 1193
95 289
95 450
95 453
95 482
95 483
95 663
95 668
95 1008
95 1009
95 1010
95 1011
95 1012
95 1023
95 1024
95 1193
96 289
96 450
96 453
96 483
96 484
96 485
96 486
96 487
96 488
96 489
96 663
96 668
96 1004
96 1005
96 1006
96 1007
96 1013
96 1014
96 1019
96 1020
96 1021
96 1022
96 1192
97 289
97 450
97 453
97 490
97 491
97 663
97 668
97 1001
97 1002
97 1003
97 1014
97 1015
97 1016
97 1017
97 1018
97 1192
98 288
98 450
98 453
98 491
98 492
98 663
98 668
98 999
98 1000
98 1192
98 1194
98 1195
98 1196
98 1197
99 287
99 288
99 289
99 290
99 291
99 292
99 293
99 294
99 295
99 296
99 297
99 450
99 453
99 492
99 663
99 668
99 997
99 998
99 1198
99 1199
100 297
100 450
100 453
100 492
100 663
100 668
100 993
100 994
100 995
100 996
100 1200
100 1201
101 297
101 450
101 453
101 492
101 663
101 668
101 991
101 992
101 1201
101 1202
102 298
102 450
102 453
102 491
102 663
102 668
102 990
102 991
102 1202
102 1203
103 298
103 450
103 453
103 492
103 493
103 663
103 668
103 988
103 989
103 1203
104 297
104 450
104 453
104 494
104 495
104 663
104 668
104 987
104 988
104 1204
105 296
105 450
105 453
105 496
105 663
105 668
105 987
105 1204
105 1205
105 1206
105 1207
105 1208
105 1209
105 1210
105 1211
105 1212
106 296
106 450
106 453
106 497
106 663
106 668
106 986
106 1213
106 1214
107 295
107 450
107 453
107 497
107 663
107 668
107 986
107 1215
108 294
108 450
108 453
108 497
108 663
108 668
108 986
108 1215
109 294
109 450
109 453
109 495
109 496
109 497
109 663
109 668
109 986
109 1216
110 293
110 450
110 453
110 494
110 663
110 668
110 986
110 1216
110 1217
111 293
111 450
111 453
111 495
111 496
111 497
111 663
111 668
111 986
111 1218
111 1219
112 292
112 450
112 453
112 497
112 663
112 668
112 987
112 1220
113 292
113 450
113 453
113 497
113 663
113 668
113 987
113 988
113 1220
114 292
114 293
114 294
114 295
114 450
114 453
114 495
114 496
114 663
114 668
114 819
114 820
114 824
114 825
114 826
114 827
114 828
114 829
114 988
114 989
114 1220
115 295
115 450
115 453
115 495
115 663
115 668
115 817
115 818
115 821
115 822
115 823
115 830
115 989
115 990
115 1220
116 295
116 450
116 453
116 495
116 663
116 668
116 815
116 816
116 831
116 991
116 992
116 1220
117 296
117 450
117 453
117 496
117 497
117 663
117 668
117 815
117 831
117 832
117 992
117 993
117 1220
118 297
118 451
118 453
118 498
118 663
118 668
118 814
118 832
118 833
118 993
118 1219
119 298
119 451
119 454
119 499
119 506
119 663
119 668
119 813
119 814
119 833
119 993
119 1218
119 1219
120 298
120 451
120 454
120 500
120 501
120 504
120 505
120 507
120 508
120 663
120 668
120 811
120 812
120 834
120 858
120 859
120 860
120 861
120 992
120 1216
120 1217
121 299
121 451
121 454
121 501
121 502
121 503
121 508
121 663
121 668
121 720
121 777
121 778
121 779
121 810
121 834
121 856
121 857
121 862
121 863
121 992
121 1216
122 299
122 451
122 454
122 509
122 510
122 511
122 663
122 668
122 718
122 719
122 721
122 722
122 775
122 776
122 780
122 809
122 835
122 855
122 856
122 864
122 865
122 866
122 991
122 1215
123 300
123 451
123 454
123 663
123 668
123 717
123 718
123 723
123 774
123 781
123 809
123 835
123 836
123 854
123 867
123 868
123 869
123 991
123 1216
124 300
124 451
124 454
124 511
124 663
124 668
124 715
124 716
124 723
124 773
124 781
124 807
124 808
124 836
124 853
124 870
124 871
124 990
124 1216
125 300
125 451
125 454
125 512
125 663
125 668
125 714
125 715
125 724
125 773
125 782
125 800
125 801
125 802
125 807
125 837
125 853
125 871
125 872
125 989
125 990
125 1217
126 299
126 451
126 454
126 513
126 663
126 668
126 713
126 725
126 726
126 727
126 728
126 729
126 730
126 731
126 732
126 767
126 773
126 782
126 783
126 800
126 802
126 803
126 806
126 837
126 853
126 872
126 873
126 989
126 1217
127 299
127 451
127 454
127 513
127 663
127 668
127 712
127 733
127 765
127 766
127 768
127 769
127 773
127 784
127 785
127 800
127 803
127 806
127 838
127 853
127 873
127 988
127 1217
128 299
128 451
128 454
128 513
128 663
128 667
128 712
128 733
128 765
128 770
128 773
128 785
128 800
128 803
128 806
128 838
128 852
128 873
128 988
128 1217
129 297
129 298
129 451
129 454
129 514
129 663
129 667
129 711
129 734
129 764
129 771
129 772
129 785
129 799
129 804
129 805
129 806
129 838
129 852
129 873
129 988
129 1218
130 297
130 451
130 454
130 514
130 663
130 667
130 711
130 734
130 764
130 786
130 799
130 839
130 852
130 874
130 988
130 1218
131 298
131 451
131 454
131 515
131 663
131 667
131 711
131 734
131 764
131 786
131 799
131 839
131 851
131 874
131 988
131 1218
132 298
132 451
132 454
132 516
132 517
132 657
132 658
132 659
132 660
132 661
132 663
132 667
132 710
132 735
132 764
132 786
132 799
132 804
132 805
132 806
132 840
132 851
132 874
132 988
132 1218
133 298
133 451
133 454
133 517
133 655
133 656
133 661
133 663
133 667
133 709
133 710
133 735
133 764
133 787
133 799
133 804
133 806
133 840
133 850
133 874
133 880
133 986
133 987
133 1218
134 298
134 451
134 454
134 518
134 652
134 653
134 654
134 663
134 667
134 692
134 693
134 694
134 695
134 708
134 709
134 735
134 752
134 753
134 754
134 755
134 756
134 764
134 787
134 788
134 799
134 804
134 807
134 840
134 850
134 874
134 878
134 879
134 881
134 985
134 1218
135 298
135 301
135 302
135 303
135 304
135 305
135 451
135 454
135 518
135 651
135 652
135 655
135 663
135 667
135 688
135 689
135 692
135 695
135 696
135 697
135 706
135 707
135 736
135 750
135 751
135 757
135 758
135 764
135 789
135 790
135 798
135 805
135 807
135 840
135 849
135 874
135 877
135 878
135 881
135 984
135 1219
136 298
136 299
136 300
136 306
136 307
136 451
136 454
136 519
136 651
136 655
136 668
136 669
136 684
136 685
136 686
136 687
136 688
136 690
136 691
136 698
136 699
136 705
136 706
136 736
136 749
136 759
136 760
136 761
136 762
136 763
136 764
136 790
136 798
136 805
136 806
136 807
136 839
136 849
136 875
136 876
136 877
136 881
136 984
136 1219
136 1220
137 308
137 451
137 454
137 519
137 649
137 650
137 655
137 663
137 668
137 670
137 671
137 672
137 673
137 682
137 683
137 693
137 700
137 701
137 705
137 737
137 748
137 790
137 798
137 840
137 848
137 881
137 985
137 1220
137 1221
138 308
138 451
138 454
138 519
138 648
138 649
138 651
138 655
138 663
138 667
138 674
138 675
138 681
138 682
138 690
138 694
138 695
138 701
138 702
138 704
138 737
138 748
138 790
138 798
138 841
138 842
138 846
138 847
138 880
138 985
138 1221
139 308
139 451
139 454
139 519
139 647
139 648
139 651
139 655
139 663
139 667
139 676
139 677
139 681
139 687
139 688
139 696
139 697
139 702
139 703
139 704
139 737
139 748
139 789
139 797
139 843
139 844
139 845
139 880
139 898
139 899
139 900
139 901
139 902
139 903
139 985
139 1221
140 307
140 451
140 454
140 520
140 647
140 651
140 655
140 663
140 667
140 678
140 679
140 680
140 686
140 687
140 698
140 699
140 737
140 748
140 789
140 793
140 794
140 795
140 796
140 879
140 896
140 897
140 904
140 905
140 985
140 1221
141 307
141 451
141 454
141 520
141 521
141 636
141 637
141 638
141 646
141 651
141 655
141 663
141 667
141 685
141 686
141 700
141 701
141 737
141 747
141 790
141 791
141 792
141 879
141 895
141 896
141 905
141 906
141 985
141 1220
142 307
142 451
142 454
142 522
142 523
142 635
142 638
142 645
142 646
142 651
142 655
142 663
142 667
142 684
142 685
142 701
142 702
142 738
142 878
142 891
142 892
142 893
142 894
142 907
142 908
142 909
142 910
142 911
142 912
142 913
142 985
142 1219
142 1220
143 307
143 451
143 454
143 524
143 634
143 638
143 645
143 651
143 655
143 663
143 667
143 684
143 702
143 738
143 739
143 744
143 745
143 746
143 878
143 888
143 889
143 890
143 914
143 915
143 916
143 917
143 918
143 919
143 985
143 1218
144 307
144 451
144 454
144 524
144 532
144 533
144 534
144 535
144 634
144 638
144 644
144 651
144 655
144 663
144 667
144 683
144 702
144 739
144 740
144 744
144 877
144 886
144 887
144 920
144 921
144 922
144 985
144 1217
145 307
145 451
145 454
145 524
145 530
145 531
145 536
145 537
145 538
145 539
145 634
145 638
145 643
145 644
145 651
145 655
145 663
145 667
145 683
145 703
145 740
145 743
145 875
145 876
145 877
145 884
145 885
145 923
145 924
145 985
145 1218
145 1252
145 1253
145 1254
145 1255
145 1256
146 308
146 451
146 454
146 524
146 530
146 540
146 634
146 638
146 642
146 643
146 651
146 655
146 663
146 667
146 682
146 703
146 741
146 742
146 743
146 874
146 884
146 925
146 926
146 985
146 1218
146 1219
146 1251
146 1257
147 308
147 451
147 454
147 524
147 529
147 540
147 634
147 638
147 642
147 651
147 655
147 663
147 667
147 682
147 703
147 873
147 883
147 926
147 985
147 1219
147 1235
147 1236
147 1237
147 1238
147 1239
147 1240
147 1241
147 1242
147 1243
147 1244
147 1245
147 1246
147 1247
147 1248
147 1249
147 1250
147 1258
147 1259
147 1260
147 1261
147 1262
147 1263
147 1264
147 1265
147 1266
147 1267
147 1268
147 1269
147 1270
147 1271
147 1272
147 1273
147 1274
147 1275
147 1276
147 1277
147 1278
147 1279
148 308
148 451
148 454
148 524
148 529
148 541
148 624
148 625
148 626
148 627
148 634
148 638
148 641
148 651
148 655
148 663
148 667
148 681
148 703
148 873
148 883
148 926
148 985
148 1219
148 1233
148 1234
149 307
149 451
149 454
149 524
149 529
149 541
149 542
149 570
149 571
149 572
149 623
149 624
149 627
149 628
149 634
149 638
149 639
149 651
149 655
149 663
149 667
149 681
149 704
149 873
149 878
149 879
149 880
149 881
149 882
149 926
149 986
149 1219
149 1232
149 1233
150 307
150 451
150 454
150 525
150 528
150 542
150 568
150 569
150 573
150 574
150 622
150 623
150 628
150 629
150 630
150 634
150 638
150 651
150 655
150 663
150 667
150 681
150 704
150 874
150 875
150 876
150 877
150 926
150 958
150 986
150 1214
150 1215
150 1216
150 1217
150 1218
150 1231
150 1232
151 306
151 451
151 454
151 525
151 526
151 527
151 528
151 543
151 568
151 574
151 621
151 631
151 632
151 634
151 638
151 651
151 655
151 663
151 667
151 682
151 704
151 926
151 957
151 959
151 987
151 1214
151 1230
151 1231
152 306
152 451
152 454
152 543
152 568
152 574
152 620
152 635
152 638
152 651
152 655
152 663
152 667
152 682
152 704
152 926
152 956
152 959
152 987
152 1214
152 1215
152 1229
152 1230
153 306
153 451
153 454
153 544
153 569
153 573
153 595
153 619
153 620
153 635
153 638
153 651
153 655
153 663
153 667
153 683
153 703
153 926
153 956
153 959
153 988
153 1216
153 1217
153 1229
153 1244
154 306
154 451
154 454
154 544
154 545
154 558
154 559
154 569
154 573
154 593
154 594
154 596
154 597
154 617
154 618
154 634
154 638
154 651
154 655
154 663
154 667
154 683
154 684
154 703
154 927
154 956
154 959
154 988
154 1217
154 1218
154 1228
154 1242
154 1243
154 1245
154 1246
155 306
155 451
155 454
155 545
155 546
155 553
155 554
155 555
155 556
155 557
155 560
155 569
155 573
155 593
155 597
155 617
155 634
155 638
155 651
155 655
155 656
155 657
155 658
155 659
155 660
155 667
155 684
155 702
155 927
155 956
155 959
155 989
155 999
155 1000
155 1001
155 1219
155 1220
155 1227
155 1228
155 1240
155 1241
155 1247
155 1248
156 306
156 450
156 454
156 547
156 548
156 552
156 560
156 561
156 562
156 563
156 564
156 565
156 566
156 567
156 568
156 574
156 575
156 576
156 577
156 578
156 579
156 580
156 581
156 582
156 583
156 584
156 585
156 586
156 587
156 588
156 589
156 592
156 597
156 598
156 599
156 600
156 601
156 602
156 616
156 634
156 638
156 651
156 654
156 661
156 662
156 668
156 685
156 701
156 702
156 927
156 956
156 959
156 989
156 995
156 996
156 997
156 998
156 1220
156 1226
156 1227
156 1238
156 1239
156 1248
157 306
157 450
157 454
157 548
157 551
157 559
157 589
157 590
157 602
157 603
157 634
157 638
157 651
157 653
157 663
157 667
157 668
157 669
157 685
157 686
157 699
157 700
157 928
157 929
157 930
157 931
157 932
157 933
157 934
157 935
157 956
157 959
157 963
157 964
157 965
157 966
157 967
157 968
157 982
157 983
157 984
157 985
157 989
157 994
157 1001
157 1221
157 1225
157 1226
157 1236
157 1237
157 1249
157 1278
157 1279
158 305
158 450
158 454
158 549
158 552
158 553
158 554
158 555
158 556
158 583
158 587
158 591
158 603
158 612
158 613
158 614
158 615
158 616
158 617
158 634
158 638
158 651
158 653
158 663
158 667
158 669
158 687
158 688
158 696
158 697
158 698
158 936
158 937
158 938
158 939
158 956
158 959
158 962
158 969
158 970
158 971
158 972
158 973
158 974
158 975
158 976
158 980
158 981
158 986
158 987
158 988
158 989
158 995
158 996
158 997
158 998
158 999
158 1001
158 1222
158 1223
158 1224
158 1225
158 1234
158 1235
158 1249
158 1250
158 1274
158 1275
158 1276
158 1277
159 305
159 450
159 454
159 549
159 583
159 587
159 604
159 609
159 610
159 611
159 617
159 634
159 637
159 651
159 653
159 663
159 667
159 669
159 689
159 690
159 692
159 694
159 695
159 940
159 941
159 942
159 943
159 944
159 945
159 956
159 959
159 977
159 978
159 979
159 980
159 999
159 1224
159 1232
159 1233
159 1250
159 1271
159 1272
159 1273
160 304
160 450
160 454
160 554
160 555
160 556
160 583
160 587
160 604
160 605
160 606
160 607
160 608
160 617
160 634
160 637
160 651
160 653
160 663
160 667
160 670
160 690
160 694
160 946
160 947
160 948
160 949
160 950
160 951
160 952
160 953
160 956
160 959
160 1224
160 1225
160 1230
160 1231
160 1250
160 1269
160 1270
161 304
161 450
161 454
161 552
161 553
161 583
161 587
161 617
161 634
161 637
161 651
161 653
161 663
161 667
161 670
161 690
161 694
161 954
161 956
161 959
161 1225
161 1226
161 1227
161 1228
161 1229
161 1250
161 1268
161 1269
162 303
162 450
162 454
162 552
162 583
162 587
162 616
162 634
162 637
162 651
162 653
162 663
162 667
162 670
162 690
162 694
162 956
162 959
162 1250
162 1266
162 1267
163 303
163 450
163 454
163 552
163 583
163 587
163 616
163 634
163 637
163 651
163 653
163 663
163 667
163 670
163 690
163 694
163 957
163 958
163 959
163 1249
163 1250
163 1265
163 1266
164 303
164 450
164 454
164 552
164 583
164 587
164 615
164 634
164 637
164 651
164 653
164 663
164 667
164 670
164 690
164 694
164 1249
164 1264
164 1265
165 302
165 450
165 454
165 552
165 583
165 587
165 606
165 607
165 608
165 609
165 610
165 611
165 612
165 615
165 634
165 637
165 650
165 653
165 663
165 667
165 670
165 690
165 694
165 842
165 843
165 844
165 845
165 846
165 847
165 848
165 849
165 850
165 851
165 852
165 853
165 1249
165 1250
165 1251
165 1262
165 1263
166 302
166 450
166 454
166 552
166 583
166 587
166 605
166 613
166 614
166 615
166 634
166 637
166 650
166 653
166 663
166 667
166 670
166 690
166 694
166 841
166 854
166 855
166 856
166 857
166 858
166 859
166 860
166 861
166 862
166 863
166 864
166 865
166 1252
166 1253
166 1254
166 1255
166 1256
166 1257
166 1258
166 1259
166 1260
166 1261
166 1262
167 301
167 450
167 454
167 552
167 583
167 587
167 600
167 601
167 604
167 614
167 615
167 634
167 637
167 650
167 653
167 663
167 667
167 670
167 690
167 694
167 840
167 866
168 300
168 450
168 454
168 552
168 555
168 556
168 557
168 558
168 583
168 587
168 596
168 597
168 598
168 599
168 602
168 615
168 625
168 626
168 634
168 637
168 650
168 653
168 663
168 667
168 669
168 690
168 694
168 840
168 866
169 300
169 450
169 454
169 553
169 554
169 559
169 560
169 561
169 579
169 580
169 581
169 582
169 583
169 584
169 585
169 586
169 587
169 590
169 591
169 592
169 593
169 594
169 595
169 602
169 616
169 617
169 623
169 624
169 627
169 628
169 634
169 637
169 650
169 653
169 663
169 667
169 669
169 690
169 694
169 840
169 866
170 299
170 450
170 454
170 552
170 553
170 562
170 578
170 587
170 589
170 602
170 617
170 623
170 628
170 634
170 637
170 650
170 653
170 663
170 667
170 669
170 690
170 694
170 840
170 866
171 299
171 450
171 454
171 552
171 554
171 559
171 563
171 564
171 578
171 588
171 589
171 594
171 602
171 617
171 622
171 628
171 634
171 637
171 650
171 654
171 656
171 663
171 667
171 669
171 690
171 694
171 840
171 866
172 298
172 450
172 454
172 559
172 565
172 572
172 573
172 574
172 577
172 589
172 590
172 594
172 603
172 604
172 617
172 622
172 628
172 634
172 637
172 650
172 655
172 657
172 664
172 667
172 669
172 690
172 694
172 840
172 866
173 297
173 450
173 454
173 559
173 561
173 562
173 563
173 565
173 570
173 575
173 577
173 590
173 591
173 594
173 602
173 603
173 604
173 618
173 620
173 621
173 628
173 634
173 637
173 650
173 654
173 657
173 664
173 669
173 690
173 694
173 840
173 866
174 296
174 450
174 454
174 534
174 559
174 561
174 567
174 568
174 569
174 572
174 573
174 575
174 577
174 591
174 592
174 594
174 602
174 604
174 618
174 619
174 629
174 630
174 632
174 637
174 650
174 654
174 658
174 659
174 662
174 666
174 669
174 690
174 694
174 840
174 866
175 296
175 450
175 454
175 522
175 532
175 533
175 535
175 561
175 566
175 573
175 575
175 577
175 592
175 602
175 604
175 619
175 620
175 621
175 638
175 639
175 640
175 641
175 642
175 650
175 654
175 658
175 660
175 661
175 663
175 664
175 666
175 667
175 668
175 669
175 690
175 694
175 840
175 866
176 295
176 450
176 454
176 510
176 511
176 521
176 523
176 530
176 531
176 535
176 560
176 566
176 573
176 575
176 577
176 583
176 584
176 585
176 586
176 587
176 588
176 589
176 593
176 602
176 604
176 618
176 622
176 632
176 633
176 634
176 637
176 638
176 643
176 644
176 645
176 646
176 647
176 648
176 649
176 650
176 654
176 657
176 660
176 664
176 666
176 690
176 694
176 840
176 867
177 294
177 343
177 344
177 450
177 454
177 460
177 461
177 462
177 463
177 509
177 512
177 520
177 523
177 530
177 535
177 560
177 566
177 573
177 575
177 577
177 581
177 582
177 590
177 591
177 597
177 598
177 599
177 602
177 604
177 618
177 622
177 632
177 634
177 637
177 650
177 655
177 656
177 657
177 660
177 664
177 666
177 690
177 694
177 839
177 867
178 293
178 341
178 342
178 345
178 346
178 347
178 450
178 454
178 459
178 464
178 508
178 512
178 520
178 523
178 529
178 535
178 560
178 566
178 573
178 575
178 580
178 581
178 591
178 592
178 593
178 596
178 597
178 599
178 600
178 601
178 604
178 605
178 606
178 607
178 608
178 609
178 610
178 611
178 612
178 613
178 614
178 615
178 616
178 617
178 618
178 622
178 632
178 634
178 637
178 650
178 655
178 657
178 661
178 662
178 663
178 664
178 666
178 690
178 694
178 839
178 867
179 292
179 339
179 340
179 348
179 450
179 454
179 458
179 464
179 508
179 512
179 513
179 514
179 515
179 516
179 517
179 518
179 519
179 520
179 521
179 522
179 523
179 524
179 525
179 526
179 527
179 535
179 560
179 567
179 573
179 575
179 577
179 578
179 579
179 603
179 616
179 622
179 632
179 650
179 654
179 657
179 661
179 664
179 666
179 690
179 694
179 839
179 867
180 338
180 348
180 450
180 454
180 458
180 464
180 510
180 511
180 528
180 529
180 535
180 559
180 567
180 569
180 573
180 575
180 576
180 577
180 594
180 601
180 602
180 632
180 650
180 654
180 657
180 660
180 664
180 666
180 690
180 694
180 839
180 867
181 337
181 348
181 450
181 454
181 458
181 464
181 505
181 506
181 507
181 510
181 530
181 531
181 567
181 569
181 573
181 595
181 601
181 617
181 632
181 650
181 654
181 657
181 660
181 664
181 666
181 689
181 690
181 839
181 867
182 337
182 348
182 450
182 454
182 458
182 465
182 497
182 498
182 499
182 500
182 501
182 502
182 503
182 504
182 509
182 531
182 532
182 569
182 573
182 578
182 595
182 598
182 599
182 600
182 617
182 618
182 632
182 650
182 654
182 657
182 660
182 664
182 666
182 690
182 839
182 867
183 337
183 349
183 449
183 454
183 458
183 465
183 488
183 489
183 490
183 491
183 492
183 493
183 494
183 495
183 496
183 509
183 532
183 578
183 594
183 597
183 618
183 632
183 644
183 645
183 646
183 650
183 654
183 657
183 660
183 664
183 666
183 690
183 694
183 839
183 867
184 337
184 349
184 449
184 454
184 458
184 465
184 480
184 481
184 482
184 483
184 484
184 485
184 486
184 487
184 508
184 533
184 597
184 618
184 632
184 644
184 647
184 648
184 650
184 654
184 657
184 660
184 664
184 666
184 690
184 694
184 843
184 846
184 847
184 848
184 849
184 850
184 851
184 852
184 853
184 867
184 1279
185 338
185 349
185 454
185 458
185 465
185 470
185 471
185 472
185 473
185 474
185 475
185 476
185 477
185 478
185 479
185 506
185 507
185 533
185 597
185 598
185 617
185 644
185 648
185 649
185 650
185 654
185 657
185 660
185 664
185 666
185 690
185 694
185 840
185 844
185 845
185 854
185 855
185 856
185 857
185 858
185 859
185 860
185 861
185 865
185 867
185 1278
186 338
186 349
186 454
186 458
186 467
186 468
186 469
186 504
186 505
186 534
186 598
186 618
186 652
186 654
186 657
186 660
186 664
186 666
186 690
186 694
186 839
186 844
186 862
186 866
186 867
186 1278
187 310
187 311
187 312
187 313
187 314
187 315
187 316
187 317
187 318
187 319
187 320
187 321
187 322
187 323
187 324
187 325
187 326
187 338
187 349
187 453
187 454
187 455
187 456
187 457
187 466
187 503
187 504
187 534
187 654
187 655
187 656
187 657
187 660
187 664
187 666
187 690
187 694
187 839
187 844
187 862
187 866
187 1278
188 287
188 288
188 289
188 290
188 291
188 292
188 293
188 294
188 295
188 296
188 297
188 298
188 299
188 300
188 301
188 302
188 303
188 304
188 305
188 306
188 307
188 308
188 309
188 327
188 328
188 329
188 330
188 331
188 332
188 333
188 334
188 338
188 349
188 442
188 443
188 444
188 445
188 446
188 447
188 448
188 458
188 465
188 535
188 659
188 660
188 664
188 666
188 690
188 694
188 839
188 844
188 862
188 866
188 1278
189 280
189 281
189 282
189 283
189 284
189 285
189 286
189 335
189 336
189 337
189 338
189 339
189 340
189 349
189 413
189 414
189 415
189 416
189 417
189 427
189 428
189 429
189 430
189 431
189 432
189 433
189 434
189 435
189 436
189 437
189 438
189 439
189 440
189 441
189 458
189 465
189 503
189 660
189 661
189 664
189 666
189 689
189 694
189 839
189 844
189 862
189 866
189 1278
190 278
190 279
190 341
190 342
190 343
190 349
190 400
190 401
190 402
190 403
190 404
190 405
190 406
190 407
190 408
190 409
190 410
190 411
190 412
190 418
190 419
190 420
190 421
190 422
190 423
190 424
190 425
190 426
190 458
190 503
190 534
190 662
190 663
190 664
190 666
190 689
190 694
190 839
190 844
190 862
190 866
190 1278
191 277
191 278
191 344
191 345
191 349
191 388
191 389
191 390
191 391
191 392
191 393
191 394
191 395
191 396
191 397
191 398
191 399
191 458
191 466
191 503
191 534
191 666
191 689
191 694
191 839
191 862
191 866
191 1278
192 276
192 277
192 346
192 347
192 348
192 376
192 377
192 378
192 379
192 380
192 381
192 382
192 383
192 384
192 385
192 386
192 387
192 457
192 458
192 466
192 503
192 666
192 667
192 689
192 694
192 839
192 844
192 862
192 866
192 1278
192 1279
193 275
193 276
193 349
193 350
193 363
193 364
193 365
193 366
193 367
193 368
193 369
193 370
193 371
193 372
193 373
193 374
193 375
193 459
193 466
193 668
193 669
193 689
193 694
193 839
193 844
193 862
193 866
194 273
194 274
194 351
194 352
194 354
194 355
194 356
194 357
194 358
194 359
194 360
194 361
194 362
194 459
194 466
194 670
194 671
194 672
194 673
194 689
194 694
194 838
194 839
194 862
194 866
195 272
195 273
195 352
195 353
195 459
195 466
195 674
195 675
195 689
195 694
195 839
195 861
195 862
195 867
196 264
196 265
196 266
196 267
196 268
196 269
196 270
196 271
196 272
196 353
196 354
196 459
196 466
196 676
196 677
196 689
196 694
196 839
196 844
196 862
196 867
197 262
197 263
197 355
197 356
197 459
197 466
197 678
197 679
197 689
197 694
197 839
197 844
197 862
197 866
198 262
198 356
198 357
198 459
198 466
198 680
198 681
198 689
198 694
198 839
198 844
198 862
198 866
199 261
199 267
199 268
199 357
199 358
199 459
199 682
199 683
199 689
199 694
199 839
199 844
199 862
199 866
200 251
200 252
200 261
200 266
200 267
200 358
200 359
200 684
200 685
200 686
200 689
200 694
200 839
200 843
200 862
200 866
201 242
201 243
201 244
201 245
201 246
201 247
201 248
201 249
201 250
201 253
201 254
201 261
201 262
201 263
201 265
201 266
201 359
201 360
201 687
201 688
201 689
201 694
201 839
201 843
201 862
201 866
202 234
202 235
202 236
202 237
202 238
202 239
202 240
202 241
202 251
202 252
202 256
202 257
202 258
202 259
202 260
202 360
202 361
202 362
202 363
202 364
202 365
202 694
202 839
202 843
202 862
202 866
203 223
203 224
203 225
203 226
203 227
203 228
203 229
203 230
203 231
203 232
203 233
203 242
203 243
203 244
203 245
203 246
203 247
203 248
203 249
203 262
203 263
203 366
203 692
203 694
203 839
203 843
203 862
203 866
204 235
204 236
204 237
204 238
204 239
204 240
204 261
204 262
204 366
204 694
204 695
204 696
204 839
204 843
204 862
204 866
205 212
205 213
205 214
205 215
205 216
205 217
205 218
205 219
205 220
205 221
205 222
205 223
205 224
205 225
205 226
205 227
205 228
205 229
205 230
205 231
205 232
205 233
205 234
205 260
205 261
205 366
205 697
205 698
205 839
205 843
205 862
205 866
206 199
206 200
206 201
206 202
206 203
206 204
206 205
206 206
206 207
206 208
206 209
206 210
206 211
206 259
206 260
206 367
206 699
206 700
206 701
206 839
206 843
206 862
206 866
207 186
207 187
207 188
207 189
207 190
207 191
207 192
207 193
207 194
207 195
207 196
207 197
207 198
207 257
207 258
207 367
207 702
207 703
207 839
207 843
207 862
207 866
208 172
208 173
208 174
208 175
208 176
208 177
208 178
208 179
208 180
208 181
208 182
208 183
208 184
208 185
208 255
208 256
208 367
208 704
208 705
208 706
208 707
208 839
208 843
208 862
208 866
209 157
209 158
209 159
209 160
209 161
209 162
209 163
209 164
209 165
209 166
209 167
209 168
209 169
209 170
209 171
209 253
209 254
209 367
209 708
209 709
209 839
209 843
209 862
209 866
210 143
210 144
210 145
210 146
210 147
210 148
210 149
210 150
210 151
210 152
210 153
210 154
210 155
210 156
210 251
210 252
210 367
210 710
210 711
210 712
210 839
210 843
210 862
210 866
211 128
211 129
211 130
211 131
211 132
211 133
211 134
211 135
211 136
211 137
211 138
211 139
211 140
211 141
211 142
211 249
211 250
211 367
211 713
211 714
211 839
211 843
211 862
211 866
212 114
212 115
212 116
212 117
212 118
212 119
212 120
212 121
212 122
212 123
212 124
212 125
212 126
212 127
212 247
212 248
212 367
212 715
212 716
212 717
212 839
212 843
212 862
212 866
213 113
213 246
213 367
213 718
213 839
213 843
213 862
213 866
214 100
214 101
214 102
214 103
214 104
214 105
214 106
214 107
214 108
214 109
214 110
214 111
214 112
214 245
214 368
214 719
214 840
214 843
214 863
214 866
215 89
215 90
215 91
215 92
215 93
215 94
215 95
215 96
215 97
215 98
215 99
215 244
215 245
215 368
215 720
215 721
215 722
215 841
215 842
215 843
215 864
215 865
215 866
216 79
216 80
216 81
216 82
216 83
216 84
216 85
216 86
216 87
216 88
216 241
216 242
216 243
216 244
216 368
216 723
216 724
217 67
217 68
217 69
217 70
217 71
217 72
217 73
217 74
217 75
217 76
217 77
217 78
217 235
217 236
217 237
217 238
217 239
217 240
217 368
217 725
217 726
217 727
218 54
218 55
218 56
218 57
218 58
218 59
218 60
218 61
218 62
218 63
218 64
218 65
218 66
218 368
218 728
218 729
219 40
219 41
219 42
219 43
219 44
219 45
219 46
219 47
219 48
219 49
219 50
219 51
219 52
219 53
219 368
219 730
219 731
219 732
220 24
220 25
220 26
220 27
220 28
220 29
220 30
220 31
220 32
220 33
220 34
220 35
220 36
220 37
220 38
220 39
220 234
220 235
220 368
220 733
220 734
221 10
221 11
221 12
221 13
221 14
221 15
221 16
221 17
221 18
221 19
221 20
221 21
221 22
221 23
221 234
221 368
221 735
221 736
221 737
222 0
222 1
222 2
222 3
222 4
222 5
222 6
222 7
222 8
222 9
222 233
222 368
222 738
222 739
223 233
223 368
223 740
223 741
223 742
223 743
224 232
224 744
224 745
225 232
225 746
225 747
225 748
226 231
226 749
226 750
226 751
227 231
227 752
227 753
228 231
228 754
228 755
228 756
229 231
229 757
229 758
230 230
230 759
230 760
230 761
231 230
231 762
231 763
231 764
232 230
232 765
232 766
233 230
233 767
233 768
233 769
234 229
234 770
234 771
235 772
235 773
235 774
235 775
236 776
236 777
237 778
237 779
237 780
238 781
238 782
238 783
239 784
239 785
240 786
240 787
240 788
241 789
241 790
242 791
242 792
242 793
243 794
243 795
243 796
244 797
244 798
245 799
245 800
245 801
246 802
246 803
247 804
247 805
247 806
248 807
248 808
248 809
248 810
249 811
249 812
250 813
250 814
250 815
251 816
251 817
252 818
252 819
252 820
253 821
253 822
254 823
254 824
254 825
255 826
255 827
255 828
256 829
257 830
258 831
258 832
258 833
259 834
259 835
260 836
260 837
261 838
261 839
261 840
262 841
262 842
262 843
263 844
263 845
264 846
264 847
265 848
265 849
265 850
266 851
266 852
267 853
267 854
268 855
268 856
268 857
269 858
269 859
270 860
270 861
271 862
271 863
271 864
272 865
272 866
273 867
273 868
274 869
274 870
275 871
275 872
275 873
276 874
276 875
276 876
277 877
277 878
278 879
278 880
278 881
279 882
279 883
280 884
280 885
281 886
281 887
281 888
281 956
282 889
282 890
282 954
282 955
282 957
282 958
282 959
282 960
283 891
283 892
283 952
283 953
283 961
283 962
284 893
284 894
284 951
284 952
284 963
285 895
285 896
285 897
285 949
285 950
285 963
286 898
286 899
286 948
286 949
286 963
287 900
287 901
287 946
287 947
287 963
288 902
288 903
288 904
288 944
288 945
288 963
289 905
289 906
289 942
289 943
289 963
290 907
290 908
290 909
290 940
290 941
290 963
291 910
291 911
291 912
291 940
291 963
292 913
292 914
292 940
292 963
293 915
293 916
293 940
293 963
294 917
294 918
294 940
294 963
295 919
295 920
295 921
295 940
295 963
296 922
296 923
296 940
296 963
297 924
297 925
297 940
297 963
298 926
298 940
298 963
299 927
299 928
299 940
299 963
300 929
300 930
300 931
300 940
300 963
301 932
301 933
301 940
301 963
302 934
302 935
302 936
302 940
302 963
303 937
303 938
303 939
303 940
303 963
304 963
305 940
305 963
306 963
307 963
308 963
309 963
310 963
311 963
312 964
312 965
313 966
313 967
314 968
314 969
315 970
315 971
315 972
316 973
316 974
317 975
317 976
317 977
317 978
318 979
318 980
319 981
319 982
320 983
320 984
320 985
321 986
321 987
322 988
322 989
323 990
323 991
323 992
324 993
324 994
325 995
325 996
325 997
326 998
326 999
327 1000
327 1001
328 1002
328 1003
328 1004
329 1005
329 1006
330 1007
330 1008
331 1009
331 1010
331 1011
331 1012
332 1013
332 1014
333 1015
333 1016
333 1017
334 1018
334 1019
335 1020
335 1021
336 1022
336 1023
336 1024
337 1025
337 1026
338 1027
338 1028
339 1029
339 1030
339 1031
340 1032
340 1033
341 1034
342 1035
342 1036
343 1037
343 1038
344 1039
344 1040
345 1041
345 1042
345 1043
345 1044
346 925
346 926
346 1045
346 1046
347 927
347 928
347 1047
347 1048
347 1049
348 1050
348 1051
349 1052
349 1053
350 1054
350 1055
350 1056
351 1057
351 1058
352 1059
352 1060
353 1061
353 1062
353 1063
354 1064
354 1065
355 1066
355 1067
355 1068
356 1069
356 1070
357 1071
357 1072
358 1073
358 1074
358 1075
359 1076
359 1077
359 1078
360 1079
360 1080
361 1081
361 1082
361 1083
362 1084
362 1085
363 1086
363 1087
363 1088
364 1089
364 1090
365 1091
365 1092
366 1093
366 1094
366 1095
367 1096
367 1097
368 1098
368 1099
369 1100
369 1101
369 1102
370 1103
370 1104
371 1105
371 1106
371 1107
372 1108
372 1109
373 1110
373 1111
373 1112
374 1113
374 1114
374 1115
375 1116
375 1117
376 1118
376 1119
377 1120
377 1121
377 1122
378 1123
378 1124
379 1125
379 1126
379 1127
380 1128
380 1129
381 1130
381 1131
382 940
382 963
382 996
382 997
382 1132
382 1133
383 940
383 963
383 998
383 1134
