0 394
0 418
0 467
0 652
1 394
1 418
1 468
1 652
2 395
2 417
2 469
2 470
2 471
2 476
2 477
2 478
2 650
2 651
3 395
3 396
3 397
3 398
3 399
3 416
3 472
3 473
3 474
3 475
3 478
3 649
3 650
4 400
4 407
4 408
4 411
4 415
4 416
4 478
4 649
5 400
5 405
5 406
5 410
5 412
5 413
5 414
5 415
5 478
5 648
6 400
6 403
6 404
6 474
6 478
6 648
7 400
7 402
7 403
7 471
7 472
7 473
7 475
7 476
7 477
7 648
8 400
8 402
8 470
8 649
8 650
8 651
8 652
8 653
8 654
8 655
8 656
8 657
8 658
8 659
8 660
8 661
8 662
8 663
8 664
8 665
8 666
8 667
8 668
8 669
8 670
9 471
9 472
9 474
9 475
9 671
9 672
9 673
9 674
10 675
10 676
10 677
11 476
11 678
12 475
12 679
13 475
13 679
14 474
14 679
15 474
15 679
16 474
16 475
16 679
17 475
17 516
17 517
17 518
17 519
17 520
17 521
17 679
18 475
18 515
18 522
18 678
19 475
19 514
19 523
19 677
19 678
20 474
20 475
20 514
20 523
20 677
21 472
21 473
21 513
21 524
21 676
22 470
22 474
22 475
22 513
22 524
22 675
22 676
23 469
23 473
23 475
23 509
23 512
23 524
23 662
23 663
23 664
23 665
23 666
23 667
23 668
23 669
23 670
23 671
23 672
23 673
23 674
23 675
24 469
24 471
24 475
24 477
24 478
24 479
24 480
24 481
24 482
24 483
24 484
24 485
24 508
24 510
24 525
24 660
24 661
25 475
25 477
25 485
25 507
25 511
25 525
25 526
25 527
25 528
25 658
25 659
26 486
26 490
26 491
26 495
26 496
26 497
26 507
26 511
26 529
26 530
26 656
26 657
27 486
27 487
27 488
27 489
27 492
27 493
27 494
27 497
27 507
27 530
27 655
27 656
28 498
28 501
28 502
28 503
28 504
28 506
28 507
28 531
28 654
28 655
29 498
29 499
29 500
29 503
29 505
29 531
29 654
30 503
30 505
30 531
30 653
31 532
31 653
32 532
32 533
32 652
33 534
33 652
34 534
34 651
34 724
35 534
35 651
35 724
36 534
36 650
36 724
37 534
37 650
37 724
38 535
38 649
38 724
39 536
39 537
39 538
39 649
39 724
39 997
40 539
40 540
40 649
40 724
40 997
41 540
41 648
41 724
41 997
42 540
42 648
42 724
42 997
43 540
43 648
43 724
43 997
44 540
44 648
44 724
44 997
45 540
45 647
45 724
45 997
46 539
46 540
46 648
46 724
46 997
47 538
47 648
47 724
47 997
48 537
48 648
48 724
48 997
49 537
49 649
49 724
49 997
50 536
50 650
50 651
50 724
50 997
51 536
51 652
51 653
51 724
51 997
52 535
52 539
52 654
52 655
52 724
52 997
53 535
53 538
53 540
53 655
53 724
53 997
54 541
54 655
54 724
54 997
55 541
55 654
55 724
55 998
56 542
56 654
56 724
56 998
57 542
57 654
57 724
57 999
58 542
58 637
58 638
58 639
58 640
58 641
58 653
58 724
58 1000
59 542
59 635
59 636
59 642
59 643
59 651
59 652
59 724
59 1000
60 542
60 634
60 635
60 644
60 645
60 650
60 724
60 1000
61 542
61 633
61 634
61 646
61 647
61 649
61 724
61 1001
62 542
62 631
62 632
62 647
62 648
62 649
62 724
62 1001
63 542
63 630
63 631
63 724
63 1001
64 542
64 629
64 630
64 724
64 1001
65 543
65 628
65 629
65 724
65 1001
66 543
66 627
66 628
66 724
66 1000
67 544
67 626
67 627
67 724
67 1000
68 545
68 546
68 624
68 625
68 626
68 724
68 1000
69 546
69 623
69 724
69 1000
70 546
70 622
70 724
70 1000
71 546
71 622
71 724
71 980
71 999
72 546
72 547
72 596
72 597
72 598
72 599
72 600
72 601
72 602
72 622
72 724
72 980
72 999
73 547
73 548
73 594
73 595
73 603
73 604
73 622
73 723
73 980
73 999
74 548
74 592
74 593
74 604
74 622
74 723
74 980
74 999
75 548
75 591
75 592
75 605
75 622
75 723
75 980
75 999
76 548
76 589
76 590
76 605
76 606
76 622
76 723
76 980
76 999
77 548
77 588
77 589
77 607
77 621
77 723
77 980
77 998
78 548
78 588
78 608
78 621
78 723
78 981
78 998
79 548
79 587
79 608
79 621
79 723
79 981
79 998
80 548
80 587
80 608
80 619
80 620
80 723
80 981
80 998
81 548
81 586
81 609
81 617
81 618
81 723
81 981
81 998
81 999
81 1000
82 548
82 586
82 609
82 610
82 616
82 617
82 723
82 981
82 1001
82 1002
83 547
83 586
83 610
83 614
83 615
83 723
83 981
83 1001
84 547
84 585
84 610
84 614
84 723
84 981
84 1001
85 546
85 585
85 610
85 613
85 723
85 981
85 1000
86 546
86 585
86 610
86 613
86 723
86 981
86 1000
87 546
87 585
87 610
87 613
87 723
87 981
87 1000
88 546
88 585
88 610
88 723
88 981
88 1000
89 545
89 546
89 585
89 611
89 612
89 723
89 981
89 1000
90 545
90 585
90 723
90 981
90 1000
91 545
91 546
91 585
91 723
91 980
91 999
92 547
92 548
92 584
92 723
92 980
92 999
93 548
93 584
93 723
93 980
93 999
94 548
94 583
94 723
94 980
94 999
95 548
95 582
95 583
95 723
95 980
95 999
96 548
96 581
96 582
96 723
96 980
96 999
97 547
97 580
97 581
97 723
97 980
97 999
98 547
98 579
98 580
98 723
98 980
98 999
99 548
99 549
99 578
99 579
99 723
99 979
99 999
100 549
100 550
100 578
100 723
100 736
100 978
100 998
101 550
101 551
101 577
101 723
101 736
101 977
101 998
102 551
102 577
102 723
102 736
102 976
102 998
103 552
103 577
103 723
103 736
103 975
103 998
104 552
104 553
104 577
104 723
104 736
104 998
105 553
105 577
105 723
105 736
105 998
106 554
106 576
106 577
106 723
106 736
106 998
107 555
107 556
107 571
107 572
107 573
107 574
107 575
107 723
107 736
107 998
108 556
108 569
108 570
108 723
108 736
108 998
109 556
109 567
109 568
109 723
109 736
109 997
110 556
110 567
110 723
110 736
110 997
111 555
111 556
111 566
111 723
111 736
111 997
112 555
112 563
112 564
112 565
112 566
112 723
112 736
112 997
113 554
113 560
113 561
113 562
113 723
113 736
113 997
114 553
114 554
114 560
114 723
114 736
114 997
115 550
115 551
115 552
115 553
115 560
115 561
115 562
115 723
115 736
115 997
116 549
116 723
116 736
116 997
117 548
117 557
117 558
117 559
117 560
117 561
117 562
117 723
117 736
117 997
118 548
118 554
118 555
118 556
118 723
118 736
118 997
119 547
119 548
119 552
119 553
119 723
119 736
119 996
120 547
120 549
120 550
120 551
120 723
120 736
120 996
121 723
121 736
121 996
122 723
122 736
122 996
123 723
123 735
123 996
124 723
124 735
124 996
125 723
125 735
125 996
126 723
126 735
126 996
127 723
127 735
127 996
128 723
128 735
128 996
129 723
129 735
129 996
130 723
130 735
130 997
131 723
131 735
131 997
132 723
132 735
132 997
133 723
133 735
133 997
134 723
134 735
134 997
135 723
135 735
135 997
136 723
136 735
136 997
137 723
137 735
137 997
138 723
138 735
138 997
139 723
139 735
139 997
140 723
140 735
140 997
141 723
141 735
141 997
142 723
142 735
142 997
143 723
143 735
143 998
144 723
144 735
144 998
145 723
145 735
145 998
146 723
146 735
146 998
147 552
147 553
147 554
147 723
147 735
147 998
148 552
148 554
148 723
148 735
148 998
149 552
149 723
149 735
149 998
150 553
150 554
150 723
150 735
150 980
150 998
151 722
151 735
151 980
151 998
152 722
152 735
152 980
152 998
153 722
153 735
153 980
153 999
154 722
154 735
154 980
154 999
155 722
155 735
155 980
155 999
156 722
156 735
156 980
156 999
157 722
157 735
157 980
157 999
158 722
158 735
158 980
158 999
159 722
159 735
159 980
159 1000
160 722
160 735
160 980
160 1000
161 722
161 735
161 980
161 1000
162 722
162 735
162 980
162 1000
163 722
163 735
163 980
163 1000
164 647
164 722
164 735
164 980
164 1000
165 645
165 646
165 648
165 649
165 722
165 735
165 981
165 1000
166 643
166 644
166 650
166 651
166 722
166 735
166 981
166 1001
167 643
167 651
167 652
167 722
167 735
167 981
167 1001
168 642
168 652
168 722
168 734
168 981
168 1001
169 642
169 652
169 722
169 734
169 1001
170 641
170 652
170 722
170 734
170 1001
171 641
171 652
171 722
171 734
171 1001
172 530
172 531
172 532
172 642
172 652
172 722
172 734
172 1002
173 528
173 529
173 533
173 534
173 642
173 651
173 652
173 722
173 734
173 1002
174 528
174 535
174 643
174 650
174 651
174 722
174 734
174 1002
175 527
175 535
175 643
175 644
175 649
175 650
175 722
175 734
175 1002
176 527
176 536
176 645
176 646
176 649
176 722
176 734
176 1002
177 526
177 536
177 646
177 648
177 722
177 734
177 1002
178 526
178 536
178 645
178 648
178 722
178 734
178 1003
179 527
179 536
179 645
179 648
179 722
179 734
179 1003
180 527
180 536
180 645
180 648
180 722
180 734
180 1003
181 528
181 532
181 535
181 586
181 645
181 648
181 722
181 734
181 1003
182 529
182 530
182 533
182 551
182 562
182 563
182 564
182 585
182 587
182 645
182 648
182 722
182 734
182 1004
183 530
183 533
183 550
183 552
183 562
183 565
183 584
183 587
183 608
183 609
183 610
183 645
183 648
183 722
183 734
183 1004
184 530
184 549
184 552
184 561
184 565
184 584
184 608
184 609
184 610
184 645
184 648
184 722
184 734
184 1004
185 552
185 559
185 561
185 565
185 608
185 609
185 645
185 648
185 722
185 734
185 1004
186 529
186 530
186 558
186 561
186 608
186 609
186 636
186 645
186 648
186 722
186 734
186 1005
187 530
187 533
187 556
187 557
187 585
187 586
187 587
187 606
187 607
187 608
187 609
187 635
187 637
187 645
187 647
187 648
187 722
187 734
187 1005
188 530
188 533
188 551
188 552
188 553
188 557
188 560
188 609
188 634
188 637
188 645
188 647
188 648
188 722
188 734
188 1005
189 530
189 533
189 557
189 560
189 609
189 634
189 637
189 645
189 647
189 722
189 734
189 1005
190 530
190 533
190 541
190 542
190 557
190 560
190 634
190 637
190 645
190 647
190 734
190 1005
191 530
191 533
191 540
191 543
191 634
191 637
191 645
191 647
191 1006
192 530
192 533
192 539
192 543
192 634
192 637
192 645
192 647
192 982
192 1006
193 530
193 534
193 539
193 543
193 633
193 634
193 637
193 645
193 647
193 982
193 1006
194 530
194 534
194 539
194 543
194 634
194 645
194 647
194 982
194 1006
195 460
195 461
195 462
195 463
195 464
195 465
195 466
195 467
195 468
195 469
195 470
195 471
195 472
195 473
195 474
195 475
195 476
195 477
195 478
195 479
195 480
195 481
195 482
195 483
195 484
195 485
195 486
195 487
195 488
195 489
195 490
195 491
195 492
195 493
195 494
195 495
195 496
195 497
195 498
195 499
195 500
195 530
195 534
195 539
195 543
195 634
195 637
195 643
195 644
195 645
195 647
195 982
195 1006
196 456
196 457
196 458
196 459
196 501
196 502
196 530
196 534
196 539
196 543
196 637
196 645
196 647
196 982
196 1007
197 452
197 453
197 454
197 455
197 502
197 503
197 530
197 534
197 539
197 543
197 645
197 647
197 983
197 1007
198 448
198 449
198 450
198 451
198 503
198 504
198 530
198 534
198 540
198 543
198 983
198 1007
199 446
199 447
199 504
199 505
199 983
199 1007
200 444
200 445
200 506
200 983
200 1007
201 443
201 444
201 507
201 983
201 1008
202 442
202 443
202 507
202 508
202 983
202 1008
203 441
203 442
203 508
203 509
203 983
203 1008
204 439
204 440
204 509
204 510
204 983
204 1008
205 438
205 439
205 510
205 511
205 983
205 1008
206 436
206 437
206 511
206 984
206 1009
207 435
207 436
207 512
207 984
207 1009
208 434
208 435
208 512
208 513
208 984
208 1009
209 433
209 434
209 513
209 984
209 1009
210 432
210 433
210 514
210 984
210 1009
211 432
211 514
211 515
211 1010
212 431
212 515
212 516
212 1010
213 431
213 516
213 1010
214 430
214 516
214 1010
215 425
215 426
215 427
215 428
215 429
215 430
215 517
215 1010
216 422
216 423
216 424
216 517
216 1011
217 420
217 421
217 518
217 986
217 1011
218 420
218 518
218 986
218 1011
219 419
219 518
219 986
219 1011
220 419
220 519
220 987
220 1011
221 419
221 519
221 987
221 1012
222 420
222 520
222 987
222 1012
223 421
223 422
223 423
223 424
223 520
223 987
223 1012
224 520
224 988
224 1012
225 423
225 424
225 521
225 988
225 1012
226 422
226 423
226 521
226 988
226 1013
227 421
227 422
227 521
227 988
227 1013
228 420
228 421
228 521
228 989
228 1013
229 420
229 521
229 989
229 1013
230 419
230 521
230 989
230 1013
231 418
231 419
231 521
231 989
231 1014
232 417
232 418
232 521
232 990
232 1014
233 416
233 417
233 521
233 990
233 1014
234 415
234 416
234 521
234 990
235 415
235 522
236 414
236 522
237 414
237 522
238 413
238 522
239 413
239 522
240 413
240 522
241 413
241 522
242 412
242 522
243 412
244 412
245 412
246 412
247 412
259 889
260 887
260 888
260 890
260 891
261 885
261 886
261 892
261 893
262 883
262 884
262 893
263 881
263 882
263 894
264 880
264 881
264 894
265 878
265 879
265 895
266 878
266 895
267 877
267 895
268 877
268 895
269 876
269 895
270 876
270 895
271 876
271 895
272 876
272 895
273 876
273 895
274 876
274 895
275 876
275 895
276 876
276 895
277 876
277 895
278 876
278 895
279 876
279 895
280 876
280 896
281 876
281 896
282 876
282 896
283 876
283 896
284 876
284 896
285 876
285 896
286 876
286 896
287 876
287 896
288 876
288 896
289 876
289 896
290 876
290 896
291 876
291 896
292 876
292 896
293 876
293 896
294 876
294 896
295 876
295 896
296 876
296 896
297 876
297 896
298 876
298 896
299 876
299 896
300 876
300 896
301 876
301 896
302 876
302 896
303 876
303 896
304 876
304 896
305 876
305 896
305 1278
305 1279
306 876
306 896
307 876
307 896
308 876
308 896
309 876
309 896
310 876
310 897
311 876
311 897
312 876
312 897
313 876
313 897
314 876
314 897
315 876
315 897
316 876
316 897
317 876
317 897
318 876
318 897
319 876
319 897
320 876
320 897
321 876
321 897
322 876
322 897
323 876
323 897
324 876
324 897
325 876
325 897
326 877
327 877
382 877
382 899
383 877
383 899
