0 421
0 511
0 690
0 817
0 835
0 839
0 872
0 1151
1 422
1 511
1 690
1 817
1 835
1 840
1 841
1 842
1 843
1 872
1 1151
1 1198
1 1199
1 1200
1 1201
1 1202
1 1203
1 1204
1 1205
1 1206
1 1207
1 1208
1 1209
1 1210
1 1211
1 1212
1 1213
1 1214
1 1215
1 1216
1 1217
1 1218
1 1219
1 1220
1 1221
1 1222
1 1223
1 1224
1 1225
1 1226
1 1227
1 1228
1 1229
1 1230
2 422
2 423
2 509
2 510
2 690
2 817
2 835
2 844
2 872
2 1151
2 1197
2 1231
3 423
3 508
3 509
3 690
3 817
3 835
3 844
3 871
3 1151
3 1198
3 1199
3 1200
3 1231
4 422
4 423
4 506
4 507
4 690
4 817
4 844
4 871
4 1151
4 1155
4 1156
4 1157
4 1158
4 1159
4 1160
4 1200
4 1201
4 1231
5 421
5 422
5 505
5 690
5 817
5 833
5 835
5 844
5 871
5 1151
5 1154
5 1155
5 1161
5 1162
5 1163
5 1201
5 1230
6 421
6 504
6 689
6 818
6 819
6 820
6 821
6 829
6 830
6 831
6 832
6 835
6 844
6 871
6 1152
6 1154
6 1164
6 1165
6 1202
6 1230
7 420
7 503
7 504
7 689
7 822
7 823
7 824
7 825
7 826
7 827
7 828
7 835
7 844
7 871
7 1152
7 1165
7 1202
7 1203
7 1230
8 419
8 420
8 503
8 689
8 835
8 844
8 871
8 1152
8 1165
8 1203
8 1229
8 1230
9 419
9 502
9 689
9 835
9 844
9 871
9 1151
9 1164
9 1204
9 1229
10 419
10 502
10 689
10 834
10 835
10 844
10 871
10 1151
10 1164
10 1204
10 1228
11 419
11 502
11 689
11 690
11 691
11 833
11 834
11 844
11 871
11 1151
11 1164
11 1204
11 1227
11 1228
11 1232
11 1233
12 419
12 502
12 692
12 693
12 831
12 832
12 844
12 871
12 1151
12 1164
12 1204
12 1227
12 1229
12 1230
12 1231
12 1234
12 1235
13 420
13 501
13 694
13 695
13 831
13 835
13 844
13 871
13 1151
13 1163
13 1204
13 1235
14 420
14 500
14 501
14 695
14 696
14 831
14 832
14 835
14 844
14 871
14 1151
14 1163
14 1203
14 1236
15 421
15 500
15 696
15 832
15 833
15 844
15 871
15 1151
15 1163
15 1203
15 1236
15 1237
16 422
16 423
16 424
16 500
16 696
16 834
16 835
16 844
16 871
16 1151
16 1163
16 1204
16 1237
16 1238
17 425
17 426
17 500
17 501
17 696
17 835
17 844
17 871
17 1151
17 1162
17 1204
17 1238
18 427
18 501
18 502
18 696
18 835
18 844
18 849
18 871
18 1151
18 1163
18 1204
18 1238
19 427
19 502
19 503
19 696
19 835
19 844
19 847
19 848
19 850
19 851
19 871
19 1151
19 1164
19 1165
19 1166
19 1167
19 1205
19 1238
20 428
20 503
20 504
20 696
20 834
20 844
20 847
20 852
20 853
20 871
20 1151
20 1168
20 1169
20 1170
20 1171
20 1184
20 1185
20 1186
20 1205
20 1238
21 428
21 504
21 505
21 696
21 834
21 846
21 854
21 871
21 1151
21 1172
21 1173
21 1174
21 1175
21 1182
21 1183
21 1186
21 1187
21 1205
21 1238
22 429
22 506
22 507
22 696
22 834
22 845
22 846
22 854
22 871
22 1151
22 1176
22 1177
22 1178
22 1179
22 1180
22 1181
22 1187
22 1203
22 1204
22 1239
23 429
23 508
23 509
23 696
23 834
23 835
23 845
23 854
23 871
23 1151
23 1188
23 1201
23 1202
23 1239
23 1256
23 1257
23 1258
24 430
24 509
24 510
24 696
24 835
24 844
24 853
24 871
24 1150
24 1188
24 1189
24 1199
24 1200
24 1239
24 1254
24 1255
24 1259
24 1260
24 1261
24 1262
24 1263
24 1264
24 1265
24 1266
24 1267
24 1268
24 1269
24 1270
24 1271
24 1272
24 1273
24 1274
24 1275
24 1276
24 1277
24 1278
24 1279
25 430
25 431
25 510
25 511
25 696
25 835
25 844
25 853
25 871
25 1150
25 1189
25 1190
25 1197
25 1198
25 1239
25 1252
25 1253
26 431
26 446
26 511
26 512
26 695
26 696
26 835
26 844
26 853
26 872
26 1150
26 1190
26 1191
26 1195
26 1196
26 1239
26 1250
26 1251
27 432
27 444
27 445
27 447
27 448
27 449
27 450
27 512
27 513
27 694
27 835
27 844
27 853
27 861
27 862
27 872
27 1150
27 1191
27 1192
27 1193
27 1194
27 1239
27 1245
27 1246
27 1247
27 1248
27 1249
28 432
28 433
28 443
28 444
28 451
28 452
28 514
28 515
28 693
28 835
28 844
28 852
28 860
28 861
28 872
28 1150
28 1240
28 1241
28 1242
28 1243
28 1244
29 433
29 434
29 441
29 442
29 453
29 454
29 515
29 516
29 693
29 835
29 844
29 853
29 859
29 860
29 863
29 864
29 865
29 866
29 867
29 868
29 869
29 870
29 872
29 1150
30 434
30 438
30 439
30 440
30 455
30 456
30 516
30 692
30 835
30 844
30 853
30 858
30 859
30 872
30 1150
31 435
31 436
31 437
31 456
31 457
31 516
31 692
31 835
31 844
31 854
31 856
31 857
31 872
31 1150
32 457
32 458
32 516
32 692
32 835
32 844
32 854
32 855
32 856
32 872
32 1150
33 459
33 460
33 515
33 692
33 835
33 844
33 872
33 1150
34 460
34 461
34 515
34 693
34 835
34 844
34 872
34 1150
35 461
35 515
35 693
35 835
35 845
35 872
35 1150
36 461
36 514
36 693
36 835
36 845
36 868
36 869
36 870
36 872
36 1150
37 460
37 514
37 693
37 835
37 845
37 867
37 872
37 1150
38 459
38 460
38 464
38 465
38 466
38 467
38 514
38 694
38 835
38 845
38 867
38 872
38 1150
39 459
39 462
39 463
39 468
39 513
39 694
39 835
39 845
39 866
39 872
39 1150
40 458
40 462
40 468
40 488
40 489
40 513
40 694
40 835
40 845
40 866
40 872
40 1150
41 458
41 461
41 469
41 484
41 485
41 486
41 487
41 490
41 506
41 507
41 508
41 509
41 510
41 511
41 512
41 694
41 835
41 845
41 866
41 872
41 1150
42 457
42 461
42 469
42 483
42 490
42 505
42 694
42 835
42 845
42 866
42 872
42 1150
43 458
43 459
43 460
43 469
43 482
43 491
43 504
43 695
43 835
43 845
43 866
43 872
43 1150
44 458
44 460
44 469
44 481
44 482
44 491
44 504
44 695
44 835
44 845
44 866
44 872
44 1150
45 458
45 460
45 469
45 481
45 492
45 504
45 695
45 835
45 845
45 867
45 872
45 1150
46 469
46 480
46 492
46 503
46 695
46 835
46 845
46 867
46 872
46 1150
47 469
47 479
47 480
47 493
47 504
47 696
47 835
47 845
47 867
47 872
47 1150
48 470
48 478
48 479
48 493
48 504
48 696
48 835
48 845
48 865
48 866
48 872
48 1150
49 470
49 476
49 477
49 493
49 505
49 696
49 835
49 845
49 865
49 872
49 1150
50 471
50 472
50 473
50 474
50 475
50 476
50 493
50 506
50 696
50 835
50 845
50 865
50 866
50 872
50 1150
51 493
51 507
51 697
51 835
51 845
51 866
51 867
51 872
51 1150
52 492
52 507
52 697
52 835
52 845
52 867
52 872
52 1150
53 492
53 508
53 697
53 835
53 845
53 867
53 872
53 1150
54 491
54 508
54 509
54 697
54 835
54 845
54 866
54 867
54 870
54 871
54 872
54 1150
55 491
55 509
55 698
55 835
55 845
55 865
55 869
55 872
55 1150
56 491
56 510
56 698
56 699
56 835
56 845
56 866
56 867
56 872
56 1150
57 492
57 493
57 510
57 699
57 835
57 845
57 870
57 872
57 1150
58 493
58 494
58 511
58 700
58 835
58 845
58 870
58 872
58 1150
58 1276
58 1277
58 1278
58 1279
59 494
59 495
59 511
59 512
59 513
59 700
59 835
59 845
59 870
59 872
59 1150
59 1269
59 1270
59 1271
59 1272
59 1273
59 1274
59 1275
60 495
60 496
60 700
60 835
60 845
60 869
60 872
60 1150
60 1263
60 1264
60 1265
60 1266
60 1267
60 1268
60 1269
61 496
61 497
61 513
61 701
61 787
61 788
61 789
61 794
61 835
61 845
61 870
61 872
61 1150
61 1256
61 1257
61 1258
61 1259
61 1260
61 1261
61 1262
61 1276
61 1277
62 497
62 498
62 512
62 701
62 785
62 786
62 790
62 791
62 792
62 793
62 795
62 796
62 797
62 798
62 799
62 800
62 801
62 802
62 803
62 804
62 805
62 806
62 807
62 808
62 809
62 810
62 811
62 835
62 845
62 870
62 872
62 1150
62 1247
62 1248
62 1249
62 1250
62 1251
62 1252
62 1253
62 1254
62 1255
63 498
63 511
63 512
63 701
63 783
63 784
63 792
63 812
63 813
63 814
63 815
63 816
63 817
63 818
63 819
63 820
63 835
63 845
63 870
63 872
63 1150
63 1240
63 1241
63 1242
63 1243
63 1244
63 1245
63 1246
64 499
64 510
64 511
64 701
64 783
64 792
64 821
64 835
64 845
64 869
64 870
64 872
64 1150
64 1233
64 1234
64 1235
64 1236
64 1237
64 1238
64 1239
65 499
65 510
65 700
65 701
65 783
65 793
65 794
65 795
65 796
65 821
65 835
65 845
65 869
65 872
65 1150
65 1226
65 1227
65 1228
65 1229
65 1230
65 1231
65 1232
66 500
66 509
66 700
66 783
66 784
66 785
66 792
66 793
66 797
66 798
66 799
66 800
66 801
66 802
66 803
66 804
66 805
66 806
66 807
66 808
66 809
66 810
66 821
66 835
66 845
66 869
66 870
66 872
66 1150
66 1219
66 1220
66 1221
66 1222
66 1223
66 1224
66 1225
67 500
67 508
67 509
67 699
67 786
67 787
67 788
67 789
67 790
67 791
67 811
67 812
67 813
67 814
67 815
67 816
67 821
67 835
67 845
67 870
67 872
67 1150
67 1210
67 1211
67 1212
67 1213
67 1214
67 1215
67 1216
67 1217
67 1218
68 501
68 507
68 508
68 699
68 817
68 821
68 835
68 845
68 872
68 1150
68 1203
68 1204
68 1205
68 1206
68 1207
68 1208
68 1209
69 501
69 507
69 700
69 817
69 821
69 835
69 845
69 872
69 1150
69 1196
69 1197
69 1198
69 1199
69 1200
69 1201
69 1202
70 501
70 506
70 700
70 817
70 821
70 835
70 845
70 872
70 1150
70 1188
70 1189
70 1190
70 1191
70 1192
70 1193
70 1194
70 1195
71 501
71 504
71 505
71 700
71 817
71 821
71 835
71 845
71 872
71 1150
71 1181
71 1182
71 1183
71 1184
71 1185
71 1186
71 1187
72 500
72 504
72 701
72 817
72 821
72 835
72 845
72 872
72 1149
72 1173
72 1174
72 1175
72 1176
72 1177
72 1178
72 1179
72 1180
73 500
73 503
73 701
73 817
73 821
73 835
73 845
73 872
73 1149
73 1152
73 1153
73 1166
73 1167
73 1168
73 1169
73 1170
73 1171
73 1172
74 500
74 503
74 701
74 817
74 821
74 835
74 845
74 872
74 1149
74 1154
74 1155
74 1156
74 1157
74 1158
74 1159
74 1160
74 1161
74 1162
74 1163
74 1164
74 1165
75 500
75 502
75 701
75 817
75 821
75 835
75 845
75 873
75 1149
75 1158
76 500
76 502
76 702
76 817
76 821
76 835
76 845
76 873
76 1149
77 500
77 702
77 817
77 822
77 835
77 845
77 873
77 1149
77 1166
77 1167
77 1168
77 1169
78 501
78 503
78 702
78 817
78 822
78 835
78 845
78 873
78 1149
78 1170
78 1171
78 1172
78 1173
79 501
79 702
79 817
79 822
79 835
79 845
79 873
79 1149
79 1174
79 1175
79 1176
79 1177
79 1178
80 502
80 504
80 702
80 817
80 822
80 835
80 845
80 873
80 1149
80 1179
80 1180
80 1181
81 502
81 504
81 702
81 817
81 822
81 835
81 845
81 873
81 1149
81 1182
81 1183
81 1184
81 1185
81 1186
82 702
82 817
82 822
82 835
82 845
82 873
82 1149
82 1187
82 1188
83 702
83 817
83 822
83 835
83 845
83 873
83 1149
83 1188
83 1189
84 701
84 817
84 822
84 835
84 845
84 873
84 1149
84 1189
85 701
85 817
85 822
85 835
85 845
85 873
85 1149
85 1189
86 701
86 817
86 822
86 835
86 845
86 873
86 1149
86 1190
87 701
87 817
87 822
87 835
87 845
87 873
87 1149
87 1190
88 701
88 817
88 822
88 835
88 845
88 873
88 1149
88 1190
89 700
89 817
89 822
89 835
89 845
89 873
89 1142
89 1143
89 1144
89 1145
89 1146
89 1147
89 1148
89 1149
89 1190
90 700
90 817
90 822
90 835
90 845
90 873
90 1127
90 1128
90 1129
90 1130
90 1131
90 1132
90 1133
90 1134
90 1135
90 1136
90 1137
90 1138
90 1139
90 1140
90 1141
90 1190
91 700
91 817
91 822
91 835
91 845
91 873
91 1111
91 1112
91 1113
91 1114
91 1115
91 1116
91 1117
91 1118
91 1119
91 1120
91 1121
91 1122
91 1123
91 1124
91 1125
91 1126
91 1190
92 700
92 817
92 822
92 835
92 845
92 873
92 1003
92 1004
92 1005
92 1006
92 1007
92 1008
92 1009
92 1010
92 1011
92 1012
92 1013
92 1014
92 1015
92 1016
92 1017
92 1018
92 1019
92 1023
92 1024
92 1025
92 1026
92 1027
92 1028
92 1029
92 1030
92 1031
92 1032
92 1033
92 1034
92 1035
92 1036
92 1037
92 1038
92 1039
92 1040
92 1041
92 1042
92 1043
92 1044
92 1045
92 1046
92 1047
92 1048
92 1049
92 1050
92 1051
92 1052
92 1053
92 1054
92 1055
92 1058
92 1059
92 1060
92 1061
92 1062
92 1063
92 1064
92 1065
92 1066
92 1067
92 1068
92 1069
92 1070
92 1071
92 1072
92 1075
92 1076
92 1077
92 1078
92 1079
92 1080
92 1081
92 1082
92 1083
92 1084
92 1085
92 1086
92 1087
92 1088
92 1089
92 1090
92 1091
92 1092
92 1093
92 1094
92 1095
92 1096
92 1097
92 1098
92 1099
92 1100
92 1101
92 1102
92 1103
92 1104
92 1105
92 1106
92 1107
92 1108
92 1109
92 1110
92 1190
93 700
93 817
93 822
93 835
93 845
93 873
93 987
93 988
93 989
93 990
93 991
93 992
93 993
93 994
93 995
93 996
93 997
93 998
93 999
93 1000
93 1001
93 1002
93 1020
93 1021
93 1022
93 1056
93 1057
93 1073
93 1074
93 1190
94 700
94 817
94 822
94 835
94 845
94 873
94 969
94 970
94 971
94 972
94 973
94 974
94 975
94 976
94 977
94 978
94 979
94 980
94 981
94 982
94 983
94 984
94 985
94 986
94 1190
95 700
95 817
95 822
95 835
95 845
95 873
95 955
95 956
95 957
95 958
95 959
95 960
95 961
95 962
95 963
95 964
95 965
95 966
95 967
95 968
95 1022
95 1038
95 1039
95 1054
95 1055
95 1072
95 1073
95 1190
96 700
96 817
96 822
96 835
96 845
96 873
96 935
96 936
96 937
96 938
96 939
96 940
96 941
96 942
96 943
96 944
96 945
96 946
96 947
96 948
96 949
96 950
96 951
96 952
96 953
96 954
96 1023
96 1039
96 1040
96 1052
96 1053
96 1071
96 1072
96 1190
97 700
97 817
97 822
97 835
97 845
97 873
97 919
97 920
97 921
97 922
97 923
97 924
97 925
97 926
97 927
97 928
97 929
97 930
97 931
97 932
97 933
97 934
97 1023
97 1024
97 1041
97 1042
97 1050
97 1051
97 1071
97 1189
98 701
98 817
98 822
98 835
98 845
98 873
98 901
98 902
98 903
98 904
98 905
98 906
98 907
98 908
98 909
98 910
98 911
98 912
98 913
98 914
98 915
98 916
98 917
98 918
98 1024
98 1025
98 1042
98 1043
98 1048
98 1049
98 1070
98 1189
99 701
99 817
99 822
99 835
99 845
99 873
99 885
99 886
99 887
99 889
99 890
99 891
99 892
99 893
99 894
99 895
99 896
99 897
99 898
99 899
99 900
99 1025
99 1043
99 1044
99 1045
99 1046
99 1047
99 1070
99 1189
100 701
100 818
100 822
100 835
100 845
100 874
100 875
100 876
100 877
100 878
100 879
100 880
100 883
100 884
100 888
100 1026
100 1070
100 1189
101 702
101 768
101 769
101 770
101 771
101 772
101 773
101 774
101 775
101 776
101 777
101 778
101 779
101 780
101 781
101 782
101 783
101 784
101 785
101 786
101 818
101 822
101 835
101 845
101 881
101 882
101 901
101 902
101 905
101 906
101 1026
101 1027
101 1070
101 1188
102 702
102 752
102 753
102 754
102 755
102 760
102 761
102 762
102 763
102 764
102 765
102 766
102 767
102 787
102 788
102 789
102 790
102 791
102 792
102 793
102 794
102 795
102 796
102 797
102 798
102 799
102 805
102 806
102 807
102 808
102 809
102 810
102 811
102 812
102 813
102 814
102 815
102 818
102 822
102 835
102 845
102 888
102 903
102 904
102 905
102 957
102 1027
102 1028
102 1069
102 1188
103 702
103 750
103 751
103 756
103 757
103 758
103 759
103 760
103 800
103 804
103 816
103 817
103 822
103 835
103 845
103 874
103 875
103 881
103 888
103 1028
103 1069
103 1188
104 702
104 749
104 750
104 771
104 772
104 773
104 774
104 775
104 776
104 800
104 803
104 817
104 819
104 823
104 835
104 846
104 873
104 881
104 888
104 957
104 958
104 960
104 961
104 1029
104 1069
104 1188
105 702
105 748
105 749
105 762
105 763
105 777
105 778
105 779
105 800
105 803
105 817
105 819
105 823
105 835
105 846
105 872
105 881
105 888
105 954
105 955
105 956
105 961
105 962
105 1029
105 1069
105 1188
106 702
106 747
106 748
106 763
106 764
106 765
106 766
106 767
106 768
106 769
106 780
106 781
106 801
106 802
106 823
106 835
106 846
106 872
106 881
106 888
106 946
106 947
106 948
106 949
106 950
106 951
106 952
106 953
106 962
106 963
106 1029
106 1069
106 1187
107 702
107 746
107 747
107 770
107 771
107 772
107 773
107 774
107 775
107 782
107 783
107 818
107 823
107 835
107 846
107 872
107 881
107 888
107 938
107 939
107 940
107 941
107 942
107 943
107 944
107 945
107 963
107 1029
107 1069
107 1187
108 701
108 702
108 713
108 714
108 746
108 776
108 780
108 783
108 784
108 818
108 823
108 835
108 846
108 872
108 881
108 888
108 931
108 932
108 933
108 934
108 935
108 936
108 937
108 964
108 1029
108 1069
108 1187
109 699
109 700
109 711
109 712
109 715
109 716
109 745
109 776
109 780
109 784
109 818
109 823
109 835
109 846
109 872
109 881
109 888
109 923
109 924
109 925
109 926
109 927
109 928
109 929
109 930
109 964
109 965
109 1029
109 1069
109 1187
110 698
110 699
110 708
110 709
110 710
110 717
110 718
110 745
110 776
110 780
110 785
110 818
110 823
110 835
110 846
110 872
110 881
110 888
110 916
110 917
110 918
110 919
110 920
110 921
110 922
110 965
110 1029
110 1068
110 1186
111 696
111 697
111 706
111 707
111 719
111 720
111 739
111 740
111 741
111 742
111 743
111 744
111 776
111 780
111 785
111 786
111 818
111 823
111 835
111 847
111 848
111 849
111 850
111 871
111 881
111 888
111 908
111 909
111 910
111 911
111 912
111 913
111 914
111 915
111 965
111 1029
111 1068
111 1186
112 695
112 696
112 704
112 705
112 720
112 721
112 737
112 738
112 776
112 780
112 786
112 787
112 818
112 823
112 833
112 834
112 835
112 847
112 851
112 852
112 871
112 881
112 888
112 900
112 901
112 902
112 903
112 904
112 905
112 906
112 907
112 965
112 1029
112 1068
112 1186
113 693
113 694
113 702
113 703
113 722
113 723
113 737
113 776
113 780
113 787
113 788
113 818
113 823
113 831
113 832
113 846
113 852
113 853
113 854
113 871
113 881
113 888
113 895
113 896
113 897
113 898
113 899
113 965
113 1029
113 1068
113 1186
114 691
114 692
114 702
114 723
114 736
114 776
114 780
114 789
114 790
114 818
114 823
114 830
114 835
114 846
114 855
114 856
114 871
114 881
114 888
114 891
114 892
114 893
114 894
114 965
114 1029
114 1068
114 1186
115 691
115 701
115 723
115 736
115 776
115 780
115 790
115 791
115 818
115 823
115 829
115 835
115 846
115 857
115 858
115 871
115 881
115 889
115 890
115 964
115 1029
115 1068
115 1185
116 690
116 701
116 724
116 725
116 726
116 727
116 728
116 729
116 736
116 776
116 780
116 791
116 818
116 823
116 827
116 828
116 835
116 846
116 858
116 871
116 881
116 889
116 964
116 1029
116 1068
116 1185
117 690
117 701
117 730
117 731
117 736
117 776
117 780
117 792
117 793
117 794
117 795
117 796
117 797
117 798
117 799
117 818
117 824
117 826
117 835
117 846
117 859
117 870
117 881
117 888
117 964
117 1029
117 1068
117 1185
118 689
118 690
118 702
118 731
118 732
118 737
118 776
118 780
118 800
118 801
118 802
118 803
118 804
118 805
118 806
118 807
118 808
118 809
118 810
118 811
118 812
118 813
118 814
118 818
118 835
118 846
118 859
118 869
118 870
118 881
118 888
118 965
118 1029
118 1067
118 1185
119 688
119 689
119 702
119 732
119 733
119 737
119 776
119 780
119 815
119 816
119 823
119 835
119 846
119 860
119 868
119 869
119 882
119 888
119 965
119 1029
119 1067
119 1184
120 687
120 688
120 702
120 733
120 734
120 737
120 777
120 780
120 817
120 818
120 823
120 835
120 846
120 860
120 867
120 868
120 882
120 888
120 965
120 1029
120 1067
120 1184
121 687
121 702
121 734
121 735
121 736
121 777
121 780
121 818
121 823
121 835
121 846
121 861
121 862
121 863
121 864
121 865
121 866
121 867
121 882
121 888
121 965
121 1029
121 1067
121 1184
122 686
122 701
122 777
122 780
122 818
122 823
122 835
122 846
122 882
122 888
122 965
122 1029
122 1067
122 1184
123 686
123 701
123 777
123 780
123 813
123 814
123 818
123 823
123 835
123 846
123 882
123 888
123 965
123 1029
123 1067
123 1184
124 684
124 686
124 700
124 701
124 777
124 780
124 808
124 809
124 810
124 811
124 812
124 815
124 816
124 823
124 835
124 846
124 882
124 888
124 964
124 1029
124 1067
124 1183
125 684
125 686
125 699
125 700
125 777
125 781
125 806
125 807
125 817
125 823
125 835
125 846
125 882
125 888
125 964
125 1029
125 1067
125 1183
126 683
126 687
126 698
126 699
126 777
126 781
126 791
126 792
126 793
126 794
126 795
126 796
126 797
126 798
126 799
126 800
126 801
126 802
126 803
126 804
126 805
126 806
126 817
126 823
126 835
126 846
126 882
126 888
126 964
126 1029
126 1066
126 1183
127 683
127 687
127 697
127 698
127 777
127 781
127 790
127 805
127 807
127 817
127 823
127 835
127 846
127 882
127 888
127 962
127 963
127 1029
127 1066
127 1183
128 683
128 687
128 697
128 777
128 781
128 789
128 806
128 808
128 817
128 823
128 835
128 846
128 882
128 888
128 962
128 1029
128 1066
128 1182
129 683
129 687
129 696
129 777
129 781
129 790
129 798
129 806
129 808
129 817
129 823
129 835
129 846
129 882
129 888
129 961
129 1029
129 1066
129 1182
130 683
130 687
130 695
130 696
130 777
130 781
130 790
130 797
130 799
130 806
130 808
130 817
130 823
130 835
130 846
130 882
130 888
130 960
130 961
130 1029
130 1066
130 1181
130 1182
131 683
131 687
131 695
131 777
131 781
131 790
131 797
131 799
131 806
131 808
131 817
131 824
131 836
131 846
131 882
131 888
131 960
131 1029
131 1066
131 1179
131 1180
132 683
132 687
132 694
132 777
132 781
132 790
132 797
132 799
132 806
132 808
132 817
132 824
132 836
132 846
132 882
132 888
132 958
132 959
132 1029
132 1066
132 1178
133 521
133 683
133 687
133 690
133 691
133 692
133 693
133 777
133 781
133 791
133 797
133 799
133 806
133 808
133 817
133 824
133 836
133 846
133 882
133 888
133 954
133 955
133 956
133 957
133 1029
133 1066
133 1177
134 519
134 520
134 522
134 683
134 687
134 689
134 777
134 781
134 791
134 797
134 807
134 809
134 817
134 824
134 836
134 846
134 882
134 888
134 954
134 1029
134 1066
134 1177
135 519
135 523
135 683
135 687
135 777
135 781
135 791
135 797
135 800
135 807
135 817
135 824
135 836
135 846
135 882
135 888
135 954
135 1029
135 1065
135 1176
136 518
136 523
136 524
136 684
136 777
136 781
136 792
136 797
136 800
136 808
136 818
136 824
136 836
136 846
136 882
136 888
136 955
136 1029
136 1065
136 1176
137 518
137 524
137 525
137 684
137 687
137 777
137 781
137 792
137 797
137 801
137 808
137 818
137 824
137 836
137 846
137 882
137 888
137 955
137 956
137 1029
137 1065
137 1175
138 518
138 525
138 526
138 684
138 687
138 777
138 781
138 792
138 797
138 801
138 808
138 810
138 818
138 824
138 836
138 846
138 882
138 888
138 956
138 1029
138 1065
138 1175
139 518
139 526
139 527
139 684
139 687
139 777
139 781
139 792
139 797
139 801
139 808
139 810
139 818
139 824
139 836
139 846
139 882
139 888
139 957
139 1029
139 1065
139 1174
140 518
140 527
140 684
140 687
140 777
140 781
140 793
140 797
140 801
140 808
140 810
140 818
140 824
140 836
140 846
140 882
140 888
140 957
140 1029
140 1065
140 1174
141 518
141 528
141 684
141 687
141 777
141 781
141 793
141 797
141 802
141 808
141 810
141 818
141 824
141 836
141 846
141 882
141 888
141 957
141 1029
141 1065
141 1174
142 517
142 528
142 529
142 684
142 687
142 777
142 781
142 793
142 798
142 802
142 808
142 810
142 814
142 815
142 818
142 824
142 836
142 846
142 882
142 888
142 957
142 1029
142 1065
142 1173
143 517
143 529
143 530
143 684
143 687
143 777
143 781
143 794
143 798
143 802
143 808
143 811
143 813
143 814
143 818
143 824
143 836
143 846
143 882
143 888
143 957
143 1029
143 1065
143 1173
144 517
144 530
144 684
144 687
144 777
144 781
144 794
144 799
144 803
144 808
144 811
144 812
144 813
144 815
144 818
144 824
144 836
144 846
144 882
144 888
144 956
144 957
144 1029
144 1065
144 1172
145 516
145 517
145 530
145 684
145 687
145 777
145 781
145 794
145 799
145 803
145 808
145 811
145 813
145 815
145 818
145 824
145 836
145 846
145 882
145 888
145 955
145 956
145 1029
145 1065
145 1172
146 516
146 529
146 684
146 687
146 777
146 781
146 794
146 799
146 803
146 808
146 811
146 812
146 813
146 816
146 817
146 818
146 824
146 836
146 846
146 882
146 888
146 954
146 955
146 1029
146 1065
146 1174
146 1175
147 515
147 529
147 684
147 687
147 778
147 781
147 795
147 799
147 804
147 808
147 824
147 836
147 846
147 882
147 888
147 953
147 954
147 1029
147 1065
147 1176
147 1177
148 515
148 528
148 684
148 687
148 778
148 781
148 795
148 799
148 804
148 808
148 812
148 815
148 818
148 824
148 836
148 846
148 882
148 888
148 952
148 953
148 1029
148 1065
148 1177
149 514
149 528
149 684
149 687
149 778
149 781
149 795
149 799
149 804
149 809
149 812
149 815
149 818
149 824
149 836
149 846
149 882
149 888
149 950
149 951
149 1029
149 1065
149 1178
150 514
150 527
150 684
150 687
150 778
150 781
150 796
150 799
150 805
150 809
150 812
150 815
150 818
150 824
150 836
150 846
150 882
150 888
150 949
150 950
150 1029
150 1065
150 1179
151 513
151 522
151 523
151 524
151 525
151 526
151 684
151 687
151 778
151 781
151 796
151 799
151 805
151 809
151 812
151 815
151 818
151 824
151 836
151 846
151 882
151 888
151 948
151 949
151 1029
151 1065
151 1179
152 513
152 520
152 521
152 684
152 687
152 778
152 781
152 796
152 799
152 805
152 809
152 812
152 815
152 818
152 824
152 836
152 846
152 882
152 889
152 947
152 948
152 1029
152 1065
152 1179
153 513
153 517
153 518
153 519
153 684
153 687
153 778
153 781
153 796
153 799
153 805
153 809
153 812
153 815
153 818
153 824
153 836
153 846
153 882
153 889
153 946
153 947
153 1029
153 1065
153 1179
154 512
154 513
154 514
154 515
154 516
154 684
154 687
154 778
154 781
154 797
154 799
154 805
154 809
154 812
154 815
154 818
154 824
154 836
154 846
154 882
154 889
154 946
154 1029
154 1065
154 1179
155 511
155 684
155 687
155 778
155 781
155 797
155 799
155 805
155 809
155 812
155 815
155 818
155 824
155 836
155 846
155 882
155 889
155 945
155 1029
155 1065
155 1180
156 660
156 661
156 662
156 663
156 664
156 665
156 666
156 667
156 668
156 669
156 670
156 671
156 672
156 673
156 674
156 675
156 676
156 684
156 687
156 778
156 781
156 797
156 798
156 799
156 805
156 809
156 812
156 815
156 818
156 824
156 836
156 846
156 882
156 889
156 945
156 1029
156 1065
156 1180
157 654
157 655
157 656
157 657
157 658
157 659
157 677
157 678
157 684
157 687
157 692
157 693
157 778
157 781
157 800
157 805
157 809
157 812
157 815
157 818
157 825
157 836
157 846
157 882
157 889
157 945
157 1029
157 1066
157 1180
157 1230
157 1231
157 1232
158 648
158 649
158 650
158 651
158 652
158 653
158 678
158 679
158 684
158 687
158 692
158 778
158 781
158 797
158 800
158 805
158 809
158 812
158 815
158 818
158 825
158 836
158 846
158 882
158 889
158 945
158 1029
158 1066
158 1180
158 1221
158 1222
158 1223
158 1224
158 1225
158 1226
158 1227
158 1228
158 1229
158 1233
158 1234
159 641
159 642
159 643
159 644
159 645
159 646
159 647
159 679
159 684
159 687
159 691
159 778
159 781
159 797
159 800
159 805
159 809
159 812
159 815
159 818
159 825
159 836
159 846
159 882
159 889
159 945
159 1029
159 1066
159 1179
159 1180
159 1216
159 1217
159 1218
159 1219
159 1220
159 1234
159 1235
160 639
160 640
160 680
160 684
160 687
160 691
160 778
160 781
160 797
160 800
160 805
160 809
160 812
160 815
160 818
160 825
160 836
160 846
160 882
160 889
160 945
160 1029
160 1066
160 1173
160 1174
160 1175
160 1176
160 1177
160 1214
160 1215
160 1235
160 1257
160 1258
160 1259
160 1260
160 1261
160 1262
160 1263
160 1264
160 1265
160 1266
161 627
161 639
161 680
161 681
161 684
161 687
161 691
161 778
161 781
161 797
161 800
161 805
161 809
161 812
161 815
161 818
161 825
161 836
161 846
161 882
161 889
161 945
161 1029
161 1066
161 1171
161 1172
161 1181
161 1182
161 1183
161 1184
161 1185
161 1186
161 1187
161 1188
161 1189
161 1190
161 1191
161 1192
161 1193
161 1194
161 1195
161 1196
161 1197
161 1198
161 1199
161 1200
161 1201
161 1213
161 1214
161 1236
161 1255
161 1256
161 1267
161 1268
161 1269
161 1270
161 1271
161 1272
161 1273
161 1274
161 1275
161 1276
161 1277
161 1278
161 1279
162 445
162 446
162 447
162 448
162 449
162 450
162 451
162 452
162 453
162 454
162 455
162 456
162 457
162 458
162 459
162 460
162 461
162 462
162 463
162 464
162 465
162 466
162 467
162 468
162 469
162 470
162 471
162 472
162 473
162 474
162 475
162 476
162 477
162 478
162 479
162 480
162 481
162 482
162 483
162 484
162 485
162 486
162 487
162 488
162 489
162 490
162 491
162 492
162 493
162 494
162 626
162 628
162 638
162 681
162 684
162 687
162 691
162 778
162 781
162 797
162 800
162 805
162 809
162 812
162 815
162 818
162 825
162 836
162 846
162 882
162 889
162 902
162 903
162 904
162 932
162 933
162 934
162 935
162 936
162 937
162 938
162 939
162 940
162 941
162 942
162 943
162 944
162 1029
162 1066
162 1160
162 1161
162 1162
162 1163
162 1164
162 1165
162 1166
162 1167
162 1168
162 1169
162 1170
162 1179
162 1180
162 1202
162 1212
162 1236
162 1237
162 1254
162 1255
163 407
163 408
163 409
163 410
163 411
163 412
163 413
163 414
163 415
163 416
163 417
163 418
163 419
163 420
163 421
163 422
163 423
163 424
163 425
163 426
163 427
163 428
163 429
163 430
163 431
163 432
163 433
163 434
163 435
163 436
163 437
163 438
163 439
163 440
163 441
163 442
163 443
163 444
163 495
163 496
163 497
163 498
163 499
163 500
163 501
163 502
163 503
163 504
163 505
163 506
163 507
163 508
163 509
163 510
163 511
163 512
163 513
163 514
163 515
163 516
163 517
163 518
163 616
163 617
163 626
163 628
163 638
163 681
163 684
163 687
163 691
163 778
163 781
163 797
163 800
163 805
163 809
163 812
163 815
163 818
163 826
163 827
163 828
163 829
163 835
163 836
163 880
163 881
163 882
163 889
163 898
163 899
163 900
163 901
163 905
163 906
163 907
163 930
163 931
163 945
163 946
163 1029
163 1066
163 1152
163 1153
163 1154
163 1155
163 1156
163 1157
163 1158
163 1159
163 1170
163 1177
163 1178
163 1202
163 1211
163 1237
163 1253
163 1254
164 396
164 397
164 398
164 399
164 400
164 401
164 402
164 403
164 404
164 405
164 406
164 519
164 520
164 521
164 522
164 523
164 524
164 525
164 526
164 613
164 614
164 615
164 618
164 626
164 628
164 638
164 681
164 684
164 687
164 691
164 778
164 781
164 797
164 800
164 806
164 809
164 812
164 815
164 818
164 826
164 830
164 831
164 833
164 834
164 836
164 846
164 847
164 848
164 863
164 864
164 865
164 866
164 867
164 871
164 872
164 891
164 896
164 897
164 908
164 909
164 910
164 928
164 929
164 946
164 947
164 1029
164 1066
164 1150
164 1151
164 1170
164 1175
164 1176
164 1202
164 1210
164 1211
164 1237
164 1252
164 1253
165 386
165 387
165 388
165 389
165 390
165 391
165 392
165 393
165 394
165 395
165 527
165 528
165 529
165 530
165 531
165 532
165 533
165 612
165 618
165 626
165 628
165 638
165 681
165 684
165 687
165 691
165 778
165 781
165 797
165 800
165 806
165 809
165 812
165 815
165 819
165 825
165 832
165 836
165 846
165 849
165 861
165 862
165 868
165 869
165 879
165 880
165 890
165 892
165 893
165 894
165 895
165 911
165 912
165 926
165 927
165 948
165 949
165 1029
165 1066
165 1081
165 1085
165 1086
165 1087
165 1088
165 1089
165 1090
165 1091
165 1092
165 1149
165 1150
165 1170
165 1174
165 1175
165 1203
165 1209
165 1210
165 1238
165 1252
166 376
166 377
166 378
166 379
166 382
166 383
166 384
166 385
166 534
166 535
166 536
166 537
166 538
166 611
166 619
166 626
166 628
166 638
166 681
166 684
166 687
166 691
166 778
166 782
166 797
166 800
166 806
166 809
166 812
166 815
166 819
166 825
166 836
166 846
166 850
166 859
166 860
166 869
166 870
166 873
166 874
166 875
166 876
166 877
166 878
166 881
166 882
166 890
166 912
166 913
166 924
166 925
166 950
166 951
166 956
166 957
166 958
166 1029
166 1067
166 1068
166 1069
166 1070
166 1071
166 1072
166 1073
166 1074
166 1075
166 1076
166 1077
166 1078
166 1083
166 1084
166 1093
166 1094
166 1095
166 1096
166 1097
166 1098
166 1099
166 1100
166 1148
166 1149
166 1170
166 1173
166 1174
166 1203
166 1209
166 1238
166 1251
167 365
167 366
167 367
167 368
167 369
167 370
167 371
167 372
167 373
167 374
167 375
167 380
167 381
167 539
167 540
167 611
167 619
167 626
167 628
167 638
167 681
167 684
167 687
167 691
167 778
167 782
167 797
167 800
167 806
167 809
167 812
167 815
167 819
167 825
167 830
167 836
167 846
167 850
167 851
167 857
167 858
167 871
167 872
167 882
167 890
167 913
167 923
167 924
167 952
167 953
167 955
167 958
167 959
167 1029
167 1082
167 1083
167 1101
167 1102
167 1103
167 1104
167 1107
167 1108
167 1148
167 1170
167 1173
167 1203
167 1208
167 1238
167 1250
167 1251
168 359
168 360
168 361
168 362
168 363
168 364
168 541
168 542
168 611
168 619
168 626
168 638
168 681
168 684
168 687
168 691
168 724
168 750
168 751
168 752
168 753
168 778
168 782
168 797
168 800
168 806
168 809
168 812
168 815
168 819
168 825
168 830
168 836
168 846
168 851
168 855
168 856
168 869
168 879
168 880
168 883
168 890
168 914
168 922
168 923
168 953
168 959
168 960
168 1029
168 1066
168 1080
168 1081
168 1105
168 1109
168 1110
168 1111
168 1112
168 1113
168 1147
168 1170
168 1172
168 1203
168 1207
168 1208
168 1238
168 1249
168 1250
169 343
169 344
169 345
169 346
169 356
169 357
169 358
169 542
169 543
169 611
169 619
169 627
169 638
169 681
169 684
169 687
169 691
169 722
169 723
169 725
169 726
169 738
169 739
169 740
169 741
169 742
169 743
169 744
169 745
169 746
169 747
169 748
169 749
169 754
169 755
169 778
169 782
169 797
169 800
169 806
169 809
169 812
169 815
169 819
169 825
169 829
169 836
169 846
169 852
169 854
169 868
169 869
169 878
169 879
169 883
169 889
169 914
169 920
169 921
169 953
169 960
169 1029
169 1066
169 1078
169 1079
169 1080
169 1105
169 1114
169 1115
169 1146
169 1147
169 1170
169 1172
169 1203
169 1206
169 1207
169 1238
169 1248
169 1249
170 342
170 347
170 356
170 544
170 611
170 619
170 627
170 629
170 638
170 681
170 684
170 687
170 691
170 722
170 726
170 737
170 755
170 778
170 782
170 797
170 800
170 806
170 809
170 812
170 815
170 819
170 825
170 829
170 836
170 846
170 867
170 877
170 883
170 889
170 914
170 920
170 953
170 960
170 962
170 1029
170 1066
170 1077
170 1105
170 1115
170 1145
170 1170
170 1172
170 1203
170 1206
171 337
171 338
171 339
171 340
171 341
171 347
171 351
171 355
171 545
171 611
171 619
171 627
171 629
171 638
171 682
171 687
171 691
171 721
171 727
171 728
171 729
171 730
171 731
171 732
171 733
171 734
171 735
171 736
171 756
171 778
171 782
171 797
171 800
171 809
171 812
171 815
171 819
171 825
171 828
171 836
171 846
171 849
171 850
171 851
171 883
171 889
171 914
171 919
171 953
171 960
171 962
171 1029
171 1066
171 1076
171 1105
171 1116
171 1144
171 1170
171 1172
172 335
172 336
172 348
172 349
172 354
172 355
172 545
172 546
172 611
172 619
172 627
172 629
172 639
172 682
172 688
172 691
172 720
172 721
172 756
172 757
172 778
172 782
172 797
172 809
172 812
172 815
172 819
172 825
172 837
172 838
172 839
172 840
172 841
172 842
172 843
172 844
172 845
172 846
172 847
172 848
172 852
172 883
172 889
172 953
172 960
172 963
172 964
172 1029
172 1066
173 334
173 335
173 352
173 353
173 546
173 547
173 611
173 619
173 627
173 629
173 639
173 682
173 685
173 688
173 691
173 720
173 757
173 758
173 778
173 782
173 809
173 812
173 815
173 819
173 826
173 827
173 828
173 829
173 832
173 833
173 834
173 835
173 836
173 837
173 852
173 883
173 890
173 1029
173 1066
174 332
174 333
174 350
174 351
174 352
174 547
174 611
174 619
174 627
174 629
174 639
174 682
174 685
174 688
174 691
174 719
174 758
174 779
174 782
174 810
174 811
174 817
174 818
174 826
174 830
174 831
174 853
174 854
174 855
174 856
174 881
174 882
174 883
174 890
174 1028
174 1066
174 1278
174 1279
175 331
175 332
175 348
175 349
175 548
175 611
175 619
175 627
175 629
175 639
175 682
175 685
175 688
175 691
175 719
175 759
175 779
175 782
175 810
175 812
175 816
175 819
175 825
175 830
175 853
175 883
175 891
175 1028
175 1066
176 331
176 347
176 348
176 548
176 549
176 611
176 619
176 627
176 629
176 639
176 682
176 685
176 688
176 691
176 694
176 706
176 707
176 708
176 709
176 710
176 718
176 759
176 809
176 812
176 815
176 819
176 825
176 829
176 852
176 883
176 891
176 1028
176 1066
177 331
177 346
177 347
177 549
177 550
177 551
177 552
177 553
177 554
177 612
177 619
177 627
177 639
177 683
177 688
177 691
177 694
177 704
177 705
177 711
177 712
177 713
177 714
177 715
177 717
177 718
177 760
177 809
177 812
177 815
177 819
177 825
177 829
177 852
177 883
177 890
177 1028
177 1068
178 332
178 345
178 346
178 555
178 556
178 557
178 558
178 559
178 560
178 561
178 562
178 563
178 564
178 565
178 566
178 567
178 568
178 569
178 570
178 571
178 572
178 573
178 574
178 575
178 576
178 582
178 612
178 619
178 628
178 639
178 683
178 688
178 691
178 694
178 703
178 704
178 716
178 717
178 760
178 761
178 809
178 812
178 815
178 819
178 825
178 829
178 852
178 883
178 890
178 1025
178 1026
178 1027
178 1067
179 332
179 345
179 577
179 581
179 583
179 592
179 593
179 602
179 612
179 620
179 628
179 630
179 639
179 684
179 690
179 696
179 697
179 698
179 699
179 700
179 701
179 702
179 703
179 707
179 761
179 809
179 812
179 815
179 819
179 825
179 829
179 852
179 883
179 890
179 1028
179 1066
180 333
180 344
180 577
180 580
180 583
180 591
180 594
180 595
180 601
180 603
180 612
180 620
180 628
180 630
180 639
180 685
180 689
180 691
180 695
180 706
180 716
180 762
180 812
180 815
180 819
180 825
180 829
180 852
180 883
180 890
180 1028
180 1066
181 333
181 343
181 344
181 553
181 578
181 580
181 583
181 591
181 595
181 600
181 603
181 612
181 620
181 628
181 630
181 639
181 685
181 688
181 691
181 694
181 705
181 716
181 762
181 812
181 815
181 819
181 825
181 829
181 852
181 883
181 890
181 1028
181 1066
182 333
182 342
182 343
182 553
182 554
182 578
182 580
182 583
182 591
182 595
182 600
182 603
182 612
182 620
182 628
182 630
182 639
182 683
182 685
182 688
182 691
182 694
182 700
182 704
182 705
182 715
182 763
182 812
182 815
182 819
182 825
182 829
182 852
182 883
182 890
182 1028
182 1066
183 333
183 342
183 554
183 555
183 577
183 580
183 583
183 591
183 595
183 600
183 603
183 612
183 620
183 628
183 630
183 639
183 688
183 691
183 694
183 700
183 703
183 704
183 715
183 763
183 812
183 815
183 819
183 825
183 829
183 852
183 883
183 890
183 1028
183 1066
184 333
184 341
184 555
184 578
184 580
184 583
184 591
184 595
184 600
184 603
184 612
184 620
184 628
184 630
184 639
184 715
184 763
184 812
184 815
184 819
184 826
184 829
184 852
184 883
184 890
184 1028
184 1066
185 332
185 341
185 556
185 578
185 580
185 583
185 591
185 595
185 600
185 603
185 612
185 620
185 628
185 715
185 764
185 765
185 812
185 815
185 819
185 826
185 829
185 852
185 883
185 890
185 1028
185 1066
186 332
186 340
186 556
186 557
186 579
186 584
186 591
186 595
186 601
186 603
186 612
186 620
186 714
186 812
186 815
186 819
186 826
186 829
186 852
186 883
186 1028
186 1066
187 332
187 340
187 557
187 558
187 579
187 581
187 584
187 591
187 595
187 601
187 612
187 620
187 714
187 819
187 826
187 829
187 853
187 1028
187 1066
188 332
188 339
188 558
188 559
188 579
188 581
188 584
188 591
188 596
188 601
188 612
188 714
188 764
188 829
188 853
188 1028
188 1066
189 332
189 339
189 559
189 579
189 581
189 584
189 591
189 596
189 601
189 711
189 712
189 764
189 829
189 853
189 1028
189 1066
190 331
190 339
190 560
190 579
190 581
190 584
190 591
190 596
190 601
190 713
190 714
190 765
190 829
190 853
190 1028
190 1066
191 284
191 285
191 286
191 287
191 288
191 289
191 290
191 291
191 292
191 293
191 294
191 295
191 331
191 338
191 560
191 561
191 579
191 581
191 584
191 591
191 596
191 713
191 765
191 829
191 853
191 1028
191 1066
192 266
192 267
192 268
192 269
192 270
192 271
192 272
192 273
192 274
192 275
192 276
192 277
192 278
192 279
192 280
192 281
192 282
192 283
192 296
192 297
192 298
192 299
192 300
192 301
192 302
192 303
192 304
192 305
192 306
192 307
192 331
192 338
192 561
192 562
192 579
192 581
192 584
192 591
192 713
192 765
192 829
192 853
192 1028
192 1066
193 256
193 257
193 258
193 259
193 260
193 261
193 262
193 263
193 264
193 265
193 308
193 309
193 310
193 311
193 312
193 313
193 331
193 337
193 562
193 563
193 579
193 581
193 584
193 713
193 765
193 829
193 853
193 1028
193 1066
194 254
194 255
194 314
194 337
194 563
194 564
194 579
194 712
194 765
194 829
194 853
194 1028
194 1066
195 252
195 253
195 315
195 330
195 331
195 336
195 564
195 565
195 712
195 765
195 829
195 853
195 1028
195 1066
196 250
196 251
196 315
196 328
196 329
196 332
196 333
196 335
196 565
196 566
196 712
196 765
196 853
196 1028
196 1066
197 248
197 249
197 316
197 328
197 335
197 566
197 567
197 712
197 765
197 853
197 1028
197 1067
198 246
198 247
198 316
198 327
198 335
198 567
198 568
198 713
198 765
198 853
198 1028
198 1067
199 244
199 245
199 317
199 326
199 327
199 334
199 568
199 574
199 575
199 713
199 765
199 853
199 1028
199 1067
200 242
200 243
200 317
200 318
200 320
200 321
200 322
200 323
200 324
200 325
200 326
200 334
200 569
200 574
200 713
200 1028
200 1067
201 85
201 86
201 87
201 88
201 89
201 90
201 91
201 92
201 93
201 94
201 95
201 96
201 97
201 98
201 99
201 100
201 101
201 102
201 103
201 104
201 105
201 106
201 107
201 108
201 109
201 110
201 111
201 112
201 113
201 114
201 115
201 116
201 117
201 118
201 119
201 120
201 121
201 240
201 241
201 318
201 333
201 569
201 570
201 573
201 1028
201 1067
202 61
202 62
202 63
202 64
202 65
202 66
202 67
202 68
202 69
202 70
202 71
202 72
202 73
202 74
202 75
202 76
202 77
202 78
202 79
202 80
202 81
202 82
202 83
202 84
202 122
202 123
202 124
202 125
202 126
202 127
202 128
202 129
202 130
202 131
202 132
202 133
202 134
202 135
202 136
202 137
202 138
202 139
202 140
202 141
202 142
202 143
202 144
202 145
202 146
202 147
202 148
202 149
202 150
202 151
202 152
202 153
202 154
202 238
202 239
202 318
202 333
202 570
202 571
202 573
202 1028
202 1067
203 38
203 39
203 40
203 41
203 42
203 43
203 44
203 45
203 46
203 47
203 48
203 49
203 50
203 51
203 52
203 53
203 54
203 55
203 56
203 57
203 58
203 59
203 60
203 155
203 156
203 157
203 158
203 159
203 160
203 235
203 236
203 237
203 319
203 333
203 571
203 573
203 1028
203 1067
204 14
204 15
204 16
204 17
204 18
204 19
204 20
204 21
204 22
204 23
204 24
204 25
204 26
204 27
204 28
204 29
204 30
204 31
204 32
204 33
204 34
204 35
204 36
204 37
204 161
204 162
204 233
204 234
204 319
204 332
204 574
204 1028
204 1067
205 0
205 1
205 2
205 3
205 4
205 5
205 6
205 7
205 8
205 9
205 10
205 11
205 12
205 13
205 162
205 163
205 231
205 232
205 320
205 332
205 574
205 575
205 1028
205 1067
206 164
206 165
206 229
206 230
206 320
206 331
206 575
206 576
206 1028
206 1067
207 165
207 166
207 228
207 229
207 321
207 331
207 576
207 577
207 1028
207 1067
208 167
208 168
208 169
208 170
208 171
208 226
208 227
208 321
208 322
208 331
208 577
208 578
208 1028
208 1067
209 172
209 173
209 174
209 224
209 225
209 323
209 324
209 325
209 326
209 327
209 328
209 329
209 330
209 331
209 578
209 1028
209 1067
210 175
210 176
210 177
210 178
210 222
210 223
210 579
210 1028
210 1067
211 179
211 180
211 181
211 221
211 222
211 323
211 579
211 1028
211 1067
212 182
212 183
212 184
212 185
212 219
212 220
212 324
212 330
212 580
212 1028
212 1067
213 186
213 218
213 324
213 330
213 580
213 1028
213 1067
214 187
214 217
214 325
214 330
214 581
214 1028
214 1067
215 188
215 189
215 215
215 216
215 326
215 327
215 330
215 581
215 1028
215 1067
216 190
216 191
216 215
216 327
216 330
216 582
216 1028
216 1067
217 192
217 193
217 214
217 328
217 582
217 1028
217 1067
218 194
218 195
218 214
218 328
218 583
218 1028
218 1067
219 196
219 197
219 214
219 328
219 583
219 1028
219 1067
220 198
220 199
220 214
220 329
220 583
220 1028
220 1067
221 200
221 201
221 202
221 213
221 329
221 583
221 1028
221 1067
222 203
222 204
222 213
222 329
222 583
222 1028
222 1067
223 205
223 206
223 213
223 329
223 584
223 1028
223 1067
224 207
224 208
224 212
224 213
224 329
224 584
224 1028
224 1067
225 208
225 209
225 210
225 211
225 329
225 584
225 1028
225 1067
226 213
226 329
226 584
226 1028
226 1067
227 213
227 328
227 584
227 1028
227 1067
228 214
228 215
228 328
228 584
229 216
229 217
229 328
229 584
230 218
230 219
230 328
230 584
231 220
231 221
231 328
231 584
232 222
232 223
232 328
232 585
233 224
233 225
233 226
233 227
233 228
233 229
233 327
233 585
234 230
234 231
234 232
234 233
234 234
234 235
234 236
234 237
234 238
234 327
234 585
235 239
235 240
235 241
235 242
235 243
235 244
235 326
235 327
235 585
236 245
236 246
236 247
236 248
236 249
236 250
236 585
237 251
237 252
237 253
237 254
237 255
237 256
237 328
237 585
238 257
238 258
238 259
238 260
238 261
238 328
238 585
239 262
239 263
239 264
239 265
239 328
239 585
240 266
240 267
240 268
240 269
240 270
240 271
240 272
240 328
241 327
242 327
243 274
243 327
244 275
244 327
245 275
245 327
246 276
246 327
247 276
247 327
248 277
248 327
249 277
249 327
250 278
250 327
251 278
251 326
252 279
252 326
253 279
253 326
254 279
254 326
255 279
255 326
256 279
256 326
257 280
257 326
258 280
258 326
259 280
259 326
260 280
260 326
261 281
261 326
262 281
262 326
263 281
263 326
264 281
264 326
265 281
265 326
266 281
266 326
267 281
267 326
268 281
268 326
269 326
270 326
271 326
272 326
273 326
274 327
275 327
276 327
277 327
278 328
306 487
307 484
307 485
308 480
308 481
308 482
308 483
309 467
309 468
309 475
309 476
309 477
309 478
309 479
310 468
310 469
310 470
310 471
310 472
310 473
310 474
323 0
