0 148
0 155
0 421
0 517
0 685
0 818
0 870
0 1151
0 1195
0 1231
1 148
1 155
1 421
1 517
1 685
1 819
1 870
1 1151
1 1195
1 1231
2 148
2 155
2 421
2 506
2 516
2 517
2 684
2 685
2 819
2 820
2 870
2 1151
2 1196
2 1231
3 148
3 155
3 421
3 505
3 507
3 508
3 516
3 683
3 684
3 820
3 821
3 870
3 1151
3 1196
3 1230
4 148
4 155
4 422
4 504
4 509
4 510
4 511
4 512
4 513
4 514
4 515
4 517
4 518
4 683
4 821
4 822
4 870
4 1151
4 1197
4 1229
4 1230
5 148
5 155
5 422
5 504
5 516
5 683
5 684
5 822
5 823
5 870
5 1151
5 1197
5 1228
5 1229
6 148
6 155
6 422
6 505
6 517
6 519
6 685
6 686
6 823
6 824
6 870
6 1152
6 1153
6 1154
6 1155
6 1156
6 1157
6 1197
6 1226
6 1227
7 148
7 155
7 422
7 506
7 687
7 824
7 825
7 832
7 833
7 834
7 870
7 1152
7 1157
7 1198
7 1225
7 1226
8 148
8 155
8 422
8 507
8 687
8 825
8 826
8 830
8 831
8 835
8 870
8 1151
8 1157
8 1198
8 1224
8 1225
9 148
9 155
9 421
9 507
9 508
9 687
9 826
9 827
9 828
9 829
9 835
9 870
9 1151
9 1158
9 1198
9 1224
9 1231
9 1232
10 148
10 155
10 421
10 508
10 687
10 835
10 870
10 1151
10 1158
10 1199
10 1223
10 1230
11 148
11 155
11 420
11 508
11 687
11 835
11 870
11 1151
11 1158
11 1199
11 1223
11 1228
11 1229
11 1230
12 148
12 155
12 420
12 508
12 687
12 835
12 871
12 1151
12 1158
12 1200
12 1223
12 1227
12 1228
12 1230
13 148
13 155
13 419
13 420
13 503
13 504
13 505
13 506
13 507
13 687
13 688
13 689
13 690
13 835
13 871
13 1151
13 1158
13 1200
13 1223
13 1224
13 1225
13 1226
13 1231
13 1232
13 1233
13 1234
14 148
14 155
14 419
14 502
14 686
14 691
14 692
14 693
14 694
14 695
14 696
14 832
14 833
14 834
14 835
14 871
14 1151
14 1158
14 1200
14 1235
14 1236
14 1237
14 1238
14 1239
14 1240
15 148
15 155
15 418
15 502
15 697
15 830
15 831
15 871
15 1151
15 1157
15 1200
16 148
16 155
16 418
16 502
16 697
16 829
16 871
16 1151
16 1157
16 1200
16 1239
16 1240
17 148
17 155
17 418
17 503
17 697
17 829
17 871
17 1151
17 1156
17 1157
17 1200
17 1238
17 1239
18 148
18 155
18 419
18 423
18 504
18 505
18 697
18 831
18 832
18 871
18 1151
18 1156
18 1200
18 1238
19 148
19 156
19 419
19 421
19 422
19 424
19 425
19 506
19 697
19 833
19 834
19 871
19 1151
19 1156
19 1200
19 1239
19 1240
19 1241
20 148
20 156
20 419
20 421
20 426
20 427
20 506
20 696
20 697
20 835
20 851
20 852
20 871
20 1151
20 1157
20 1176
20 1177
20 1178
20 1200
20 1237
20 1267
20 1268
21 148
21 156
21 427
21 428
21 506
21 695
21 696
21 836
21 838
21 851
21 871
21 1151
21 1157
21 1175
21 1176
21 1179
21 1180
21 1181
21 1200
21 1235
21 1236
21 1240
21 1241
21 1266
22 148
22 156
22 428
22 506
22 694
22 836
22 838
22 850
22 871
22 1151
22 1158
22 1175
22 1182
22 1183
22 1200
22 1235
22 1252
22 1253
22 1254
22 1255
22 1256
22 1257
22 1264
22 1265
22 1268
23 148
23 156
23 429
23 506
23 693
23 836
23 838
23 850
23 871
23 1151
23 1158
23 1174
23 1183
23 1184
23 1200
23 1234
23 1250
23 1251
23 1258
23 1259
23 1260
23 1261
23 1262
23 1263
23 1268
24 149
24 156
24 429
24 507
24 508
24 509
24 510
24 511
24 512
24 513
24 514
24 693
24 836
24 849
24 850
24 852
24 871
24 1151
24 1159
24 1173
24 1174
24 1185
24 1186
24 1200
24 1234
24 1249
24 1250
24 1268
24 1269
25 149
25 156
25 430
25 515
25 693
25 836
25 839
25 840
25 841
25 842
25 843
25 844
25 847
25 848
25 852
25 871
25 1151
25 1160
25 1161
25 1172
25 1173
25 1186
25 1187
25 1199
25 1234
25 1249
25 1270
25 1271
25 1272
26 149
26 156
26 430
26 516
26 693
26 836
26 845
26 851
26 871
26 1151
26 1161
26 1162
26 1163
26 1164
26 1165
26 1166
26 1167
26 1168
26 1169
26 1170
26 1171
26 1172
26 1188
26 1189
26 1199
26 1234
26 1248
26 1273
26 1274
26 1275
26 1276
26 1277
26 1278
26 1279
27 149
27 156
27 431
27 516
27 517
27 692
27 836
27 845
27 849
27 850
27 871
27 1151
27 1189
27 1190
27 1198
27 1235
27 1248
28 149
28 156
28 431
28 432
28 517
28 518
28 519
28 520
28 693
28 836
28 845
28 848
28 849
28 871
28 1151
28 1191
28 1192
28 1193
28 1194
28 1195
28 1196
28 1197
28 1235
28 1236
28 1247
28 1248
29 149
29 156
29 432
29 433
29 434
29 435
29 436
29 437
29 438
29 439
29 440
29 441
29 442
29 443
29 444
29 445
29 446
29 447
29 448
29 449
29 693
29 836
29 845
29 848
29 861
29 862
29 863
29 864
29 865
29 866
29 871
29 1151
29 1236
29 1237
29 1245
29 1246
30 149
30 156
30 450
30 520
30 693
30 836
30 845
30 859
30 860
30 867
30 868
30 871
30 1151
30 1238
30 1239
30 1240
30 1241
30 1242
30 1243
30 1244
31 149
31 156
31 451
31 520
31 693
31 836
31 845
31 858
31 859
31 868
31 871
31 1151
32 149
32 156
32 451
32 520
32 693
32 836
32 845
32 858
32 869
32 871
32 1151
33 149
33 156
33 451
33 457
33 458
33 521
33 693
33 836
33 845
33 857
33 869
33 871
33 1151
34 149
34 156
34 452
34 453
34 454
34 455
34 456
34 521
34 693
34 836
34 845
34 856
34 857
34 869
34 871
34 1151
35 149
35 156
35 458
35 522
35 693
35 836
35 845
35 848
35 853
35 854
35 855
35 856
35 869
35 871
35 1151
36 149
36 156
36 458
36 519
36 522
36 694
36 695
36 836
36 845
36 848
36 849
36 850
36 851
36 852
36 869
36 872
36 1151
37 149
37 156
37 458
37 517
37 518
37 520
37 521
37 522
37 695
37 696
37 836
37 845
37 869
37 872
37 1151
38 149
38 156
38 458
38 465
38 515
38 516
38 696
38 836
38 845
38 868
38 872
38 1151
39 149
39 156
39 458
39 463
39 464
39 466
39 467
39 513
39 514
39 697
39 836
39 845
39 868
39 872
39 1151
40 149
40 156
40 458
40 463
40 467
40 468
40 512
40 697
40 836
40 845
40 868
40 872
40 1151
41 149
41 156
41 459
41 462
41 468
41 469
41 511
41 698
41 836
41 845
41 868
41 872
41 1151
42 149
42 156
42 459
42 462
42 469
42 511
42 698
42 836
42 845
42 868
42 872
42 1151
43 149
43 156
43 459
43 469
43 511
43 698
43 836
43 845
43 868
43 872
43 1150
44 149
44 156
44 460
44 461
44 470
44 485
44 486
44 487
44 488
44 509
44 510
44 511
44 513
44 517
44 699
44 836
44 845
44 868
44 872
44 1150
45 149
45 156
45 470
45 471
45 483
45 484
45 489
45 508
45 514
45 515
45 516
45 836
45 845
45 868
45 872
45 1150
46 149
46 156
46 472
46 473
46 474
46 475
46 476
46 477
46 478
46 479
46 480
46 481
46 482
46 483
46 489
46 508
46 512
46 513
46 697
46 698
46 836
46 845
46 868
46 872
46 1150
47 149
47 156
47 489
47 508
47 514
47 515
47 516
47 697
47 836
47 845
47 868
47 872
47 1150
48 149
48 156
48 489
48 508
48 696
48 836
48 845
48 868
48 872
48 1150
49 149
49 156
49 489
49 509
49 698
49 699
49 700
49 836
49 845
49 868
49 872
49 1150
50 149
50 156
50 489
50 509
50 695
50 697
50 700
50 836
50 845
50 867
50 872
50 1150
51 149
51 156
51 488
51 510
51 701
51 836
51 845
51 867
51 872
51 1150
52 149
52 156
52 488
52 510
52 701
52 836
52 845
52 867
52 872
52 1150
53 149
53 156
53 488
53 511
53 701
53 836
53 845
53 867
53 872
53 1150
54 149
54 156
54 488
54 512
54 701
54 836
54 845
54 866
54 872
54 1150
55 149
55 156
55 489
55 512
55 701
55 836
55 846
55 866
55 872
55 1150
56 149
56 156
56 489
56 513
56 701
56 836
56 846
56 865
56 872
56 1150
57 149
57 156
57 490
57 513
57 514
57 699
57 700
57 836
57 846
57 865
57 872
57 1150
58 149
58 157
58 490
58 491
58 515
58 516
58 698
58 699
58 836
58 846
58 864
58 872
58 1150
59 149
59 157
59 491
59 516
59 698
59 836
59 846
59 864
59 872
59 1150
60 149
60 157
60 492
60 516
60 697
60 836
60 846
60 863
60 872
60 1150
60 1277
60 1278
60 1279
61 149
61 157
61 492
61 493
61 514
61 515
61 516
61 697
61 786
61 787
61 788
61 789
61 796
61 797
61 836
61 846
61 863
61 873
61 1150
61 1269
61 1270
61 1271
61 1272
61 1273
61 1274
61 1275
61 1276
62 149
62 157
62 494
62 513
62 697
62 784
62 785
62 790
62 791
62 792
62 793
62 794
62 795
62 798
62 799
62 800
62 801
62 802
62 803
62 804
62 805
62 806
62 807
62 808
62 809
62 810
62 811
62 812
62 836
62 846
62 863
62 873
62 1150
62 1261
62 1262
62 1263
62 1264
62 1265
62 1266
62 1267
62 1268
63 149
63 157
63 495
63 512
63 696
63 697
63 784
63 794
63 813
63 814
63 815
63 816
63 817
63 818
63 819
63 820
63 836
63 846
63 863
63 873
63 1150
63 1253
63 1254
63 1255
63 1256
63 1257
63 1258
63 1259
63 1260
64 149
64 157
64 495
64 512
64 696
64 783
64 794
64 821
64 836
64 846
64 864
64 873
64 1150
64 1244
64 1245
64 1246
64 1247
64 1248
64 1249
64 1250
64 1251
64 1252
65 149
65 157
65 495
65 512
65 695
65 784
65 794
65 821
65 836
65 846
65 864
65 873
65 1150
65 1236
65 1237
65 1238
65 1239
65 1240
65 1241
65 1242
65 1243
66 149
66 157
66 495
66 512
66 696
66 785
66 786
66 787
66 788
66 789
66 790
66 791
66 792
66 793
66 794
66 795
66 796
66 797
66 798
66 799
66 800
66 801
66 802
66 803
66 821
66 836
66 846
66 865
66 873
66 1150
66 1228
66 1229
66 1230
66 1231
66 1232
66 1233
66 1234
66 1235
67 149
67 157
67 495
67 512
67 697
67 698
67 804
67 805
67 806
67 807
67 808
67 809
67 810
67 811
67 812
67 813
67 814
67 815
67 816
67 821
67 836
67 846
67 866
67 867
67 873
67 1150
67 1220
67 1221
67 1222
67 1223
67 1224
67 1225
67 1226
67 1227
68 149
68 157
68 495
68 510
68 511
68 698
68 817
68 821
68 836
68 846
68 867
68 868
68 873
68 1150
68 1211
68 1212
68 1213
68 1214
68 1215
68 1216
68 1217
68 1218
68 1219
69 149
69 157
69 495
69 509
69 698
69 817
69 821
69 836
69 846
69 868
69 869
69 873
69 1150
69 1203
69 1204
69 1205
69 1206
69 1207
69 1208
69 1209
69 1210
70 149
70 157
70 495
70 508
70 698
70 817
70 821
70 836
70 846
70 869
70 870
70 873
70 1150
70 1195
70 1196
70 1197
70 1198
70 1199
70 1200
70 1201
70 1202
71 150
71 157
71 495
71 509
71 510
71 511
71 512
71 698
71 817
71 821
71 836
71 846
71 870
71 871
71 873
71 1151
71 1187
71 1188
71 1189
71 1190
71 1191
71 1192
71 1193
71 1194
72 150
72 157
72 495
72 506
72 507
72 698
72 817
72 821
72 836
72 846
72 871
72 873
72 1151
72 1153
72 1161
72 1162
72 1163
72 1164
72 1165
72 1178
72 1179
72 1180
72 1181
72 1182
72 1183
72 1184
72 1185
72 1186
73 150
73 157
73 496
73 505
73 509
73 510
73 511
73 512
73 698
73 817
73 821
73 836
73 846
73 873
73 1150
73 1154
73 1155
73 1159
73 1160
73 1166
73 1167
73 1168
73 1169
73 1170
73 1171
73 1172
73 1173
73 1174
73 1175
73 1176
73 1177
74 150
74 157
74 496
74 504
74 699
74 817
74 821
74 836
74 846
74 873
74 1150
74 1155
74 1156
74 1158
74 1159
74 1169
75 150
75 157
75 497
75 505
75 699
75 817
75 821
75 836
75 846
75 873
75 1150
75 1156
75 1157
75 1158
76 150
76 157
76 498
76 499
76 506
76 507
76 700
76 817
76 821
76 836
76 846
76 873
76 1150
76 1169
76 1173
76 1175
76 1176
77 150
77 157
77 499
77 508
77 509
77 700
77 701
77 817
77 821
77 836
77 846
77 873
77 1150
77 1169
77 1172
77 1176
77 1177
78 150
78 157
78 500
78 509
78 701
78 817
78 821
78 836
78 846
78 873
78 1150
78 1168
78 1172
78 1177
78 1178
79 150
79 157
79 501
79 502
79 508
79 509
79 702
79 817
79 821
79 836
79 846
79 873
79 1150
79 1168
79 1170
79 1171
79 1179
79 1180
80 150
80 157
80 502
80 507
80 508
80 702
80 817
80 821
80 836
80 846
80 873
80 1150
80 1167
80 1170
80 1180
80 1181
81 150
81 157
81 502
81 506
81 507
81 702
81 817
81 821
81 836
81 846
81 873
81 1150
81 1168
81 1169
81 1181
81 1182
82 150
82 157
82 502
82 505
82 702
82 817
82 821
82 836
82 846
82 873
82 1150
82 1182
83 150
83 157
83 502
83 504
83 702
83 817
83 821
83 836
83 846
83 873
83 1150
83 1183
84 150
84 157
84 502
84 503
84 504
84 702
84 817
84 821
84 836
84 846
84 873
84 1140
84 1141
84 1142
84 1143
84 1144
84 1145
84 1146
84 1147
84 1148
84 1149
84 1150
84 1184
84 1185
85 150
85 157
85 701
85 817
85 821
85 836
85 846
85 873
85 1139
85 1185
86 150
86 157
86 701
86 817
86 821
86 836
86 846
86 874
86 1120
86 1121
86 1122
86 1123
86 1124
86 1125
86 1126
86 1127
86 1128
86 1129
86 1130
86 1131
86 1132
86 1133
86 1134
86 1135
86 1136
86 1137
86 1138
86 1185
87 150
87 157
87 701
87 817
87 822
87 836
87 846
87 874
87 1098
87 1099
87 1100
87 1101
87 1102
87 1103
87 1104
87 1105
87 1106
87 1107
87 1108
87 1109
87 1110
87 1111
87 1112
87 1113
87 1114
87 1115
87 1116
87 1117
87 1118
87 1119
87 1185
88 150
88 157
88 701
88 817
88 822
88 836
88 846
88 874
88 1077
88 1078
88 1079
88 1080
88 1081
88 1085
88 1086
88 1087
88 1088
88 1089
88 1090
88 1091
88 1092
88 1093
88 1094
88 1095
88 1096
88 1097
88 1184
89 150
89 157
89 700
89 817
89 822
89 836
89 846
89 874
89 1056
89 1057
89 1058
89 1059
89 1060
89 1061
89 1062
89 1063
89 1064
89 1065
89 1066
89 1067
89 1068
89 1069
89 1070
89 1071
89 1072
89 1073
89 1074
89 1075
89 1076
89 1082
89 1083
89 1084
89 1185
90 150
90 157
90 700
90 817
90 822
90 836
90 846
90 874
90 1035
90 1036
90 1037
90 1038
90 1039
90 1040
90 1041
90 1042
90 1043
90 1044
90 1045
90 1046
90 1047
90 1048
90 1049
90 1050
90 1051
90 1052
90 1053
90 1054
90 1055
90 1185
90 1186
91 150
91 157
91 700
91 817
91 822
91 836
91 846
91 874
91 1018
91 1019
91 1020
91 1021
91 1022
91 1023
91 1024
91 1025
91 1026
91 1027
91 1028
91 1029
91 1030
91 1031
91 1032
91 1033
91 1034
91 1081
91 1082
91 1187
91 1188
92 150
92 157
92 700
92 701
92 817
92 822
92 836
92 846
92 874
92 993
92 994
92 995
92 996
92 997
92 998
92 999
92 1000
92 1001
92 1002
92 1003
92 1004
92 1005
92 1006
92 1007
92 1008
92 1009
92 1010
92 1011
92 1012
92 1013
92 1014
92 1015
92 1016
92 1017
92 1080
92 1081
92 1188
93 150
93 157
93 701
93 817
93 822
93 836
93 846
93 874
93 972
93 973
93 974
93 975
93 976
93 977
93 978
93 979
93 980
93 981
93 982
93 983
93 984
93 985
93 986
93 987
93 988
93 989
93 990
93 991
93 992
93 1079
93 1080
93 1189
94 150
94 157
94 702
94 817
94 822
94 836
94 846
94 874
94 951
94 952
94 953
94 954
94 955
94 956
94 957
94 958
94 959
94 960
94 961
94 962
94 963
94 964
94 965
94 966
94 967
94 968
94 969
94 970
94 971
94 1017
94 1078
94 1079
94 1189
95 150
95 157
95 702
95 703
95 817
95 822
95 836
95 846
95 874
95 930
95 931
95 932
95 933
95 934
95 935
95 936
95 937
95 938
95 939
95 940
95 943
95 944
95 945
95 946
95 947
95 948
95 949
95 950
95 1017
95 1018
95 1076
95 1077
95 1189
96 150
96 157
96 703
96 704
96 817
96 822
96 836
96 846
96 874
96 908
96 909
96 910
96 911
96 912
96 913
96 914
96 915
96 916
96 917
96 918
96 919
96 920
96 921
96 922
96 923
96 924
96 925
96 926
96 927
96 928
96 929
96 941
96 942
96 1018
96 1019
96 1075
96 1076
96 1189
97 150
97 158
97 704
97 817
97 822
97 836
97 846
97 874
97 889
97 890
97 891
97 892
97 893
97 894
97 895
97 896
97 897
97 898
97 899
97 900
97 901
97 902
97 903
97 904
97 905
97 906
97 907
97 955
97 956
97 969
97 970
97 1019
97 1020
97 1074
97 1075
97 1189
98 150
98 158
98 704
98 817
98 822
98 836
98 846
98 875
98 876
98 877
98 878
98 879
98 880
98 881
98 884
98 885
98 886
98 887
98 888
98 942
98 943
98 944
98 947
98 956
98 968
98 969
98 1020
98 1021
98 1073
98 1074
98 1189
99 150
99 158
99 704
99 818
99 822
99 836
99 846
99 882
99 883
99 887
99 945
99 946
99 947
99 957
99 967
99 968
99 1021
99 1071
99 1072
99 1189
100 150
100 158
100 704
100 818
100 822
100 836
100 846
100 882
100 887
100 891
100 892
100 893
100 894
100 904
100 905
100 906
100 907
100 957
100 965
100 966
100 1022
100 1070
100 1071
100 1188
101 150
101 158
101 704
101 773
101 774
101 775
101 776
101 777
101 778
101 779
101 780
101 781
101 782
101 783
101 784
101 785
101 786
101 787
101 788
101 789
101 790
101 791
101 792
101 793
101 794
101 795
101 818
101 822
101 836
101 846
101 882
101 888
101 890
101 895
101 896
101 897
101 902
101 903
101 958
101 964
101 965
101 1022
101 1023
101 1069
101 1070
101 1188
102 150
102 158
102 704
102 748
102 749
102 750
102 751
102 752
102 753
102 754
102 755
102 756
102 757
102 758
102 759
102 760
102 761
102 762
102 763
102 764
102 765
102 766
102 767
102 768
102 769
102 770
102 771
102 772
102 796
102 804
102 805
102 806
102 807
102 808
102 809
102 810
102 811
102 812
102 813
102 814
102 815
102 816
102 817
102 818
102 822
102 836
102 846
102 882
102 888
102 898
102 901
102 902
102 958
102 963
102 964
102 1023
102 1024
102 1068
102 1069
102 1188
103 150
103 158
103 704
103 747
103 768
103 797
103 798
103 799
103 800
103 801
103 803
103 822
103 836
103 846
103 882
103 887
103 899
103 900
103 901
103 958
103 963
103 1024
103 1025
103 1067
103 1068
103 1187
104 150
104 158
104 703
104 746
104 761
104 803
104 818
104 822
104 836
104 846
104 882
104 887
104 959
104 960
104 1025
104 1026
104 1066
104 1067
104 1188
105 150
105 158
105 703
105 746
105 750
105 751
105 753
105 754
105 755
105 756
105 757
105 769
105 770
105 771
105 772
105 773
105 774
105 775
105 776
105 818
105 822
105 836
105 846
105 882
105 887
105 951
105 952
105 953
105 954
105 955
105 956
105 957
105 958
105 961
105 962
105 1026
105 1065
105 1066
105 1188
105 1189
106 150
106 158
106 703
106 746
106 750
106 777
106 778
106 801
106 818
106 822
106 836
106 846
106 879
106 880
106 882
106 887
106 941
106 942
106 943
106 944
106 945
106 946
106 947
106 948
106 949
106 950
106 962
106 963
106 964
106 1027
106 1064
106 1065
106 1189
107 151
107 158
107 703
107 747
107 748
107 749
107 779
107 780
107 818
107 822
107 836
107 846
107 877
107 878
107 882
107 887
107 932
107 933
107 934
107 935
107 936
107 937
107 938
107 939
107 940
107 965
107 966
107 1027
107 1028
107 1064
107 1189
108 151
108 158
108 697
108 698
108 703
108 747
108 780
108 781
108 818
108 822
108 836
108 846
108 876
108 877
108 883
108 887
108 924
108 925
108 926
108 927
108 928
108 929
108 930
108 931
108 966
108 1028
108 1029
108 1063
108 1189
109 151
109 158
109 695
109 696
109 699
109 700
109 701
109 702
109 703
109 714
109 715
109 716
109 745
109 781
109 818
109 822
109 836
109 846
109 875
109 883
109 887
109 915
109 916
109 917
109 918
109 919
109 920
109 921
109 922
109 923
109 966
109 1029
109 1063
109 1188
109 1189
110 151
110 158
110 694
110 695
110 712
110 713
110 717
110 718
110 744
110 782
110 818
110 822
110 836
110 846
110 874
110 883
110 887
110 905
110 906
110 907
110 908
110 909
110 910
110 911
110 912
110 913
110 914
110 966
110 1029
110 1063
110 1188
111 151
111 158
111 694
111 707
111 708
111 709
111 710
111 711
111 718
111 744
111 782
111 783
111 818
111 822
111 836
111 847
111 848
111 849
111 850
111 874
111 883
111 887
111 897
111 898
111 899
111 900
111 901
111 902
111 903
111 904
111 966
111 1029
111 1063
111 1187
112 151
112 158
112 693
112 706
112 719
112 741
112 742
112 743
112 744
112 784
112 785
112 818
112 822
112 834
112 835
112 836
112 847
112 851
112 852
112 873
112 883
112 888
112 889
112 890
112 891
112 892
112 893
112 894
112 895
112 896
112 965
112 1029
112 1063
112 1187
113 151
113 158
113 692
113 693
113 705
113 719
113 739
113 740
113 785
113 786
113 818
113 822
113 831
113 832
113 833
113 836
113 846
113 852
113 853
113 872
113 873
113 883
113 963
113 964
113 965
113 1029
113 1063
113 1186
114 151
114 158
114 690
114 691
114 692
114 703
114 704
114 705
114 720
114 738
114 739
114 787
114 788
114 818
114 822
114 829
114 830
114 836
114 846
114 853
114 854
114 870
114 871
114 882
114 887
114 962
114 1029
114 1063
114 1186
115 151
115 158
115 689
115 702
115 720
115 721
115 722
115 723
115 724
115 725
115 737
115 738
115 788
115 818
115 822
115 826
115 827
115 828
115 829
115 836
115 846
115 854
115 855
115 868
115 869
115 881
115 887
115 962
115 1029
115 1063
115 1185
116 151
116 158
116 688
116 701
116 726
116 727
116 736
116 737
116 789
116 818
116 822
116 825
116 836
116 846
116 855
116 856
116 867
116 868
116 881
116 887
116 962
116 1029
116 1063
116 1184
116 1185
117 151
117 158
117 688
117 701
117 728
117 729
117 736
117 789
117 790
117 818
117 822
117 823
117 836
117 846
117 857
117 866
117 867
117 881
117 887
117 963
117 964
117 965
117 966
117 1029
117 1063
117 1183
118 151
118 158
118 688
118 701
118 730
118 731
118 736
118 791
118 792
118 818
118 822
118 836
118 846
118 858
118 865
118 866
118 882
118 887
118 1029
118 1063
118 1182
119 151
119 158
119 688
119 701
119 731
119 736
119 792
119 793
119 818
119 822
119 836
119 846
119 859
119 860
119 864
119 865
119 882
119 887
119 965
119 966
119 1029
119 1064
119 1182
120 151
120 158
120 688
120 701
120 732
120 737
120 793
120 818
120 822
120 836
120 846
120 860
120 861
120 863
120 864
120 883
120 887
120 965
120 1029
120 1064
120 1181
121 151
121 158
121 688
121 701
121 732
121 737
121 793
121 818
121 822
121 836
121 846
121 861
121 862
121 863
121 883
121 887
121 964
121 1029
121 1064
121 1181
122 151
122 158
122 688
122 701
122 733
122 737
122 794
122 795
122 818
122 822
122 836
122 846
122 883
122 887
122 963
122 964
122 1029
122 1064
122 1180
123 151
123 158
123 688
123 701
123 734
123 735
123 736
123 795
123 818
123 822
123 836
123 846
123 883
123 887
123 962
123 963
123 1029
123 1064
123 1180
124 151
124 158
124 688
124 701
124 795
124 809
124 810
124 811
124 812
124 813
124 814
124 815
124 822
124 836
124 846
124 883
124 888
124 962
124 1029
124 1064
124 1180
125 151
125 158
125 688
125 700
125 701
125 795
125 808
125 816
125 822
125 836
125 846
125 883
125 888
125 962
125 963
125 1029
125 1064
125 1180
126 151
126 158
126 688
126 699
126 700
126 795
126 804
126 805
126 816
126 822
126 836
126 846
126 883
126 888
126 964
126 1029
126 1064
126 1178
126 1179
126 1180
127 151
127 158
127 688
127 696
127 697
127 698
127 699
127 791
127 792
127 793
127 794
127 796
127 798
127 800
127 801
127 802
127 803
127 806
127 808
127 816
127 822
127 836
127 846
127 883
127 888
127 964
127 1029
127 1064
127 1177
128 151
128 158
128 688
128 695
128 790
128 797
128 799
128 806
128 808
128 816
128 822
128 836
128 846
128 883
128 888
128 964
128 1029
128 1064
128 1176
129 151
129 158
129 669
129 670
129 688
129 694
129 789
129 797
129 799
129 806
129 808
129 816
129 822
129 836
129 846
129 883
129 888
129 964
129 965
129 966
129 1029
129 1064
129 1176
130 152
130 158
130 520
130 688
130 694
130 790
130 797
130 799
130 806
130 808
130 816
130 822
130 836
130 846
130 883
130 888
130 902
130 903
130 904
130 905
130 906
130 907
130 967
130 1029
130 1064
130 1176
131 152
131 158
131 519
131 521
131 667
131 669
131 670
131 688
131 694
131 790
131 797
131 799
131 806
131 809
131 816
131 823
131 836
131 846
131 883
131 888
131 901
131 907
131 908
131 967
131 1029
131 1064
131 1175
132 152
132 158
132 518
132 522
132 688
132 694
132 790
132 797
132 799
132 806
132 809
132 816
132 823
132 836
132 846
132 883
132 888
132 900
132 908
132 909
132 910
132 911
132 912
132 913
132 967
132 1029
132 1064
132 1175
133 152
133 158
133 518
133 522
133 688
133 694
133 791
133 797
133 806
133 809
133 816
133 823
133 836
133 846
133 883
133 888
133 900
133 914
133 966
133 1029
133 1064
133 1175
134 152
134 158
134 518
134 522
134 688
134 694
134 791
134 798
134 806
134 809
134 816
134 823
134 836
134 846
134 883
134 888
134 900
134 915
134 966
134 1029
134 1064
134 1174
135 152
135 158
135 518
135 522
135 689
135 690
135 691
135 692
135 693
135 694
135 791
135 798
135 800
135 806
135 809
135 816
135 823
135 836
135 846
135 883
135 888
135 900
135 915
135 916
135 966
135 1029
135 1064
135 1174
136 152
136 159
136 518
136 523
136 792
136 798
136 800
136 806
136 809
136 817
136 823
136 836
136 846
136 883
136 888
136 899
136 916
136 917
136 966
136 1029
136 1064
136 1174
137 152
137 159
137 518
137 523
137 792
137 798
137 800
137 806
137 809
137 817
137 823
137 836
137 846
137 883
137 888
137 899
137 917
137 918
137 965
137 1029
137 1064
137 1174
138 152
138 159
138 517
138 523
138 792
138 798
138 806
138 809
138 818
138 823
138 836
138 846
138 883
138 888
138 898
138 918
138 963
138 964
138 1029
138 1064
138 1174
139 152
139 159
139 517
139 524
139 793
139 798
139 806
139 809
139 818
139 823
139 836
139 846
139 883
139 888
139 898
139 918
139 961
139 962
139 1029
139 1064
139 1174
140 152
140 159
140 517
140 524
140 793
140 798
140 801
140 806
140 810
140 818
140 823
140 836
140 846
140 883
140 888
140 897
140 918
140 960
140 1029
140 1064
140 1174
141 152
141 159
141 517
141 525
141 793
141 798
141 801
141 806
141 810
141 818
141 823
141 836
141 846
141 883
141 888
141 897
141 918
141 959
141 1029
141 1064
141 1174
142 152
142 159
142 517
142 525
142 526
142 527
142 528
142 794
142 798
142 801
142 806
142 810
142 818
142 823
142 836
142 846
142 883
142 888
142 897
142 918
142 958
142 959
142 1029
142 1064
142 1174
143 152
143 159
143 517
143 529
143 794
143 798
143 801
143 806
143 810
143 818
143 824
143 836
143 846
143 883
143 888
143 896
143 918
143 955
143 956
143 957
143 1029
143 1064
143 1174
144 152
144 159
144 517
144 529
144 794
144 799
144 801
144 806
144 810
144 818
144 824
144 836
144 846
144 883
144 888
144 896
144 918
144 955
144 1029
144 1065
144 1174
145 152
145 159
145 516
145 529
145 795
145 799
145 802
145 806
145 811
145 818
145 824
145 836
145 846
145 883
145 888
145 896
145 917
145 955
145 956
145 1030
145 1065
145 1175
146 152
146 159
146 516
146 528
146 795
146 799
146 802
146 806
146 812
146 813
146 814
146 815
146 817
146 824
146 836
146 846
146 883
146 888
146 896
146 917
146 956
146 957
146 1030
146 1065
146 1175
147 152
147 159
147 516
147 528
147 795
147 799
147 802
147 806
147 812
147 815
147 816
147 824
147 836
147 846
147 883
147 888
147 897
147 916
147 957
147 1030
147 1065
147 1176
148 152
148 159
148 516
148 527
148 796
148 799
148 802
148 806
148 812
148 815
148 818
148 824
148 836
148 846
148 883
148 888
148 897
148 915
148 916
148 957
148 1030
148 1065
148 1176
149 152
149 159
149 515
149 527
149 796
149 799
149 802
149 806
149 812
149 815
149 818
149 824
149 836
149 846
149 883
149 888
149 897
149 914
149 915
149 957
149 1030
149 1065
149 1177
150 152
150 159
150 515
150 522
150 523
150 524
150 525
150 526
150 796
150 799
150 803
150 806
150 812
150 815
150 818
150 824
150 836
150 846
150 883
150 888
150 898
150 914
150 956
150 1030
150 1065
150 1177
151 152
151 159
151 514
151 515
151 521
151 797
151 803
151 806
151 812
151 815
151 818
151 824
151 836
151 846
151 883
151 888
151 898
151 899
151 913
151 955
151 956
151 1030
151 1065
151 1178
152 152
152 159
152 514
152 520
152 797
152 803
152 806
152 812
152 815
152 818
152 824
152 836
152 846
152 883
152 888
152 899
152 912
152 913
152 952
152 953
152 954
152 1030
152 1065
152 1179
153 153
153 159
153 513
153 517
153 520
153 797
153 803
153 807
153 809
153 815
153 818
153 824
153 836
153 846
153 883
153 889
153 900
153 910
153 911
153 912
153 950
153 951
153 1030
153 1065
153 1179
154 153
154 159
154 512
154 515
154 516
154 518
154 798
154 804
154 807
154 810
154 811
154 815
154 817
154 824
154 836
154 846
154 883
154 889
154 900
154 901
154 909
154 949
154 950
154 1030
154 1065
154 1179
155 153
155 159
155 512
155 514
155 667
155 668
155 669
155 798
155 804
155 807
155 811
155 812
155 817
155 825
155 836
155 846
155 883
155 889
155 901
155 902
155 908
155 948
155 1030
155 1065
155 1179
156 153
156 159
156 511
156 661
156 662
156 663
156 664
156 665
156 666
156 670
156 671
156 672
156 673
156 674
156 675
156 676
156 798
156 806
156 812
156 813
156 816
156 825
156 836
156 846
156 883
156 889
156 903
156 908
156 947
156 1030
156 1065
156 1179
157 153
157 159
157 511
157 513
157 655
157 656
157 657
157 658
157 659
157 660
157 677
157 678
157 679
157 799
157 804
157 806
157 813
157 814
157 815
157 816
157 818
157 825
157 836
157 846
157 883
157 889
157 903
157 908
157 947
157 1030
157 1065
157 1179
158 153
158 159
158 649
158 650
158 651
158 652
158 653
158 654
158 680
158 692
158 693
158 694
158 799
158 804
158 806
158 818
158 825
158 836
158 846
158 883
158 889
158 903
158 908
158 947
158 1030
158 1065
158 1179
159 153
159 159
159 643
159 644
159 645
159 646
159 647
159 648
159 681
159 691
159 695
159 799
159 800
159 806
159 818
159 825
159 836
159 846
159 883
159 889
159 903
159 908
159 948
159 1030
159 1065
159 1179
159 1219
159 1220
159 1221
159 1222
159 1223
159 1224
159 1225
159 1226
159 1227
159 1228
159 1229
159 1230
159 1231
160 153
160 159
160 637
160 638
160 639
160 640
160 641
160 642
160 681
160 690
160 695
160 800
160 807
160 818
160 825
160 836
160 846
160 883
160 889
160 903
160 908
160 948
160 949
160 1030
160 1065
160 1177
160 1178
160 1217
160 1218
160 1232
160 1233
160 1234
160 1235
161 153
161 159
161 636
161 682
161 690
161 695
161 726
161 727
161 728
161 729
161 730
161 731
161 800
161 805
161 807
161 808
161 818
161 825
161 836
161 846
161 883
161 889
161 903
161 908
161 950
161 1030
161 1065
161 1176
161 1177
161 1190
161 1191
161 1192
161 1193
161 1194
161 1195
161 1196
161 1215
161 1216
161 1236
161 1237
161 1262
161 1263
161 1264
161 1265
161 1266
161 1267
161 1268
161 1269
161 1270
161 1271
161 1272
161 1273
161 1274
161 1275
162 153
162 159
162 635
162 682
162 690
162 695
162 718
162 719
162 720
162 721
162 722
162 723
162 724
162 725
162 732
162 733
162 734
162 800
162 805
162 806
162 807
162 809
162 818
162 825
162 836
162 847
162 883
162 889
162 903
162 907
162 934
162 935
162 936
162 937
162 938
162 939
162 940
162 941
162 942
162 943
162 944
162 945
162 946
162 947
162 1030
162 1065
162 1173
162 1174
162 1175
162 1183
162 1184
162 1185
162 1186
162 1187
162 1188
162 1189
162 1197
162 1198
162 1199
162 1200
162 1201
162 1214
162 1215
162 1237
162 1254
162 1255
162 1256
162 1257
162 1258
162 1259
162 1260
162 1261
162 1276
162 1277
163 153
163 159
163 635
163 682
163 690
163 694
163 717
163 735
163 736
163 800
163 809
163 818
163 826
163 827
163 828
163 829
163 830
163 834
163 835
163 836
163 883
163 889
163 903
163 907
163 932
163 933
163 948
163 949
163 1030
163 1065
163 1171
163 1172
163 1181
163 1182
163 1202
163 1203
163 1214
163 1238
163 1252
163 1253
163 1277
164 153
164 159
164 635
164 682
164 690
164 694
164 716
164 736
164 799
164 809
164 817
164 826
164 831
164 832
164 833
164 836
164 848
164 849
164 850
164 862
164 863
164 864
164 865
164 866
164 867
164 868
164 883
164 891
164 892
164 896
164 897
164 898
164 899
164 900
164 901
164 902
164 903
164 904
164 905
164 906
164 907
164 908
164 909
164 910
164 930
164 931
164 949
164 952
164 1030
164 1065
164 1156
164 1157
164 1158
164 1159
164 1168
164 1169
164 1180
164 1204
164 1205
164 1213
164 1238
164 1252
164 1277
165 153
165 159
165 635
165 682
165 691
165 694
165 696
165 697
165 716
165 737
165 799
165 809
165 818
165 820
165 825
165 836
165 847
165 850
165 851
165 860
165 861
165 869
165 870
165 875
165 876
165 877
165 878
165 879
165 883
165 884
165 890
165 893
165 894
165 895
165 911
165 912
165 928
165 929
165 950
165 953
165 954
165 1030
165 1065
165 1151
165 1152
165 1153
165 1154
165 1155
165 1160
165 1161
165 1162
165 1163
165 1164
165 1165
165 1166
165 1167
165 1169
165 1170
165 1179
165 1205
165 1211
165 1212
165 1239
165 1251
165 1277
166 153
166 159
166 635
166 682
166 689
166 692
166 697
166 716
166 737
166 799
166 809
166 818
166 825
166 831
166 836
166 847
166 851
166 858
166 859
166 870
166 871
166 873
166 874
166 880
166 881
166 882
166 884
166 889
166 912
166 926
166 927
166 950
166 955
166 956
166 1030
166 1065
166 1145
166 1148
166 1149
166 1150
166 1170
166 1178
166 1206
166 1211
166 1239
166 1251
166 1278
167 153
167 159
167 339
167 340
167 341
167 342
167 635
167 682
167 688
167 689
167 691
167 693
167 698
167 715
167 737
167 799
167 809
167 819
167 826
167 830
167 831
167 836
167 847
167 852
167 856
167 857
167 872
167 884
167 889
167 893
167 913
167 924
167 925
167 951
167 957
167 958
167 959
167 960
167 1030
167 1065
167 1091
167 1092
167 1093
167 1094
167 1095
167 1096
167 1097
167 1098
167 1099
167 1100
167 1101
167 1146
167 1147
167 1171
167 1177
167 1206
167 1210
167 1240
167 1251
167 1278
168 153
168 159
168 334
168 335
168 336
168 337
168 338
168 343
168 344
168 508
168 509
168 510
168 511
168 512
168 513
168 514
168 515
168 516
168 517
168 518
168 519
168 520
168 521
168 522
168 523
168 524
168 525
168 526
168 636
168 682
168 688
168 691
168 693
168 698
168 715
168 737
168 798
168 809
168 819
168 826
168 830
168 836
168 847
168 852
168 855
168 856
168 869
168 870
168 879
168 880
168 884
168 889
168 892
168 893
168 913
168 923
168 924
168 952
168 961
168 962
168 1030
168 1066
168 1067
168 1068
168 1069
168 1070
168 1089
168 1090
168 1102
168 1103
168 1104
168 1105
168 1108
168 1143
168 1145
168 1171
168 1172
168 1176
168 1177
168 1207
168 1210
168 1240
168 1251
168 1278
169 153
169 159
169 332
169 333
169 344
169 345
169 493
169 494
169 495
169 496
169 497
169 498
169 499
169 500
169 501
169 502
169 503
169 504
169 505
169 506
169 507
169 527
169 528
169 529
169 530
169 531
169 532
169 533
169 534
169 535
169 636
169 682
169 688
169 697
169 698
169 715
169 738
169 798
169 809
169 819
169 826
169 829
169 836
169 847
169 852
169 853
169 854
169 855
169 867
169 868
169 877
169 878
169 884
169 890
169 892
169 914
169 921
169 922
169 952
169 963
169 1030
169 1071
169 1072
169 1086
169 1087
169 1088
169 1106
169 1109
169 1110
169 1111
169 1112
169 1144
169 1172
169 1175
169 1176
169 1207
169 1209
169 1240
169 1251
169 1278
170 153
170 159
170 331
170 345
170 492
170 536
170 636
170 682
170 688
170 697
170 715
170 738
170 798
170 808
170 819
170 826
170 829
170 836
170 847
170 851
170 867
170 877
170 884
170 890
170 914
170 921
170 952
170 964
170 966
170 1030
170 1072
170 1085
170 1106
170 1113
170 1142
170 1144
170 1172
170 1175
170 1207
170 1209
170 1240
170 1251
170 1278
171 153
171 159
171 330
171 345
171 491
171 536
171 636
171 682
171 689
171 696
171 715
171 738
171 762
171 763
171 764
171 765
171 766
171 767
171 798
171 807
171 819
171 826
171 836
171 847
171 851
171 853
171 866
171 875
171 876
171 884
171 889
171 914
171 920
171 952
171 964
171 966
171 1030
171 1066
171 1073
171 1074
171 1075
171 1076
171 1080
171 1081
171 1082
171 1083
171 1084
171 1106
171 1114
171 1144
171 1172
171 1174
171 1207
171 1209
171 1240
171 1251
171 1278
172 153
172 159
172 329
172 330
172 346
172 491
172 537
172 636
172 682
172 689
172 696
172 715
172 738
172 754
172 755
172 756
172 757
172 758
172 759
172 760
172 761
172 768
172 798
172 807
172 814
172 819
172 826
172 836
172 847
172 864
172 865
172 873
172 874
172 884
172 889
172 914
172 920
172 952
172 964
172 966
172 1030
172 1066
172 1078
172 1079
172 1106
172 1115
172 1116
172 1141
172 1143
172 1174
172 1207
172 1208
172 1209
172 1241
172 1242
172 1243
172 1244
172 1245
172 1246
172 1247
172 1248
172 1249
172 1250
172 1251
172 1279
173 153
173 159
173 327
173 328
173 346
173 401
173 402
173 403
173 404
173 405
173 406
173 407
173 408
173 409
173 410
173 490
173 537
173 636
173 682
173 690
173 695
173 696
173 715
173 738
173 752
173 753
173 769
173 799
173 806
173 812
173 813
173 815
173 819
173 826
173 830
173 831
173 832
173 833
173 834
173 835
173 836
173 837
173 838
173 839
173 840
173 841
173 842
173 843
173 844
173 845
173 846
173 847
173 848
173 849
173 850
173 851
173 863
173 872
173 873
173 884
173 889
173 914
173 919
173 954
173 955
173 956
173 957
173 958
173 959
173 960
173 961
173 962
173 966
173 1030
173 1066
173 1077
173 1106
173 1142
173 1143
173 1172
173 1241
174 153
174 159
174 327
174 330
174 347
174 381
174 382
174 383
174 384
174 385
174 386
174 387
174 388
174 389
174 390
174 391
174 392
174 393
174 394
174 395
174 396
174 397
174 398
174 399
174 400
174 411
174 412
174 490
174 538
174 636
174 682
174 690
174 695
174 714
174 738
174 752
174 769
174 799
174 805
174 806
174 811
174 812
174 816
174 819
174 826
174 829
174 852
174 862
174 872
174 884
174 889
174 953
174 963
174 967
174 986
174 1030
174 1068
174 1069
174 1070
174 1071
174 1072
174 1073
174 1074
174 1075
174 1108
174 1109
174 1110
174 1111
174 1112
174 1113
174 1114
174 1115
174 1116
174 1171
174 1173
174 1207
175 153
175 160
175 331
175 360
175 361
175 362
175 363
175 364
175 365
175 366
175 367
175 368
175 369
175 370
175 371
175 372
175 373
175 374
175 375
175 376
175 377
175 378
175 379
175 380
175 412
175 489
175 539
175 613
175 614
175 615
175 616
175 617
175 636
175 682
175 690
175 695
175 714
175 739
175 740
175 741
175 742
175 751
175 770
175 771
175 772
175 773
175 774
175 775
175 799
175 805
175 811
175 816
175 819
175 826
175 828
175 884
175 889
175 967
175 984
175 985
175 987
175 988
175 989
175 990
175 1030
175 1067
175 1076
175 1107
175 1117
175 1140
175 1141
175 1171
175 1173
175 1207
176 154
176 160
176 331
176 347
176 348
176 349
176 350
176 351
176 352
176 353
176 354
176 355
176 356
176 357
176 358
176 359
176 413
176 489
176 539
176 612
176 618
176 636
176 683
176 690
176 695
176 714
176 739
176 743
176 744
176 745
176 746
176 747
176 751
176 776
176 799
176 805
176 810
176 817
176 819
176 828
176 852
176 884
176 889
176 968
176 982
176 983
176 991
176 992
176 993
176 994
176 1030
176 1066
176 1076
176 1106
176 1117
176 1139
177 154
177 160
177 331
177 344
177 345
177 346
177 413
177 488
177 539
177 611
177 618
177 636
177 683
177 690
177 696
177 714
177 738
177 748
177 749
177 777
177 799
177 806
177 809
177 810
177 815
177 817
177 818
177 819
177 828
177 852
177 884
177 890
177 968
177 969
177 980
177 981
177 995
177 996
177 1030
177 1066
177 1118
177 1138
177 1139
177 1141
177 1278
177 1279
178 154
178 160
178 331
178 342
178 343
178 414
178 488
178 539
178 611
178 619
178 637
178 683
178 689
178 696
178 714
178 738
178 749
178 750
178 777
178 815
178 826
178 828
178 882
178 883
178 884
178 890
178 977
178 978
178 979
178 997
178 1030
178 1066
178 1118
178 1138
179 154
179 160
179 331
179 340
179 341
179 414
179 487
179 539
179 604
179 605
179 611
179 619
179 637
179 683
179 694
179 695
179 696
179 714
179 738
179 750
179 778
179 811
179 815
179 819
179 826
179 828
179 884
179 889
179 972
179 973
179 974
179 975
179 976
179 998
179 1030
179 1066
179 1118
179 1137
180 154
180 160
180 331
180 338
180 339
180 415
180 487
180 540
180 602
180 603
180 611
180 619
180 627
180 637
180 684
180 694
180 697
180 698
180 714
180 738
180 750
180 778
180 809
180 810
180 817
180 818
180 827
180 852
180 884
180 889
180 998
180 1030
180 1066
180 1119
180 1136
180 1137
181 154
181 160
181 331
181 337
181 338
181 415
181 486
181 540
181 601
181 602
181 605
181 611
181 619
181 637
181 685
181 686
181 689
181 690
181 691
181 694
181 699
181 714
181 738
181 750
181 778
181 811
181 816
181 819
181 827
181 829
181 852
181 884
181 890
181 999
181 1030
181 1066
181 1119
181 1136
182 154
182 160
182 331
182 336
182 415
182 486
182 540
182 591
182 592
182 593
182 601
182 604
182 611
182 619
182 627
182 629
182 637
182 683
182 686
182 687
182 688
182 691
182 694
182 700
182 714
182 738
182 750
182 779
182 811
182 815
182 819
182 827
182 829
182 852
182 884
182 890
182 999
182 1030
182 1066
182 1120
182 1121
182 1122
182 1123
182 1124
182 1125
182 1126
182 1135
183 154
183 160
183 331
183 335
183 416
183 485
183 540
183 590
183 594
183 595
183 600
183 604
183 611
183 619
183 627
183 629
183 637
183 683
183 686
183 691
183 694
183 700
183 714
183 738
183 750
183 811
183 815
183 819
183 827
183 829
183 852
183 884
183 890
183 1000
183 1030
183 1066
183 1127
183 1128
183 1129
183 1130
183 1131
183 1132
183 1133
183 1134
183 1135
184 154
184 160
184 331
184 334
184 335
184 416
184 485
184 540
184 589
184 595
184 600
184 604
184 611
184 619
184 627
184 629
184 637
184 691
184 694
184 700
184 714
184 738
184 750
184 811
184 815
184 819
184 827
184 829
184 852
184 884
184 890
184 1000
184 1001
184 1002
184 1003
184 1004
184 1005
184 1006
184 1007
184 1008
184 1009
184 1010
184 1011
184 1012
184 1013
184 1014
184 1015
184 1016
184 1017
184 1018
184 1019
184 1020
184 1021
184 1022
184 1023
184 1024
184 1025
184 1026
184 1027
184 1028
184 1029
184 1030
184 1066
185 154
185 160
185 333
185 334
185 417
185 484
185 540
185 582
185 583
185 590
185 595
185 599
185 604
185 611
185 619
185 627
185 628
185 629
185 637
185 694
185 701
185 702
185 703
185 704
185 705
185 706
185 707
185 708
185 709
185 710
185 711
185 712
185 714
185 811
185 815
185 819
185 827
185 829
185 852
185 884
185 890
185 1030
185 1066
186 154
186 160
186 333
186 417
186 484
186 540
186 582
186 590
186 595
186 600
186 604
186 611
186 620
186 637
186 713
186 715
186 811
186 815
186 819
186 827
186 829
186 852
186 884
186 890
186 1030
186 1066
187 154
187 160
187 332
187 418
187 483
187 540
187 581
187 590
187 595
187 600
187 604
187 611
187 620
187 628
187 630
187 713
187 811
187 815
187 819
187 827
187 829
187 852
187 884
187 890
187 1030
187 1066
188 154
188 160
188 331
188 332
188 418
188 483
188 540
188 581
188 590
188 596
188 600
188 604
188 612
188 613
188 614
188 615
188 616
188 617
188 618
188 620
188 628
188 630
188 815
188 819
188 827
188 829
188 853
188 1030
188 1066
189 154
189 160
189 330
189 331
189 418
189 483
189 540
189 581
189 590
189 596
189 600
189 604
189 612
189 620
189 628
189 827
189 829
189 853
189 1030
189 1066
190 154
190 160
190 330
190 418
190 482
190 539
190 581
190 590
190 596
190 601
190 604
190 611
190 620
190 829
190 853
190 1030
190 1066
191 154
191 160
191 329
191 418
191 474
191 475
191 482
191 539
191 583
191 591
191 597
191 598
191 604
191 611
191 620
191 829
191 853
191 1030
191 1066
192 154
192 160
192 328
192 329
192 419
192 473
192 476
192 477
192 478
192 481
192 539
192 583
192 591
192 599
192 601
192 604
192 611
192 828
192 853
192 1030
192 1066
193 154
193 160
193 327
193 328
193 419
193 472
193 481
193 539
193 583
193 591
193 604
193 611
193 828
193 830
193 853
193 1030
193 1066
194 154
194 160
194 327
194 419
194 472
194 480
194 583
194 591
194 604
194 611
194 828
194 830
194 853
194 1030
194 1067
195 154
195 160
195 326
195 419
195 472
195 480
195 539
195 583
195 591
195 828
195 830
195 853
195 1030
195 1067
196 154
196 160
196 325
196 326
196 419
196 472
196 481
196 538
196 583
196 592
196 828
196 830
196 853
196 1030
196 1067
197 154
197 160
197 324
197 325
197 419
197 472
197 481
197 537
197 828
197 830
197 853
197 1030
197 1067
198 154
198 160
198 313
198 314
198 315
198 316
198 317
198 318
198 319
198 320
198 323
198 324
198 419
198 472
198 479
198 481
198 537
198 828
198 830
198 853
198 1030
198 1067
199 144
199 145
199 146
199 147
199 148
199 149
199 150
199 151
199 152
199 153
199 154
199 155
199 156
199 157
199 158
199 159
199 160
199 161
199 162
199 163
199 311
199 312
199 321
199 322
199 323
199 420
199 472
199 479
199 481
199 537
199 829
199 853
199 1030
199 1067
200 90
200 91
200 92
200 93
200 94
200 95
200 96
200 97
200 98
200 99
200 100
200 101
200 102
200 103
200 104
200 105
200 106
200 107
200 108
200 109
200 110
200 111
200 112
200 113
200 114
200 115
200 143
200 164
200 309
200 310
200 421
200 472
200 479
200 481
200 537
200 829
200 1030
200 1067
201 59
201 60
201 61
201 62
201 63
201 64
201 65
201 66
201 67
201 68
201 69
201 70
201 71
201 72
201 73
201 74
201 75
201 76
201 77
201 78
201 79
201 80
201 81
201 82
201 83
201 84
201 85
201 86
201 87
201 88
201 89
201 116
201 117
201 118
201 119
201 120
201 142
201 164
201 309
201 320
201 321
201 420
201 470
201 471
201 481
201 537
201 1030
201 1067
202 0
202 49
202 50
202 51
202 52
202 53
202 54
202 55
202 56
202 57
202 58
202 121
202 122
202 123
202 124
202 142
202 164
202 308
202 319
202 320
202 420
202 472
202 480
202 1030
202 1067
203 1
203 2
203 3
203 4
203 39
203 40
203 41
203 42
203 43
203 44
203 45
203 46
203 47
203 48
203 125
203 126
203 142
203 164
203 307
203 308
203 317
203 318
203 420
203 472
203 479
203 1030
203 1067
204 5
204 6
204 7
204 30
204 31
204 32
204 33
204 34
204 35
204 36
204 37
204 38
204 127
204 128
204 142
204 164
204 307
204 316
204 317
204 420
204 472
204 479
204 1030
204 1067
205 8
205 9
205 28
205 29
205 129
205 130
205 143
205 164
205 179
205 180
205 181
205 182
205 183
205 184
205 185
205 186
205 187
205 306
205 316
205 420
205 472
205 479
205 1030
205 1067
206 10
206 11
206 26
206 27
206 131
206 132
206 143
206 164
206 178
206 188
206 305
206 306
206 315
206 421
206 1030
206 1067
207 11
207 12
207 24
207 25
207 133
207 134
207 143
207 164
207 177
207 188
207 315
207 421
207 1030
207 1067
208 12
208 13
208 22
208 23
208 135
208 136
208 137
208 143
208 164
208 172
208 173
208 174
208 175
208 176
208 188
208 315
208 421
208 1030
208 1067
209 13
209 20
209 21
209 138
209 139
209 140
209 165
209 166
209 167
209 168
209 169
209 170
209 171
209 177
209 188
209 315
209 421
209 1030
209 1067
210 14
210 19
210 20
210 141
210 142
210 143
210 144
210 145
210 165
210 178
210 188
210 315
210 421
210 1030
210 1067
211 14
211 15
211 16
211 17
211 18
211 146
211 147
211 148
211 149
211 150
211 151
211 164
211 178
211 189
211 315
211 421
211 1030
211 1067
212 15
212 152
212 153
212 154
212 155
212 156
212 157
212 158
212 159
212 164
212 178
212 189
212 313
212 314
212 420
212 1030
212 1067
213 160
213 164
213 178
213 189
213 315
213 1030
213 1067
214 14
214 161
214 162
214 163
214 164
214 178
214 189
214 315
214 1030
214 1067
215 12
215 13
215 166
215 167
215 178
215 189
215 315
215 1030
215 1067
216 11
216 12
216 167
216 168
216 169
216 178
216 189
216 315
216 1030
216 1067
217 9
217 10
217 170
217 171
217 178
217 189
217 315
217 1030
217 1067
218 8
218 9
218 171
218 172
218 178
218 189
218 315
218 1031
218 1067
219 6
219 7
219 172
219 173
219 178
219 189
219 316
219 1031
219 1067
220 4
220 5
220 173
220 179
220 189
220 316
220 1031
220 1068
221 3
221 4
221 173
221 179
221 189
221 317
221 1031
221 1068
222 0
222 1
222 2
222 173
222 179
222 189
222 317
222 1031
222 1068
223 174
223 179
223 189
223 317
223 1031
223 1068
224 174
224 179
224 189
224 1031
224 1068
225 174
225 179
225 190
225 1031
225 1068
226 174
226 179
226 190
226 1031
226 1068
227 174
227 179
227 190
227 1031
227 1068
228 174
228 179
228 190
228 1031
228 1068
229 174
229 180
229 190
229 1031
229 1068
230 175
230 180
230 190
230 1031
230 1068
231 175
231 180
231 190
231 1031
231 1068
232 175
232 180
232 190
232 1031
232 1068
233 175
233 180
233 190
234 175
234 180
234 190
235 175
235 180
235 190
236 175
236 180
237 176
