0 456
0 531
0 541
0 664
0 814
0 977
0 1071
0 1085
0 1120
0 1147
0 1187
0 1204
0 1268
0 1271
1 457
1 532
1 542
1 664
1 815
1 977
1 1071
1 1085
1 1120
1 1143
1 1144
1 1145
1 1146
1 1147
1 1187
1 1204
1 1268
1 1271
2 457
2 532
2 533
2 543
2 544
2 664
2 815
2 975
2 976
2 1071
2 1085
2 1120
2 1141
2 1142
2 1188
2 1205
2 1268
2 1271
3 458
3 459
3 534
3 535
3 544
3 545
3 664
3 815
3 975
3 1071
3 1084
3 1120
3 1140
3 1141
3 1188
3 1205
3 1268
3 1271
4 460
4 535
4 536
4 546
4 547
4 663
4 814
4 975
4 1071
4 1083
4 1084
4 1119
4 1120
4 1136
4 1137
4 1138
4 1139
4 1140
4 1189
4 1205
4 1268
4 1271
5 461
5 537
5 538
5 547
5 548
5 663
5 814
5 975
5 1071
5 1082
5 1083
5 1117
5 1118
5 1134
5 1135
5 1189
5 1190
5 1205
5 1206
5 1268
5 1271
6 461
6 539
6 540
6 549
6 550
6 662
6 663
6 815
6 816
6 962
6 963
6 964
6 965
6 976
6 977
6 978
6 1071
6 1080
6 1081
6 1115
6 1116
6 1132
6 1133
6 1191
6 1192
6 1193
6 1206
6 1268
6 1271
7 461
7 541
7 542
7 550
7 551
7 656
7 657
7 658
7 659
7 660
7 661
7 662
7 816
7 817
7 961
7 966
7 967
7 979
7 1071
7 1079
7 1080
7 1112
7 1113
7 1114
7 1132
7 1194
7 1195
7 1206
7 1268
7 1271
8 461
8 542
8 543
8 552
8 553
8 654
8 655
8 817
8 960
8 967
8 979
8 1071
8 1078
8 1079
8 1110
8 1111
8 1131
8 1196
8 1197
8 1206
8 1207
8 1268
8 1271
9 462
9 544
9 545
9 553
9 554
9 652
9 653
9 817
9 960
9 967
9 979
9 1070
9 1076
9 1077
9 1110
9 1131
9 1197
9 1198
9 1205
9 1208
9 1268
9 1271
10 462
10 463
10 545
10 546
10 555
10 556
10 650
10 651
10 817
10 960
10 967
10 979
10 1070
10 1074
10 1075
10 1109
10 1130
10 1199
10 1200
10 1205
10 1208
10 1268
10 1271
11 463
11 464
11 547
11 548
11 556
11 557
11 650
11 818
11 960
11 967
11 980
11 981
11 1070
11 1074
11 1110
11 1130
11 1200
11 1201
11 1205
11 1209
11 1268
11 1271
12 238
12 239
12 240
12 241
12 464
12 465
12 548
12 549
12 558
12 559
12 649
12 818
12 960
12 968
12 969
12 970
12 971
12 972
12 973
12 974
12 975
12 976
12 977
12 978
12 1070
12 1073
12 1110
12 1111
12 1112
12 1128
12 1129
12 1201
12 1205
12 1209
12 1268
12 1271
13 237
13 242
13 465
13 550
13 551
13 559
13 560
13 648
13 649
13 818
13 960
13 968
13 1069
13 1073
13 1113
13 1114
13 1115
13 1116
13 1117
13 1118
13 1119
13 1120
13 1121
13 1122
13 1123
13 1124
13 1125
13 1126
13 1127
13 1202
13 1204
13 1210
13 1268
13 1271
14 236
14 242
14 465
14 551
14 552
14 561
14 562
14 641
14 642
14 643
14 644
14 645
14 646
14 647
14 818
14 960
14 967
14 1069
14 1072
14 1202
14 1204
14 1211
14 1212
14 1213
14 1214
14 1215
14 1268
14 1271
15 236
15 242
15 464
15 553
15 554
15 562
15 563
15 639
15 640
15 818
15 960
15 967
15 1068
15 1072
15 1202
15 1204
15 1216
15 1217
15 1267
15 1271
16 236
16 242
16 463
16 464
16 554
16 555
16 564
16 565
16 638
16 639
16 818
16 960
16 967
16 1068
16 1071
16 1217
16 1218
16 1267
16 1271
17 236
17 242
17 461
17 462
17 556
17 557
17 566
17 567
17 637
17 638
17 818
17 960
17 967
17 981
17 982
17 1069
17 1070
17 1071
17 1218
17 1267
17 1271
18 236
18 242
18 461
18 557
18 558
18 567
18 568
18 637
18 818
18 960
18 967
18 974
18 975
18 976
18 977
18 978
18 979
18 1218
18 1267
18 1271
19 236
19 242
19 461
19 559
19 560
19 569
19 570
19 636
19 818
19 960
19 968
19 970
19 971
19 972
19 973
19 982
19 1218
19 1267
19 1271
20 236
20 242
20 461
20 560
20 561
20 570
20 571
20 572
20 636
20 817
20 960
20 968
20 981
20 1218
20 1267
20 1271
21 236
21 242
21 462
21 562
21 563
21 573
21 574
21 636
21 816
21 960
21 968
21 980
21 984
21 985
21 1218
21 1267
21 1271
22 236
22 242
22 462
22 563
22 564
22 574
22 575
22 636
22 815
22 960
22 967
22 981
22 982
22 983
22 986
22 1218
22 1267
22 1271
23 236
23 242
23 462
23 565
23 566
23 576
23 577
23 637
23 816
23 960
23 967
23 986
23 1217
23 1218
23 1267
23 1271
24 236
24 242
24 462
24 566
24 567
24 577
24 578
24 637
24 816
24 817
24 960
24 967
24 986
24 1216
24 1217
24 1267
24 1271
25 236
25 242
25 462
25 568
25 569
25 579
25 580
25 638
25 817
25 956
25 957
25 958
25 959
25 960
25 968
25 986
25 1215
25 1216
25 1267
25 1271
26 236
26 243
26 462
26 569
26 570
26 580
26 581
26 638
26 639
26 817
26 953
26 954
26 955
26 960
26 968
26 985
26 1213
26 1214
26 1267
26 1271
27 236
27 243
27 462
27 571
27 572
27 582
27 583
27 639
27 640
27 641
27 642
27 643
27 644
27 645
27 646
27 647
27 648
27 649
27 650
27 651
27 652
27 653
27 654
27 655
27 817
27 943
27 944
27 945
27 946
27 947
27 948
27 949
27 950
27 951
27 952
27 960
27 968
27 983
27 984
27 1211
27 1212
27 1267
27 1271
28 236
28 243
28 462
28 573
28 574
28 583
28 584
28 656
28 817
28 941
28 942
28 960
28 967
28 983
28 1210
28 1211
28 1267
28 1271
29 236
29 243
29 462
29 575
29 576
29 585
29 586
29 656
29 817
29 818
29 819
29 940
29 941
29 960
29 967
29 982
29 1209
29 1210
29 1267
29 1271
30 236
30 243
30 462
30 576
30 577
30 586
30 587
30 656
30 820
30 821
30 939
30 940
30 960
30 967
30 982
30 1208
30 1209
30 1267
30 1271
31 236
31 243
31 462
31 578
31 579
31 588
31 589
31 656
31 821
31 822
31 937
31 938
31 960
31 967
31 982
31 1207
31 1208
31 1266
31 1271
32 236
32 243
32 463
32 579
32 580
32 589
32 590
32 655
32 822
32 937
32 960
32 967
32 983
32 1205
32 1206
32 1266
32 1271
33 236
33 243
33 463
33 464
33 581
33 582
33 591
33 592
33 655
33 823
33 936
33 960
33 968
33 983
33 1204
33 1205
33 1266
33 1271
34 236
34 243
34 464
34 465
34 582
34 583
34 593
34 594
34 595
34 596
34 597
34 598
34 599
34 600
34 601
34 602
34 603
34 604
34 605
34 606
34 607
34 608
34 655
34 823
34 936
34 960
34 968
34 983
34 1204
34 1266
34 1272
35 236
35 243
35 465
35 466
35 584
35 585
35 609
35 610
35 611
35 612
35 613
35 614
35 615
35 616
35 617
35 618
35 619
35 620
35 621
35 622
35 623
35 624
35 625
35 626
35 627
35 628
35 629
35 630
35 631
35 632
35 633
35 634
35 635
35 636
35 637
35 823
35 935
35 960
35 968
35 982
35 983
35 1203
35 1266
35 1272
36 236
36 243
36 466
36 467
36 585
36 586
36 638
36 639
36 640
36 641
36 642
36 643
36 644
36 645
36 646
36 647
36 648
36 649
36 650
36 651
36 652
36 653
36 822
36 935
36 960
36 968
36 980
36 981
36 1203
36 1266
36 1272
37 236
37 243
37 468
37 469
37 470
37 471
37 586
37 654
37 821
37 822
37 935
37 960
37 968
37 970
37 980
37 1203
37 1266
37 1272
38 236
38 243
38 472
38 473
38 474
38 585
38 586
38 594
38 595
38 596
38 597
38 598
38 599
38 600
38 601
38 602
38 654
38 820
38 934
38 960
38 967
38 970
38 979
38 1204
38 1266
38 1272
39 236
39 243
39 475
39 476
39 584
39 585
39 592
39 593
39 603
39 604
39 605
39 606
39 607
39 608
39 609
39 610
39 611
39 612
39 613
39 614
39 615
39 616
39 617
39 618
39 619
39 620
39 621
39 622
39 654
39 819
39 934
39 960
39 967
39 970
39 979
39 1204
39 1266
39 1272
40 236
40 243
40 476
40 583
40 584
40 591
40 592
40 623
40 624
40 625
40 626
40 627
40 628
40 629
40 630
40 631
40 632
40 633
40 634
40 635
40 636
40 637
40 638
40 639
40 640
40 641
40 642
40 653
40 819
40 933
40 960
40 970
40 979
40 1204
40 1266
40 1272
41 236
41 243
41 477
41 582
41 583
41 590
41 591
41 643
41 644
41 645
41 646
41 647
41 648
41 649
41 650
41 653
41 820
41 821
41 931
41 932
41 933
41 960
41 965
41 966
41 970
41 978
41 1204
41 1266
41 1272
42 236
42 243
42 477
42 582
42 589
42 651
42 652
42 822
42 930
42 960
42 964
42 970
42 978
42 1204
42 1266
42 1272
43 236
43 243
43 478
43 581
43 588
43 823
43 929
43 960
43 964
43 971
43 978
43 1205
43 1266
43 1272
44 237
44 243
44 478
44 479
44 580
44 581
44 587
44 588
44 651
44 823
44 927
44 928
44 960
44 964
44 971
44 972
44 978
44 1205
44 1266
44 1272
45 237
45 243
45 479
45 480
45 578
45 579
45 586
45 587
45 651
45 824
45 925
45 926
45 960
45 964
45 972
45 973
45 978
45 1206
45 1266
45 1272
46 237
46 243
46 480
46 481
46 482
46 483
46 577
46 578
46 585
46 586
46 651
46 824
46 831
46 832
46 833
46 925
46 960
46 964
46 973
46 974
46 978
46 1206
46 1266
46 1272
47 237
47 243
47 484
47 576
47 577
47 584
47 585
47 652
47 824
47 829
47 830
47 834
47 835
47 836
47 837
47 838
47 839
47 924
47 960
47 964
47 974
47 975
47 978
47 1207
47 1266
47 1272
48 237
48 243
48 484
48 575
48 576
48 583
48 584
48 652
48 824
48 829
48 840
48 909
48 910
48 911
48 924
48 960
48 964
48 975
48 976
48 977
48 978
48 1207
48 1266
48 1272
49 237
49 243
49 484
49 574
49 575
49 581
49 582
49 653
49 824
49 828
49 840
49 856
49 857
49 858
49 859
49 860
49 861
49 862
49 863
49 906
49 907
49 908
49 912
49 913
49 914
49 925
49 960
49 964
49 1208
49 1266
49 1272
50 237
50 243
50 484
50 573
50 574
50 580
50 581
50 653
50 654
50 655
50 825
50 827
50 828
50 840
50 854
50 855
50 864
50 865
50 903
50 904
50 905
50 912
50 925
50 960
50 964
50 1208
50 1266
50 1272
51 237
51 243
51 484
51 499
51 500
51 501
51 502
51 571
51 572
51 579
51 580
51 656
51 657
51 825
51 826
51 827
51 840
51 852
51 853
51 854
51 865
51 866
51 900
51 901
51 902
51 912
51 913
51 914
51 925
51 960
51 963
51 1209
51 1266
51 1272
52 237
52 243
52 484
52 498
52 499
52 503
52 504
52 569
52 570
52 578
52 579
52 658
52 659
52 841
52 842
52 843
52 844
52 845
52 846
52 847
52 848
52 849
52 850
52 851
52 866
52 897
52 898
52 899
52 908
52 909
52 910
52 911
52 925
52 960
52 963
52 1209
52 1266
52 1272
53 237
53 244
53 483
53 496
53 497
53 504
53 505
53 506
53 568
53 569
53 577
53 578
53 660
53 661
53 867
53 895
53 896
53 906
53 907
53 925
53 960
53 963
53 1210
53 1211
53 1212
53 1266
53 1272
54 237
54 244
54 484
54 495
54 496
54 507
54 508
54 567
54 568
54 575
54 576
54 633
54 634
54 635
54 636
54 637
54 638
54 639
54 640
54 641
54 661
54 662
54 868
54 869
54 892
54 893
54 894
54 903
54 904
54 905
54 925
54 960
54 963
54 1213
54 1214
54 1266
54 1272
55 237
55 244
55 484
55 493
55 494
55 508
55 509
55 567
55 574
55 575
55 626
55 627
55 628
55 629
55 630
55 631
55 632
55 642
55 643
55 662
55 870
55 889
55 890
55 891
55 900
55 901
55 902
55 911
55 912
55 925
55 960
55 963
55 1215
55 1266
55 1272
56 237
56 244
56 485
56 486
56 487
56 488
56 489
56 490
56 491
56 492
56 510
56 511
56 512
56 513
56 514
56 515
56 516
56 517
56 518
56 519
56 520
56 521
56 522
56 523
56 566
56 574
56 624
56 625
56 644
56 645
56 661
56 662
56 870
56 886
56 887
56 888
56 898
56 899
56 913
56 914
56 925
56 960
56 963
56 1215
56 1266
56 1272
57 237
57 244
57 524
57 525
57 530
57 566
57 573
57 623
57 624
57 645
57 646
57 658
57 659
57 660
57 661
57 871
57 883
57 884
57 885
57 895
57 896
57 897
57 904
57 905
57 914
57 925
57 960
57 963
57 1215
57 1266
57 1272
58 237
58 244
58 526
58 527
58 528
58 529
58 531
58 532
58 533
58 566
58 572
58 622
58 623
58 646
58 647
58 648
58 649
58 650
58 651
58 652
58 653
58 654
58 655
58 656
58 657
58 871
58 880
58 881
58 882
58 893
58 894
58 903
58 904
58 915
58 926
58 927
58 928
58 929
58 930
58 931
58 961
58 962
58 963
58 1215
58 1267
58 1268
58 1269
58 1270
58 1271
58 1272
59 237
59 244
59 534
59 535
59 536
59 567
59 568
59 569
59 570
59 571
59 621
59 622
59 871
59 878
59 879
59 890
59 891
59 892
59 902
59 903
59 916
59 917
59 918
59 932
59 1215
60 237
60 244
60 537
60 538
60 539
60 619
60 620
60 871
60 877
60 887
60 888
60 889
60 902
60 919
60 932
60 1215
60 1272
61 237
61 244
61 540
61 541
61 542
61 543
61 544
61 545
61 546
61 547
61 548
61 617
61 618
61 619
61 871
61 876
61 884
61 885
61 886
61 901
61 920
61 931
61 932
61 1215
61 1272
62 237
62 244
62 549
62 550
62 551
62 615
62 616
62 871
62 876
62 883
62 889
62 890
62 901
62 920
62 929
62 930
62 931
62 1215
62 1272
63 237
63 244
63 552
63 553
63 614
63 615
63 871
63 876
63 884
63 885
63 891
63 892
63 893
63 894
63 895
63 896
63 897
63 898
63 899
63 900
63 901
63 920
63 927
63 928
63 1215
63 1272
64 237
64 244
64 553
64 554
64 613
64 614
64 872
64 876
64 920
64 926
64 1215
64 1272
65 237
65 244
65 554
65 555
65 613
65 872
65 877
65 878
65 879
65 880
65 881
65 882
65 883
65 884
65 885
65 886
65 887
65 900
65 901
65 920
65 925
65 1216
65 1217
65 1218
65 1219
65 1220
65 1221
65 1222
65 1223
65 1272
66 237
66 244
66 555
66 556
66 612
66 872
66 888
66 889
66 890
66 891
66 892
66 893
66 894
66 895
66 896
66 897
66 898
66 899
66 920
66 924
66 925
66 1224
66 1225
66 1226
66 1227
66 1228
66 1229
66 1230
66 1231
66 1272
67 237
67 244
67 557
67 558
67 612
67 873
67 921
67 924
67 1232
67 1270
67 1271
67 1272
68 237
68 244
68 570
68 571
68 572
68 611
68 873
68 921
68 923
68 1232
68 1266
68 1267
68 1268
68 1269
68 1272
69 237
69 244
69 554
69 555
69 556
69 557
69 558
69 565
69 566
69 567
69 568
69 569
69 573
69 574
69 575
69 576
69 611
69 873
69 888
69 921
69 923
69 1232
69 1262
69 1263
69 1264
69 1265
69 1272
70 237
70 244
70 553
70 559
70 562
70 563
70 564
70 577
70 578
70 611
70 874
70 887
70 1232
70 1258
70 1259
70 1260
70 1261
70 1272
71 237
71 244
71 552
71 560
71 579
71 580
71 611
71 874
71 886
71 887
71 1233
71 1254
71 1255
71 1256
71 1257
71 1272
72 237
72 244
72 552
72 559
72 580
72 581
72 607
72 608
72 609
72 610
72 875
72 876
72 877
72 878
72 879
72 880
72 881
72 882
72 883
72 884
72 885
72 886
72 1233
72 1250
72 1251
72 1252
72 1253
72 1272
73 237
73 244
73 552
73 559
73 581
73 582
73 604
73 605
73 606
73 1233
73 1245
73 1246
73 1247
73 1248
73 1249
73 1272
74 237
74 244
74 552
74 559
74 582
74 601
74 602
74 603
74 1233
74 1241
74 1242
74 1243
74 1244
74 1272
75 237
75 244
75 552
75 559
75 561
75 562
75 563
75 564
75 565
75 566
75 567
75 568
75 569
75 570
75 571
75 572
75 573
75 574
75 575
75 576
75 577
75 578
75 579
75 580
75 582
75 583
75 584
75 585
75 586
75 587
75 588
75 589
75 590
75 591
75 592
75 593
75 594
75 595
75 596
75 597
75 598
75 599
75 600
75 1233
75 1237
75 1238
75 1239
75 1240
75 1272
76 237
76 244
76 552
76 558
76 1234
76 1235
76 1236
76 1272
77 237
77 244
77 552
77 557
77 599
77 1272
78 237
78 244
78 552
78 557
78 599
78 1272
79 237
79 244
79 552
79 557
79 599
79 1272
80 237
80 245
80 552
80 558
80 599
80 1272
81 237
81 245
81 552
81 558
81 599
81 1272
82 237
82 245
82 552
82 558
82 599
82 1272
83 237
83 245
83 552
83 558
83 599
83 1272
84 237
84 245
84 552
84 559
84 561
84 562
84 563
84 564
84 565
84 566
84 567
84 599
84 1272
85 237
85 245
85 552
85 559
85 568
85 599
85 1272
86 237
86 245
86 552
86 559
86 568
86 599
86 1272
87 237
87 245
87 552
87 559
87 568
87 599
87 1272
88 237
88 245
88 552
88 560
88 561
88 562
88 563
88 564
88 565
88 566
88 567
88 568
88 569
88 599
88 1271
89 237
89 245
89 552
89 569
89 599
89 1271
90 237
90 245
90 552
90 558
90 569
90 587
90 588
90 589
90 590
90 591
90 592
90 593
90 594
90 595
90 596
90 597
90 598
90 599
90 1271
91 237
91 245
91 552
91 558
91 570
91 571
91 572
91 573
91 576
91 577
91 578
91 579
91 580
91 581
91 582
91 583
91 584
91 585
91 586
91 1271
92 237
92 245
92 552
92 558
92 574
92 575
92 1271
93 237
93 245
93 552
93 558
93 576
93 577
93 578
93 579
93 580
93 581
93 582
93 1271
94 237
94 245
94 552
94 558
94 582
94 1271
95 237
95 245
95 552
95 558
95 583
95 1271
96 237
96 245
96 552
96 558
96 583
96 1271
97 237
97 245
97 552
97 558
97 583
97 1271
98 237
98 245
98 552
98 558
98 583
98 1271
99 237
99 245
99 552
99 558
99 579
99 580
99 581
99 582
99 1271
100 237
100 245
100 552
100 558
100 577
100 578
100 1271
101 237
101 245
101 552
101 558
101 576
101 1271
102 237
102 245
102 552
102 558
102 576
102 1271
103 237
103 245
103 552
103 558
103 576
103 1271
104 237
104 245
104 552
104 558
104 577
104 578
104 1271
105 237
105 245
105 514
105 515
105 552
105 558
105 579
105 580
105 581
105 582
105 1271
106 237
106 245
106 513
106 516
106 552
106 558
106 583
106 584
106 1271
107 238
107 246
107 512
107 516
107 552
107 558
107 584
107 1271
108 238
108 246
108 512
108 516
108 552
108 558
108 584
108 1271
109 238
109 246
109 512
109 516
109 552
109 559
109 585
109 1271
110 238
110 246
110 512
110 516
110 553
110 559
110 585
110 1271
111 238
111 246
111 512
111 516
111 553
111 559
111 582
111 583
111 584
111 585
111 1271
112 238
112 246
112 512
112 516
112 553
112 559
112 578
112 579
112 580
112 581
112 1271
113 238
113 246
113 512
113 516
113 553
113 559
113 577
113 1271
114 238
114 246
114 512
114 516
114 553
114 559
114 576
114 1271
115 238
115 246
115 512
115 516
115 553
115 559
115 577
115 578
115 579
115 580
115 1271
116 238
116 246
116 512
116 517
116 518
116 519
116 520
116 521
116 522
116 523
116 553
116 559
116 581
116 1271
117 238
117 246
117 512
117 517
117 524
117 553
117 559
117 582
117 1271
118 238
118 246
118 512
118 516
118 525
118 553
118 559
118 582
118 1271
119 238
119 246
119 512
119 516
119 525
119 526
119 527
119 553
119 559
119 583
119 1271
120 238
120 246
120 512
120 516
120 528
120 529
120 530
120 553
120 559
120 583
120 1271
121 238
121 246
121 512
121 516
121 531
121 553
121 559
121 584
121 1271
122 238
122 246
122 512
122 516
122 531
122 553
122 559
122 584
122 1270
123 238
123 246
123 512
123 516
123 531
123 553
123 559
123 585
123 1270
124 238
124 246
124 512
124 516
124 531
124 553
124 559
124 582
124 583
124 1270
125 238
125 246
125 512
125 516
125 528
125 529
125 530
125 553
125 559
125 578
125 579
125 580
125 581
125 1270
126 238
126 246
126 512
126 516
126 526
126 527
126 553
126 559
126 577
126 1270
127 238
127 246
127 512
127 516
127 526
127 553
127 559
127 576
127 1270
128 238
128 246
128 512
128 516
128 525
128 528
128 530
128 553
128 559
128 576
128 1270
129 238
129 246
129 512
129 516
129 526
129 527
129 530
129 553
129 559
129 576
129 1270
130 238
130 246
130 512
130 516
130 531
130 553
130 559
130 572
130 573
130 574
130 575
130 576
130 1270
131 238
131 246
131 512
131 516
131 531
131 553
131 560
131 563
131 564
131 571
131 1270
132 238
132 246
132 512
132 516
132 531
132 553
132 562
132 565
132 566
132 567
132 568
132 569
132 570
132 1270
133 238
133 246
133 512
133 516
133 528
133 529
133 530
133 531
133 553
133 561
133 1270
134 238
134 247
134 512
134 517
134 526
134 527
134 553
134 561
134 1270
135 238
135 247
135 512
135 517
135 526
135 553
135 561
135 1270
136 238
136 247
136 512
136 517
136 526
136 527
136 528
136 529
136 553
136 561
136 1270
137 238
137 247
137 512
137 517
137 530
137 531
137 553
137 561
137 1270
138 238
138 247
138 512
138 517
138 531
138 553
138 561
138 1270
139 238
139 247
139 512
139 517
139 531
139 553
139 561
139 1270
140 238
140 247
140 512
140 517
140 530
140 531
140 553
140 561
140 1270
141 238
141 247
141 512
141 517
141 528
141 529
141 553
141 561
141 1270
142 238
142 247
142 512
142 517
142 527
142 553
142 561
142 1270
143 238
143 247
143 512
143 517
143 526
143 553
143 561
143 966
143 967
143 968
143 1270
144 238
144 247
144 512
144 517
144 525
144 526
144 553
144 561
144 965
144 966
144 968
144 1270
145 238
145 247
145 512
145 517
145 524
145 553
145 561
145 964
145 965
145 968
145 1270
146 238
146 247
146 512
146 518
146 519
146 520
146 521
146 522
146 523
146 553
146 561
146 964
146 968
146 1270
147 238
147 247
147 512
147 518
147 553
147 561
147 963
147 968
147 1270
148 238
148 247
148 512
148 517
148 553
148 561
148 963
148 968
148 1270
149 238
149 247
149 512
149 517
149 553
149 561
149 910
149 911
149 912
149 913
149 914
149 915
149 916
149 917
149 918
149 919
149 920
149 921
149 922
149 923
149 924
149 925
149 926
149 927
149 928
149 929
149 930
149 963
149 968
149 1270
150 238
150 247
150 512
150 517
150 553
150 561
150 875
150 876
150 877
150 878
150 879
150 880
150 881
150 882
150 883
150 884
150 885
150 886
150 887
150 888
150 889
150 890
150 891
150 892
150 893
150 894
150 895
150 896
150 897
150 898
150 899
150 900
150 901
150 902
150 903
150 904
150 905
150 906
150 907
150 908
150 909
150 931
150 932
150 962
150 968
150 1270
151 238
151 247
151 512
151 517
151 553
151 561
151 853
151 854
151 855
151 856
151 857
151 858
151 859
151 860
151 861
151 862
151 863
151 864
151 865
151 866
151 867
151 868
151 869
151 870
151 871
151 872
151 873
151 874
151 932
151 962
151 968
151 1270
152 238
152 247
152 512
152 517
152 553
152 561
152 839
152 840
152 841
152 842
152 843
152 844
152 845
152 846
152 847
152 848
152 849
152 850
152 851
152 852
152 933
152 962
152 968
152 1270
153 238
153 247
153 512
153 517
153 553
153 561
153 837
153 838
153 933
153 961
153 968
153 1270
154 238
154 247
154 512
154 517
154 553
154 561
154 835
154 836
154 934
154 960
154 961
154 968
154 1270
155 238
155 247
155 512
155 517
155 553
155 561
155 833
155 834
155 934
155 960
155 968
155 1270
156 238
156 247
156 512
156 517
156 553
156 561
156 831
156 832
156 935
156 959
156 968
156 1270
157 238
157 247
157 512
157 517
157 553
157 561
157 829
157 830
157 935
157 959
157 968
157 1269
158 238
158 247
158 512
158 517
158 553
158 561
158 828
158 829
158 936
158 959
158 968
158 1269
159 238
159 247
159 512
159 517
159 553
159 561
159 827
159 828
159 936
159 959
159 968
159 1269
160 238
160 247
160 512
160 517
160 553
160 561
160 825
160 826
160 937
160 959
160 968
160 1195
160 1196
160 1197
160 1198
160 1199
160 1200
160 1201
160 1202
160 1203
160 1204
160 1205
160 1206
160 1207
160 1208
160 1209
160 1210
160 1211
160 1212
160 1213
160 1214
160 1215
160 1216
160 1217
160 1218
160 1219
160 1220
160 1221
160 1222
160 1223
160 1224
160 1225
160 1226
160 1227
160 1228
160 1229
160 1269
161 238
161 248
161 512
161 517
161 553
161 561
161 824
161 825
161 937
161 959
161 968
161 1187
161 1188
161 1189
161 1190
161 1191
161 1192
161 1193
161 1194
161 1230
161 1231
161 1232
161 1233
161 1234
161 1235
161 1236
161 1237
161 1238
161 1239
161 1240
161 1241
161 1242
161 1243
161 1244
161 1245
161 1246
161 1247
161 1248
161 1249
161 1250
161 1251
161 1252
161 1253
161 1254
161 1255
161 1256
161 1257
161 1258
161 1259
161 1260
161 1261
161 1262
161 1263
161 1264
161 1265
161 1269
162 238
162 248
162 513
162 517
162 553
162 561
162 823
162 824
162 937
162 959
162 968
162 1178
162 1179
162 1180
162 1181
162 1182
162 1183
162 1184
162 1185
162 1186
162 1266
162 1267
162 1268
162 1269
163 238
163 248
163 513
163 517
163 551
163 553
163 561
163 822
163 823
163 938
163 959
163 968
163 1167
163 1168
163 1169
163 1170
163 1171
163 1172
163 1173
163 1174
163 1175
163 1176
163 1177
163 1269
164 238
164 248
164 513
164 517
164 551
164 553
164 561
164 821
164 822
164 938
164 959
164 968
164 1154
164 1155
164 1156
164 1157
164 1158
164 1159
164 1160
164 1161
164 1162
164 1163
164 1164
164 1165
164 1166
164 1269
165 238
165 248
165 513
165 517
165 550
165 553
165 561
165 820
165 821
165 938
165 959
165 968
165 1139
165 1140
165 1141
165 1142
165 1143
165 1144
165 1145
165 1146
165 1147
165 1148
165 1149
165 1150
165 1151
165 1152
165 1153
165 1269
166 238
166 248
166 513
166 517
166 550
166 553
166 561
166 818
166 819
166 939
166 959
166 968
166 1132
166 1133
166 1134
166 1135
166 1136
166 1137
166 1138
166 1269
167 238
167 248
167 513
167 517
167 550
167 553
167 561
167 817
167 818
167 939
167 959
167 968
167 1130
167 1131
167 1269
168 238
168 248
168 513
168 517
168 550
168 553
168 561
168 816
168 817
168 939
168 959
168 968
168 1129
168 1130
168 1269
169 238
169 248
169 513
169 517
169 550
169 553
169 562
169 815
169 816
169 940
169 959
169 968
169 1128
169 1129
169 1269
170 238
170 248
170 513
170 517
170 549
170 553
170 562
170 815
170 940
170 959
170 968
170 1128
170 1269
171 239
171 248
171 513
171 517
171 549
171 553
171 562
171 814
171 940
171 959
171 968
171 1127
171 1269
172 239
172 248
172 513
172 517
172 549
172 553
172 562
172 813
172 814
172 940
172 959
172 968
172 1126
172 1127
172 1269
173 238
173 239
173 248
173 513
173 517
173 549
173 553
173 562
173 812
173 813
173 940
173 959
173 968
173 1125
173 1126
173 1269
174 236
174 237
174 248
174 513
174 517
174 549
174 553
174 562
174 810
174 811
174 940
174 959
174 968
174 1122
174 1124
174 1125
174 1269
175 235
175 248
175 513
175 517
175 549
175 553
175 562
175 809
175 810
175 940
175 959
175 968
175 1124
175 1269
176 234
176 248
176 513
176 517
176 549
176 553
176 562
176 807
176 808
176 940
176 959
176 968
176 1123
176 1269
177 25
177 26
177 27
177 28
177 29
177 30
177 31
177 32
177 33
177 34
177 35
177 36
177 37
177 38
177 39
177 40
177 41
177 42
177 43
177 44
177 45
177 46
177 47
177 48
177 49
177 234
177 248
177 513
177 517
177 549
177 553
177 562
177 806
177 807
177 940
177 959
177 968
177 1122
177 1123
177 1269
178 0
178 1
178 2
178 3
178 4
178 5
178 6
178 7
178 8
178 9
178 10
178 11
178 12
178 13
178 14
178 15
178 16
178 17
178 18
178 19
178 20
178 21
178 22
178 23
178 24
178 50
178 51
178 52
178 53
178 54
178 55
178 234
178 248
178 513
178 517
178 549
178 553
178 562
178 805
178 806
178 940
178 959
178 968
178 1122
178 1269
179 56
179 57
179 58
179 59
179 234
179 248
179 513
179 517
179 549
179 553
179 562
179 804
179 805
179 940
179 959
179 968
179 1121
179 1269
180 60
180 61
180 62
180 63
180 234
180 248
180 513
180 517
180 550
180 553
180 562
180 802
180 803
180 940
180 957
180 958
180 959
180 968
180 1120
180 1121
180 1269
181 64
181 65
181 66
181 67
181 68
181 234
181 248
181 513
181 517
181 550
181 553
181 562
181 801
181 802
181 940
181 969
181 1052
181 1053
181 1054
181 1055
181 1062
181 1120
181 1269
182 69
182 70
182 71
182 234
182 248
182 513
182 517
182 550
182 553
182 562
182 800
182 801
182 959
182 975
182 976
182 977
182 978
182 979
182 980
182 981
182 982
182 983
182 984
182 1023
182 1024
182 1048
182 1049
182 1050
182 1051
182 1056
182 1057
182 1062
182 1119
182 1269
183 72
183 73
183 74
183 235
183 248
183 513
183 517
183 550
183 553
183 562
183 792
183 793
183 794
183 795
183 796
183 798
183 799
183 941
183 959
183 968
183 1025
183 1044
183 1045
183 1046
183 1047
183 1058
183 1059
183 1062
183 1103
183 1104
183 1105
183 1106
183 1107
183 1108
183 1109
183 1110
183 1111
183 1112
183 1113
183 1114
183 1115
183 1116
183 1118
183 1119
183 1269
184 75
184 76
184 236
184 248
184 513
184 517
184 550
184 553
184 562
184 796
184 797
184 940
184 959
184 968
184 1021
184 1022
184 1026
184 1027
184 1028
184 1029
184 1030
184 1031
184 1032
184 1033
184 1034
184 1035
184 1036
184 1037
184 1038
184 1039
184 1040
184 1041
184 1042
184 1043
184 1052
184 1053
184 1054
184 1055
184 1060
184 1061
184 1062
184 1064
184 1065
184 1066
184 1067
184 1068
184 1069
184 1070
184 1071
184 1072
184 1073
184 1074
184 1075
184 1076
184 1077
184 1078
184 1079
184 1080
184 1081
184 1082
184 1083
184 1084
184 1085
184 1086
184 1087
184 1088
184 1089
184 1090
184 1091
184 1092
184 1093
184 1094
184 1095
184 1096
184 1097
184 1098
184 1099
184 1100
184 1101
184 1102
184 1117
184 1118
184 1269
185 77
185 78
185 79
185 236
185 248
185 513
185 517
185 550
185 553
185 562
185 793
185 794
185 795
185 796
185 938
185 939
185 940
185 942
185 943
185 944
185 945
185 946
185 947
185 948
185 949
185 950
185 951
185 952
185 953
185 954
185 955
185 956
185 957
185 958
185 959
185 961
185 962
185 963
185 964
185 965
185 966
185 967
185 968
185 970
185 971
185 972
185 973
185 974
185 975
185 976
185 977
185 978
185 979
185 980
185 981
185 982
185 983
185 984
185 985
185 986
185 987
185 988
185 989
185 990
185 991
185 992
185 993
185 994
185 995
185 996
185 997
185 998
185 999
185 1000
185 1001
185 1002
185 1003
185 1004
185 1005
185 1006
185 1007
185 1008
185 1009
185 1010
185 1011
185 1012
185 1013
185 1014
185 1015
185 1016
185 1017
185 1018
185 1019
185 1020
185 1117
185 1269
186 80
186 81
186 236
186 513
186 517
186 550
186 553
186 562
186 789
186 790
186 791
186 792
186 856
186 857
186 858
186 859
186 860
186 861
186 862
186 863
186 864
186 865
186 866
186 867
186 868
186 869
186 870
186 871
186 872
186 873
186 874
186 875
186 876
186 877
186 878
186 879
186 880
186 881
186 882
186 883
186 884
186 885
186 886
186 887
186 888
186 889
186 890
186 891
186 892
186 893
186 894
186 895
186 896
186 897
186 898
186 899
186 900
186 901
186 902
186 903
186 904
186 905
186 906
186 907
186 908
186 909
186 910
186 911
186 912
186 913
186 914
186 915
186 916
186 917
186 918
186 919
186 920
186 921
186 922
186 923
186 924
186 925
186 926
186 927
186 928
186 929
186 930
186 931
186 932
186 933
186 934
186 935
186 936
186 937
186 1117
186 1269
187 82
187 83
187 236
187 513
187 517
187 550
187 553
187 562
187 709
187 710
187 711
187 712
187 713
187 714
187 715
187 716
187 717
187 718
187 719
187 720
187 721
187 722
187 723
187 724
187 725
187 726
187 727
187 728
187 729
187 730
187 731
187 732
187 733
187 734
187 735
187 736
187 737
187 738
187 739
187 740
187 741
187 742
187 743
187 744
187 745
187 746
187 747
187 748
187 749
187 750
187 751
187 752
187 753
187 754
187 755
187 756
187 757
187 758
187 759
187 760
187 761
187 762
187 763
187 764
187 765
187 766
187 767
187 768
187 769
187 770
187 771
187 772
187 773
187 774
187 775
187 776
187 777
187 778
187 779
187 780
187 781
187 782
187 783
187 784
187 785
187 786
187 787
187 788
187 794
187 795
187 796
187 797
187 798
187 799
187 800
187 801
187 802
187 803
187 804
187 805
187 806
187 807
187 808
187 809
187 810
187 811
187 812
187 813
187 814
187 815
187 816
187 817
187 818
187 819
187 820
187 821
187 822
187 823
187 824
187 825
187 826
187 827
187 828
187 829
187 830
187 831
187 832
187 833
187 834
187 835
187 836
187 837
187 838
187 839
187 840
187 841
187 842
187 843
187 844
187 845
187 846
187 847
187 848
187 849
187 850
187 851
187 852
187 853
187 854
187 855
187 1116
187 1269
188 84
188 85
188 236
188 511
188 513
188 517
188 550
188 553
188 562
188 631
188 632
188 633
188 634
188 635
188 636
188 637
188 638
188 639
188 640
188 641
188 642
188 643
188 644
188 645
188 646
188 647
188 648
188 649
188 650
188 651
188 652
188 653
188 654
188 655
188 656
188 657
188 658
188 659
188 660
188 661
188 662
188 663
188 664
188 665
188 666
188 667
188 668
188 669
188 670
188 671
188 672
188 673
188 674
188 675
188 676
188 677
188 678
188 679
188 680
188 681
188 682
188 683
188 684
188 685
188 686
188 687
188 688
188 689
188 690
188 691
188 692
188 693
188 694
188 695
188 696
188 697
188 698
188 699
188 700
188 701
188 702
188 703
188 704
188 705
188 706
188 707
188 708
188 789
188 790
188 791
188 1099
188 1100
188 1101
188 1102
188 1103
188 1104
188 1105
188 1106
188 1107
188 1108
188 1109
188 1110
188 1111
188 1112
188 1113
188 1114
188 1116
188 1269
189 86
189 87
189 233
189 234
189 235
189 236
189 511
189 517
189 553
189 562
189 1001
189 1002
189 1003
189 1004
189 1005
189 1006
189 1007
189 1008
189 1009
189 1010
189 1017
189 1018
189 1019
189 1020
189 1021
189 1022
189 1023
189 1024
189 1025
189 1026
189 1027
189 1028
189 1029
189 1030
189 1031
189 1032
189 1033
189 1034
189 1035
189 1036
189 1037
189 1038
189 1039
189 1040
189 1041
189 1042
189 1043
189 1044
189 1045
189 1046
189 1047
189 1048
189 1049
189 1050
189 1051
189 1052
189 1053
189 1054
189 1055
189 1056
189 1057
189 1058
189 1059
189 1060
189 1061
189 1062
189 1063
189 1064
189 1065
189 1066
189 1067
189 1068
189 1069
189 1070
189 1071
189 1072
189 1073
189 1074
189 1075
189 1076
189 1077
189 1078
189 1079
189 1080
189 1081
189 1082
189 1083
189 1084
189 1085
189 1086
189 1087
189 1088
189 1089
189 1090
189 1091
189 1098
189 1115
189 1269
190 88
190 89
190 512
190 513
190 518
190 549
190 550
190 554
190 563
190 631
190 881
190 882
190 883
190 884
190 885
190 886
190 887
190 888
190 889
190 890
190 891
190 892
190 893
190 894
190 895
190 896
190 897
190 898
190 899
190 900
190 901
190 902
190 903
190 904
190 905
190 906
190 907
190 908
190 909
190 910
190 911
190 912
190 913
190 914
190 915
190 916
190 917
190 918
190 919
190 920
190 921
190 922
190 923
190 930
190 931
190 932
190 933
190 934
190 935
190 936
190 937
190 938
190 939
190 940
190 943
190 944
190 945
190 946
190 947
190 948
190 949
190 950
190 951
190 952
190 953
190 954
190 955
190 956
190 957
190 958
190 959
190 960
190 961
190 962
190 963
190 964
190 965
190 966
190 967
190 968
190 969
190 989
190 990
190 991
190 992
190 993
190 994
190 995
190 996
190 997
190 998
190 999
190 1000
190 1011
190 1016
190 1092
190 1097
190 1115
190 1269
191 89
191 90
191 93
191 94
191 236
191 551
191 554
191 631
191 788
191 789
191 790
191 791
191 792
191 793
191 794
191 795
191 796
191 797
191 798
191 799
191 800
191 801
191 802
191 803
191 804
191 805
191 806
191 807
191 808
191 809
191 810
191 811
191 812
191 813
191 814
191 815
191 816
191 817
191 818
191 819
191 820
191 821
191 822
191 823
191 824
191 825
191 826
191 827
191 828
191 829
191 830
191 831
191 832
191 833
191 834
191 835
191 836
191 837
191 838
191 839
191 840
191 841
191 842
191 843
191 844
191 845
191 846
191 847
191 848
191 849
191 850
191 851
191 852
191 853
191 854
191 855
191 856
191 857
191 858
191 859
191 860
191 861
191 862
191 863
191 864
191 865
191 866
191 867
191 868
191 869
191 870
191 871
191 872
191 873
191 874
191 875
191 876
191 877
191 878
191 879
191 880
191 924
191 929
191 941
191 942
191 970
191 971
191 972
191 973
191 974
191 975
191 976
191 977
191 978
191 979
191 980
191 981
191 982
191 983
191 984
191 985
191 986
191 987
191 988
191 1011
191 1015
191 1092
191 1097
191 1115
191 1269
192 91
192 236
192 513
192 518
192 551
192 554
192 562
192 631
192 688
192 689
192 690
192 691
192 692
192 693
192 694
192 695
192 696
192 697
192 698
192 699
192 700
192 701
192 702
192 703
192 704
192 705
192 706
192 707
192 708
192 709
192 710
192 711
192 712
192 713
192 714
192 715
192 716
192 717
192 718
192 719
192 720
192 721
192 722
192 723
192 724
192 725
192 726
192 727
192 728
192 729
192 730
192 731
192 732
192 733
192 741
192 742
192 743
192 744
192 745
192 746
192 747
192 748
192 749
192 750
192 751
192 752
192 753
192 754
192 755
192 756
192 757
192 758
192 759
192 760
192 761
192 762
192 763
192 764
192 765
192 766
192 767
192 768
192 769
192 770
192 771
192 772
192 777
192 778
192 779
192 780
192 781
192 782
192 783
192 784
192 785
192 786
192 787
192 924
192 928
192 941
192 1011
192 1015
192 1092
192 1097
192 1115
192 1268
193 92
193 93
193 236
193 513
193 518
193 552
193 562
193 631
193 638
193 639
193 640
193 641
193 642
193 643
193 644
193 645
193 646
193 647
193 648
193 649
193 650
193 651
193 652
193 653
193 654
193 655
193 656
193 657
193 658
193 659
193 660
193 661
193 662
193 663
193 664
193 665
193 666
193 667
193 668
193 669
193 670
193 671
193 672
193 673
193 674
193 675
193 676
193 677
193 678
193 679
193 680
193 681
193 682
193 683
193 684
193 685
193 686
193 687
193 775
193 776
193 924
193 928
193 941
193 1011
193 1015
193 1092
193 1097
193 1115
193 1268
194 94
194 95
194 236
194 513
194 518
194 553
194 554
194 562
194 631
194 637
194 726
194 727
194 728
194 729
194 730
194 731
194 732
194 733
194 741
194 742
194 743
194 744
194 745
194 746
194 747
194 748
194 749
194 750
194 751
194 752
194 753
194 754
194 755
194 756
194 757
194 758
194 759
194 760
194 761
194 762
194 763
194 764
194 765
194 766
194 767
194 768
194 769
194 770
194 771
194 772
194 773
194 774
194 924
194 928
194 941
194 1011
194 1015
194 1092
194 1097
194 1115
194 1268
195 96
195 97
195 98
195 236
195 513
195 518
195 554
195 562
195 631
195 636
195 670
195 671
195 672
195 673
195 674
195 675
195 676
195 677
195 678
195 679
195 680
195 681
195 682
195 683
195 684
195 685
195 686
195 687
195 688
195 689
195 690
195 691
195 692
195 693
195 694
195 695
195 696
195 697
195 698
195 699
195 700
195 701
195 702
195 703
195 704
195 705
195 706
195 707
195 708
195 709
195 710
195 711
195 712
195 713
195 714
195 715
195 716
195 717
195 718
195 719
195 720
195 721
195 722
195 723
195 724
195 725
195 734
195 740
195 924
195 928
195 941
195 1011
195 1015
195 1092
195 1097
195 1114
195 1268
196 99
196 100
196 101
196 102
196 236
196 513
196 518
196 554
196 562
196 628
196 629
196 630
196 638
196 639
196 640
196 641
196 642
196 643
196 644
196 645
196 646
196 647
196 648
196 649
196 650
196 651
196 652
196 653
196 654
196 655
196 656
196 657
196 658
196 659
196 660
196 661
196 662
196 663
196 664
196 665
196 666
196 667
196 668
196 669
196 734
196 739
196 924
196 928
196 941
196 1011
196 1015
196 1092
196 1097
196 1114
196 1268
197 103
197 104
197 236
197 511
197 512
197 518
197 564
197 631
197 637
197 734
197 739
197 771
197 924
197 928
197 941
197 1011
197 1015
197 1092
197 1097
197 1114
197 1268
198 105
198 236
198 513
198 518
198 551
198 552
198 553
198 554
198 563
198 631
198 636
198 734
198 739
198 771
198 924
198 928
198 941
198 1011
198 1015
198 1072
198 1073
198 1074
198 1075
198 1076
198 1077
198 1078
198 1079
198 1080
198 1081
198 1082
198 1083
198 1084
198 1085
198 1086
198 1087
198 1088
198 1089
198 1090
198 1091
198 1098
198 1099
198 1100
198 1101
198 1102
198 1103
198 1104
198 1105
198 1106
198 1107
198 1108
198 1109
198 1110
198 1111
198 1112
198 1268
199 105
199 237
199 513
199 562
199 632
199 637
199 734
199 739
199 771
199 924
199 928
199 941
199 1011
199 1015
199 1023
199 1024
199 1025
199 1026
199 1027
199 1028
199 1029
199 1030
199 1031
199 1032
199 1033
199 1034
199 1035
199 1036
199 1037
199 1038
199 1039
199 1040
199 1041
199 1042
199 1043
199 1044
199 1045
199 1046
199 1047
199 1048
199 1049
199 1050
199 1051
199 1052
199 1053
199 1054
199 1055
199 1056
199 1057
199 1058
199 1059
199 1060
199 1061
199 1062
199 1063
199 1064
199 1065
199 1066
199 1067
199 1068
199 1069
199 1070
199 1071
199 1113
199 1268
200 106
200 237
200 513
200 519
200 554
200 562
200 632
200 637
200 735
200 739
200 771
200 924
200 928
200 941
200 965
200 966
200 967
200 968
200 969
200 970
200 971
200 972
200 973
200 974
200 975
200 976
200 977
200 978
200 979
200 980
200 981
200 982
200 983
200 984
200 985
200 986
200 987
200 988
200 989
200 990
200 991
200 992
200 993
200 994
200 995
200 996
200 997
200 998
200 999
200 1000
200 1001
200 1002
200 1003
200 1004
200 1005
200 1006
200 1007
200 1008
200 1009
200 1010
200 1016
200 1017
200 1018
200 1019
200 1020
200 1021
200 1022
200 1096
200 1113
200 1268
201 106
201 237
201 513
201 518
201 554
201 562
201 632
201 637
201 735
201 739
201 771
201 895
201 896
201 897
201 898
201 899
201 900
201 901
201 902
201 903
201 904
201 905
201 906
201 907
201 908
201 909
201 910
201 911
201 912
201 913
201 914
201 915
201 916
201 917
201 918
201 919
201 920
201 921
201 922
201 923
201 924
201 929
201 930
201 931
201 932
201 933
201 934
201 935
201 936
201 937
201 938
201 939
201 940
201 941
201 942
201 943
201 944
201 945
201 946
201 947
201 948
201 949
201 950
201 951
201 952
201 953
201 954
201 955
201 956
201 957
201 958
201 959
201 960
201 961
201 962
201 963
201 964
201 1014
201 1096
201 1113
201 1268
202 107
202 237
202 513
202 518
202 554
202 562
202 632
202 637
202 735
202 739
202 771
202 822
202 823
202 824
202 825
202 826
202 827
202 828
202 829
202 830
202 831
202 832
202 833
202 834
202 835
202 836
202 837
202 838
202 839
202 840
202 841
202 842
202 843
202 844
202 845
202 846
202 847
202 848
202 849
202 850
202 851
202 852
202 853
202 854
202 855
202 856
202 857
202 858
202 859
202 860
202 861
202 862
202 863
202 864
202 865
202 866
202 867
202 868
202 869
202 870
202 871
202 872
202 873
202 874
202 875
202 876
202 877
202 878
202 879
202 880
202 881
202 882
202 883
202 884
202 885
202 886
202 887
202 888
202 889
202 890
202 891
202 892
202 893
202 894
202 1062
202 1063
202 1064
202 1065
202 1066
202 1067
202 1068
202 1069
202 1070
202 1071
202 1072
202 1073
202 1074
202 1075
202 1076
202 1077
202 1078
202 1079
202 1080
202 1081
202 1082
202 1083
202 1084
202 1085
202 1086
202 1087
202 1088
202 1089
202 1090
202 1091
202 1099
202 1100
202 1101
202 1102
202 1103
202 1104
202 1105
202 1106
202 1107
202 1108
202 1109
202 1110
202 1111
202 1113
202 1268
203 108
203 109
203 237
203 513
203 518
203 554
203 562
203 632
203 637
203 735
203 739
203 749
203 750
203 751
203 752
203 753
203 754
203 755
203 756
203 757
203 758
203 759
203 760
203 761
203 762
203 763
203 764
203 765
203 766
203 767
203 768
203 769
203 770
203 771
203 772
203 773
203 774
203 775
203 776
203 777
203 778
203 779
203 780
203 781
203 782
203 783
203 784
203 785
203 786
203 787
203 788
203 789
203 790
203 791
203 792
203 793
203 794
203 795
203 796
203 797
203 798
203 799
203 800
203 801
203 802
203 803
203 804
203 805
203 806
203 807
203 808
203 809
203 810
203 811
203 812
203 813
203 814
203 815
203 816
203 817
203 818
203 819
203 820
203 821
203 1005
203 1006
203 1007
203 1008
203 1009
203 1010
203 1014
203 1017
203 1018
203 1019
203 1020
203 1021
203 1022
203 1023
203 1024
203 1025
203 1026
203 1027
203 1028
203 1029
203 1030
203 1031
203 1032
203 1033
203 1034
203 1035
203 1036
203 1037
203 1038
203 1039
203 1040
203 1041
203 1042
203 1043
203 1044
203 1045
203 1046
203 1047
203 1048
203 1049
203 1050
203 1051
203 1052
203 1053
203 1054
203 1055
203 1056
203 1057
203 1058
203 1059
203 1060
203 1061
203 1092
203 1098
203 1112
203 1268
204 109
204 110
204 234
204 235
204 236
204 244
204 513
204 518
204 554
204 562
204 632
204 637
204 676
204 677
204 678
204 679
204 680
204 681
204 682
204 683
204 684
204 685
204 686
204 687
204 688
204 689
204 690
204 691
204 692
204 693
204 694
204 695
204 696
204 697
204 698
204 699
204 700
204 701
204 702
204 703
204 704
204 705
204 706
204 707
204 708
204 709
204 710
204 711
204 712
204 713
204 714
204 715
204 716
204 717
204 718
204 719
204 720
204 721
204 722
204 723
204 724
204 725
204 726
204 727
204 728
204 729
204 730
204 731
204 732
204 733
204 734
204 735
204 740
204 741
204 742
204 743
204 744
204 745
204 746
204 747
204 748
204 949
204 950
204 951
204 952
204 953
204 954
204 955
204 956
204 957
204 958
204 959
204 960
204 961
204 962
204 963
204 964
204 965
204 966
204 967
204 968
204 969
204 970
204 971
204 972
204 973
204 974
204 975
204 976
204 977
204 978
204 979
204 980
204 981
204 982
204 983
204 984
204 985
204 986
204 987
204 988
204 989
204 990
204 991
204 992
204 993
204 994
204 995
204 996
204 997
204 998
204 999
204 1000
204 1001
204 1002
204 1003
204 1004
204 1011
204 1016
204 1092
204 1097
204 1112
204 1268
205 110
205 111
205 112
205 237
205 243
205 513
205 518
205 554
205 562
205 632
205 638
205 639
205 640
205 641
205 642
205 643
205 644
205 645
205 646
205 647
205 648
205 649
205 650
205 651
205 652
205 653
205 654
205 655
205 656
205 657
205 658
205 659
205 660
205 661
205 662
205 663
205 664
205 665
205 666
205 667
205 668
205 669
205 670
205 671
205 672
205 673
205 674
205 675
205 893
205 894
205 895
205 896
205 897
205 898
205 899
205 900
205 901
205 902
205 903
205 904
205 905
205 906
205 907
205 908
205 909
205 910
205 911
205 912
205 913
205 914
205 915
205 916
205 917
205 918
205 919
205 920
205 921
205 922
205 923
205 924
205 931
205 932
205 933
205 934
205 935
205 936
205 937
205 938
205 939
205 940
205 941
205 942
205 943
205 946
205 947
205 948
205 1011
205 1015
205 1092
205 1097
205 1112
205 1268
206 237
206 243
206 513
206 518
206 554
206 562
206 632
206 836
206 837
206 838
206 839
206 840
206 841
206 842
206 843
206 844
206 845
206 846
206 847
206 848
206 849
206 850
206 851
206 852
206 853
206 854
206 855
206 856
206 857
206 858
206 859
206 860
206 861
206 862
206 863
206 864
206 865
206 866
206 867
206 868
206 869
206 870
206 871
206 872
206 873
206 874
206 875
206 876
206 877
206 878
206 879
206 880
206 881
206 882
206 883
206 884
206 885
206 886
206 887
206 888
206 889
206 890
206 891
206 892
206 925
206 930
206 944
206 945
206 1011
206 1015
206 1092
206 1097
206 1112
206 1268
207 237
207 243
207 513
207 518
207 554
207 562
207 632
207 780
207 781
207 782
207 783
207 784
207 785
207 786
207 787
207 788
207 789
207 790
207 791
207 792
207 793
207 794
207 795
207 796
207 797
207 798
207 799
207 800
207 801
207 802
207 803
207 804
207 805
207 806
207 807
207 808
207 809
207 810
207 811
207 812
207 813
207 814
207 815
207 816
207 817
207 818
207 819
207 820
207 821
207 822
207 823
207 824
207 825
207 826
207 827
207 828
207 829
207 830
207 831
207 832
207 833
207 834
207 835
207 925
207 929
207 1011
207 1015
207 1092
207 1097
207 1112
207 1268
208 111
208 237
208 243
208 513
208 518
208 554
208 562
208 632
208 724
208 725
208 726
208 727
208 728
208 729
208 730
208 731
208 732
208 733
208 734
208 740
208 741
208 742
208 743
208 744
208 745
208 746
208 747
208 748
208 749
208 750
208 751
208 752
208 753
208 754
208 755
208 756
208 757
208 758
208 759
208 760
208 761
208 762
208 763
208 764
208 765
208 766
208 767
208 768
208 769
208 772
208 773
208 774
208 775
208 776
208 777
208 778
208 779
208 925
208 929
208 1011
208 1015
208 1112
208 1268
209 111
209 237
209 243
209 518
209 554
209 563
209 632
209 667
209 668
209 669
209 670
209 671
209 672
209 673
209 674
209 675
209 676
209 677
209 678
209 679
209 680
209 681
209 682
209 683
209 684
209 685
209 686
209 687
209 688
209 689
209 690
209 691
209 692
209 693
209 694
209 695
209 696
209 697
209 698
209 699
209 700
209 701
209 702
209 703
209 704
209 705
209 706
209 707
209 708
209 709
209 710
209 711
209 712
209 713
209 714
209 715
209 716
209 717
209 718
209 719
209 720
209 721
209 722
209 723
209 735
209 740
209 925
209 929
209 1011
209 1015
209 1112
209 1268
210 111
210 237
210 243
210 554
210 563
210 632
210 639
210 640
210 641
210 642
210 643
210 644
210 645
210 646
210 647
210 648
210 649
210 650
210 651
210 652
210 653
210 654
210 655
210 656
210 657
210 658
210 659
210 660
210 661
210 662
210 663
210 664
210 665
210 666
210 735
210 740
210 925
210 929
210 1011
210 1015
210 1112
210 1268
211 112
211 237
211 243
211 554
211 563
211 632
211 638
211 735
211 740
211 925
211 929
211 1112
211 1268
212 112
212 237
212 243
212 554
212 563
212 632
212 637
212 735
212 740
212 925
212 929
212 1112
212 1268
213 112
213 237
213 243
213 632
213 637
213 735
213 740
213 1112
213 1268
214 112
214 237
214 243
214 632
214 637
214 735
214 740
214 1111
214 1112
214 1268
215 112
215 237
215 243
215 632
215 637
215 735
215 740
215 1109
215 1110
215 1268
216 113
216 238
216 243
216 632
216 637
216 1107
216 1108
216 1268
217 113
217 238
217 243
217 632
217 637
217 1107
217 1268
218 113
218 632
218 637
218 1106
218 1268
219 113
219 632
219 637
219 1106
219 1268
220 113
220 633
220 637
220 1106
220 1268
221 113
221 1106
221 1268
222 113
222 1106
222 1268
223 113
223 1106
223 1268
224 113
224 1106
224 1268
225 113
225 1106
225 1268
226 113
226 1106
226 1268
227 113
227 1267
228 114
228 1267
229 114
229 1267
230 115
230 1267
231 116
231 117
231 1267
232 118
232 119
232 1267
233 119
233 1267
234 119
234 1267
235 119
235 1267
236 120
236 1267
237 120
237 1267
238 1267
239 1267
240 1267
241 1267
242 1267
243 1266
243 1267
244 1265
244 1266
245 1264
245 1265
246 1263
246 1264
247 1263
248 1262
249 1262
250 1262
251 1262
252 1262
253 1259
253 1260
253 1261
253 1262
254 1262
255 1262
256 1262
257 1262
258 1262
259 1262
260 1262
261 1262
262 1262
263 1262
264 1262
265 1262
266 1262
267 1262
268 1262
269 1262
270 1262
271 1262
272 1262
273 1262
274 1262
275 1262
276 1262
277 1262
278 1262
279 1262
280 1262
281 1262
282 1262
283 1262
284 1262
285 1262
286 1262
287 1262
288 1262
289 1262
290 1262
291 1262
292 1262
293 1262
294 1262
295 1262
296 1262
297 1262
298 1262
299 1262
300 1262
301 1262
302 1262
303 1262
304 1262
305 1262
306 1262
307 1262
308 1262
309 1262
310 1262
311 1262
312 1262
313 1262
314 1262
315 1262
316 1262
317 1261
318 1261
319 1261
320 1261
321 1261
322 1261
323 1261
324 1261
325 1261
326 1261
327 1261
328 1261
329 1261
330 1261
331 1261
332 1261
333 1261
334 1261
335 1261
336 1261
337 1261
338 1261
339 1261
340 1261
341 1261
342 1261
343 1261
344 1261
345 1261
346 1261
347 1261
348 1261
349 1261
350 1261
351 1261
352 1261
353 1261
354 1261
355 1261
356 1261
357 1261
358 1261
359 1261
360 1261
361 1261
362 1261
363 1261
364 1261
365 1261
366 1261
367 1261
368 1261
369 1261
370 1261
371 1261
372 1261
373 1261
374 1261
375 1261
376 1261
377 1261
378 1261
379 1261
380 1261
381 1261
382 1261
383 1261
