0 421
0 520
0 683
0 815
0 872
0 1147
1 421
1 518
1 519
1 520
1 683
1 816
1 872
1 1147
1 1198
1 1199
1 1200
1 1201
1 1202
1 1203
1 1204
1 1205
1 1206
1 1207
1 1208
1 1209
1 1210
1 1211
1 1212
1 1213
1 1214
1 1215
1 1216
1 1217
1 1218
1 1219
1 1220
1 1221
1 1222
1 1223
1 1224
1 1225
1 1226
1 1227
1 1228
1 1229
1 1230
2 421
2 517
2 683
2 816
2 817
2 818
2 819
2 820
2 821
2 822
2 823
2 872
2 1147
2 1198
3 422
3 514
3 515
3 517
3 683
3 872
3 1147
3 1198
3 1199
3 1229
3 1230
4 422
4 514
4 683
4 822
4 823
4 872
4 1147
4 1156
4 1157
4 1158
4 1159
4 1199
4 1228
5 422
5 513
5 682
5 822
5 872
5 1147
5 1155
5 1160
5 1199
5 1226
5 1227
6 422
6 512
6 513
6 682
6 822
6 829
6 837
6 872
6 1147
6 1154
6 1160
6 1161
6 1199
6 1224
6 1225
7 422
7 511
7 512
7 683
7 684
7 685
7 686
7 687
7 822
7 823
7 824
7 825
7 826
7 827
7 828
7 830
7 831
7 832
7 833
7 834
7 836
7 872
7 1147
7 1154
7 1161
7 1162
7 1200
7 1223
7 1224
8 422
8 511
8 688
8 836
8 872
8 1147
8 1153
8 1162
8 1163
8 1164
8 1165
8 1200
8 1222
8 1223
9 423
9 510
9 688
9 833
9 834
9 872
9 1147
9 1152
9 1153
9 1166
9 1167
9 1168
9 1201
9 1222
9 1276
9 1277
9 1278
9 1279
10 423
10 509
10 510
10 688
10 832
10 833
10 872
10 1147
10 1151
10 1152
10 1201
10 1222
10 1276
11 423
11 509
11 688
11 831
11 832
11 872
11 1148
11 1150
11 1167
11 1168
11 1200
11 1201
11 1222
11 1223
11 1224
11 1225
11 1226
11 1227
11 1228
11 1229
11 1230
11 1231
11 1276
11 1277
12 423
12 508
12 688
12 830
12 872
12 1148
12 1166
12 1167
12 1199
12 1277
13 423
13 507
13 508
13 689
13 690
13 691
13 829
13 872
13 1148
13 1165
13 1166
13 1199
13 1231
13 1278
14 423
14 507
14 692
14 693
14 829
14 872
14 1148
14 1164
14 1165
14 1199
14 1200
14 1231
14 1278
15 423
15 505
15 506
15 694
15 695
15 696
15 697
15 698
15 830
15 872
15 1148
15 1163
15 1164
15 1184
15 1200
15 1232
15 1233
15 1234
15 1235
15 1279
16 424
16 504
16 831
16 832
16 872
16 1148
16 1161
16 1162
16 1183
16 1185
16 1200
16 1236
16 1237
17 424
17 425
17 505
17 506
17 507
17 698
17 833
17 834
17 848
17 849
17 850
17 872
17 1148
17 1160
17 1161
17 1174
17 1175
17 1176
17 1177
17 1178
17 1179
17 1180
17 1181
17 1182
17 1183
17 1185
17 1200
17 1237
18 425
18 426
18 507
18 697
18 834
18 847
18 851
18 852
18 872
18 1148
18 1160
18 1174
18 1185
18 1201
18 1237
19 426
19 427
19 507
19 696
19 697
19 834
19 846
19 852
19 853
19 872
19 1148
19 1159
19 1174
19 1175
19 1186
19 1201
19 1237
20 427
20 505
20 506
20 694
20 695
20 834
20 846
20 854
20 855
20 872
20 1148
20 1159
20 1176
20 1177
20 1186
20 1201
20 1237
21 428
21 504
21 692
21 693
21 833
21 846
21 855
21 872
21 1148
21 1160
21 1177
21 1178
21 1187
21 1201
21 1236
21 1237
22 428
22 505
22 506
22 507
22 508
22 509
22 692
22 833
22 846
22 854
22 855
22 872
22 1148
22 1160
22 1161
22 1179
22 1180
22 1188
22 1189
22 1190
22 1191
22 1200
22 1201
22 1235
22 1236
22 1254
22 1255
22 1256
23 429
23 510
23 511
23 512
23 513
23 692
23 833
23 846
23 853
23 854
23 872
23 1148
23 1162
23 1163
23 1164
23 1165
23 1170
23 1171
23 1172
23 1173
23 1174
23 1175
23 1180
23 1192
23 1193
23 1194
23 1195
23 1199
23 1200
23 1233
23 1234
23 1253
23 1257
23 1258
23 1259
23 1260
23 1266
23 1267
23 1268
24 429
24 430
24 514
24 515
24 692
24 834
24 845
24 853
24 872
24 1148
24 1166
24 1167
24 1168
24 1169
24 1176
24 1177
24 1178
24 1179
24 1180
24 1196
24 1197
24 1198
24 1199
24 1233
24 1252
24 1261
24 1262
24 1263
24 1264
24 1265
24 1268
24 1269
25 430
25 431
25 515
25 693
25 834
25 835
25 838
25 839
25 840
25 841
25 842
25 845
25 852
25 872
25 1148
25 1232
25 1252
25 1270
25 1271
26 431
26 516
26 693
26 837
26 843
26 852
26 872
26 1148
26 1232
26 1251
26 1271
26 1272
27 432
27 445
27 446
27 447
27 448
27 449
27 450
27 451
27 452
27 453
27 516
27 517
27 694
27 836
27 844
27 852
27 872
27 1148
27 1232
27 1250
27 1251
27 1272
27 1273
27 1274
27 1275
27 1276
27 1277
27 1278
27 1279
28 432
28 433
28 443
28 444
28 454
28 455
28 518
28 694
28 836
28 844
28 852
28 859
28 860
28 861
28 872
28 1148
28 1232
28 1248
28 1249
29 434
29 435
29 441
29 442
29 455
29 518
29 694
29 836
29 844
29 852
29 858
29 862
29 863
29 864
29 865
29 866
29 867
29 868
29 872
29 1148
29 1232
29 1246
29 1247
29 1248
30 436
30 437
30 438
30 439
30 440
30 456
30 518
30 694
30 836
30 844
30 852
30 857
30 858
30 869
30 870
30 872
30 1148
30 1233
30 1244
30 1245
31 456
31 457
31 518
31 519
31 694
31 836
31 844
31 853
31 854
31 855
31 856
31 870
31 872
31 1148
31 1233
31 1234
31 1235
31 1236
31 1237
31 1238
31 1239
31 1240
31 1241
31 1242
31 1243
31 1244
32 457
32 520
32 694
32 836
32 844
32 870
32 872
32 1149
33 458
33 521
33 693
33 836
33 844
33 872
33 1149
34 458
34 459
34 521
34 693
34 836
34 844
34 872
34 1149
35 459
35 460
35 461
35 522
35 692
35 836
35 844
35 872
35 1149
36 462
36 463
36 464
36 465
36 518
36 522
36 692
36 836
36 844
36 870
36 872
36 1149
37 466
37 467
37 468
37 516
37 517
37 519
37 520
37 521
37 522
37 693
37 694
37 836
37 844
37 867
37 868
37 869
37 872
37 1149
38 469
38 470
38 515
38 516
38 694
38 695
38 836
38 844
38 865
38 866
38 872
38 1149
39 470
39 471
39 514
39 515
39 695
39 696
39 836
39 844
39 865
39 872
39 1149
40 472
40 473
40 514
40 696
40 697
40 836
40 844
40 865
40 866
40 867
40 872
40 1149
41 473
41 474
41 508
41 513
41 697
41 836
41 844
41 868
41 872
41 1149
42 474
42 507
42 509
42 513
42 697
42 836
42 844
42 868
42 872
42 1149
43 475
43 484
43 485
43 486
43 487
43 507
43 509
43 514
43 515
43 698
43 836
43 844
43 869
43 870
43 872
43 1149
44 476
44 477
44 481
44 482
44 483
44 488
44 489
44 507
44 509
44 516
44 517
44 698
44 836
44 844
44 872
44 1149
45 477
45 478
45 479
45 480
45 490
45 507
45 510
45 517
45 695
45 696
45 697
45 698
45 836
45 844
45 872
45 1149
46 491
46 507
46 510
46 511
46 512
46 517
46 694
46 836
46 844
46 872
46 1149
47 491
47 507
47 513
47 514
47 515
47 516
47 517
47 693
47 836
47 844
47 864
47 865
47 866
47 867
47 868
47 869
47 870
47 872
47 1149
48 491
48 507
48 693
48 836
48 844
48 863
48 872
48 1149
49 492
49 507
49 693
49 836
49 844
49 862
49 873
49 1149
50 492
50 508
50 693
50 694
50 695
50 696
50 697
50 698
50 699
50 836
50 844
50 863
50 873
50 1149
51 493
51 508
51 699
51 836
51 844
51 863
51 864
51 873
51 1149
52 493
52 494
52 509
52 699
52 836
52 844
52 865
52 866
52 867
52 868
52 869
52 870
52 871
52 872
52 873
52 1149
53 494
53 509
53 699
53 835
53 844
53 873
53 1149
54 494
54 510
54 699
54 835
54 844
54 871
54 873
54 1150
55 494
55 510
55 511
55 699
55 835
55 844
55 871
55 873
55 1150
56 494
56 511
56 512
56 698
56 835
56 844
56 870
56 873
56 1150
57 494
57 512
57 513
57 698
57 835
57 844
57 869
57 870
57 873
57 1150
58 494
58 514
58 515
58 698
58 835
58 844
58 867
58 868
58 873
58 1150
59 494
59 515
59 516
59 697
59 835
59 844
59 866
59 867
59 873
59 1150
60 494
60 516
60 697
60 835
60 844
60 864
60 865
60 873
60 1150
60 1277
60 1278
60 1279
61 494
61 515
61 516
61 697
61 785
61 786
61 787
61 788
61 789
61 790
61 795
61 796
61 797
61 798
61 835
61 844
61 860
61 861
61 862
61 863
61 873
61 1150
61 1270
61 1271
61 1272
61 1273
61 1274
61 1275
61 1276
62 495
62 514
62 515
62 696
62 697
62 783
62 784
62 791
62 792
62 793
62 794
62 799
62 800
62 801
62 802
62 803
62 804
62 805
62 806
62 807
62 808
62 809
62 810
62 811
62 812
62 813
62 835
62 844
62 859
62 873
62 1150
62 1262
62 1263
62 1264
62 1265
62 1266
62 1267
62 1268
62 1269
63 495
63 496
63 514
63 695
63 783
63 814
63 815
63 816
63 817
63 818
63 819
63 820
63 835
63 844
63 860
63 861
63 862
63 873
63 1150
63 1255
63 1256
63 1257
63 1258
63 1259
63 1260
63 1261
64 497
64 498
64 513
64 694
64 782
64 794
64 821
64 835
64 844
64 863
64 864
64 865
64 866
64 873
64 1150
64 1247
64 1248
64 1249
64 1250
64 1251
64 1252
64 1253
64 1254
65 499
65 513
65 695
65 783
65 794
65 821
65 835
65 844
65 867
65 873
65 1150
65 1239
65 1240
65 1241
65 1242
65 1243
65 1244
65 1245
65 1246
66 499
66 513
66 695
66 783
66 784
66 793
66 794
66 795
66 796
66 797
66 798
66 799
66 800
66 801
66 802
66 803
66 804
66 821
66 835
66 844
66 867
66 873
66 1150
66 1232
66 1233
66 1234
66 1235
66 1236
66 1237
66 1238
67 499
67 513
67 696
67 784
67 785
67 786
67 787
67 788
67 789
67 790
67 791
67 792
67 805
67 806
67 807
67 808
67 809
67 810
67 811
67 812
67 813
67 814
67 815
67 816
67 817
67 821
67 835
67 844
67 867
67 873
67 1150
67 1225
67 1226
67 1227
67 1228
67 1229
67 1230
67 1231
68 499
68 511
68 512
68 696
68 818
68 821
68 835
68 844
68 868
68 873
68 1150
68 1217
68 1218
68 1219
68 1220
68 1221
68 1222
68 1223
68 1224
69 499
69 511
69 697
69 818
69 821
69 835
69 844
69 869
69 870
69 873
69 1150
69 1210
69 1211
69 1212
69 1213
69 1214
69 1215
69 1216
70 498
70 511
70 697
70 818
70 821
70 835
70 844
70 871
70 873
70 1150
70 1204
70 1205
70 1206
70 1207
70 1208
70 1209
71 498
71 511
71 697
71 818
71 821
71 835
71 844
71 873
71 1150
71 1198
71 1199
71 1200
71 1201
71 1202
71 1203
72 498
72 509
72 510
72 511
72 698
72 818
72 821
72 835
72 844
72 873
72 1150
72 1193
72 1194
72 1195
72 1196
72 1197
73 499
73 507
73 508
73 698
73 699
73 818
73 821
73 835
73 844
73 873
73 1151
73 1152
73 1187
73 1188
73 1189
73 1190
73 1191
73 1192
74 499
74 506
74 507
74 699
74 818
74 821
74 835
74 844
74 873
74 1151
74 1154
74 1181
74 1182
74 1183
74 1184
74 1185
74 1186
75 500
75 505
75 700
75 818
75 821
75 835
75 844
75 873
75 1151
75 1154
75 1159
75 1160
75 1161
75 1162
75 1174
75 1175
75 1176
75 1177
75 1178
75 1179
75 1180
76 500
76 505
76 700
76 818
76 821
76 835
76 844
76 873
76 1151
76 1155
76 1158
76 1159
76 1163
76 1164
76 1165
76 1166
76 1167
76 1168
76 1169
76 1170
76 1171
76 1172
76 1173
77 501
77 506
77 700
77 818
77 821
77 835
77 844
77 873
77 1151
77 1155
77 1156
77 1157
77 1166
78 501
78 506
78 700
78 818
78 821
78 835
78 844
78 873
78 1151
78 1174
78 1175
79 502
79 506
79 701
79 818
79 821
79 835
79 845
79 873
79 1151
79 1166
79 1173
79 1176
79 1177
79 1178
80 502
80 503
80 507
80 701
80 702
80 818
80 821
80 835
80 845
80 873
80 1151
80 1167
80 1172
80 1179
80 1180
81 503
81 504
81 505
81 507
81 702
81 703
81 818
81 821
81 835
81 845
81 873
81 1151
81 1167
81 1172
81 1181
82 506
82 703
82 818
82 821
82 835
82 845
82 873
82 1151
82 1167
82 1172
82 1182
83 703
83 818
83 821
83 835
83 845
83 873
83 1151
83 1168
83 1172
83 1182
84 703
84 818
84 821
84 835
84 845
84 873
84 1151
84 1168
84 1169
84 1170
84 1171
84 1172
84 1182
85 702
85 818
85 821
85 835
85 845
85 873
85 1151
85 1182
86 702
86 818
86 821
86 835
86 845
86 873
86 1151
86 1182
86 1185
86 1186
87 702
87 818
87 821
87 835
87 845
87 873
87 1139
87 1140
87 1141
87 1142
87 1143
87 1144
87 1145
87 1146
87 1147
87 1148
87 1149
87 1150
87 1151
87 1182
87 1184
87 1187
88 701
88 702
88 818
88 821
88 835
88 845
88 873
88 1115
88 1116
88 1117
88 1118
88 1119
88 1120
88 1121
88 1122
88 1123
88 1124
88 1125
88 1126
88 1127
88 1128
88 1129
88 1130
88 1131
88 1132
88 1133
88 1134
88 1135
88 1136
88 1137
88 1138
88 1187
89 701
89 818
89 821
89 835
89 845
89 873
89 1090
89 1091
89 1092
89 1093
89 1094
89 1095
89 1096
89 1097
89 1098
89 1099
89 1100
89 1101
89 1102
89 1103
89 1104
89 1105
89 1106
89 1107
89 1108
89 1109
89 1110
89 1111
89 1112
89 1113
89 1114
89 1187
90 700
90 818
90 821
90 835
90 845
90 873
90 1064
90 1065
90 1066
90 1067
90 1068
90 1069
90 1070
90 1071
90 1072
90 1073
90 1074
90 1075
90 1078
90 1079
90 1080
90 1081
90 1082
90 1083
90 1084
90 1085
90 1086
90 1087
90 1088
90 1089
90 1187
91 700
91 818
91 821
91 835
91 845
91 873
91 1039
91 1040
91 1041
91 1042
91 1043
91 1044
91 1045
91 1046
91 1047
91 1048
91 1049
91 1050
91 1051
91 1052
91 1053
91 1054
91 1055
91 1056
91 1057
91 1058
91 1059
91 1060
91 1061
91 1062
91 1063
91 1076
91 1077
91 1187
92 699
92 818
92 821
92 835
92 845
92 873
92 1017
92 1018
92 1019
92 1020
92 1021
92 1022
92 1023
92 1024
92 1025
92 1026
92 1027
92 1028
92 1029
92 1030
92 1031
92 1032
92 1033
92 1034
92 1035
92 1036
92 1037
92 1038
92 1187
93 699
93 818
93 821
93 835
93 845
93 873
93 989
93 990
93 991
93 992
93 993
93 994
93 995
93 996
93 997
93 998
93 999
93 1000
93 1001
93 1002
93 1003
93 1004
93 1005
93 1006
93 1007
93 1008
93 1009
93 1010
93 1011
93 1012
93 1013
93 1014
93 1015
93 1016
93 1076
93 1187
94 699
94 818
94 821
94 835
94 845
94 873
94 964
94 965
94 966
94 967
94 968
94 969
94 971
94 972
94 973
94 974
94 975
94 976
94 977
94 978
94 979
94 980
94 981
94 982
94 983
94 984
94 985
94 986
94 987
94 988
94 1075
94 1187
95 700
95 818
95 821
95 835
95 845
95 873
95 938
95 939
95 940
95 941
95 942
95 943
95 944
95 945
95 946
95 947
95 948
95 949
95 950
95 951
95 952
95 953
95 954
95 955
95 956
95 957
95 958
95 959
95 960
95 961
95 962
95 963
95 970
95 1016
95 1074
95 1075
95 1187
96 701
96 702
96 818
96 821
96 835
96 845
96 873
96 914
96 915
96 916
96 917
96 918
96 919
96 920
96 921
96 922
96 923
96 924
96 925
96 926
96 927
96 928
96 929
96 930
96 931
96 932
96 933
96 934
96 935
96 936
96 937
96 970
96 1017
96 1074
96 1187
97 702
97 818
97 821
97 835
97 845
97 873
97 889
97 890
97 891
97 892
97 893
97 894
97 895
97 896
97 897
97 898
97 899
97 900
97 901
97 902
97 903
97 904
97 905
97 906
97 907
97 908
97 909
97 910
97 911
97 912
97 913
97 1017
97 1018
97 1073
97 1187
98 702
98 818
98 821
98 835
98 845
98 874
98 875
98 876
98 877
98 878
98 879
98 880
98 881
98 884
98 885
98 886
98 887
98 888
98 965
98 966
98 967
98 968
98 1018
98 1019
98 1072
98 1073
98 1186
98 1187
99 701
99 818
99 821
99 835
99 845
99 882
99 883
99 887
99 955
99 956
99 957
99 958
99 959
99 960
99 961
99 962
99 963
99 964
99 1019
99 1020
99 1072
99 1186
100 701
100 818
100 821
100 835
100 845
100 882
100 887
100 907
100 908
100 946
100 947
100 948
100 949
100 950
100 951
100 952
100 953
100 954
100 967
100 968
100 1020
100 1021
100 1071
100 1186
100 1187
101 701
101 787
101 788
101 789
101 790
101 791
101 792
101 793
101 818
101 821
101 835
101 845
101 882
101 888
101 889
101 890
101 891
101 892
101 893
101 906
101 907
101 936
101 937
101 938
101 939
101 940
101 941
101 942
101 943
101 944
101 945
101 967
101 1021
101 1022
101 1071
101 1188
101 1189
102 702
102 756
102 757
102 758
102 759
102 760
102 761
102 762
102 763
102 764
102 765
102 766
102 767
102 768
102 769
102 770
102 771
102 772
102 773
102 774
102 775
102 776
102 777
102 778
102 779
102 780
102 781
102 782
102 783
102 784
102 785
102 786
102 794
102 795
102 796
102 797
102 798
102 799
102 809
102 810
102 811
102 818
102 822
102 835
102 845
102 882
102 888
102 893
102 894
102 895
102 896
102 897
102 905
102 906
102 926
102 927
102 928
102 929
102 930
102 931
102 932
102 933
102 934
102 935
102 966
102 1022
102 1023
102 1070
102 1189
102 1190
103 702
103 754
103 755
103 800
103 804
103 805
103 806
103 807
103 808
103 812
103 818
103 822
103 835
103 845
103 882
103 887
103 898
103 899
103 900
103 901
103 902
103 903
103 904
103 921
103 922
103 923
103 924
103 925
103 966
103 1023
103 1024
103 1069
103 1070
103 1190
104 702
104 752
104 753
104 800
104 803
104 813
104 814
104 815
104 816
104 817
104 818
104 822
104 835
104 845
104 882
104 887
104 920
104 966
104 1024
104 1069
104 1190
105 702
105 750
105 751
105 775
105 780
105 800
105 802
105 822
105 835
105 845
105 882
105 887
105 919
105 966
105 1025
105 1068
105 1189
106 698
106 702
106 748
106 749
106 776
106 780
106 818
106 822
106 835
106 845
106 876
106 877
106 878
106 879
106 880
106 882
106 887
106 919
106 966
106 1025
106 1026
106 1068
106 1189
107 697
107 699
107 702
107 746
107 747
107 776
107 780
107 818
107 822
107 835
107 845
107 874
107 875
107 882
107 887
107 919
107 965
107 1026
107 1027
107 1067
107 1188
108 697
108 699
108 702
108 745
108 746
108 776
108 780
108 818
108 822
108 835
108 845
108 873
108 882
108 887
108 919
108 965
108 1027
108 1028
108 1067
108 1187
108 1188
109 697
109 700
109 744
109 745
109 776
109 818
109 822
109 835
109 845
109 872
109 882
109 887
109 919
109 965
109 1028
109 1067
109 1185
109 1186
110 696
110 697
110 710
110 711
110 712
110 713
110 714
110 715
110 716
110 717
110 743
110 744
110 776
110 782
110 818
110 822
110 835
110 846
110 872
110 882
110 887
110 913
110 914
110 915
110 916
110 917
110 918
110 965
110 1028
110 1067
110 1183
110 1184
111 694
111 695
111 706
111 707
111 708
111 709
111 718
111 719
111 743
111 776
111 780
111 782
111 783
111 818
111 822
111 835
111 846
111 872
111 882
111 887
111 907
111 908
111 909
111 910
111 911
111 912
111 965
111 1028
111 1067
111 1182
112 693
112 694
112 704
112 705
112 720
112 721
112 743
112 744
112 745
112 776
112 780
112 783
112 784
112 818
112 822
112 835
112 847
112 872
112 882
112 887
112 901
112 902
112 903
112 904
112 905
112 906
112 966
112 1028
112 1067
112 1181
113 687
113 688
113 689
113 690
113 691
113 692
113 693
113 703
113 704
113 721
113 739
113 740
113 741
113 742
113 776
113 780
113 784
113 785
113 818
113 822
113 833
113 835
113 847
113 849
113 850
113 872
113 882
113 887
113 896
113 897
113 898
113 899
113 900
113 966
113 1028
113 1067
113 1181
114 687
114 702
114 703
114 721
114 737
114 738
114 744
114 745
114 776
114 780
114 785
114 818
114 822
114 831
114 832
114 835
114 847
114 851
114 852
114 853
114 872
114 882
114 887
114 890
114 891
114 892
114 893
114 894
114 895
114 966
114 1028
114 1067
114 1181
115 687
115 702
115 722
115 737
115 776
115 780
115 786
115 818
115 822
115 825
115 826
115 827
115 828
115 829
115 830
115 831
115 835
115 846
115 854
115 855
115 872
115 882
115 889
115 966
115 1028
115 1067
115 1181
116 687
116 702
116 722
116 736
116 776
116 780
116 786
116 787
116 818
116 822
116 823
116 835
116 846
116 855
116 856
116 871
116 882
116 967
116 1028
116 1067
116 1181
117 687
117 702
117 723
117 724
117 725
117 726
117 727
117 728
117 729
117 730
117 731
117 736
117 776
117 780
117 787
117 788
117 802
117 803
117 804
117 805
117 806
117 807
117 808
117 809
117 810
117 811
117 812
117 813
117 814
117 815
117 816
117 817
117 822
117 835
117 846
117 857
117 858
117 871
117 882
117 887
117 967
117 1028
117 1067
117 1181
118 688
118 702
118 732
118 736
118 776
118 780
118 789
118 790
118 791
118 798
118 799
118 800
118 801
118 818
118 822
118 835
118 846
118 858
118 870
118 882
118 887
118 967
118 1028
118 1067
118 1181
119 688
119 702
119 733
119 736
119 776
119 780
119 792
119 793
119 794
119 795
119 796
119 797
119 818
119 822
119 835
119 846
119 858
119 870
119 882
119 887
119 967
119 1028
119 1067
119 1181
120 688
120 702
120 733
120 734
120 736
120 776
120 780
120 818
120 822
120 835
120 846
120 859
120 869
120 882
120 887
120 967
120 1028
120 1067
120 1181
121 688
121 702
121 734
121 735
121 736
121 777
121 780
121 818
121 822
121 835
121 846
121 859
121 860
121 861
121 862
121 869
121 882
121 887
121 967
121 1028
121 1067
121 1181
122 687
122 702
122 777
122 780
122 818
122 822
122 835
122 846
122 863
122 864
122 865
122 866
122 867
122 868
122 882
122 887
122 967
122 1028
122 1067
122 1181
123 687
123 702
123 777
123 780
123 818
123 822
123 835
123 846
123 882
123 888
123 968
123 1028
123 1067
123 1181
124 685
124 686
124 687
124 702
124 777
124 780
124 808
124 809
124 810
124 811
124 812
124 813
124 814
124 815
124 822
124 835
124 846
124 882
124 888
124 968
124 1028
124 1068
124 1181
125 684
125 685
125 687
125 700
125 701
125 777
125 780
125 807
125 816
125 822
125 835
125 846
125 882
125 888
125 968
125 1028
125 1068
125 1181
126 684
126 687
126 698
126 699
126 777
126 780
126 798
126 799
126 800
126 801
126 802
126 803
126 804
126 805
126 806
126 816
126 822
126 835
126 846
126 882
126 888
126 968
126 1028
126 1068
126 1181
127 683
127 686
127 689
127 698
127 777
127 780
127 791
127 792
127 793
127 794
127 795
127 796
127 797
127 816
127 822
127 835
127 846
127 882
127 888
127 968
127 1028
127 1068
127 1181
128 683
128 686
128 689
128 697
128 777
128 780
128 790
128 816
128 822
128 835
128 846
128 882
128 888
128 968
128 1028
128 1068
128 1181
129 683
129 686
129 689
129 697
129 777
129 780
129 789
129 816
129 822
129 835
129 846
129 882
129 888
129 968
129 1028
129 1068
129 1181
130 665
130 666
130 667
130 668
130 683
130 686
130 689
130 694
130 695
130 696
130 697
130 777
130 780
130 789
130 816
130 822
130 836
130 846
130 882
130 888
130 968
130 1028
130 1068
130 1181
131 665
131 669
131 670
131 683
131 686
131 689
131 693
131 777
131 780
131 790
131 816
131 822
131 836
131 846
131 882
131 888
131 967
131 968
131 1028
131 1068
131 1181
132 665
132 666
132 670
132 683
132 686
132 689
132 692
132 777
132 780
132 790
132 816
132 822
132 836
132 846
132 882
132 888
132 966
132 967
132 1028
132 1068
132 1181
133 666
133 667
133 668
133 669
133 670
133 683
133 686
133 690
133 691
133 692
133 777
133 780
133 790
133 816
133 819
133 822
133 836
133 846
133 882
133 888
133 965
133 966
133 1028
133 1068
133 1181
134 683
134 686
134 777
134 780
134 790
134 816
134 819
134 822
134 836
134 846
134 882
134 888
134 964
134 965
134 1028
134 1068
134 1179
134 1180
134 1181
135 523
135 683
135 686
135 777
135 780
135 790
135 816
135 819
135 822
135 836
135 846
135 882
135 888
135 964
135 1028
135 1068
135 1177
135 1178
136 522
136 524
136 683
136 686
136 777
136 780
136 790
136 817
136 822
136 836
136 846
136 883
136 888
136 963
136 1028
136 1068
136 1177
137 522
137 524
137 683
137 686
137 777
137 780
137 791
137 817
137 822
137 836
137 846
137 883
137 888
137 961
137 962
137 963
137 1028
137 1068
137 1176
138 522
138 524
138 683
138 686
138 777
138 780
138 791
138 817
138 822
138 836
138 846
138 883
138 888
138 955
138 956
138 957
138 958
138 959
138 960
138 1028
138 1068
138 1176
139 522
139 525
139 683
139 686
139 777
139 780
139 791
139 810
139 813
139 814
139 815
139 817
139 822
139 836
139 846
139 883
139 888
139 954
139 1028
139 1068
139 1176
140 522
140 525
140 526
140 527
140 528
140 683
140 686
140 777
140 780
140 791
140 809
140 811
140 815
140 817
140 822
140 836
140 846
140 883
140 888
140 953
140 1028
140 1068
140 1175
141 521
141 683
141 686
141 777
141 780
141 791
141 809
141 811
141 815
141 817
141 822
141 836
141 846
141 883
141 888
141 953
141 1028
141 1068
141 1175
142 521
142 527
142 528
142 683
142 686
142 777
142 780
142 792
142 809
142 811
142 815
142 817
142 822
142 836
142 846
142 883
142 888
142 953
142 1028
142 1068
142 1175
143 521
143 527
143 683
143 686
143 777
143 780
143 792
143 809
143 811
143 815
143 817
143 822
143 836
143 846
143 883
143 888
143 953
143 1028
143 1068
143 1175
144 520
144 521
144 522
144 523
144 524
144 525
144 526
144 527
144 528
144 529
144 530
144 531
144 532
144 533
144 534
144 535
144 536
144 537
144 538
144 539
144 540
144 541
144 542
144 543
144 544
144 545
144 546
144 547
144 548
144 549
144 550
144 551
144 552
144 553
144 554
144 555
144 556
144 557
144 683
144 686
144 777
144 780
144 792
144 809
144 811
144 815
144 817
144 822
144 836
144 846
144 883
144 888
144 953
144 1029
144 1068
144 1175
145 505
145 506
145 507
145 508
145 509
145 510
145 511
145 512
145 513
145 514
145 515
145 516
145 517
145 518
145 519
145 558
145 559
145 560
145 561
145 562
145 563
145 564
145 565
145 683
145 686
145 777
145 780
145 792
145 810
145 812
145 813
145 814
145 815
145 822
145 836
145 846
145 883
145 888
145 952
145 953
145 1029
145 1068
145 1176
146 503
146 504
146 566
146 567
146 568
146 569
146 570
146 571
146 572
146 573
146 574
146 683
146 686
146 777
146 780
146 792
146 810
146 816
146 818
146 822
146 836
146 846
146 883
146 888
146 951
146 1029
146 1068
146 1176
147 502
147 503
147 575
147 576
147 577
147 578
147 579
147 580
147 581
147 582
147 683
147 686
147 777
147 780
147 793
147 809
147 816
147 818
147 822
147 836
147 846
147 883
147 888
147 950
147 1029
147 1068
147 1177
148 501
148 502
148 583
148 584
148 585
148 586
148 587
148 588
148 589
148 590
148 683
148 686
148 778
148 780
148 793
148 809
148 817
148 822
148 836
148 846
148 883
148 888
148 950
148 1029
148 1068
148 1177
149 501
149 591
149 592
149 593
149 594
149 595
149 596
149 597
149 598
149 683
149 686
149 778
149 793
149 809
149 816
149 819
149 822
149 836
149 846
149 883
149 888
149 949
149 1029
149 1068
149 1178
150 500
150 599
150 600
150 601
150 602
150 603
150 604
150 683
150 686
150 778
150 793
150 809
150 816
150 819
150 822
150 836
150 846
150 883
150 888
150 949
150 1029
150 1068
150 1179
151 500
151 605
151 606
151 684
151 686
151 778
151 793
151 800
151 810
151 817
151 819
151 822
151 836
151 846
151 883
151 888
151 948
151 1029
151 1068
151 1179
152 499
152 607
152 608
152 684
152 687
152 778
152 793
152 799
152 801
152 810
152 817
152 819
152 822
152 836
152 846
152 883
152 889
152 948
152 1029
152 1068
152 1179
153 499
153 608
153 684
153 687
153 778
153 794
153 799
153 801
153 809
153 810
153 817
153 819
153 822
153 836
153 846
153 883
153 889
153 947
153 948
153 1029
153 1068
153 1178
154 498
154 609
154 684
154 687
154 778
154 794
154 799
154 801
154 806
154 807
154 808
154 817
154 819
154 822
154 836
154 846
154 883
154 889
154 947
154 1029
154 1068
154 1177
155 498
155 609
155 610
155 684
155 687
155 778
155 794
155 799
155 801
155 805
155 810
155 817
155 819
155 822
155 836
155 846
155 883
155 889
155 947
155 1029
155 1068
155 1176
155 1177
156 497
156 610
156 684
156 687
156 778
156 781
156 794
156 799
156 801
156 805
156 811
156 812
156 817
156 819
156 822
156 836
156 846
156 883
156 889
156 948
156 949
156 1029
156 1068
156 1174
156 1175
157 497
157 611
157 661
157 662
157 663
157 664
157 665
157 666
157 667
157 668
157 669
157 670
157 671
157 672
157 673
157 674
157 675
157 676
157 677
157 678
157 684
157 687
157 691
157 692
157 693
157 778
157 781
157 794
157 799
157 801
157 805
157 813
157 816
157 817
157 819
157 822
157 836
157 846
157 883
157 889
157 950
157 1029
157 1068
157 1173
157 1174
158 497
158 611
158 612
158 649
158 650
158 651
158 652
158 653
158 654
158 655
158 656
158 657
158 658
158 659
158 660
158 679
158 684
158 687
158 691
158 693
158 778
158 781
158 795
158 801
158 806
158 812
158 815
158 819
158 823
158 836
158 846
158 883
158 889
158 951
158 1029
158 1068
158 1172
159 496
159 612
159 638
159 639
159 640
159 641
159 642
159 643
159 644
159 645
159 646
159 647
159 648
159 680
159 684
159 687
159 691
159 778
159 781
159 795
159 800
159 802
159 806
159 813
159 814
159 815
159 819
159 823
159 836
159 846
159 883
159 889
159 951
159 1029
159 1068
159 1171
159 1220
159 1221
159 1222
159 1223
159 1224
159 1225
159 1226
159 1227
159 1228
159 1229
159 1230
159 1231
159 1232
160 496
160 613
160 637
160 680
160 684
160 687
160 691
160 778
160 781
160 795
160 799
160 800
160 802
160 807
160 813
160 815
160 819
160 823
160 836
160 846
160 883
160 889
160 951
160 1029
160 1068
160 1171
160 1218
160 1219
160 1233
160 1234
160 1235
160 1236
161 496
161 613
161 614
161 636
161 681
161 684
161 687
161 691
161 778
161 781
161 796
161 797
161 798
161 802
161 803
161 804
161 805
161 806
161 807
161 813
161 815
161 819
161 823
161 836
161 846
161 883
161 889
161 932
161 933
161 934
161 935
161 936
161 951
161 1029
161 1068
161 1171
161 1216
161 1217
161 1237
161 1255
161 1256
161 1257
161 1258
161 1259
161 1260
161 1261
161 1262
161 1263
161 1264
161 1265
161 1266
161 1267
161 1268
161 1269
161 1270
161 1271
161 1272
161 1273
161 1274
162 495
162 614
162 615
162 617
162 636
162 681
162 682
162 687
162 691
162 778
162 781
162 808
162 819
162 823
162 836
162 846
162 883
162 889
162 930
162 931
162 937
162 938
162 939
162 940
162 951
162 1029
162 1069
162 1170
162 1183
162 1184
162 1185
162 1186
162 1187
162 1188
162 1189
162 1190
162 1191
162 1192
162 1193
162 1214
162 1215
162 1237
162 1253
162 1254
162 1275
162 1276
162 1277
162 1278
162 1279
163 495
163 616
163 618
163 636
163 682
163 687
163 691
163 778
163 781
163 798
163 809
163 819
163 823
163 828
163 829
163 830
163 831
163 832
163 846
163 847
163 883
163 889
163 929
163 930
163 941
163 942
163 943
163 944
163 945
163 946
163 947
163 948
163 967
163 968
163 969
163 1029
163 1069
163 1169
163 1170
163 1181
163 1182
163 1194
163 1195
163 1196
163 1197
163 1198
163 1199
163 1200
163 1201
163 1202
163 1213
163 1214
163 1238
163 1243
163 1244
163 1245
163 1246
163 1247
163 1248
163 1249
163 1250
163 1251
163 1252
163 1253
163 1276
164 495
164 618
164 636
164 683
164 687
164 691
164 778
164 781
164 798
164 810
164 817
164 819
164 826
164 827
164 833
164 834
164 835
164 836
164 846
164 863
164 864
164 865
164 883
164 889
164 897
164 898
164 899
164 900
164 901
164 902
164 903
164 904
164 905
164 906
164 907
164 927
164 928
164 949
164 950
164 966
164 969
164 1029
164 1069
164 1094
164 1095
164 1096
164 1097
164 1098
164 1099
164 1166
164 1167
164 1168
164 1174
164 1175
164 1176
164 1177
164 1178
164 1181
164 1203
164 1206
164 1207
164 1208
164 1209
164 1210
164 1211
164 1212
164 1240
164 1241
164 1242
164 1252
165 495
165 616
165 618
165 637
165 683
165 687
165 691
165 778
165 781
165 798
165 810
165 817
165 819
165 824
165 825
165 833
165 836
165 847
165 848
165 849
165 850
165 861
165 862
165 866
165 867
165 868
165 869
165 875
165 876
165 877
165 878
165 879
165 880
165 891
165 895
165 896
165 908
165 909
165 910
165 926
165 927
165 950
165 951
165 965
165 968
165 1029
165 1069
165 1090
165 1091
165 1092
165 1093
165 1160
165 1161
165 1162
165 1163
165 1164
165 1165
165 1168
165 1169
165 1170
165 1171
165 1172
165 1173
165 1179
165 1205
165 1211
165 1239
165 1276
166 495
166 619
166 637
166 684
166 687
166 689
166 691
166 778
166 781
166 798
166 810
166 817
166 819
166 824
166 831
166 832
166 836
166 847
166 850
166 851
166 852
166 853
166 854
166 855
166 856
166 857
166 859
166 860
166 870
166 873
166 874
166 881
166 882
166 883
166 890
166 892
166 893
166 894
166 911
166 912
166 925
166 926
166 951
166 965
166 967
166 1029
166 1069
166 1085
166 1086
166 1087
166 1088
166 1089
166 1099
166 1154
166 1155
166 1156
166 1157
166 1158
166 1159
166 1251
166 1276
167 495
167 619
167 637
167 684
167 687
167 692
167 696
167 697
167 733
167 734
167 735
167 736
167 737
167 738
167 739
167 740
167 741
167 742
167 743
167 744
167 745
167 746
167 747
167 748
167 749
167 750
167 751
167 752
167 753
167 754
167 755
167 756
167 757
167 758
167 759
167 760
167 761
167 762
167 763
167 764
167 765
167 778
167 781
167 798
167 809
167 817
167 819
167 823
167 830
167 831
167 836
167 847
167 871
167 872
167 883
167 889
167 912
167 923
167 924
167 952
167 955
167 956
167 957
167 958
167 959
167 960
167 961
167 964
167 967
167 1029
167 1069
167 1083
167 1084
167 1098
167 1150
167 1151
167 1152
167 1153
167 1178
167 1205
167 1206
167 1210
167 1239
167 1251
167 1277
168 495
168 618
168 637
168 684
168 687
168 691
168 693
168 697
168 731
168 732
168 766
168 767
168 778
168 781
168 798
168 801
168 808
168 819
168 820
168 823
168 830
168 836
168 847
168 850
168 856
168 857
168 870
168 871
168 880
168 881
168 883
168 890
168 892
168 913
168 915
168 916
168 917
168 918
168 919
168 920
168 921
168 922
168 923
168 952
168 963
168 964
168 967
168 1029
168 1069
168 1082
168 1098
168 1112
168 1113
168 1114
168 1115
168 1116
168 1148
168 1149
168 1170
168 1177
168 1206
168 1210
168 1239
168 1251
168 1277
169 495
169 618
169 637
169 684
169 687
169 693
169 697
169 731
169 767
169 778
169 781
169 798
169 801
169 807
169 814
169 818
169 820
169 823
169 829
169 836
169 847
169 850
169 854
169 855
169 868
169 869
169 878
169 879
169 883
169 890
169 914
169 952
169 953
169 954
169 955
169 956
169 957
169 958
169 959
169 960
169 961
169 962
169 963
169 967
169 1029
169 1070
169 1071
169 1072
169 1073
169 1074
169 1075
169 1076
169 1077
169 1078
169 1079
169 1080
169 1081
169 1097
169 1111
169 1116
169 1148
169 1170
169 1176
169 1177
169 1207
169 1210
169 1239
169 1250
169 1277
170 495
170 618
170 637
170 684
170 687
170 696
170 730
170 767
170 778
170 781
170 798
170 801
170 807
170 813
170 815
170 818
170 820
170 823
170 829
170 836
170 847
170 850
170 854
170 867
170 878
170 883
170 889
170 913
170 967
170 1029
170 1070
170 1096
170 1110
170 1116
170 1147
170 1170
170 1175
170 1207
170 1239
170 1250
170 1277
171 495
171 618
171 637
171 684
171 687
171 696
171 730
171 768
171 778
171 781
171 798
171 801
171 806
171 813
171 815
171 818
171 819
171 820
171 823
171 828
171 836
171 847
171 850
171 851
171 853
171 866
171 877
171 883
171 889
171 914
171 919
171 962
171 967
171 1029
171 1069
171 1080
171 1095
171 1110
171 1116
171 1147
171 1170
171 1174
171 1207
171 1209
171 1239
171 1249
171 1278
172 495
172 619
172 637
172 684
172 687
172 696
172 730
172 768
172 769
172 770
172 771
172 772
172 773
172 774
172 775
172 776
172 777
172 778
172 779
172 780
172 798
172 801
172 806
172 813
172 814
172 815
172 823
172 828
172 836
172 847
172 851
172 852
172 865
172 866
172 875
172 876
172 877
172 883
172 889
172 914
172 918
172 919
172 953
172 963
172 968
172 1000
172 1001
172 1002
172 1003
172 1004
172 1029
172 1069
172 1079
172 1080
172 1095
172 1109
172 1110
172 1115
172 1116
172 1146
172 1147
172 1170
172 1173
172 1174
172 1207
172 1209
172 1239
172 1249
172 1278
173 329
173 330
173 331
173 332
173 333
173 334
173 335
173 336
173 337
173 338
173 339
173 340
173 341
173 342
173 343
173 344
173 494
173 619
173 638
173 684
173 687
173 690
173 695
173 729
173 769
173 781
173 798
173 801
173 806
173 812
173 813
173 815
173 819
173 823
173 836
173 842
173 843
173 844
173 845
173 846
173 847
173 848
173 849
173 851
173 864
173 865
173 873
173 874
173 883
173 889
173 914
173 918
173 953
173 963
173 968
173 969
173 999
173 1005
173 1006
173 1007
173 1008
173 1029
173 1069
173 1078
173 1079
173 1095
173 1107
173 1108
173 1115
173 1144
173 1145
173 1170
173 1173
173 1207
173 1209
173 1239
173 1248
173 1279
174 328
174 345
174 494
174 619
174 638
174 684
174 687
174 690
174 695
174 729
174 769
174 781
174 798
174 801
174 805
174 811
174 812
174 816
174 819
174 823
174 827
174 830
174 831
174 832
174 833
174 834
174 835
174 836
174 837
174 838
174 839
174 840
174 841
174 850
174 852
174 864
174 872
174 873
174 883
174 889
174 969
174 970
174 998
174 1009
174 1010
174 1011
174 1012
174 1013
174 1014
174 1069
174 1077
174 1095
174 1105
174 1106
174 1114
174 1143
174 1144
174 1170
174 1172
174 1207
174 1208
174 1209
175 329
175 330
175 331
175 332
175 345
175 494
175 619
175 638
175 684
175 687
175 690
175 695
175 696
175 729
175 769
175 781
175 798
175 801
175 811
175 815
175 817
175 819
175 823
175 829
175 852
175 872
175 883
175 889
175 970
175 971
175 997
175 998
175 1015
175 1016
175 1017
175 1018
175 1027
175 1028
175 1029
175 1069
175 1076
175 1095
175 1102
175 1103
175 1105
175 1113
175 1114
175 1142
175 1143
175 1170
175 1172
176 333
176 345
176 494
176 619
176 638
176 684
176 687
176 690
176 696
176 713
176 714
176 715
176 716
176 717
176 729
176 770
176 782
176 798
176 801
176 815
176 817
176 824
176 825
176 852
176 883
176 889
176 971
176 972
176 973
176 974
176 979
176 980
176 981
176 982
176 983
176 984
176 985
176 986
176 987
176 988
176 989
176 990
176 991
176 992
176 993
176 994
176 995
176 996
176 997
176 1019
176 1020
176 1021
176 1022
176 1023
176 1024
176 1025
176 1026
176 1029
176 1069
176 1076
176 1096
176 1097
176 1098
176 1099
176 1100
176 1101
176 1105
176 1113
176 1141
176 1142
177 333
177 346
177 494
177 619
177 638
177 672
177 673
177 674
177 675
177 676
177 677
177 678
177 679
177 680
177 681
177 682
177 683
177 685
177 686
177 690
177 699
177 705
177 706
177 707
177 708
177 709
177 710
177 711
177 712
177 718
177 719
177 728
177 770
177 782
177 798
177 802
177 803
177 804
177 807
177 808
177 809
177 810
177 811
177 815
177 817
177 818
177 819
177 820
177 828
177 853
177 883
177 889
177 976
177 977
177 978
177 1029
177 1069
177 1076
177 1104
177 1105
177 1111
177 1112
177 1140
177 1141
177 1278
177 1279
178 333
178 346
178 494
178 620
178 638
178 653
178 654
178 655
178 656
178 657
178 658
178 659
178 660
178 661
178 662
178 663
178 664
178 665
178 666
178 667
178 668
178 669
178 670
178 671
178 687
178 688
178 697
178 700
178 701
178 704
178 720
178 721
178 728
178 770
178 782
178 802
178 805
178 806
178 812
178 815
178 820
178 826
178 828
178 853
178 883
178 890
178 974
178 975
178 976
178 1029
178 1069
178 1110
178 1138
178 1139
179 333
179 346
179 494
179 620
179 638
179 651
179 652
179 688
179 698
179 702
179 721
179 728
179 770
179 782
179 812
179 815
179 820
179 826
179 828
179 852
179 881
179 882
179 883
179 890
179 1029
179 1069
179 1111
179 1112
179 1137
179 1138
179 1141
180 333
180 346
180 494
180 621
180 638
180 651
180 689
180 697
180 698
180 721
180 728
180 771
180 783
180 812
180 815
180 820
180 826
180 828
180 852
180 883
180 889
180 1029
180 1069
180 1113
180 1136
180 1137
181 333
181 346
181 494
181 621
181 622
181 639
181 650
181 689
181 690
181 695
181 696
181 722
181 728
181 771
181 783
181 812
181 815
181 820
181 826
181 828
181 852
181 883
181 890
181 1029
181 1069
181 1113
181 1114
181 1134
181 1135
182 333
182 346
182 494
182 623
182 639
182 650
182 691
182 695
182 724
182 725
182 726
182 727
182 771
182 783
182 812
182 815
182 820
182 826
182 828
182 852
182 883
182 890
182 1029
182 1069
182 1115
182 1116
182 1132
182 1133
183 333
183 356
183 357
183 358
183 359
183 494
183 623
183 639
183 649
183 689
183 692
183 723
183 728
183 772
183 783
183 812
183 815
183 820
183 826
183 828
183 852
183 883
183 890
183 1029
183 1069
183 1117
183 1129
183 1130
183 1131
184 333
184 355
184 360
184 361
184 494
184 624
184 639
184 649
184 692
184 722
184 728
184 772
184 783
184 812
184 815
184 820
184 826
184 828
184 852
184 883
184 890
184 1029
184 1069
184 1118
184 1124
184 1125
184 1126
184 1127
184 1128
185 333
185 346
185 347
185 354
185 361
185 494
185 624
185 640
185 648
185 692
185 723
185 728
185 773
185 812
185 815
185 820
185 826
185 828
185 852
185 883
185 890
185 1029
185 1069
185 1118
185 1119
185 1120
185 1121
185 1122
185 1123
186 333
186 346
186 348
186 353
186 354
186 361
186 457
186 458
186 459
186 460
186 461
186 462
186 463
186 464
186 465
186 466
186 467
186 468
186 469
186 470
186 471
186 472
186 473
186 474
186 475
186 476
186 477
186 478
186 494
186 625
186 641
186 648
186 692
186 728
186 773
186 812
186 815
186 820
186 826
186 828
186 852
186 1029
186 1069
187 332
187 345
187 349
187 350
187 351
187 352
187 353
187 362
187 450
187 451
187 452
187 453
187 454
187 455
187 456
187 479
187 480
187 494
187 625
187 642
187 647
187 692
187 693
187 728
187 773
187 812
187 815
187 820
187 827
187 853
187 1029
187 1069
188 332
188 345
188 362
188 447
188 448
188 449
188 480
188 481
188 494
188 626
188 642
188 643
188 647
188 694
188 695
188 696
188 728
188 773
188 812
188 815
188 820
188 827
188 829
188 853
188 1029
188 1069
189 331
189 344
189 362
189 445
189 446
189 481
189 482
189 493
189 626
189 644
189 645
189 728
189 773
189 812
189 815
189 820
189 827
189 829
189 853
189 1029
189 1069
190 331
190 344
190 362
190 444
190 445
190 482
190 483
190 493
190 627
190 728
190 773
190 815
190 820
190 827
190 829
190 853
190 1029
190 1069
191 330
191 344
191 362
191 442
191 443
191 483
191 484
191 493
191 627
191 695
191 728
191 773
191 827
191 829
191 853
191 1029
191 1069
192 330
192 344
192 362
192 441
192 442
192 484
192 485
192 493
192 628
192 646
192 695
192 728
192 829
192 853
192 1029
192 1069
193 232
193 233
193 234
193 235
193 236
193 237
193 238
193 239
193 240
193 241
193 329
193 344
193 362
193 440
193 441
193 485
193 486
193 493
193 628
193 629
193 646
193 695
193 728
193 774
193 829
193 853
193 1029
193 1069
194 205
194 206
194 207
194 208
194 209
194 210
194 211
194 212
194 213
194 214
194 215
194 216
194 217
194 218
194 219
194 220
194 221
194 222
194 223
194 224
194 225
194 226
194 227
194 228
194 229
194 230
194 231
194 242
194 243
194 244
194 245
194 329
194 344
194 362
194 438
194 439
194 440
194 487
194 488
194 489
194 493
194 646
194 695
194 728
194 773
194 829
194 853
194 1029
194 1069
195 181
195 182
195 183
195 184
195 185
195 186
195 187
195 188
195 189
195 190
195 191
195 192
195 193
195 194
195 195
195 196
195 197
195 198
195 199
195 200
195 201
195 202
195 203
195 204
195 246
195 247
195 331
195 332
195 333
195 334
195 335
195 336
195 337
195 338
195 339
195 344
195 362
195 378
195 379
195 380
195 381
195 436
195 437
195 490
195 493
195 628
195 646
195 695
195 728
195 773
195 829
195 853
195 1029
195 1069
196 176
196 177
196 178
196 179
196 180
196 248
196 249
196 329
196 330
196 340
196 341
196 344
196 362
196 377
196 382
196 435
196 436
196 490
196 493
196 628
196 646
196 695
196 728
196 773
196 829
196 853
196 1029
196 1069
197 173
197 174
197 175
197 250
197 251
197 252
197 319
197 320
197 321
197 322
197 323
197 329
197 341
197 344
197 362
197 376
197 382
197 434
197 435
197 491
197 493
197 628
197 645
197 695
197 728
197 829
197 853
197 1029
197 1069
198 156
198 157
198 158
198 159
198 160
198 161
198 162
198 163
198 164
198 165
198 171
198 172
198 253
198 254
198 311
198 312
198 313
198 314
198 315
198 316
198 317
198 318
198 324
198 328
198 341
198 344
198 361
198 376
198 382
198 432
198 433
198 491
198 493
198 628
198 645
198 695
198 829
198 853
198 1029
198 1069
199 144
199 145
199 146
199 147
199 148
199 149
199 150
199 151
199 152
199 153
199 154
199 155
199 167
199 168
199 169
199 170
199 255
199 256
199 257
199 309
199 310
199 325
199 328
199 341
199 344
199 361
199 376
199 382
199 431
199 432
199 491
199 493
199 628
199 645
199 695
199 829
199 853
199 1029
199 1069
200 143
200 166
200 167
200 258
200 259
200 309
200 325
200 328
200 376
200 382
200 429
200 430
200 491
200 494
200 628
200 645
200 695
200 829
200 853
200 1029
200 1069
201 95
201 96
201 97
201 98
201 99
201 100
201 101
201 102
201 103
201 104
201 105
201 106
201 107
201 108
201 109
201 110
201 111
201 112
201 113
201 114
201 115
201 116
201 117
201 118
201 119
201 120
201 121
201 122
201 123
201 142
201 165
201 166
201 260
201 261
201 308
201 326
201 328
201 376
201 382
201 427
201 428
201 492
201 493
201 494
201 628
201 645
201 830
201 832
201 833
201 836
201 839
201 840
201 841
201 842
201 843
201 844
201 845
201 846
201 848
201 850
201 851
201 853
201 1029
201 1070
202 92
202 93
202 94
202 124
202 125
202 142
202 164
202 165
202 262
202 263
202 307
202 308
202 326
202 376
202 382
202 427
202 629
202 645
202 1029
202 1070
203 89
203 90
203 91
203 126
203 142
203 162
203 163
203 263
203 264
203 307
203 326
203 376
203 382
203 426
203 629
203 1029
203 1070
204 86
204 87
204 88
204 127
204 142
204 161
204 162
204 264
204 265
204 306
204 327
204 376
204 382
204 426
204 492
204 629
204 1029
204 1070
205 84
205 85
205 127
205 142
205 159
205 160
205 265
205 266
205 306
205 327
205 376
205 382
205 425
205 492
205 629
205 1029
205 1070
206 82
206 83
206 128
206 142
206 158
206 159
206 266
206 267
206 268
206 269
206 270
206 271
206 272
206 273
206 274
206 275
206 276
206 277
206 278
206 279
206 280
206 281
206 282
206 283
206 284
206 305
206 376
206 382
206 425
206 492
206 629
206 1029
206 1070
207 80
207 81
207 128
207 142
207 156
207 157
207 285
207 286
207 305
207 376
207 382
207 424
207 629
207 1029
207 1070
208 79
208 80
208 128
208 142
208 155
208 156
208 286
208 287
208 304
208 376
208 383
208 423
208 424
208 629
208 1029
208 1070
209 77
209 78
209 128
209 143
209 154
209 155
209 287
209 304
209 376
209 383
209 629
209 1029
209 1070
210 76
210 77
210 128
210 143
210 152
210 153
210 288
210 305
210 376
210 383
210 424
210 495
210 1029
210 1070
211 75
211 76
211 128
211 143
211 151
211 152
211 288
211 289
211 305
211 376
211 424
211 495
211 1029
211 1070
212 73
212 74
212 128
212 143
212 149
212 150
212 180
212 181
212 182
212 183
212 184
212 185
212 186
212 187
212 188
212 189
212 190
212 191
212 192
212 193
212 194
212 195
212 196
212 197
212 198
212 199
212 200
212 201
212 202
212 289
212 374
212 375
212 384
212 424
212 495
212 1029
212 1070
213 73
213 128
213 143
213 149
213 179
213 203
213 289
213 376
213 383
213 424
213 495
213 1029
213 1070
214 72
214 128
214 143
214 148
214 159
214 160
214 161
214 162
214 163
214 164
214 165
214 166
214 167
214 168
214 169
214 170
214 171
214 172
214 173
214 174
214 175
214 176
214 177
214 178
214 204
214 205
214 206
214 207
214 208
214 209
214 210
214 211
214 212
214 213
214 214
214 215
214 216
214 217
214 218
214 219
214 288
214 376
214 383
214 495
214 1029
214 1070
215 71
215 72
215 128
215 138
215 139
215 140
215 141
215 142
215 143
215 144
215 145
215 146
215 147
215 150
215 151
215 152
215 153
215 154
215 155
215 156
215 157
215 158
215 220
215 221
215 222
215 223
215 224
215 225
215 226
215 227
215 228
215 288
215 376
215 383
215 495
215 1030
215 1070
216 69
216 70
216 117
216 118
216 119
216 120
216 121
216 122
216 123
216 124
216 125
216 126
216 127
216 128
216 129
216 130
216 131
216 132
216 133
216 134
216 135
216 136
216 137
216 229
216 230
216 231
216 232
216 233
216 234
216 235
216 236
216 237
216 238
216 288
216 376
216 383
216 495
216 1030
216 1070
217 68
217 69
217 104
217 105
217 106
217 107
217 108
217 109
217 110
217 111
217 112
217 113
217 114
217 115
217 116
217 239
217 240
217 241
217 242
217 243
217 244
217 245
217 289
217 494
217 1030
217 1070
218 66
218 67
218 98
218 99
218 100
218 101
218 102
218 103
218 246
218 247
218 248
218 249
218 250
218 289
218 493
218 1030
218 1070
219 64
219 65
219 93
219 94
219 95
219 96
219 97
219 251
219 252
219 253
219 254
219 255
219 289
219 493
219 1030
219 1070
220 63
220 64
220 87
220 88
220 89
220 90
220 91
220 92
220 256
220 257
220 258
220 259
220 289
220 494
220 1030
220 1070
221 61
221 62
221 82
221 83
221 84
221 85
221 86
221 260
221 261
221 262
221 289
221 494
221 1030
221 1070
222 46
222 47
222 48
222 49
222 50
222 51
222 52
222 53
222 54
222 55
222 56
222 57
222 58
222 59
222 60
222 65
222 66
222 67
222 68
222 69
222 70
222 71
222 72
222 73
222 74
222 75
222 76
222 77
222 78
222 79
222 80
222 81
222 263
222 264
222 265
222 290
222 495
222 1030
222 1070
223 40
223 41
223 42
223 43
223 44
223 45
223 266
223 267
223 268
223 269
223 495
223 1030
223 1070
224 32
224 33
224 34
224 35
224 36
224 37
224 38
224 39
224 270
224 271
224 1030
224 1070
225 27
225 28
225 29
225 30
225 31
225 272
225 273
225 274
225 291
225 1030
225 1070
226 23
226 24
226 25
226 26
226 275
226 276
226 277
226 291
226 1030
226 1070
227 19
227 20
227 21
227 22
227 278
227 279
227 280
227 291
227 1030
227 1070
228 17
228 18
228 281
228 282
228 290
228 1030
228 1070
229 15
229 16
229 283
229 284
229 290
229 1030
229 1070
230 13
230 14
230 285
230 286
230 289
230 290
230 1030
230 1070
231 11
231 12
231 287
231 288
231 289
231 1030
231 1070
232 10
232 11
232 289
232 1070
233 8
233 9
233 290
233 291
233 1070
234 6
234 7
234 292
234 293
234 1070
235 5
235 6
235 293
235 294
236 3
236 4
236 295
236 296
237 0
237 1
237 2
237 297
237 298
238 299
238 300
239 300
239 301
240 302
240 303
240 304
241 305
241 306
242 306
242 307
243 308
243 309
244 310
244 311
245 311
245 312
246 313
246 314
247 315
247 316
248 316
248 317
249 318
249 319
250 320
250 321
251 322
251 323
252 324
252 325
253 326
253 327
254 328
254 329
255 330
255 331
256 332
257 333
257 334
257 335
257 336
257 337
257 338
258 339
258 340
258 341
258 342
258 343
258 344
258 345
258 346
258 347
258 348
259 349
259 350
259 351
259 352
259 353
259 354
259 355
259 356
259 357
259 358
259 359
260 360
260 361
260 362
260 363
260 364
260 365
260 366
260 367
272 390
273 390
274 390
275 391
276 391
277 391
278 391
279 392
280 392
281 392
282 393
283 393
284 393
285 394
286 394
287 394
288 394
289 395
290 395
291 395
292 396
293 396
294 396
295 396
382 183
382 184
382 185
383 182
