0 57
0 68
0 289
0 803
1 57
1 68
1 289
1 803
2 57
2 68
2 289
2 803
3 57
3 68
3 288
3 803
4 57
4 68
4 288
4 804
4 813
5 57
5 68
5 287
5 804
5 812
5 814
6 57
6 68
6 287
6 804
6 812
6 814
7 57
7 68
7 288
7 389
7 390
7 804
7 812
7 814
8 57
8 68
8 288
8 289
8 387
8 388
8 391
8 392
8 804
8 811
8 815
9 57
9 68
9 289
9 290
9 387
9 393
9 394
9 804
9 811
9 815
9 816
10 57
10 68
10 291
10 292
10 386
10 394
10 804
10 810
10 816
11 57
11 68
11 293
11 294
11 387
11 395
11 788
11 789
11 803
11 810
11 817
12 58
12 68
12 294
12 387
12 395
12 396
12 786
12 787
12 790
12 791
12 803
12 809
12 817
13 58
13 68
13 294
13 388
13 394
13 396
13 397
13 786
13 791
13 792
13 803
13 810
13 817
14 58
14 68
14 294
14 389
14 390
14 391
14 397
14 398
14 785
14 792
14 793
14 802
14 810
14 818
15 58
15 68
15 294
15 392
15 393
15 398
15 399
15 785
15 793
15 803
15 810
15 818
16 58
16 69
16 294
16 394
16 395
16 399
16 784
16 793
16 803
16 811
16 819
17 58
17 69
17 294
17 395
17 400
17 784
17 793
17 804
17 811
17 819
18 58
18 69
18 291
18 292
18 293
18 294
18 396
18 400
18 401
18 785
18 786
18 792
18 793
18 804
18 805
18 806
18 807
18 808
18 809
18 810
18 811
18 820
19 58
19 69
19 289
19 290
19 396
19 397
19 401
19 402
19 785
19 787
19 789
19 790
19 791
19 792
19 820
20 58
20 69
20 289
20 397
20 398
20 402
20 403
20 784
20 788
20 820
21 58
21 69
21 288
21 398
21 403
21 404
21 783
21 784
21 787
21 820
22 58
22 69
22 289
22 399
22 405
22 406
22 783
22 787
22 820
23 58
23 69
23 289
23 399
23 400
23 406
23 407
23 782
23 786
23 821
24 58
24 69
24 290
24 400
24 408
24 409
24 781
24 782
24 785
24 786
24 821
25 58
25 69
25 290
25 400
25 409
25 410
25 780
25 781
25 785
25 821
26 58
26 69
26 290
26 400
26 410
26 411
26 412
26 413
26 778
26 779
26 784
26 821
27 58
27 69
27 290
27 400
27 411
27 414
27 415
27 777
27 778
27 784
27 821
28 58
28 69
28 290
28 400
28 405
28 406
28 407
28 410
28 415
28 416
28 776
28 777
28 783
28 822
29 58
29 69
29 290
29 400
29 405
29 408
29 409
29 416
29 417
29 775
29 776
29 783
29 791
29 792
29 793
29 822
29 823
30 58
30 69
30 289
30 400
30 405
30 409
30 410
30 417
30 774
30 783
30 785
30 786
30 787
30 788
30 789
30 790
30 794
30 795
30 824
30 825
31 58
31 69
31 289
31 400
31 405
31 410
31 417
31 773
31 774
31 783
31 795
31 796
31 826
31 827
32 58
32 69
32 288
32 400
32 405
32 411
32 412
32 417
32 771
32 772
32 775
32 776
32 782
32 796
32 797
32 828
32 829
33 58
33 69
33 288
33 400
33 405
33 413
33 414
33 415
33 416
33 417
33 769
33 770
33 777
33 778
33 782
33 797
33 829
33 830
33 843
34 58
34 69
34 288
34 400
34 405
34 769
34 776
34 777
34 782
34 798
34 823
34 824
34 825
34 830
34 831
34 832
34 833
34 834
34 835
34 836
34 837
34 838
34 839
34 840
34 841
34 842
34 844
34 845
35 59
35 69
35 288
35 400
35 405
35 768
35 776
35 782
35 799
35 800
35 801
35 821
35 822
35 826
35 827
35 846
36 59
36 69
36 288
36 400
36 405
36 763
36 764
36 769
36 775
36 778
36 782
36 802
36 803
36 804
36 819
36 820
36 827
36 847
37 59
37 69
37 288
37 400
37 405
37 631
37 632
37 633
37 761
37 762
37 765
37 766
37 767
37 769
37 770
37 775
37 778
37 782
37 805
37 806
37 819
37 828
37 829
37 830
37 831
37 832
37 847
38 59
38 69
38 288
38 400
38 405
38 630
38 631
38 633
38 761
38 770
38 771
38 772
38 773
38 774
38 778
38 782
38 806
38 818
38 833
38 847
39 59
39 69
39 289
39 400
39 405
39 629
39 630
39 634
39 760
39 778
39 782
39 806
39 818
39 834
39 847
40 59
40 69
40 289
40 400
40 405
40 626
40 627
40 628
40 629
40 634
40 760
40 778
40 782
40 806
40 817
40 834
40 835
40 847
41 59
41 69
41 290
41 291
41 341
41 342
41 343
41 344
41 400
41 405
41 624
41 625
41 635
41 759
41 778
41 783
41 806
41 817
41 835
41 847
42 59
42 69
42 292
42 340
42 345
42 400
42 405
42 624
42 635
42 759
42 778
42 783
42 806
42 817
42 835
42 847
43 59
43 69
43 293
43 339
43 345
43 400
43 405
43 623
43 635
43 759
43 778
43 783
43 806
43 816
43 835
43 848
44 59
44 69
44 293
44 330
44 331
44 332
44 333
44 334
44 335
44 336
44 337
44 338
44 346
44 400
44 405
44 623
44 636
44 759
44 778
44 783
44 806
44 816
44 835
44 848
44 849
45 59
45 69
45 293
45 328
45 329
45 346
45 347
45 400
45 406
45 623
45 636
45 637
45 759
45 778
45 783
45 807
45 816
45 836
45 849
45 850
45 851
46 59
46 69
46 293
46 327
46 347
46 348
46 400
46 406
46 623
46 638
46 759
46 778
46 783
46 807
46 808
46 816
46 837
46 852
46 853
46 854
46 875
47 59
47 69
47 293
47 326
47 348
47 349
47 400
47 406
47 613
47 614
47 615
47 638
47 642
47 643
47 644
47 759
47 778
47 783
47 809
47 810
47 816
47 837
47 873
47 874
47 876
47 877
48 59
48 70
48 293
48 326
48 350
48 351
48 400
48 406
48 612
48 613
48 615
48 621
48 622
48 624
48 638
48 641
48 642
48 644
48 759
48 778
48 783
48 810
48 811
48 817
48 818
48 819
48 820
48 821
48 822
48 838
48 851
48 852
48 853
48 854
48 873
48 877
49 59
49 70
49 292
49 325
49 351
49 400
49 406
49 610
49 611
49 616
49 617
49 618
49 619
49 620
49 624
49 638
49 640
49 644
49 759
49 778
49 783
49 812
49 813
49 814
49 822
49 839
49 840
49 849
49 850
49 873
49 877
50 59
50 70
50 292
50 325
50 351
50 400
50 406
50 609
50 610
50 638
50 639
50 645
50 758
50 778
50 783
50 815
50 823
50 840
50 841
50 849
50 873
50 874
50 875
50 876
50 877
51 59
51 70
51 291
51 292
51 325
51 351
51 400
51 406
51 609
51 645
51 758
51 778
51 783
51 816
51 823
51 841
51 848
52 59
52 70
52 291
52 325
52 351
52 400
52 406
52 609
52 610
52 645
52 758
52 778
52 783
52 816
52 824
52 842
52 847
52 848
53 59
53 70
53 290
53 324
53 352
53 400
53 406
53 601
53 602
53 644
53 758
53 778
53 783
53 816
53 824
53 843
53 844
53 847
54 59
54 70
54 290
54 324
54 352
54 400
54 406
54 600
54 601
54 603
54 608
54 609
54 644
54 758
54 778
54 783
54 816
54 825
54 826
54 844
54 845
54 846
55 59
55 70
55 290
55 324
55 353
55 401
55 406
55 599
55 600
55 603
55 607
55 608
55 644
55 645
55 646
55 759
55 779
55 783
55 816
55 827
55 828
56 59
56 70
56 290
56 324
56 354
56 355
56 401
56 406
56 598
56 599
56 604
56 605
56 606
56 647
56 756
56 757
56 759
56 779
56 783
56 816
56 829
57 59
57 70
57 290
57 323
57 356
57 401
57 406
57 597
57 598
57 647
57 754
57 755
57 758
57 779
57 783
57 816
57 829
58 59
58 70
58 289
58 290
58 322
58 323
58 357
58 401
58 406
58 596
58 597
58 647
58 754
58 779
58 783
58 816
58 829
59 60
59 70
59 289
59 322
59 357
59 401
59 406
59 595
59 596
59 646
59 647
59 753
59 779
59 783
59 816
59 829
60 60
60 70
60 288
60 321
60 358
60 401
60 406
60 595
60 645
60 753
60 779
60 783
60 816
60 829
61 60
61 70
61 288
61 322
61 359
61 360
61 401
61 406
61 480
61 481
61 595
61 596
61 644
61 752
61 779
61 783
61 817
61 829
62 60
62 70
62 288
62 319
62 360
62 361
62 401
62 406
62 478
62 479
62 482
62 483
62 597
62 644
62 752
62 779
62 783
62 817
62 818
62 829
63 60
63 70
63 288
63 317
63 318
63 320
63 323
63 361
63 401
63 406
63 478
63 483
63 484
63 597
63 644
63 751
63 779
63 783
63 818
63 819
63 828
64 60
64 70
64 288
64 317
64 321
64 323
64 324
64 362
64 401
64 406
64 477
64 484
64 485
64 597
64 644
64 751
64 779
64 783
64 819
64 820
64 828
65 60
65 70
65 288
65 316
65 321
65 325
65 362
65 401
65 406
65 477
65 485
65 596
65 644
65 735
65 736
65 751
65 779
65 783
65 820
65 821
65 827
66 60
66 70
66 288
66 316
66 322
66 325
66 362
66 401
66 406
66 477
66 486
66 596
66 644
66 733
66 734
66 737
66 750
66 751
66 779
66 783
66 821
66 822
66 827
67 60
67 70
67 288
67 315
67 322
67 323
67 326
67 363
67 401
67 406
67 477
67 486
67 487
67 596
67 644
67 732
67 733
67 737
67 748
67 749
67 779
67 784
67 822
67 823
67 824
67 825
67 826
68 60
68 70
68 288
68 316
68 323
68 324
68 363
68 366
68 367
68 368
68 401
68 406
68 477
68 488
68 489
68 595
68 645
68 731
68 732
68 738
68 739
68 740
68 741
68 747
68 748
68 779
68 784
69 60
69 70
69 288
69 316
69 324
69 326
69 364
69 365
69 368
69 369
69 401
69 406
69 477
69 490
69 491
69 595
69 645
69 650
69 651
69 730
69 731
69 742
69 743
69 744
69 747
69 779
69 784
70 60
70 70
70 288
70 311
70 312
70 313
70 314
70 315
70 316
70 369
70 370
70 371
70 401
70 406
70 472
70 473
70 477
70 492
70 493
70 594
70 646
70 647
70 648
70 649
70 652
70 730
70 745
70 779
70 784
71 60
71 70
71 289
71 309
71 310
71 372
71 373
71 374
71 401
71 406
71 471
71 474
71 475
71 476
71 477
71 493
71 494
71 495
71 594
71 653
71 729
71 779
71 784
72 60
72 70
72 289
72 290
72 307
72 308
72 375
72 376
72 401
72 406
72 470
72 496
72 594
72 653
72 654
72 729
72 779
72 784
73 60
73 70
73 291
73 305
73 306
73 376
73 401
73 406
73 470
73 496
73 595
73 654
73 655
73 729
73 779
73 784
74 60
74 70
74 291
74 305
74 376
74 401
74 406
74 470
74 496
74 579
74 580
74 581
74 584
74 585
74 586
74 595
74 655
74 728
74 779
74 784
75 60
75 70
75 291
75 304
75 376
75 401
75 406
75 469
75 496
75 579
75 581
75 582
75 583
75 586
75 595
75 655
75 728
75 779
75 784
76 60
76 70
76 291
76 303
76 377
76 401
76 406
76 454
76 455
76 469
76 497
76 578
76 587
76 595
76 655
76 727
76 779
76 784
77 60
77 70
77 291
77 302
77 377
77 401
77 406
77 452
77 453
77 456
77 457
77 469
77 497
77 498
77 578
77 587
77 588
77 589
77 590
77 591
77 592
77 593
77 594
77 655
77 727
77 779
77 784
77 862
77 863
77 864
77 865
78 60
78 70
78 291
78 302
78 377
78 401
78 406
78 451
78 452
78 457
78 458
78 469
78 499
78 500
78 577
78 654
78 723
78 726
78 779
78 784
78 860
78 861
78 866
78 872
78 873
79 60
79 71
79 291
79 301
79 377
79 401
79 406
79 450
79 451
79 458
79 459
79 460
79 461
79 462
79 469
79 501
79 502
79 577
79 655
79 722
79 724
79 779
79 784
79 860
79 866
79 871
79 872
80 60
80 71
80 290
80 301
80 378
80 401
80 406
80 449
80 450
80 463
80 464
80 468
80 502
80 577
80 655
80 656
80 721
80 725
80 726
80 779
80 784
80 859
80 863
80 864
80 869
80 870
80 871
80 874
81 60
81 71
81 290
81 294
81 295
81 296
81 297
81 298
81 299
81 300
81 378
81 401
81 407
81 448
81 449
81 465
81 466
81 502
81 576
81 657
81 721
81 779
81 784
81 858
81 861
81 862
81 869
81 874
82 60
82 71
82 289
82 292
82 293
82 378
82 401
82 407
82 448
82 467
82 502
82 576
82 658
82 721
82 779
82 784
82 858
82 860
82 869
82 870
82 871
82 872
82 873
82 874
83 60
83 71
83 289
83 291
83 379
83 401
83 407
83 447
83 503
83 576
83 658
83 659
83 720
83 779
83 784
84 60
84 71
84 379
84 401
84 407
84 447
84 503
84 504
84 505
84 506
84 507
84 508
84 509
84 575
84 660
84 664
84 720
84 779
84 784
85 60
85 71
85 379
85 401
85 407
85 447
85 510
85 575
85 660
85 663
85 665
85 719
85 779
85 784
86 60
86 71
86 380
86 401
86 407
86 447
86 510
86 574
86 660
86 665
86 719
86 779
86 784
87 60
87 71
87 380
87 381
87 401
87 407
87 448
87 511
87 574
87 660
87 665
87 719
87 779
87 784
88 60
88 71
88 95
88 96
88 97
88 381
88 401
88 407
88 448
88 511
88 574
88 661
88 662
88 666
88 720
88 721
88 779
88 784
89 60
89 71
89 94
89 98
89 99
89 100
89 382
89 401
89 407
89 449
89 512
89 574
89 666
89 722
89 779
89 784
90 60
90 71
90 93
90 382
90 401
90 407
90 449
90 450
90 451
90 512
90 574
90 666
90 722
90 779
90 784
91 60
91 71
91 92
91 93
91 100
91 383
91 401
91 407
91 512
91 573
91 666
91 723
91 779
91 784
92 60
92 71
92 91
92 92
92 99
92 383
92 384
92 385
92 386
92 401
92 407
92 451
92 513
92 572
92 666
92 723
92 779
92 785
93 60
93 71
93 90
93 99
93 387
93 401
93 407
93 451
93 513
93 571
93 666
93 723
93 779
93 785
94 60
94 71
94 89
94 98
94 387
94 401
94 407
94 451
94 452
94 514
94 570
94 571
94 666
94 723
94 779
94 785
95 60
95 71
95 89
95 98
95 387
95 401
95 407
95 453
95 454
95 455
95 456
95 515
95 516
95 517
95 570
95 666
95 724
95 779
95 785
96 60
96 71
96 89
96 97
96 387
96 401
96 407
96 518
96 519
96 569
96 666
96 724
96 779
96 785
97 60
97 71
97 89
97 97
97 387
97 401
97 407
97 456
97 520
97 521
97 569
97 666
97 725
97 779
97 785
97 842
97 843
98 60
98 71
98 90
98 96
98 387
98 401
98 407
98 455
98 521
98 568
98 666
98 725
98 779
98 785
98 841
98 844
99 61
99 71
99 96
99 388
99 401
99 407
99 455
99 522
99 568
99 665
99 726
99 779
99 785
99 841
99 844
100 61
100 71
100 88
100 89
100 96
100 389
100 390
100 401
100 407
100 454
100 522
100 568
100 664
100 665
100 726
100 779
100 785
100 840
100 845
101 61
101 71
101 88
101 96
101 390
101 391
101 401
101 407
101 454
101 522
101 568
101 661
101 662
101 663
101 727
101 779
101 785
101 840
101 845
102 61
102 71
102 87
102 96
102 392
102 393
102 401
102 407
102 455
102 521
102 522
102 569
102 659
102 660
102 727
102 780
102 785
102 839
102 846
103 61
103 71
103 87
103 96
103 393
103 394
103 401
103 407
103 455
103 520
103 521
103 569
103 659
103 728
103 780
103 785
103 838
103 839
103 846
104 61
104 71
104 87
104 97
104 323
104 324
104 325
104 326
104 394
104 395
104 401
104 407
104 455
104 519
104 520
104 570
104 659
104 728
104 780
104 785
104 837
104 838
104 846
105 61
105 72
105 87
105 97
105 98
105 322
105 396
105 397
105 401
105 407
105 455
105 517
105 518
105 570
105 571
105 660
105 661
105 662
105 663
105 728
105 780
105 785
105 835
105 836
105 846
106 61
106 72
106 74
106 75
106 76
106 84
106 85
106 86
106 98
106 99
106 100
106 101
106 102
106 322
106 324
106 325
106 397
106 398
106 401
106 407
106 455
106 517
106 524
106 525
106 526
106 571
106 664
106 665
106 728
106 780
106 785
106 835
106 845
107 61
107 73
107 76
107 77
107 81
107 82
107 83
107 103
107 104
107 105
107 106
107 398
107 401
107 407
107 456
107 519
107 520
107 521
107 522
107 523
107 527
107 572
107 665
107 727
107 728
107 780
107 785
107 835
107 836
107 845
108 61
108 73
108 77
108 78
108 79
108 80
108 107
108 284
108 285
108 286
108 287
108 398
108 401
108 407
108 527
108 573
108 574
108 666
108 667
108 727
108 780
108 785
108 837
108 838
108 839
108 845
109 61
109 73
109 108
109 283
109 284
109 287
109 288
109 398
109 401
109 407
109 455
109 527
109 574
109 668
109 669
109 726
109 780
109 785
109 840
109 841
109 842
109 845
110 61
110 72
110 108
110 109
110 282
110 283
110 288
110 398
110 401
110 407
110 454
110 527
110 575
110 587
110 588
110 590
110 670
110 726
110 771
110 772
110 773
110 774
110 775
110 776
110 777
110 778
110 779
110 781
110 782
110 783
110 784
110 785
110 787
110 788
110 789
110 790
110 843
110 846
111 61
111 72
111 109
111 281
111 282
111 288
111 401
111 407
111 454
111 528
111 575
111 586
111 671
111 726
111 749
111 750
111 751
111 752
111 753
111 754
111 755
111 756
111 757
111 758
111 759
111 760
111 761
111 762
111 763
111 764
111 765
111 766
111 767
111 768
111 769
111 770
111 791
111 844
111 845
111 847
111 848
111 849
112 61
112 72
112 110
112 280
112 281
112 288
112 398
112 399
112 400
112 401
112 407
112 453
112 454
112 528
112 575
112 586
112 589
112 590
112 671
112 725
112 748
112 791
112 844
112 850
113 61
113 73
113 74
113 75
113 76
113 77
113 78
113 79
113 80
113 81
113 82
113 83
113 84
113 85
113 86
113 87
113 88
113 89
113 111
113 279
113 280
113 288
113 397
113 408
113 452
113 453
113 528
113 575
113 671
113 722
113 723
113 724
113 725
113 747
113 791
113 844
113 850
114 61
114 90
114 91
114 111
114 278
114 279
114 288
114 396
114 401
114 452
114 528
114 575
114 672
114 721
114 747
114 791
114 844
114 850
115 61
115 72
115 92
115 93
115 111
115 278
115 288
115 397
115 401
115 407
115 451
115 529
115 575
115 672
115 720
115 747
115 791
115 844
115 850
116 61
116 72
116 94
116 95
116 111
116 268
116 269
116 270
116 278
116 284
116 288
116 397
116 398
116 399
116 407
116 451
116 529
116 575
116 672
116 720
116 747
116 791
116 844
116 850
116 1195
116 1196
117 61
117 72
117 96
117 97
117 98
117 99
117 100
117 101
117 102
117 103
117 104
117 105
117 106
117 107
117 110
117 267
117 279
117 280
117 281
117 282
117 283
117 285
117 288
117 400
117 401
117 407
117 451
117 529
117 575
117 672
117 719
117 720
117 748
117 791
117 844
117 850
117 1195
118 61
118 108
118 109
118 264
118 265
118 266
118 269
118 270
118 286
118 288
118 402
118 408
118 438
118 439
118 440
118 441
118 442
118 443
118 444
118 445
118 451
118 529
118 575
118 672
118 719
118 748
118 791
118 844
118 850
118 1194
119 61
119 74
119 262
119 263
119 268
119 286
119 402
119 408
119 446
119 447
119 448
119 449
119 450
119 529
119 575
119 673
119 718
119 748
119 791
119 844
119 850
119 1194
119 1197
120 61
120 72
120 75
120 76
120 108
120 109
120 261
120 262
120 268
120 286
120 288
120 402
120 408
120 409
120 410
120 411
120 442
120 443
120 444
120 529
120 575
120 674
120 718
120 748
120 791
120 843
120 848
120 849
120 850
120 1193
120 1197
120 1198
121 61
121 72
121 77
121 78
121 107
121 261
121 268
121 286
121 288
121 402
121 408
121 412
121 413
121 414
121 415
121 416
121 417
121 438
121 439
121 446
121 447
121 448
121 449
121 450
121 529
121 574
121 674
121 717
121 748
121 782
121 783
121 784
121 785
121 788
121 789
121 790
121 791
121 843
121 847
121 1193
121 1198
121 1199
122 61
122 72
122 78
122 79
122 107
122 260
122 268
122 402
122 408
122 418
122 419
122 420
122 421
122 422
122 423
122 436
122 437
122 529
122 574
122 674
122 688
122 689
122 718
122 719
122 720
122 721
122 748
122 761
122 762
122 763
122 764
122 765
122 766
122 767
122 768
122 769
122 770
122 771
122 772
122 773
122 774
122 775
122 776
122 777
122 778
122 779
122 781
122 786
122 842
122 846
122 1194
122 1199
123 61
123 72
123 79
123 80
123 107
123 260
123 269
123 402
123 408
123 424
123 425
123 426
123 427
123 428
123 429
123 435
123 436
123 529
123 574
123 675
123 683
123 684
123 685
123 686
123 687
123 690
123 691
123 722
123 723
123 749
123 750
123 751
123 752
123 753
123 754
123 755
123 780
123 786
123 841
123 846
123 1194
123 1199
124 61
124 73
124 80
124 107
124 260
124 270
124 402
124 408
124 430
124 431
124 432
124 434
124 435
124 529
124 575
124 576
124 577
124 578
124 675
124 676
124 681
124 682
124 691
124 723
124 724
124 760
124 761
124 762
124 763
124 764
124 765
124 766
124 767
124 768
124 769
124 770
124 771
124 772
124 773
124 774
124 775
124 776
124 781
124 782
124 783
124 784
124 785
124 786
124 794
124 795
124 796
124 802
124 840
124 846
124 1193
124 1194
124 1199
125 61
125 73
125 80
125 107
125 260
125 271
125 402
125 408
125 434
125 529
125 579
125 580
125 676
125 677
125 678
125 679
125 680
125 681
125 692
125 693
125 694
125 695
125 696
125 724
125 756
125 757
125 758
125 759
125 786
125 794
125 797
125 798
125 799
125 800
125 801
125 803
125 804
125 805
125 830
125 839
125 846
125 1191
125 1192
125 1196
125 1197
125 1198
126 61
126 73
126 80
126 107
126 260
126 271
126 402
126 408
126 433
126 529
126 581
126 697
126 698
126 724
126 755
126 764
126 765
126 766
126 767
126 768
126 769
126 770
126 771
126 772
126 773
126 774
126 794
126 806
126 807
126 808
126 809
126 828
126 829
126 831
126 832
126 833
126 834
126 839
126 846
126 1190
126 1194
127 61
127 73
127 81
127 106
127 261
127 272
127 402
127 408
127 433
127 529
127 577
127 578
127 581
127 638
127 639
127 640
127 698
127 699
127 725
127 755
127 762
127 793
127 810
127 811
127 828
127 835
127 836
127 837
127 838
127 846
127 1191
127 1192
128 61
128 73
128 81
128 106
128 261
128 272
128 402
128 408
128 433
128 529
128 576
128 579
128 637
128 641
128 699
128 726
128 755
128 762
128 785
128 787
128 793
128 811
128 828
128 846
129 61
129 73
129 81
129 106
129 261
129 272
129 343
129 344
129 345
129 346
129 402
129 408
129 433
129 529
129 575
129 580
129 581
129 638
129 642
129 700
129 727
129 753
129 754
129 755
129 762
129 785
129 787
129 792
129 812
129 820
129 829
129 830
129 845
130 61
130 73
130 81
130 106
130 261
130 272
130 342
130 347
130 402
130 408
130 434
130 529
130 545
130 546
130 547
130 548
130 549
130 550
130 551
130 552
130 575
130 638
130 642
130 701
130 702
130 727
130 728
130 729
130 730
130 751
130 752
130 755
130 787
130 792
130 812
130 813
130 819
130 821
130 831
130 845
131 61
131 73
131 81
131 106
131 264
131 265
131 266
131 267
131 268
131 269
131 270
131 271
131 272
131 341
131 347
131 401
131 408
131 434
131 435
131 447
131 448
131 449
131 450
131 489
131 490
131 491
131 492
131 529
131 544
131 553
131 575
131 639
131 643
131 703
131 704
131 705
131 731
131 732
131 750
131 751
131 756
131 760
131 761
131 762
131 792
131 813
131 814
131 815
131 819
131 821
131 831
131 845
132 61
132 73
132 82
132 106
132 240
132 241
132 242
132 243
132 244
132 245
132 262
132 263
132 272
132 341
132 347
132 387
132 388
132 389
132 390
132 401
132 410
132 411
132 412
132 413
132 414
132 415
132 436
132 437
132 438
132 439
132 440
132 441
132 442
132 443
132 444
132 445
132 446
132 487
132 488
132 493
132 494
132 529
132 543
132 553
132 575
132 639
132 640
132 641
132 706
132 707
132 733
132 750
132 756
132 759
132 762
132 763
132 764
132 784
132 786
132 791
132 816
132 817
132 818
132 819
132 821
132 822
132 831
132 844
133 61
133 73
133 82
133 106
133 240
133 246
133 247
133 262
133 341
133 347
133 385
133 386
133 391
133 392
133 393
133 402
133 409
133 416
133 417
133 418
133 419
133 420
133 448
133 449
133 450
133 487
133 494
133 529
133 543
133 553
133 576
133 577
133 708
133 733
133 749
133 756
133 758
133 765
133 784
133 786
133 790
133 791
133 806
133 823
133 824
133 829
133 830
133 842
133 843
133 844
134 61
134 73
134 83
134 106
134 240
134 247
134 248
134 262
134 271
134 341
134 347
134 383
134 384
134 391
134 402
134 408
134 421
134 422
134 423
134 424
134 446
134 447
134 486
134 494
134 530
134 531
134 543
134 554
134 555
134 556
134 557
134 558
134 559
134 560
134 561
134 562
134 578
134 709
134 733
134 749
134 756
134 758
134 766
134 783
134 787
134 789
134 804
134 805
134 807
134 808
134 809
134 810
134 811
134 812
134 813
134 825
134 826
134 827
134 828
134 841
135 61
135 73
135 83
135 106
135 241
135 248
135 262
135 271
135 341
135 347
135 383
135 391
135 392
135 393
135 402
135 408
135 425
135 426
135 427
135 428
135 445
135 486
135 494
135 532
135 533
135 534
135 535
135 543
135 554
135 563
135 564
135 579
135 709
135 710
135 711
135 712
135 734
135 738
135 739
135 740
135 748
135 758
135 766
135 783
135 787
135 800
135 801
135 802
135 803
135 814
135 815
135 816
135 840
136 61
136 73
136 84
136 107
136 241
136 249
136 261
136 271
136 341
136 347
136 382
136 389
136 390
136 402
136 408
136 429
136 430
136 445
136 446
136 486
136 494
136 536
136 537
136 543
136 553
136 565
136 566
136 579
136 713
136 734
136 735
136 736
136 737
136 748
136 758
136 766
136 782
136 786
136 798
136 799
136 817
136 818
136 840
137 61
137 68
137 69
137 73
137 78
137 84
137 85
137 108
137 109
137 242
137 249
137 261
137 271
137 341
137 347
137 383
137 384
137 385
137 386
137 387
137 388
137 402
137 408
137 431
137 432
137 447
137 448
137 457
137 458
137 459
137 460
137 461
137 462
137 475
137 476
137 477
137 478
137 479
137 480
137 481
137 486
137 495
137 538
137 539
137 540
137 541
137 542
137 543
137 554
137 555
137 556
137 558
137 566
137 567
137 579
137 714
137 740
137 748
137 757
137 766
137 768
137 782
137 786
137 792
137 793
137 794
137 795
137 796
137 797
137 818
137 819
137 820
137 821
137 822
137 823
137 840
138 61
138 67
138 70
138 71
138 72
138 73
138 74
138 75
138 76
138 77
138 79
138 80
138 85
138 110
138 111
138 112
138 113
138 114
138 115
138 116
138 117
138 118
138 119
138 120
138 250
138 260
138 261
138 271
138 341
138 347
138 402
138 408
138 433
138 434
138 448
138 449
138 450
138 455
138 456
138 463
138 473
138 474
138 482
138 483
138 486
138 495
138 537
138 559
138 568
138 569
138 579
138 714
138 715
138 739
138 748
138 757
138 765
138 768
138 781
138 786
138 790
138 791
138 824
138 825
138 826
138 839
139 61
139 66
139 80
139 81
139 86
139 121
139 122
139 123
139 124
139 241
139 250
139 251
139 259
139 260
139 271
139 341
139 347
139 402
139 408
139 434
139 435
139 451
139 452
139 453
139 454
139 463
139 473
139 483
139 486
139 496
139 533
139 534
139 535
139 536
139 560
139 561
139 562
139 570
139 571
139 572
139 573
139 574
139 575
139 576
139 577
139 578
139 579
139 715
139 716
139 717
139 718
139 737
139 738
139 748
139 757
139 765
139 769
139 781
139 787
139 827
139 828
139 829
139 830
139 831
139 832
139 833
139 834
139 835
139 839
140 61
140 66
140 81
140 86
140 125
140 126
140 127
140 139
140 140
140 141
140 142
140 143
140 144
140 145
140 146
140 147
140 148
140 149
140 150
140 151
140 152
140 153
140 241
140 244
140 252
140 253
140 254
140 255
140 256
140 257
140 258
140 270
140 341
140 347
140 402
140 408
140 435
140 436
140 463
140 472
140 483
140 486
140 496
140 497
140 531
140 532
140 563
140 719
140 720
140 721
140 736
140 748
140 758
140 759
140 760
140 761
140 762
140 763
140 764
140 765
140 769
140 770
140 780
140 787
140 791
140 792
140 836
140 837
140 838
140 839
141 61
141 66
141 81
141 86
141 128
141 129
141 138
141 153
141 241
141 245
141 270
141 341
141 345
141 346
141 348
141 402
141 408
141 436
141 437
141 463
141 472
141 481
141 482
141 483
141 487
141 488
141 489
141 490
141 491
141 492
141 493
141 494
141 495
141 498
141 531
141 563
141 722
141 723
141 735
141 748
141 770
141 780
141 786
141 790
142 61
142 66
142 81
142 86
142 129
142 137
142 150
142 151
142 152
142 153
142 240
142 246
142 270
142 341
142 344
142 349
142 402
142 408
142 438
142 439
142 463
142 464
142 472
142 478
142 479
142 480
142 496
142 499
142 500
142 501
142 502
142 503
142 504
142 505
142 506
142 530
142 563
142 619
142 620
142 723
142 724
142 730
142 731
142 732
142 733
142 734
142 735
142 748
142 756
142 771
142 779
142 786
142 789
142 792
143 61
143 66
143 81
143 86
143 129
143 136
143 137
143 141
143 142
143 143
143 240
143 246
143 269
143 341
143 349
143 402
143 408
143 439
143 440
143 441
143 465
143 473
143 474
143 475
143 476
143 477
143 497
143 507
143 508
143 509
143 510
143 511
143 512
143 513
143 514
143 515
143 516
143 531
143 563
143 618
143 621
143 724
143 725
143 726
143 727
143 728
143 729
143 748
143 771
143 772
143 779
143 787
143 788
143 789
143 792
144 61
144 66
144 81
144 86
144 129
144 130
144 131
144 132
144 133
144 134
144 135
144 138
144 139
144 140
144 240
144 247
144 248
144 249
144 268
144 341
144 350
144 351
144 352
144 353
144 354
144 402
144 408
144 442
144 443
144 465
144 498
144 531
144 532
144 561
144 562
144 563
144 617
144 621
144 749
144 757
144 758
144 759
144 772
144 773
144 793
144 794
144 795
145 61
145 65
145 81
145 86
145 136
145 240
145 246
145 247
145 249
145 250
145 251
145 252
145 268
145 341
145 355
145 402
145 408
145 444
145 445
145 462
145 463
145 498
145 515
145 516
145 532
145 560
145 617
145 621
145 749
145 757
145 760
145 761
145 762
145 773
145 778
145 779
145 780
145 791
145 796
146 61
146 65
146 81
146 86
146 131
146 132
146 133
146 134
146 135
146 235
146 236
146 237
146 238
146 239
146 240
146 253
146 254
146 255
146 256
146 257
146 258
146 259
146 267
146 268
146 341
146 355
146 402
146 408
146 445
146 446
146 460
146 461
146 499
146 514
146 515
146 532
146 559
146 617
146 621
146 749
146 757
146 763
146 764
146 774
146 777
146 790
146 797
146 798
146 799
147 61
147 65
147 80
147 86
147 234
147 240
147 245
147 253
147 259
147 260
147 262
147 263
147 264
147 265
147 266
147 267
147 341
147 355
147 402
147 408
147 446
147 458
147 459
147 500
147 501
147 502
147 513
147 514
147 531
147 559
147 561
147 562
147 617
147 621
147 749
147 757
147 765
147 766
147 772
147 773
147 774
147 776
147 777
147 780
147 790
147 800
148 61
148 65
148 80
148 85
148 86
148 232
148 233
148 240
148 245
148 254
148 261
148 334
148 335
148 336
148 341
148 355
148 402
148 408
148 447
148 456
148 457
148 503
148 504
148 505
148 513
148 531
148 563
148 617
148 621
148 749
148 757
148 767
148 768
148 769
148 770
148 771
148 780
148 790
148 800
149 61
149 65
149 230
149 231
149 240
149 245
149 260
149 327
149 328
149 329
149 330
149 333
149 337
149 342
149 356
149 402
149 408
149 447
149 453
149 454
149 455
149 506
149 507
149 508
149 512
149 531
149 563
149 617
149 621
149 749
149 757
149 780
149 790
149 800
150 61
150 66
150 67
150 68
150 69
150 80
150 230
150 240
150 245
150 261
150 326
150 330
150 337
150 342
150 356
150 402
150 408
150 448
150 449
150 450
150 451
150 452
150 509
150 510
150 511
150 512
150 531
150 563
150 617
150 621
150 749
150 757
150 780
150 790
150 800
151 61
151 70
151 80
151 229
151 240
151 245
151 259
151 323
151 324
151 325
151 330
151 337
151 342
151 356
151 402
151 408
151 531
151 563
151 617
151 621
151 749
151 758
151 759
151 760
151 761
151 762
151 780
151 790
151 800
152 61
152 70
152 80
152 229
152 240
152 245
152 256
152 257
152 258
152 321
152 322
152 327
152 330
152 337
152 342
152 356
152 402
152 408
152 532
152 559
152 560
152 561
152 562
152 563
152 617
152 621
152 749
152 763
152 764
152 780
152 790
152 800
153 61
153 70
153 80
153 228
153 240
153 245
153 255
153 318
153 319
153 320
153 321
153 327
153 330
153 337
153 342
153 356
153 402
153 408
153 532
153 533
153 534
153 535
153 536
153 559
153 617
153 621
153 749
153 764
153 780
153 790
153 800
154 62
154 70
154 80
154 228
154 240
154 245
154 254
154 317
154 327
154 330
154 332
154 337
154 342
154 356
154 366
154 367
154 368
154 402
154 408
154 537
154 559
154 617
154 621
154 749
154 765
154 780
154 790
154 800
155 62
155 70
155 80
155 228
155 240
155 245
155 254
155 316
155 327
155 330
155 332
155 337
155 342
155 356
155 366
155 368
155 394
155 395
155 396
155 397
155 398
155 399
155 400
155 401
155 409
155 538
155 539
155 540
155 541
155 542
155 543
155 544
155 545
155 548
155 549
155 550
155 553
155 554
155 555
155 556
155 557
155 558
155 559
155 617
155 621
155 750
155 753
155 754
155 765
155 780
155 790
155 800
156 62
156 70
156 80
156 227
156 240
156 245
156 254
156 316
156 327
156 330
156 332
156 337
156 342
156 356
156 365
156 368
156 393
156 402
156 409
156 546
156 552
156 617
156 622
156 751
156 755
156 765
156 780
156 790
156 800
157 62
157 70
157 80
157 228
157 240
157 245
157 254
157 317
157 318
157 319
157 327
157 330
157 331
157 332
157 333
157 334
157 335
157 336
157 342
157 352
157 353
157 354
157 355
157 356
157 365
157 368
157 392
157 402
157 409
157 546
157 551
157 617
157 622
157 751
157 755
157 765
157 780
157 790
157 800
158 62
158 71
158 80
158 228
158 229
158 240
158 245
158 254
158 320
158 327
158 329
158 332
158 335
158 342
158 350
158 351
158 365
158 368
158 392
158 402
158 409
158 546
158 551
158 617
158 622
158 751
158 755
158 765
158 780
158 790
158 799
158 800
159 62
159 71
159 80
159 229
159 240
159 245
159 254
159 320
159 327
159 329
159 335
159 342
159 350
159 365
159 368
159 392
159 402
159 409
159 447
159 448
159 449
159 450
159 451
159 452
159 453
159 454
159 455
159 456
159 457
159 458
159 459
159 460
159 461
159 462
159 463
159 464
159 465
159 466
159 467
159 468
159 469
159 470
159 471
159 472
159 473
159 474
159 475
159 476
159 477
159 478
159 479
159 546
159 551
159 617
159 622
159 751
159 755
159 765
159 780
159 791
159 794
159 795
159 796
159 797
159 798
160 62
160 71
160 80
160 230
160 240
160 245
160 254
160 317
160 327
160 329
160 335
160 342
160 349
160 365
160 368
160 392
160 402
160 410
160 411
160 412
160 413
160 414
160 415
160 416
160 417
160 418
160 419
160 420
160 421
160 422
160 423
160 424
160 425
160 426
160 427
160 428
160 429
160 430
160 431
160 432
160 433
160 434
160 435
160 436
160 437
160 438
160 439
160 440
160 441
160 442
160 443
160 444
160 445
160 446
160 480
160 546
160 551
160 617
160 622
160 751
160 755
160 764
160 780
160 793
161 62
161 71
161 80
161 230
161 231
161 240
161 245
161 254
161 316
161 327
161 328
161 329
161 335
161 342
161 349
161 365
161 368
161 392
161 402
161 410
161 480
161 546
161 551
161 617
161 622
161 751
161 755
161 764
161 780
161 792
162 62
162 71
162 80
162 231
162 232
162 240
162 245
162 254
162 316
162 335
162 342
162 345
162 346
162 349
162 365
162 368
162 393
162 394
162 395
162 396
162 397
162 398
162 399
162 400
162 401
162 402
162 409
162 480
162 546
162 551
162 602
162 603
162 604
162 605
162 607
162 608
162 617
162 622
162 751
162 755
162 764
162 780
162 792
163 62
163 71
163 80
163 232
163 240
163 245
163 254
163 317
163 318
163 335
163 342
163 348
163 365
163 368
163 409
163 480
163 546
163 551
163 600
163 601
163 606
163 609
163 610
163 617
163 622
163 751
163 755
163 763
163 780
163 792
164 62
164 71
164 80
164 232
164 240
164 245
164 254
164 336
164 342
164 348
164 362
164 363
164 364
164 365
164 366
164 368
164 402
164 409
164 480
164 546
164 551
164 600
164 603
164 610
164 611
164 617
164 622
164 751
164 756
164 757
164 760
164 761
164 762
164 780
164 792
165 62
165 71
165 80
165 232
165 240
165 245
165 254
165 316
165 317
165 318
165 336
165 342
165 348
165 361
165 367
165 368
165 402
165 409
165 480
165 546
165 551
165 599
165 603
165 611
165 617
165 622
165 751
165 759
165 780
165 792
166 62
166 71
166 80
166 232
166 240
166 245
166 254
166 315
166 336
166 342
166 348
166 360
166 368
166 402
166 409
166 480
166 546
166 551
166 599
166 603
166 611
166 617
166 622
166 751
166 758
166 780
166 792
167 62
167 71
167 80
167 232
167 240
167 245
167 254
167 315
167 336
167 342
167 348
167 360
167 368
167 402
167 409
167 480
167 546
167 551
167 599
167 603
167 611
167 617
167 622
167 752
167 759
167 780
167 792
168 62
168 71
168 80
168 232
168 240
168 245
168 254
168 316
168 317
168 318
168 336
168 342
168 348
168 360
168 368
168 402
168 409
168 480
168 546
168 551
168 599
168 603
168 610
168 611
168 617
168 622
168 752
168 759
168 780
168 793
169 62
169 71
169 79
169 232
169 240
169 245
169 254
169 319
169 320
169 336
169 342
169 348
169 360
169 368
169 369
169 402
169 409
169 480
169 546
169 551
169 600
169 603
169 609
169 610
169 617
169 622
169 752
169 759
169 780
169 793
170 62
170 71
170 79
170 232
170 240
170 245
170 253
170 320
170 336
170 342
170 348
170 360
170 367
170 402
170 409
170 480
170 546
170 551
170 600
170 603
170 609
170 617
170 622
170 752
170 759
170 780
170 793
171 62
171 71
171 79
171 233
171 234
171 235
171 236
171 237
171 238
171 239
171 240
171 246
171 249
171 250
171 251
171 252
171 321
171 330
171 331
171 332
171 333
171 335
171 342
171 348
171 360
171 367
171 402
171 409
171 480
171 546
171 551
171 601
171 603
171 606
171 608
171 617
171 622
171 752
171 759
171 780
171 793
172 62
172 71
172 79
172 240
172 248
172 321
172 322
172 323
172 324
172 325
172 328
172 329
172 335
172 342
172 348
172 360
172 367
172 402
172 409
172 480
172 547
172 552
172 601
172 602
172 603
172 607
172 608
172 617
172 622
172 752
172 759
172 780
172 793
173 62
173 71
173 79
173 240
173 247
173 326
173 334
173 342
173 348
173 360
173 367
173 402
173 409
173 480
173 547
173 552
173 608
173 617
173 622
173 752
173 757
173 758
173 760
173 780
173 793
174 62
174 71
174 79
174 240
174 247
174 326
174 334
174 342
174 348
174 360
174 367
174 402
174 409
174 480
174 547
174 552
174 603
174 607
174 617
174 622
174 752
174 755
174 756
174 760
174 780
174 793
175 62
175 71
175 79
175 240
175 247
175 326
175 334
175 342
175 348
175 360
175 367
175 402
175 409
175 480
175 547
175 552
175 603
175 607
175 617
175 622
175 752
175 755
175 761
175 780
175 793
176 62
176 71
176 79
176 240
176 247
176 326
176 334
176 342
176 348
176 360
176 367
176 409
176 480
176 547
176 552
176 603
176 607
176 617
176 622
176 752
176 754
176 761
176 780
176 793
177 62
177 72
177 79
177 240
177 247
177 326
177 334
177 342
177 348
177 361
177 362
177 363
177 364
177 367
177 400
177 401
177 402
177 409
177 480
177 547
177 552
177 603
177 607
177 617
177 622
177 750
177 751
177 754
177 761
177 780
177 793
178 62
178 72
178 79
178 240
178 247
178 326
178 334
178 342
178 348
178 365
178 366
178 369
178 398
178 399
178 403
178 409
178 480
178 547
178 552
178 603
178 607
178 617
178 622
178 687
178 688
178 689
178 690
178 691
178 692
178 693
178 694
178 695
178 696
178 697
178 698
178 699
178 700
178 752
178 753
178 761
178 780
178 793
179 62
179 72
179 79
179 240
179 247
179 326
179 334
179 342
179 348
179 365
179 369
179 397
179 398
179 403
179 409
179 480
179 547
179 552
179 603
179 607
179 617
179 622
179 671
179 672
179 673
179 674
179 675
179 676
179 677
179 678
179 679
179 680
179 681
179 682
179 683
179 684
179 685
179 686
179 701
179 702
179 703
179 752
179 753
179 761
179 780
179 793
180 62
180 72
180 79
180 240
180 247
180 326
180 334
180 342
180 348
180 365
180 369
180 396
180 397
180 403
180 409
180 480
180 547
180 552
180 561
180 562
180 563
180 564
180 565
180 566
180 567
180 568
180 569
180 570
180 571
180 572
180 573
180 574
180 575
180 576
180 577
180 578
180 579
180 580
180 581
180 582
180 583
180 584
180 585
180 586
180 603
180 607
180 617
180 622
180 669
180 670
180 704
180 705
180 752
180 761
180 780
180 793
181 62
181 72
181 79
181 240
181 247
181 326
181 334
181 342
181 348
181 365
181 369
181 395
181 396
181 403
181 409
181 480
181 553
181 554
181 555
181 556
181 557
181 558
181 559
181 560
181 587
181 588
181 603
181 607
181 617
181 622
181 668
181 669
181 706
181 707
181 708
181 751
181 762
181 780
181 793
182 62
182 72
182 79
182 240
182 247
182 326
182 334
182 342
182 348
182 365
182 369
182 394
182 395
182 403
182 409
182 480
182 547
182 553
182 589
182 590
182 603
182 607
182 617
182 622
182 667
182 668
182 709
182 710
182 713
182 750
182 751
182 762
182 780
182 793
183 62
183 72
183 79
183 240
183 248
183 326
183 334
183 342
183 348
183 365
183 369
183 393
183 394
183 403
183 409
183 480
183 545
183 547
183 552
183 590
183 591
183 603
183 607
183 617
183 622
183 665
183 666
183 711
183 712
183 713
183 750
183 763
183 780
183 793
184 62
184 72
184 79
184 240
184 248
184 326
184 334
184 342
184 348
184 365
184 369
184 392
184 393
184 403
184 409
184 480
184 544
184 545
184 547
184 552
184 592
184 593
184 603
184 607
184 617
184 622
184 664
184 665
184 713
184 714
184 715
184 716
184 717
184 718
184 719
184 720
184 749
184 763
184 780
184 793
185 62
185 72
185 79
185 240
185 248
185 326
185 334
185 342
185 348
185 365
185 369
185 391
185 392
185 403
185 409
185 480
185 543
185 544
185 547
185 552
185 594
185 595
185 603
185 607
185 617
185 623
185 661
185 662
185 663
185 664
185 721
185 748
185 749
185 764
185 780
185 793
186 62
186 73
186 74
186 75
186 78
186 79
186 241
186 248
186 326
186 334
186 342
186 348
186 365
186 369
186 390
186 391
186 403
186 409
186 480
186 541
186 542
186 547
186 552
186 595
186 596
186 603
186 607
186 617
186 623
186 653
186 654
186 655
186 656
186 657
186 658
186 659
186 660
186 721
186 747
186 748
186 764
186 780
186 793
187 62
187 76
187 77
187 241
187 248
187 326
187 333
187 342
187 348
187 365
187 369
187 389
187 390
187 403
187 409
187 480
187 540
187 541
187 547
187 552
187 597
187 598
187 603
187 607
187 617
187 623
187 649
187 650
187 651
187 652
187 721
187 747
187 764
187 780
187 793
188 62
188 76
188 241
188 248
188 326
188 333
188 342
188 348
188 365
188 369
188 380
188 381
188 382
188 383
188 384
188 385
188 386
188 387
188 388
188 389
188 392
188 393
188 394
188 395
188 396
188 397
188 398
188 399
188 400
188 401
188 402
188 404
188 405
188 406
188 407
188 408
188 409
188 480
188 538
188 539
188 540
188 547
188 552
188 598
188 603
188 607
188 617
188 623
188 647
188 648
188 721
188 746
188 765
188 780
188 793
189 62
189 76
189 241
189 248
189 326
189 333
189 342
189 348
189 365
189 369
189 375
189 376
189 377
189 378
189 379
189 411
189 412
189 413
189 414
189 415
189 416
189 480
189 535
189 536
189 537
189 547
189 552
189 598
189 603
189 608
189 617
189 623
189 646
189 647
189 721
189 745
189 746
189 765
189 780
189 793
190 62
190 76
190 241
190 248
190 326
190 333
190 342
190 348
190 365
190 369
190 373
190 374
190 417
190 418
190 457
190 458
190 459
190 460
190 461
190 462
190 463
190 464
190 465
190 466
190 480
190 533
190 534
190 547
190 552
190 598
190 603
190 608
190 617
190 623
190 645
190 646
190 721
190 745
190 765
190 780
190 793
191 62
191 76
191 241
191 248
191 325
191 333
191 342
191 348
191 365
191 369
191 372
191 373
191 418
191 419
191 434
191 435
191 436
191 437
191 438
191 439
191 440
191 441
191 442
191 443
191 444
191 445
191 446
191 447
191 448
191 449
191 450
191 451
191 452
191 453
191 454
191 455
191 456
191 467
191 468
191 480
191 530
191 531
191 532
191 547
191 552
191 598
191 603
191 608
191 617
191 623
191 644
191 645
191 721
191 744
191 767
191 779
191 780
191 781
191 782
191 788
191 789
191 793
192 62
192 76
192 241
192 248
192 325
192 333
192 342
192 348
192 365
192 370
192 371
192 372
192 419
192 420
192 421
192 422
192 423
192 424
192 425
192 426
192 427
192 428
192 429
192 430
192 431
192 432
192 433
192 468
192 469
192 480
192 527
192 528
192 529
192 547
192 552
192 598
192 603
192 608
192 617
192 644
192 742
192 743
192 744
192 745
192 766
192 787
192 793
193 62
193 76
193 241
193 248
193 325
193 333
193 342
193 348
193 365
193 369
193 370
193 420
193 469
193 470
193 525
193 526
193 547
193 552
193 598
193 643
193 746
193 766
193 782
193 793
193 794
193 795
194 62
194 76
194 241
194 248
194 325
194 333
194 342
194 348
194 365
194 368
194 369
194 419
194 420
194 470
194 523
194 524
194 547
194 552
194 598
194 643
194 721
194 746
194 747
194 766
194 781
194 788
194 789
194 793
194 795
195 62
195 76
195 241
195 248
195 325
195 333
195 341
195 348
195 366
195 367
195 418
195 419
195 471
195 522
195 523
195 547
195 552
195 597
195 640
195 641
195 643
195 721
195 747
195 767
195 781
195 787
195 793
195 794
195 795
196 63
196 76
196 241
196 248
196 325
196 333
196 341
196 348
196 365
196 366
196 418
196 472
196 473
196 522
196 547
196 552
196 597
196 642
196 643
196 721
196 747
196 761
196 762
196 763
196 767
196 780
196 787
196 793
197 63
197 76
197 241
197 248
197 325
197 333
197 341
197 348
197 364
197 365
197 417
197 473
197 474
197 519
197 547
197 552
197 642
197 721
197 747
197 761
197 763
197 764
197 768
197 780
197 787
197 790
198 63
198 76
198 241
198 248
198 325
198 333
198 341
198 348
198 363
198 364
198 416
198 417
198 474
198 475
198 477
198 520
198 521
198 547
198 552
198 598
198 642
198 746
198 761
198 764
198 768
198 781
198 782
198 783
198 784
198 785
198 786
198 787
198 791
198 792
199 63
199 76
199 241
199 248
199 325
199 333
199 341
199 348
199 363
199 415
199 416
199 475
199 477
199 520
199 547
199 552
199 597
199 642
199 746
199 761
199 765
199 769
199 793
199 794
200 63
200 76
200 242
200 248
200 325
200 333
200 341
200 348
200 362
200 414
200 415
200 476
200 520
200 547
200 552
200 597
200 745
200 761
200 765
200 769
201 63
201 76
201 242
201 248
201 325
201 332
201 341
201 348
201 358
201 359
201 360
201 361
201 362
201 414
201 477
201 520
201 547
201 552
201 745
201 761
201 766
201 769
202 63
202 77
202 242
202 248
202 325
202 339
202 340
202 341
202 349
202 360
202 413
202 477
202 547
202 552
202 745
202 762
202 766
202 767
202 768
203 63
203 77
203 211
203 242
203 323
203 324
203 325
203 333
203 334
203 341
203 349
203 413
203 478
203 547
203 552
203 744
203 762
204 63
204 77
204 210
204 212
204 242
204 248
204 325
204 333
204 341
204 348
204 358
204 359
204 412
204 478
204 548
204 553
204 744
204 762
205 63
205 77
205 242
205 248
205 341
205 348
205 357
205 358
205 412
205 479
205 548
205 553
205 745
205 762
206 63
206 77
206 242
206 248
206 341
206 348
206 357
206 411
206 479
206 548
206 553
206 745
206 762
207 63
207 77
207 241
207 242
207 249
207 341
207 348
207 356
207 410
207 411
207 480
207 546
207 547
207 548
207 553
207 746
207 762
208 63
208 77
208 240
208 242
208 249
208 341
208 348
208 356
208 410
208 480
208 548
208 553
208 746
208 762
209 63
209 77
209 242
209 249
209 341
209 348
209 356
209 409
209 481
209 548
209 553
209 747
209 762
210 63
210 77
210 242
210 249
210 341
210 347
210 356
210 409
210 481
210 548
210 553
210 747
210 748
210 762
211 63
211 77
211 206
211 242
211 249
211 341
211 347
211 356
211 408
211 481
211 749
211 750
211 762
212 63
212 77
212 205
212 242
212 249
212 341
212 347
212 357
212 408
212 481
212 750
212 762
213 63
213 77
213 205
213 242
213 249
213 341
213 347
213 357
213 407
213 481
213 750
213 762
214 63
214 77
214 206
214 242
214 249
214 341
214 347
214 357
214 407
214 481
215 63
215 77
215 205
215 249
215 341
215 347
215 358
215 407
215 482
216 63
216 77
216 205
216 208
216 209
216 341
216 347
216 358
216 359
216 406
216 482
217 63
217 77
217 204
217 209
217 210
217 341
217 347
217 405
217 406
217 482
218 63
218 77
218 203
218 204
218 210
218 211
218 341
218 347
218 404
218 482
219 63
219 77
219 202
219 211
219 212
219 341
219 347
219 403
219 482
220 63
220 77
220 201
220 212
220 341
220 347
220 403
220 482
221 63
221 77
221 201
221 213
221 341
221 347
221 402
221 482
222 63
222 78
222 200
222 213
222 341
222 347
222 402
222 482
223 63
223 78
223 200
223 213
223 341
223 347
223 401
223 482
224 63
224 78
224 199
224 213
224 341
224 347
224 401
225 63
225 78
225 199
225 214
225 347
225 400
226 63
226 78
226 214
226 400
226 1278
226 1279
227 64
227 78
227 214
228 64
228 78
228 214
228 398
229 64
229 78
229 213
229 214
229 399
230 64
230 78
230 213
230 399
231 64
231 78
231 212
231 399
232 64
232 78
232 212
232 399
233 64
233 78
233 211
233 399
234 64
234 78
234 207
234 210
234 211
234 399
235 64
235 78
235 208
235 209
235 210
235 399
236 64
236 78
236 400
237 64
237 78
237 400
238 64
238 78
239 64
239 78
240 64
240 78
241 64
241 79
242 64
242 79
243 64
243 79
244 64
244 79
245 64
245 79
246 64
246 79
247 64
247 79
248 64
248 79
249 64
249 79
250 64
250 79
251 64
251 79
252 64
252 79
253 64
253 79
254 64
254 79
255 64
255 79
256 64
256 79
