0 535
0 578
1 535
1 579
2 535
2 579
3 535
3 580
4 534
4 580
4 581
4 998
4 1031
5 535
5 581
5 998
5 1031
6 535
6 536
6 582
6 998
6 1031
7 536
7 537
7 582
7 998
7 1031
8 537
8 582
8 998
8 1031
9 538
9 582
9 998
9 1031
10 539
10 540
10 582
10 998
10 1031
11 540
11 541
11 580
11 581
11 632
11 998
11 1031
12 541
12 542
12 579
12 580
12 630
12 631
12 633
12 634
12 998
12 1031
13 542
13 543
13 578
13 579
13 630
13 634
13 998
13 1031
14 543
14 576
14 577
14 629
14 634
14 998
14 1031
15 544
15 556
15 575
15 576
15 628
15 629
15 634
15 998
15 1031
16 544
16 545
16 554
16 555
16 557
16 558
16 575
16 628
16 634
16 998
16 1031
17 545
17 546
17 553
17 554
17 559
17 574
17 627
17 634
17 998
17 1031
18 546
18 547
18 548
18 549
18 550
18 551
18 552
18 560
18 574
18 626
18 627
18 635
18 998
18 1031
19 560
19 574
19 626
19 635
19 636
19 998
19 1031
20 561
20 574
20 625
20 636
20 637
20 998
20 1031
21 561
21 574
21 625
21 637
21 638
21 639
21 640
21 641
21 998
21 1031
22 561
22 574
22 624
22 641
22 998
22 1031
23 561
23 574
23 624
23 641
23 998
23 1031
24 561
24 573
24 624
24 641
24 998
24 1031
25 562
25 572
25 623
25 624
25 642
25 643
25 644
25 998
25 1031
26 562
26 571
26 623
26 645
26 646
26 647
26 998
26 1031
27 563
27 571
27 622
27 648
27 998
27 1031
28 563
28 564
28 572
28 622
28 648
28 998
28 1031
29 564
29 565
29 566
29 567
29 568
29 569
29 570
29 622
29 648
29 998
29 1031
30 571
30 573
30 622
30 648
30 998
30 1031
31 622
31 648
31 998
31 1031
32 621
32 648
32 998
32 1031
33 621
33 648
33 998
33 1031
34 621
34 648
34 998
34 1031
35 621
35 648
35 998
35 1031
36 621
36 648
36 998
36 1031
37 621
37 648
37 998
37 1031
38 620
38 621
38 648
38 998
38 1031
39 620
39 648
39 998
39 1030
40 619
40 648
40 998
40 1030
41 619
41 648
41 998
41 1030
42 618
42 648
42 998
42 1030
43 618
43 647
43 998
43 1030
44 618
44 647
44 998
44 1030
45 618
45 647
45 998
45 1030
46 618
46 646
46 998
46 1030
47 617
47 645
47 646
47 998
47 1030
48 616
48 645
48 998
48 1030
49 616
49 644
49 998
49 1030
50 615
50 643
50 644
50 998
50 1030
51 615
51 642
51 643
51 998
51 1030
52 615
52 642
52 998
52 1030
53 614
53 640
53 641
53 998
53 1030
54 614
54 639
54 998
54 1030
55 613
55 640
55 641
55 642
55 998
55 1030
56 613
56 643
56 998
56 1030
57 611
57 612
57 643
57 644
57 998
57 1030
58 607
58 608
58 609
58 610
58 611
58 644
58 998
58 1030
59 603
59 604
59 605
59 606
59 644
59 998
59 1030
60 602
60 645
60 998
60 1030
61 602
61 645
61 998
61 1030
62 602
62 643
62 644
62 645
62 998
62 1030
63 602
63 639
63 640
63 641
63 642
63 998
63 1030
64 602
64 637
64 638
64 998
64 1030
65 602
65 636
65 998
65 1030
66 603
66 635
66 998
66 1030
67 603
67 635
67 998
67 1030
68 603
68 634
68 998
68 1030
69 603
69 635
69 998
69 1030
70 604
70 636
70 637
70 638
70 646
70 647
70 648
70 649
70 650
70 651
70 652
70 998
70 1030
71 604
71 639
71 640
71 641
71 642
71 643
71 644
71 645
71 652
71 998
71 1030
72 604
72 652
72 998
72 1030
73 604
73 651
73 652
73 998
73 1030
74 605
74 649
74 650
74 998
74 1030
75 605
75 648
75 649
75 998
75 1030
76 606
76 647
76 648
76 998
76 1030
77 607
77 608
77 645
77 646
77 998
77 1030
78 609
78 644
78 645
78 998
78 1030
79 610
79 644
79 998
79 1030
80 610
80 611
80 643
80 998
80 1030
81 612
81 613
81 643
81 998
81 1030
82 614
82 615
82 616
82 643
82 998
82 1030
83 617
83 618
83 643
83 998
83 1030
84 619
84 620
84 642
84 998
84 1030
85 621
85 642
85 998
85 1030
86 622
86 642
86 998
86 1030
87 623
87 624
87 642
87 998
87 1030
88 624
88 625
88 642
88 998
88 1030
89 626
89 642
89 998
89 1030
90 627
90 642
90 998
90 1030
91 627
91 628
91 641
91 1030
92 628
92 641
92 1030
93 629
93 641
93 1030
94 629
94 630
94 639
94 640
94 1030
95 630
95 639
95 996
95 1030
96 631
96 638
96 996
96 1030
97 631
97 638
97 996
97 1030
98 632
98 638
98 996
98 1030
99 633
99 634
99 638
99 996
99 1030
100 635
100 636
100 637
100 638
100 996
100 1030
101 996
101 1030
102 794
102 795
102 996
102 1030
103 793
103 796
103 996
103 1030
104 792
104 796
104 996
104 1030
105 792
105 794
105 795
105 796
105 798
105 799
105 800
105 996
105 1030
106 651
106 652
106 653
106 654
106 788
106 789
106 790
106 791
106 792
106 801
106 802
106 803
106 996
106 1030
107 650
107 655
107 656
107 657
107 658
107 659
107 660
107 661
107 662
107 663
107 664
107 665
107 666
107 667
107 668
107 786
107 787
107 804
107 805
107 996
107 1030
108 649
108 669
108 670
108 671
108 672
108 673
108 674
108 675
108 676
108 677
108 678
108 679
108 785
108 786
108 806
108 807
108 808
108 996
108 1029
109 244
109 649
109 680
109 784
109 785
109 809
109 810
109 996
109 1029
110 243
110 245
110 246
110 650
110 680
110 782
110 783
110 810
110 811
110 996
110 1029
111 242
111 246
111 650
111 651
111 680
111 781
111 782
111 811
111 996
111 1029
112 242
112 247
112 651
112 652
112 680
112 780
112 781
112 812
112 996
112 1029
113 241
113 247
113 653
113 654
113 680
113 779
113 780
113 812
113 813
113 996
113 1029
114 241
114 248
114 654
114 655
114 680
114 779
114 813
114 814
114 996
114 1029
115 240
115 248
115 656
115 657
115 680
115 778
115 814
115 996
115 1029
116 240
116 249
116 657
116 680
116 778
116 814
116 996
116 1029
117 239
117 249
117 658
117 680
117 777
117 815
117 996
117 1029
118 239
118 250
118 658
118 659
118 681
118 777
118 815
118 996
118 1029
119 238
119 250
119 659
119 660
119 681
119 682
119 776
119 815
119 996
119 1029
120 238
120 251
120 660
120 682
120 683
120 776
120 815
120 996
120 1029
121 237
121 251
121 252
121 660
121 683
121 684
121 775
121 816
121 996
121 1029
122 237
122 252
122 661
122 684
122 775
122 816
122 996
122 1029
123 236
123 253
123 661
123 684
123 775
123 816
123 996
123 1029
124 235
124 253
124 661
124 684
124 775
124 816
124 996
124 1029
125 234
125 254
125 661
125 685
125 775
125 816
125 996
125 1029
126 234
126 254
126 662
126 685
126 775
126 816
126 996
126 1029
127 234
127 255
127 663
127 664
127 685
127 775
127 816
127 996
127 1029
128 233
128 255
128 664
128 685
128 775
128 816
128 996
128 1029
129 233
129 255
129 664
129 685
129 775
129 816
129 996
129 1029
130 233
130 256
130 665
130 685
130 775
130 816
130 996
130 1029
131 232
131 256
131 665
131 685
131 775
131 816
131 996
131 1029
132 232
132 257
132 666
132 684
132 776
132 815
132 996
132 1029
133 231
133 257
133 258
133 666
133 683
133 684
133 776
133 815
133 996
133 1029
134 231
134 258
134 667
134 682
134 777
134 814
134 996
134 1029
135 230
135 259
135 667
135 681
135 777
135 814
135 996
135 1029
136 230
136 259
136 668
136 682
136 778
136 813
136 996
136 1029
137 229
137 260
137 668
137 682
137 683
137 684
137 778
137 813
137 996
137 1029
138 229
138 260
138 668
138 779
138 812
138 996
138 1029
139 228
139 261
139 669
139 684
139 779
139 780
139 812
139 996
139 1029
140 228
140 261
140 669
140 683
140 780
140 781
140 811
140 996
140 1029
141 227
141 262
141 669
141 683
141 781
141 782
141 810
141 811
141 996
141 1029
142 227
142 262
142 669
142 674
142 675
142 676
142 677
142 678
142 682
142 782
142 783
142 809
142 810
142 996
142 1029
143 226
143 263
143 669
143 673
143 678
143 679
143 682
143 783
143 784
143 807
143 808
143 996
144 226
144 263
144 264
144 670
144 672
144 679
144 681
144 785
144 786
144 805
144 806
144 996
145 226
145 264
145 670
145 671
145 672
145 679
145 681
145 787
145 788
145 801
145 802
145 803
145 804
145 996
146 225
146 265
146 789
146 790
146 791
146 796
146 799
146 800
146 996
147 225
147 265
147 792
147 797
147 996
148 224
148 266
148 792
148 797
148 996
149 224
149 266
149 792
149 797
149 996
150 223
150 267
150 793
150 797
150 996
151 223
151 267
151 793
151 797
151 996
152 222
152 268
152 793
152 797
152 996
153 222
153 268
153 793
153 797
153 996
154 221
154 269
154 793
154 797
155 221
155 270
155 793
155 797
156 220
156 263
156 264
156 265
156 266
156 267
156 268
156 270
156 793
156 798
157 220
157 248
157 249
157 250
157 251
157 252
157 253
157 254
157 255
157 256
157 257
157 258
157 259
157 260
157 261
157 262
157 793
157 798
158 220
158 232
158 233
158 234
158 235
158 236
158 237
158 241
158 244
158 245
158 246
158 247
158 793
158 798
159 221
159 222
159 223
159 224
159 225
159 226
159 227
159 228
159 229
159 230
159 231
159 242
159 243
159 793
159 798
160 242
160 793
160 798
161 242
161 793
161 798
162 238
162 242
162 793
162 798
163 238
163 242
163 793
163 798
164 238
164 242
164 793
164 798
165 238
165 242
165 793
165 798
166 238
166 242
166 793
166 798
167 238
167 242
167 793
167 798
168 238
168 242
168 793
168 798
169 238
169 243
169 793
169 798
170 238
170 243
170 793
170 798
171 238
171 243
171 793
171 798
172 238
172 243
172 793
172 798
173 238
173 243
173 793
173 798
174 238
174 243
174 793
174 798
175 238
175 243
175 793
175 798
176 238
176 243
176 793
176 798
177 238
177 243
177 793
177 798
178 238
178 243
178 668
178 669
178 670
178 679
178 793
178 798
179 239
179 243
179 666
179 667
179 671
179 677
179 678
179 680
179 681
179 682
179 793
179 798
180 239
180 243
180 666
180 672
180 676
180 677
180 683
180 793
180 798
181 239
181 243
181 639
181 641
181 665
181 672
181 676
181 793
181 799
182 239
182 243
182 664
182 665
182 793
182 799
183 239
183 243
183 550
183 551
183 552
183 553
183 554
183 555
183 556
183 557
183 558
183 637
183 793
183 799
184 239
184 243
184 542
184 543
184 544
184 545
184 546
184 547
184 548
184 549
184 559
184 560
184 561
184 562
184 563
184 591
184 592
184 637
184 641
184 793
184 799
185 239
185 243
185 541
185 542
185 564
185 565
185 590
185 593
185 637
185 793
185 799
186 239
186 243
186 540
186 541
186 565
186 589
186 638
186 642
186 665
186 666
186 667
186 668
186 669
186 670
186 793
186 799
187 239
187 243
187 503
187 504
187 505
187 506
187 507
187 508
187 509
187 510
187 511
187 512
187 539
187 540
187 566
187 587
187 588
187 589
187 638
187 642
187 793
187 799
188 239
188 243
188 493
188 494
188 495
188 496
188 497
188 498
188 499
188 500
188 501
188 502
188 513
188 514
188 515
188 516
188 517
188 518
188 519
188 520
188 521
188 522
188 523
188 524
188 537
188 538
188 566
188 567
188 589
188 638
188 642
188 793
188 799
189 239
189 243
189 487
189 488
189 489
189 490
189 491
189 492
189 525
189 526
189 527
189 528
189 529
189 530
189 535
189 536
189 567
189 568
189 589
189 593
189 793
189 799
190 239
190 243
190 485
190 486
190 531
190 532
190 534
190 535
190 568
190 589
190 593
190 793
190 799
191 239
191 243
191 484
191 485
191 532
191 533
191 534
191 568
191 589
191 593
191 793
191 799
192 239
192 243
192 484
192 533
192 569
192 589
192 593
192 793
192 799
193 239
193 243
193 483
193 533
193 570
193 589
193 593
193 793
193 799
194 239
194 244
194 482
194 483
194 534
194 571
194 572
194 793
194 799
195 239
195 244
195 481
195 482
195 534
195 573
195 793
195 799
196 239
196 244
196 480
196 481
196 535
196 573
196 793
196 799
197 239
197 244
197 480
197 535
197 572
197 573
197 793
197 799
198 239
198 244
198 479
198 536
198 571
198 793
198 799
199 239
199 244
199 478
199 479
199 536
199 572
199 573
199 793
199 799
200 239
200 244
200 477
200 478
200 537
200 573
200 793
200 799
201 239
201 244
201 476
201 477
201 537
201 574
201 793
201 799
202 239
202 244
202 472
202 473
202 474
202 475
202 538
202 574
202 793
202 799
203 239
203 244
203 539
203 575
203 793
203 799
204 239
204 244
204 540
204 575
204 793
204 799
205 239
205 244
205 472
205 473
205 474
205 540
205 575
205 793
205 800
206 239
206 244
206 470
206 471
206 541
206 575
206 793
206 800
207 239
207 244
207 469
207 470
207 541
207 575
207 793
207 800
208 239
208 244
208 469
208 542
208 575
208 793
208 800
209 239
209 244
209 468
209 542
209 574
209 793
209 800
210 239
210 244
210 467
210 468
210 542
210 574
210 793
210 800
211 239
211 244
211 467
211 542
211 574
211 793
211 800
212 239
212 244
212 466
212 542
212 574
212 793
212 800
213 239
213 244
213 466
213 542
213 756
213 757
213 793
213 800
214 239
214 244
214 465
214 542
214 755
214 758
214 759
214 760
214 793
214 800
215 239
215 244
215 465
215 542
215 755
215 761
215 762
215 763
215 793
215 800
216 239
216 244
216 464
216 465
216 755
216 764
216 765
216 793
216 800
217 239
217 244
217 464
217 542
217 755
217 766
217 793
217 800
218 239
218 244
218 463
218 542
218 755
218 766
218 793
218 800
219 239
219 244
219 283
219 284
219 285
219 286
219 287
219 288
219 462
219 463
219 542
219 755
219 767
219 793
219 800
220 239
220 245
220 281
220 282
220 289
220 462
220 542
220 755
220 767
220 793
220 800
221 240
221 245
221 279
221 280
221 289
221 461
221 542
221 755
221 767
221 793
221 800
222 240
222 245
222 279
222 289
222 461
222 543
222 755
222 767
222 793
222 800
223 240
223 245
223 278
223 289
223 460
223 543
223 768
223 793
223 800
224 240
224 245
224 278
224 289
224 457
224 458
224 754
224 755
224 768
224 793
224 800
225 240
225 245
225 278
225 289
225 459
225 543
225 755
225 768
225 793
225 800
226 240
226 245
226 278
226 290
226 459
226 543
226 755
226 768
226 793
226 800
227 240
227 245
227 278
227 290
227 459
227 543
227 755
227 768
227 793
227 800
228 240
228 245
228 278
228 290
228 755
228 793
228 800
229 240
229 245
229 278
229 290
229 755
229 793
229 800
230 240
230 245
230 279
230 290
230 755
230 768
230 793
230 801
231 240
231 245
231 279
231 290
231 755
231 768
231 793
231 801
232 240
232 245
232 279
232 290
232 755
232 768
232 793
232 801
233 240
233 245
233 279
233 290
233 755
233 768
233 793
233 801
234 240
234 245
234 279
234 290
234 755
234 768
234 793
234 801
235 240
235 245
235 279
235 290
235 755
235 768
235 801
236 240
236 245
236 279
236 290
236 755
236 768
236 791
236 792
236 801
237 240
237 245
237 279
237 290
237 755
237 768
237 792
237 801
238 240
238 245
238 279
238 290
238 755
238 768
238 793
238 801
239 240
239 245
239 279
239 291
239 755
239 768
239 793
239 801
240 240
240 245
240 279
240 291
240 755
240 768
240 793
240 801
241 240
241 245
241 279
241 291
241 755
241 768
241 793
241 801
242 240
242 245
242 279
242 291
242 755
242 768
242 793
242 801
243 240
243 245
243 279
243 291
243 755
243 768
243 793
243 801
244 240
244 245
244 279
244 291
244 755
244 768
244 794
244 801
245 240
245 246
245 279
245 291
245 755
245 768
245 794
245 801
246 240
246 246
246 280
246 291
246 755
246 768
246 794
246 801
247 240
247 246
247 280
247 291
247 755
247 768
247 794
247 801
248 240
248 246
248 280
248 291
248 755
248 768
248 794
248 801
249 240
249 246
249 280
249 291
249 756
249 768
249 794
249 801
250 240
250 246
250 280
250 291
250 756
250 768
250 794
250 801
251 240
251 246
251 280
251 291
251 756
251 768
251 794
251 801
252 240
252 246
252 280
252 291
252 756
252 768
252 794
252 801
253 240
253 246
253 280
253 292
253 756
253 768
253 794
253 801
254 240
254 246
254 280
254 292
254 794
254 802
255 240
255 246
255 280
255 292
255 794
255 802
256 240
256 246
256 280
256 292
256 794
256 802
257 240
257 246
257 280
257 292
258 240
258 246
258 280
258 292
259 240
259 246
259 280
259 292
260 240
260 246
260 280
260 292
261 240
261 280
261 292
262 280
262 292
263 280
263 292
264 281
264 292
265 281
265 292
266 281
266 292
267 281
267 293
268 281
268 293
269 281
269 293
270 281
270 293
271 281
271 293
272 281
272 293
273 281
273 293
274 281
274 293
275 281
275 293
276 281
277 281
346 1278
346 1279
382 971
382 972
382 1256
382 1257
383 972
383 1257
