0 375
0 383
0 967
0 1182
0 1199
0 1216
0 1225
1 375
1 383
1 967
1 1182
1 1199
1 1215
1 1216
1 1225
2 375
2 383
2 967
2 1181
2 1182
2 1199
2 1214
2 1216
2 1223
2 1224
3 375
3 383
3 967
3 1181
3 1199
3 1215
3 1222
3 1223
4 375
4 383
4 967
4 1180
4 1199
4 1215
4 1220
4 1221
5 375
5 383
5 967
5 1179
5 1180
5 1199
5 1215
5 1219
5 1220
6 375
6 383
6 968
6 969
6 1177
6 1178
6 1199
6 1214
6 1217
6 1218
7 375
7 383
7 970
7 1177
7 1198
7 1213
7 1216
8 375
8 383
8 970
8 1176
8 1198
8 1213
8 1215
9 375
9 383
9 970
9 1176
9 1178
9 1179
9 1180
9 1181
9 1182
9 1183
9 1184
9 1185
9 1186
9 1187
9 1188
9 1189
9 1190
9 1191
9 1192
9 1193
9 1194
9 1195
9 1196
9 1197
9 1198
10 375
10 383
10 969
10 970
11 375
11 383
11 968
11 969
12 375
12 383
12 968
13 375
13 383
13 967
14 375
14 383
14 966
14 967
15 375
15 383
15 964
15 965
16 375
16 383
16 963
16 964
17 375
17 383
17 962
17 963
18 375
18 383
18 960
18 961
19 375
19 383
19 959
19 960
20 375
20 383
20 957
20 958
20 969
21 375
21 383
21 956
21 957
21 967
21 968
21 970
21 971
21 972
22 375
22 383
22 955
22 956
22 965
22 966
22 973
22 974
23 375
23 383
23 953
23 954
23 962
23 963
23 964
23 975
23 976
23 977
24 375
24 383
24 953
24 960
24 961
24 975
25 375
25 383
25 953
25 954
25 958
25 959
25 972
25 976
25 977
26 375
26 383
26 954
26 955
26 956
26 957
26 970
26 971
26 973
26 974
26 975
27 375
27 383
27 969
27 970
28 375
28 383
28 968
28 969
29 375
29 383
29 968
30 375
30 383
30 968
30 969
30 970
31 374
31 383
32 374
32 383
32 969
32 970
32 1001
32 1002
33 374
33 383
33 968
33 969
33 998
33 999
33 1000
34 374
34 383
34 967
34 968
34 996
34 997
34 1002
35 374
35 383
35 965
35 966
35 993
35 994
35 995
35 1002
36 374
36 383
36 965
36 990
36 991
36 992
36 1002
37 374
37 383
37 964
37 988
37 989
37 1002
38 374
38 383
38 965
38 966
38 967
38 985
38 986
38 987
38 1002
39 374
39 383
39 968
39 969
39 970
39 971
39 972
39 973
39 974
39 983
39 984
39 1002
40 374
40 382
40 975
40 976
40 977
40 978
40 979
40 980
40 981
40 982
40 1000
40 1001
41 374
41 382
41 999
41 1000
42 374
42 382
42 998
43 374
43 382
43 997
44 374
44 382
44 997
45 374
45 382
45 996
46 374
46 382
46 997
47 374
47 382
48 374
48 382
48 993
48 994
48 995
48 996
49 374
49 382
49 988
49 989
49 990
49 991
49 992
50 374
50 382
50 984
50 985
50 986
50 987
51 374
51 382
51 976
51 977
51 978
51 979
51 980
51 981
51 982
51 983
52 374
52 382
52 972
52 973
52 974
52 975
53 374
53 382
53 970
53 971
54 374
54 382
54 968
54 969
55 374
55 382
55 968
56 374
56 382
56 968
57 374
57 382
57 969
57 975
57 976
58 374
58 382
58 969
58 970
58 971
58 972
58 973
58 974
58 977
58 978
59 374
59 382
59 979
59 980
60 374
60 382
60 981
61 374
61 382
61 497
61 498
61 982
62 374
62 382
62 494
62 495
62 496
62 499
62 500
62 502
62 503
62 504
62 505
62 506
62 507
62 508
62 509
62 510
62 511
62 512
62 513
62 514
62 515
62 516
62 517
62 518
62 519
62 520
62 521
62 522
62 523
62 524
62 525
62 526
62 527
62 528
62 529
62 530
62 531
62 532
62 533
62 534
62 535
62 536
62 537
62 538
62 539
62 540
62 541
62 542
62 543
62 544
62 545
62 546
62 547
62 552
62 553
62 554
62 555
62 556
62 982
63 374
63 382
63 493
63 500
63 501
63 548
63 550
63 551
63 557
63 558
63 559
63 981
63 982
64 374
64 382
64 493
64 549
64 980
64 981
65 374
65 382
65 493
65 494
65 495
65 496
65 497
65 498
65 499
65 500
65 501
65 503
65 504
65 505
65 506
65 507
65 548
65 558
65 559
65 979
65 980
66 202
66 203
66 204
66 205
66 206
66 207
66 208
66 374
66 382
66 508
66 509
66 510
66 511
66 512
66 513
66 514
66 515
66 516
66 517
66 538
66 539
66 540
66 541
66 542
66 543
66 544
66 545
66 546
66 547
66 548
66 549
66 550
66 551
66 552
66 553
66 554
66 555
66 556
66 557
66 976
66 977
66 978
67 195
67 196
67 197
67 198
67 199
67 200
67 201
67 374
67 382
67 518
67 519
67 520
67 521
67 528
67 529
67 530
67 531
67 532
67 533
67 534
67 535
67 536
67 537
67 974
67 975
68 194
68 208
68 374
68 382
68 522
68 527
68 973
69 193
69 207
69 374
69 382
69 522
69 526
69 972
70 186
70 187
70 188
70 189
70 190
70 191
70 192
70 193
70 207
70 374
70 382
70 522
70 526
70 972
70 1231
70 1232
70 1233
70 1234
70 1235
70 1236
70 1237
71 185
71 205
71 206
71 374
71 382
71 522
71 526
71 971
71 1229
71 1230
71 1254
71 1255
71 1256
71 1257
71 1258
71 1259
71 1260
71 1261
72 184
72 205
72 374
72 382
72 522
72 526
72 971
72 1229
72 1236
72 1237
72 1253
72 1262
72 1263
72 1264
73 184
73 205
73 206
73 374
73 382
73 522
73 526
73 971
73 972
73 973
73 974
73 975
73 976
73 1228
73 1235
73 1236
73 1252
73 1265
73 1266
74 185
74 206
74 374
74 382
74 522
74 526
74 977
74 1149
74 1228
74 1234
74 1235
74 1252
74 1266
75 185
75 207
75 374
75 382
75 522
75 526
75 978
75 1148
75 1150
75 1151
75 1228
75 1233
75 1234
75 1252
75 1267
76 185
76 207
76 374
76 382
76 522
76 526
76 978
76 1147
76 1152
76 1229
76 1232
76 1233
76 1251
76 1252
76 1267
77 184
77 208
77 374
77 382
77 522
77 526
77 976
77 977
77 978
77 1147
77 1152
77 1230
77 1231
77 1232
77 1247
77 1248
77 1249
77 1250
77 1267
78 183
78 208
78 374
78 382
78 522
78 526
78 973
78 974
78 975
78 985
78 986
78 1147
78 1152
78 1245
78 1246
78 1262
78 1263
78 1264
78 1265
78 1266
78 1267
79 183
79 209
79 210
79 218
79 219
79 374
79 382
79 522
79 526
79 897
79 898
79 899
79 971
79 972
79 984
79 987
79 988
79 1147
79 1150
79 1151
79 1245
79 1260
79 1261
80 182
80 211
80 217
80 374
80 382
80 522
80 526
80 896
80 900
80 971
80 983
80 988
80 1148
80 1150
80 1244
80 1258
80 1259
81 176
81 177
81 178
81 182
81 212
81 216
81 219
81 374
81 382
81 522
81 526
81 895
81 900
81 970
81 981
81 982
81 983
81 988
81 1148
81 1244
81 1254
81 1255
81 1256
81 1257
82 175
82 179
82 182
82 212
82 216
82 219
82 374
82 382
82 522
82 526
82 895
82 900
82 932
82 933
82 934
82 968
82 969
82 980
82 988
82 1243
82 1250
82 1251
82 1252
82 1253
83 174
83 179
83 182
83 213
83 216
83 219
83 374
83 382
83 522
83 526
83 895
83 901
83 930
83 931
83 934
83 935
83 936
83 937
83 938
83 939
83 940
83 941
83 942
83 943
83 944
83 945
83 946
83 947
83 948
83 967
83 968
83 979
83 987
83 1244
83 1245
83 1246
83 1247
83 1248
83 1249
84 174
84 179
84 181
84 213
84 219
84 374
84 382
84 522
84 526
84 895
84 901
84 930
84 966
84 967
84 979
84 987
85 173
85 213
85 219
85 374
85 382
85 522
85 526
85 895
85 901
85 929
85 948
85 965
85 979
85 986
86 173
86 213
86 219
86 374
86 382
86 522
86 526
86 894
86 902
86 929
86 947
86 964
86 979
86 986
87 174
87 175
87 213
87 219
87 374
87 382
87 522
87 526
87 893
87 894
87 902
87 929
87 947
87 963
87 964
87 980
87 986
88 176
88 213
88 215
88 219
88 374
88 382
88 522
88 526
88 892
88 893
88 903
88 929
88 947
88 962
88 963
88 981
88 982
88 985
89 173
89 176
89 212
89 215
89 219
89 374
89 382
89 522
89 526
89 874
89 875
89 891
89 892
89 903
89 904
89 905
89 906
89 907
89 928
89 946
89 949
89 950
89 951
89 952
89 953
89 954
89 955
89 956
89 957
89 958
89 959
89 960
89 961
89 982
89 985
90 172
90 174
90 175
90 176
90 212
90 215
90 219
90 374
90 382
90 522
90 526
90 873
90 876
90 877
90 878
90 891
90 907
90 928
90 946
90 948
90 949
90 983
90 985
91 168
91 169
91 212
91 219
91 373
91 382
91 522
91 526
91 873
91 879
91 880
91 887
91 888
91 891
91 907
91 928
91 946
91 948
91 983
92 167
92 170
92 212
92 214
92 219
92 373
92 382
92 522
92 526
92 873
92 880
92 881
92 882
92 883
92 884
92 885
92 886
92 889
92 891
92 907
92 928
92 945
93 166
93 212
93 214
93 219
93 373
93 382
93 522
93 526
93 874
93 889
93 908
93 909
93 913
93 914
93 915
93 916
93 927
93 945
93 947
94 166
94 212
94 219
94 373
94 382
94 522
94 526
94 874
94 889
94 892
94 910
94 911
94 913
94 917
94 918
94 927
94 945
94 947
95 166
95 219
95 373
95 382
95 522
95 526
95 874
95 889
95 892
95 911
95 918
95 919
95 925
95 926
96 166
96 218
96 373
96 382
96 522
96 526
96 875
96 889
96 892
96 919
96 920
96 921
96 922
96 923
96 924
97 166
97 218
97 373
97 382
97 522
97 526
97 876
97 888
97 889
97 893
98 165
98 166
98 217
98 373
98 382
98 522
98 526
98 877
98 885
98 886
98 887
98 893
99 165
99 217
99 222
99 223
99 224
99 225
99 226
99 227
99 228
99 229
99 230
99 231
99 373
99 382
99 522
99 526
99 877
99 885
99 893
100 164
100 216
100 220
100 221
100 232
100 233
100 373
100 382
100 522
100 526
100 877
100 885
100 886
100 891
100 892
101 158
101 159
101 160
101 164
101 215
101 219
101 220
101 233
101 234
101 373
101 382
101 522
101 526
101 878
101 886
101 887
101 890
101 891
102 158
102 161
102 162
102 163
102 164
102 214
102 218
102 234
102 373
102 382
102 522
102 526
102 878
102 887
102 888
102 889
103 158
103 213
103 217
103 234
103 373
103 382
103 522
103 526
103 878
104 158
104 212
104 216
104 234
104 373
104 382
104 522
104 526
104 879
105 158
105 211
105 215
105 233
105 373
105 382
105 522
105 526
105 879
106 158
106 210
106 214
106 233
106 373
106 382
106 522
106 526
106 880
107 158
107 210
107 212
107 232
107 373
107 382
107 522
107 526
107 880
108 158
108 232
108 373
108 382
108 522
108 526
108 880
109 157
109 232
109 241
109 242
109 323
109 373
109 382
109 522
109 526
109 881
110 157
110 231
110 236
110 237
110 238
110 239
110 240
110 243
110 321
110 322
110 324
110 325
110 373
110 382
110 522
110 526
110 881
111 158
111 159
111 231
111 233
111 234
111 235
111 243
111 319
111 320
111 326
111 327
111 373
111 382
111 522
111 526
111 882
111 927
111 928
111 929
112 154
112 155
112 156
112 244
112 318
112 319
112 328
112 329
112 373
112 382
112 522
112 526
112 882
112 927
112 929
113 152
113 153
113 229
113 244
113 316
113 317
113 330
113 331
113 373
113 382
113 522
113 526
113 882
113 926
113 929
114 151
114 152
114 228
114 230
114 244
114 316
114 332
114 333
114 373
114 382
114 522
114 526
114 881
114 882
114 926
114 929
115 150
115 151
115 228
115 230
115 244
115 315
115 333
115 334
115 373
115 382
115 522
115 526
115 880
115 881
115 925
115 929
116 149
116 150
116 228
116 230
116 243
116 315
116 334
116 373
116 382
116 522
116 526
116 879
116 880
116 925
116 929
117 149
117 228
117 230
117 243
117 314
117 335
117 373
117 382
117 522
117 526
117 878
117 879
117 924
117 928
118 149
118 228
118 230
118 243
118 244
118 245
118 246
118 247
118 248
118 249
118 312
118 313
118 335
118 373
118 381
118 522
118 526
118 878
118 925
118 926
118 927
118 928
119 149
119 227
119 249
119 310
119 311
119 335
119 373
119 381
119 522
119 526
119 877
120 150
120 227
120 229
120 250
120 309
120 310
120 335
120 373
120 381
120 522
120 526
120 876
120 877
121 150
121 250
121 307
121 308
121 336
121 373
121 381
121 522
121 526
121 874
121 875
122 149
122 150
122 249
122 250
122 305
122 306
122 337
122 373
122 381
122 522
122 526
122 873
122 874
123 148
123 249
123 305
123 337
123 373
123 381
123 472
123 473
123 522
123 526
123 872
123 873
124 148
124 248
124 304
124 338
124 373
124 381
124 471
124 474
124 522
124 526
124 646
124 647
124 648
124 871
124 872
125 148
125 247
125 248
125 304
125 339
125 340
125 373
125 381
125 470
125 474
125 522
125 526
125 645
125 648
125 871
126 149
126 246
126 304
126 340
126 341
126 373
126 381
126 470
126 474
126 522
126 526
126 554
126 645
126 648
126 870
127 149
127 245
127 249
127 250
127 304
127 341
127 373
127 381
127 470
127 474
127 522
127 526
127 553
127 555
127 645
127 648
127 871
128 149
128 244
128 247
128 251
128 303
128 341
128 373
128 381
128 470
128 474
128 522
128 526
128 552
128 555
128 645
128 648
128 871
129 148
129 244
129 246
129 252
129 302
129 342
129 373
129 381
129 470
129 474
129 522
129 526
129 552
129 555
129 645
129 648
129 871
130 148
130 252
130 302
130 342
130 373
130 381
130 470
130 474
130 522
130 526
130 552
130 555
130 645
130 648
130 871
131 148
131 252
131 302
131 342
131 373
131 381
131 470
131 474
131 522
131 526
131 552
131 555
131 645
131 648
131 871
132 147
132 252
132 302
132 342
132 373
132 381
132 470
132 473
132 522
132 526
132 552
132 555
132 645
132 648
132 872
133 146
133 147
133 251
133 302
133 342
133 373
133 381
133 469
133 473
133 522
133 526
133 552
133 555
133 646
133 648
133 872
134 146
134 251
134 301
134 302
134 343
134 373
134 381
134 469
134 473
134 522
134 526
134 552
134 555
134 646
134 649
134 869
134 870
134 871
134 872
135 145
135 251
135 300
135 301
135 343
135 344
135 373
135 381
135 469
135 473
135 522
135 526
135 552
135 555
135 646
135 649
135 865
135 866
135 867
135 868
136 145
136 251
136 300
136 344
136 373
136 381
136 469
136 473
136 522
136 525
136 552
136 555
136 646
136 649
136 861
136 862
136 863
136 864
137 144
137 251
137 299
137 344
137 373
137 381
137 469
137 473
137 522
137 525
137 552
137 555
137 646
137 649
137 858
137 859
137 860
138 144
138 251
138 298
138 299
138 344
138 373
138 381
138 469
138 473
138 522
138 525
138 552
138 555
138 646
138 649
138 858
139 43
139 143
139 252
139 253
139 298
139 344
139 373
139 381
139 469
139 473
139 522
139 525
139 552
139 555
139 646
139 649
139 858
140 39
140 40
140 41
140 42
140 44
140 45
140 46
140 47
140 48
140 49
140 50
140 51
140 52
140 53
140 54
140 55
140 143
140 254
140 255
140 297
140 344
140 345
140 373
140 381
140 469
140 473
140 522
140 525
140 552
140 555
140 646
140 649
140 859
141 36
141 37
141 38
141 56
141 143
141 256
141 297
141 346
141 347
141 348
141 349
141 373
141 381
141 469
141 473
141 522
141 525
141 552
141 555
141 646
141 649
141 859
142 34
142 35
142 56
142 142
142 256
142 297
142 350
142 373
142 381
142 469
142 473
142 522
142 525
142 552
142 555
142 646
142 649
142 860
143 6
143 7
143 8
143 33
143 56
143 143
143 256
143 298
143 350
143 373
143 381
143 469
143 472
143 522
143 525
143 552
143 555
143 646
143 649
143 860
143 861
144 4
144 5
144 9
144 32
144 56
144 143
144 256
144 298
144 350
144 373
144 381
144 469
144 472
144 522
144 525
144 552
144 555
144 612
144 613
144 617
144 618
144 619
144 620
144 646
144 649
144 861
144 862
145 0
145 1
145 2
145 3
145 10
145 19
145 20
145 21
145 22
145 31
145 32
145 57
145 144
145 255
145 256
145 298
145 351
145 373
145 381
145 468
145 472
145 497
145 498
145 499
145 522
145 525
145 552
145 555
145 611
145 614
145 616
145 620
145 624
145 625
145 626
145 646
145 649
145 862
145 863
146 10
146 11
146 17
146 18
146 23
146 29
146 30
146 57
146 144
146 254
146 255
146 298
146 351
146 373
146 381
146 468
146 472
146 484
146 485
146 486
146 490
146 491
146 494
146 495
146 496
146 500
146 522
146 525
146 552
146 555
146 610
146 614
146 616
146 621
146 622
146 623
146 626
146 627
146 646
146 649
146 864
146 865
147 12
147 13
147 14
147 15
147 16
147 24
147 25
147 26
147 27
147 28
147 57
147 145
147 251
147 252
147 253
147 297
147 351
147 373
147 381
147 468
147 472
147 478
147 479
147 480
147 481
147 482
147 483
147 484
147 487
147 488
147 489
147 492
147 493
147 500
147 522
147 525
147 552
147 555
147 610
147 614
147 627
147 646
147 649
147 865
147 866
148 58
148 68
148 69
148 70
148 71
148 81
148 82
148 145
148 146
148 249
148 250
148 297
148 351
148 373
148 381
148 468
148 473
148 474
148 475
148 476
148 477
148 485
148 500
148 522
148 525
148 552
148 555
148 610
148 614
148 615
148 616
148 619
148 620
148 623
148 624
148 625
148 626
148 627
148 628
148 629
148 630
148 631
148 632
148 633
148 634
148 635
148 636
148 637
148 638
148 639
148 640
148 641
148 642
148 643
148 644
148 645
148 646
148 649
148 866
149 59
149 60
149 61
149 62
149 63
149 64
149 65
149 66
149 67
149 72
149 79
149 80
149 83
149 146
149 248
149 297
149 351
149 373
149 381
149 468
149 471
149 472
149 473
149 493
149 495
149 500
149 522
149 525
149 552
149 555
149 610
149 617
149 618
149 647
149 649
149 858
149 860
149 861
149 866
150 72
150 73
150 78
150 79
150 83
150 147
150 248
150 296
150 351
150 372
150 381
150 468
150 469
150 477
150 478
150 479
150 483
150 484
150 485
150 493
150 496
150 497
150 498
150 499
150 500
150 522
150 525
150 552
150 555
150 611
150 612
150 862
150 863
150 866
151 73
151 74
151 75
151 76
151 77
151 78
151 84
151 147
151 148
151 149
151 248
151 296
151 352
151 372
151 381
151 468
151 474
151 475
151 483
151 488
151 493
151 522
151 525
151 552
151 555
151 612
151 613
151 614
151 615
151 620
151 621
151 622
151 627
151 628
151 629
151 630
151 631
151 632
151 633
151 634
151 635
151 636
151 637
151 638
151 639
151 640
151 641
151 642
151 643
151 644
151 645
151 650
151 651
151 858
151 864
151 866
152 84
152 85
152 111
152 112
152 113
152 125
152 126
152 127
152 150
152 151
152 152
152 248
152 295
152 352
152 372
152 381
152 468
152 471
152 472
152 473
152 484
152 485
152 486
152 487
152 489
152 490
152 491
152 492
152 522
152 525
152 552
152 555
152 616
152 619
152 620
152 622
152 623
152 626
152 627
152 646
152 647
152 651
152 652
152 858
152 865
152 867
153 85
153 86
153 87
153 88
153 89
153 90
153 91
153 92
153 93
153 109
153 110
153 114
153 115
153 116
153 117
153 118
153 119
153 120
153 121
153 122
153 123
153 124
153 128
153 129
153 130
153 131
153 132
153 133
153 134
153 153
153 154
153 155
153 247
153 248
153 295
153 352
153 372
153 381
153 467
153 472
153 522
153 525
153 552
153 555
153 616
153 617
153 618
153 623
153 624
153 625
153 647
153 652
153 859
153 865
153 868
154 94
154 95
154 96
154 97
154 98
154 99
154 100
154 101
154 102
154 103
154 104
154 105
154 106
154 107
154 108
154 135
154 136
154 137
154 138
154 139
154 247
154 294
154 352
154 372
154 381
154 467
154 471
154 522
154 525
154 552
154 555
154 648
154 653
154 859
154 866
155 140
155 141
155 149
155 150
155 151
155 152
155 153
155 154
155 155
155 246
155 294
155 352
155 372
155 381
155 405
155 406
155 407
155 467
155 522
155 525
155 545
155 552
155 555
155 647
155 650
155 653
155 797
155 798
155 799
155 800
155 801
155 860
155 868
156 142
156 143
156 147
156 148
156 236
156 237
156 245
156 246
156 293
156 352
156 372
156 381
156 404
156 408
156 409
156 467
156 471
156 522
156 525
156 544
156 546
156 552
156 555
156 647
156 650
156 654
156 795
156 796
156 802
156 803
156 860
156 861
157 143
157 144
157 145
157 146
157 234
157 235
157 238
157 239
157 243
157 244
157 245
157 293
157 352
157 372
157 381
157 403
157 410
157 411
157 466
157 469
157 471
157 522
157 525
157 543
157 546
157 552
157 555
157 626
157 627
157 628
157 629
157 630
157 631
157 632
157 633
157 647
157 650
157 654
157 755
157 756
157 757
157 793
157 794
157 803
157 857
157 858
157 859
158 232
158 233
158 240
158 241
158 242
158 246
158 247
158 292
158 353
158 372
158 381
158 402
158 403
158 411
158 466
158 469
158 471
158 522
158 525
158 543
158 546
158 552
158 555
158 625
158 647
158 650
158 654
158 749
158 750
158 751
158 752
158 753
158 754
158 757
158 792
158 793
158 803
158 852
158 853
158 854
158 855
158 856
159 232
159 238
159 244
159 248
159 292
159 353
159 358
159 372
159 381
159 400
159 401
159 411
159 466
159 469
159 471
159 522
159 525
159 543
159 546
159 552
159 555
159 598
159 625
159 633
159 647
159 650
159 654
159 748
159 749
159 757
159 792
159 803
159 850
159 851
160 232
160 233
160 234
160 235
160 236
160 237
160 241
160 242
160 248
160 260
160 292
160 354
160 355
160 356
160 357
160 359
160 360
160 361
160 362
160 372
160 381
160 400
160 412
160 466
160 469
160 471
160 522
160 525
160 542
160 546
160 552
160 555
160 580
160 581
160 582
160 597
160 599
160 626
160 632
160 647
160 650
160 654
160 747
160 748
160 757
160 791
160 804
160 849
161 249
161 250
161 251
161 252
161 253
161 254
161 255
161 256
161 257
161 258
161 259
161 261
161 262
161 274
161 275
161 276
161 277
161 292
161 354
161 356
161 359
161 362
161 372
161 381
161 400
161 413
161 434
161 435
161 436
161 437
161 449
161 450
161 451
161 466
161 469
161 471
161 522
161 525
161 542
161 545
161 552
161 555
161 580
161 582
161 596
161 600
161 601
161 602
161 603
161 604
161 605
161 606
161 607
161 608
161 609
161 610
161 626
161 632
161 647
161 650
161 654
161 746
161 747
161 758
161 790
161 791
161 804
161 814
161 815
161 816
161 817
161 848
162 262
162 263
162 268
162 269
162 270
162 271
162 272
162 273
162 278
162 279
162 291
162 354
162 359
162 362
162 372
162 381
162 400
162 401
162 414
162 432
162 433
162 438
162 439
162 448
162 452
162 466
162 469
162 471
162 479
162 480
162 481
162 482
162 522
162 525
162 542
162 545
162 552
162 555
162 580
162 583
162 596
162 611
162 626
162 631
162 647
162 650
162 654
162 745
162 746
162 758
162 759
162 789
162 790
162 804
162 813
162 814
162 817
162 848
163 263
163 264
163 266
163 267
163 280
163 281
163 282
163 291
163 354
163 359
163 362
163 372
163 381
163 401
163 414
163 430
163 431
163 439
163 440
163 447
163 452
163 461
163 462
163 463
163 466
163 469
163 471
163 472
163 473
163 474
163 475
163 476
163 477
163 478
163 483
163 484
163 485
163 522
163 525
163 542
163 545
163 552
163 555
163 580
163 583
163 596
163 611
163 626
163 631
163 647
163 650
163 654
163 745
163 759
163 760
163 761
163 762
163 763
163 764
163 789
163 804
163 811
163 812
163 817
163 832
163 848
164 264
164 265
164 266
164 283
164 284
164 291
164 354
164 359
164 363
164 372
164 381
164 400
164 401
164 414
164 427
164 428
164 429
164 430
164 440
164 441
164 447
164 453
164 459
164 460
164 464
164 466
164 470
164 486
164 498
164 499
164 500
164 501
164 502
164 503
164 522
164 525
164 542
164 545
164 552
164 555
164 580
164 583
164 597
164 611
164 626
164 631
164 647
164 650
164 654
164 667
164 668
164 669
164 670
164 717
164 718
164 719
164 720
164 721
164 722
164 723
164 724
164 725
164 726
164 727
164 728
164 729
164 730
164 731
164 732
164 733
164 734
164 735
164 736
164 737
164 738
164 739
164 740
164 741
164 742
164 765
164 766
164 767
164 768
164 769
164 770
164 771
164 772
164 773
164 774
164 775
164 776
164 777
164 778
164 779
164 780
164 781
164 782
164 783
164 784
164 785
164 786
164 787
164 804
164 810
164 811
164 817
164 831
164 833
164 834
164 835
164 848
165 285
165 286
165 287
165 288
165 289
165 290
165 354
165 359
165 363
165 372
165 382
165 388
165 389
165 390
165 391
165 399
165 400
165 415
165 416
165 423
165 424
165 425
165 426
165 441
165 442
165 446
165 454
165 455
165 456
165 457
165 458
165 466
165 470
165 487
165 496
165 497
165 504
165 522
165 525
165 542
165 545
165 552
165 555
165 580
165 583
165 598
165 599
165 600
165 601
165 602
165 603
165 604
165 605
165 606
165 607
165 608
165 609
165 610
165 611
165 626
165 631
165 647
165 650
165 654
165 665
165 666
165 671
165 672
165 673
165 674
165 675
165 716
165 743
165 744
165 804
165 810
165 817
165 830
165 836
165 837
165 845
165 846
165 847
165 848
166 290
166 354
166 356
166 359
166 362
166 363
166 371
166 372
166 382
166 384
166 385
166 386
166 387
166 392
166 393
166 397
166 398
166 417
166 418
166 419
166 420
166 421
166 422
166 442
166 443
166 444
166 445
166 446
166 466
166 469
166 487
166 488
166 496
166 505
166 506
166 522
166 525
166 530
166 542
166 545
166 552
166 555
166 580
166 583
166 625
166 626
166 631
166 647
166 650
166 654
166 665
166 676
166 677
166 715
166 724
166 725
166 726
166 727
166 728
166 729
166 743
166 778
166 779
166 780
166 781
166 782
166 783
166 784
166 785
166 786
166 787
166 804
166 809
166 818
166 830
166 838
166 839
166 840
166 841
166 842
166 843
166 844
167 290
167 354
167 356
167 359
167 362
167 365
167 366
167 367
167 368
167 369
167 370
167 372
167 381
167 394
167 395
167 396
167 397
167 466
167 469
167 488
167 489
167 490
167 495
167 507
167 508
167 519
167 520
167 522
167 525
167 528
167 529
167 531
167 542
167 545
167 552
167 555
167 580
167 583
167 624
167 631
167 647
167 650
167 654
167 664
167 677
167 678
167 690
167 691
167 692
167 693
167 694
167 695
167 715
167 719
167 720
167 721
167 722
167 731
167 732
167 743
167 805
167 809
167 818
167 829
167 830
168 268
168 269
168 270
168 271
168 272
168 273
168 274
168 275
168 276
168 277
168 278
168 279
168 280
168 281
168 282
168 283
168 284
168 285
168 286
168 287
168 288
168 290
168 354
168 356
168 359
168 362
168 372
168 381
168 466
168 470
168 491
168 492
168 493
168 494
168 508
168 509
168 510
168 511
168 512
168 513
168 518
168 522
168 525
168 528
168 532
168 533
168 534
168 542
168 546
168 548
168 549
168 550
168 552
168 555
168 560
168 561
168 562
168 563
168 564
168 565
168 566
168 567
168 580
168 583
168 623
168 631
168 647
168 650
168 654
168 664
168 678
168 679
168 686
168 687
168 688
168 689
168 696
168 697
168 716
168 717
168 718
168 733
168 734
168 744
168 805
168 809
168 819
168 828
168 829
169 261
169 262
169 263
169 264
169 265
169 266
169 267
169 289
169 290
169 353
169 356
169 359
169 362
169 372
169 381
169 465
169 468
169 470
169 514
169 515
169 516
169 517
169 518
169 522
169 525
169 526
169 535
169 542
169 546
169 552
169 555
169 557
169 558
169 559
169 568
169 569
169 580
169 583
169 600
169 601
169 602
169 603
169 604
169 623
169 632
169 647
169 650
169 654
169 664
169 679
169 680
169 681
169 682
169 683
169 684
169 685
169 697
169 698
169 699
169 700
169 712
169 713
169 714
169 734
169 735
169 744
169 806
169 808
169 819
169 820
169 826
169 827
170 260
170 290
170 353
170 356
170 359
170 362
170 372
170 381
170 465
170 468
170 470
170 522
170 525
170 535
170 542
170 545
170 552
170 555
170 570
170 580
170 583
170 599
170 605
170 622
170 632
170 647
170 650
170 654
170 664
170 701
170 711
170 736
170 744
170 806
170 808
170 820
170 825
171 259
171 290
171 353
171 356
171 359
171 362
171 372
171 381
171 465
171 468
171 470
171 522
171 525
171 536
171 542
171 545
171 552
171 571
171 572
171 573
171 574
171 575
171 576
171 580
171 583
171 598
171 605
171 619
171 620
171 621
171 632
171 647
171 650
171 654
171 664
171 702
171 703
171 704
171 705
171 706
171 707
171 708
171 709
171 710
171 737
171 744
171 806
171 808
171 821
171 822
171 823
171 824
172 257
172 258
172 290
172 353
172 356
172 359
172 362
172 372
172 381
172 465
172 468
172 470
172 522
172 525
172 537
172 538
172 539
172 540
172 542
172 545
172 552
172 577
172 578
172 579
172 581
172 582
172 583
172 594
172 595
172 598
172 605
172 645
172 646
172 647
172 650
172 655
172 656
172 657
172 658
172 659
172 660
172 661
172 662
172 663
172 664
172 738
172 739
172 744
173 257
173 290
173 353
173 356
173 359
173 362
173 372
173 381
173 465
173 468
173 470
173 522
173 525
173 543
173 545
173 552
173 585
173 586
173 592
173 593
173 596
173 598
173 605
173 618
173 619
173 620
173 621
173 622
173 623
173 624
173 625
173 626
173 627
173 628
173 629
173 630
173 631
173 632
173 639
173 640
173 641
173 642
173 643
173 644
173 647
173 650
173 655
173 740
173 741
173 742
174 256
174 290
174 353
174 356
174 359
174 363
174 372
174 381
174 465
174 468
174 470
174 522
174 525
174 537
174 542
174 545
174 552
174 587
174 588
174 589
174 590
174 591
174 592
174 599
174 605
174 633
174 634
174 635
174 638
174 647
174 651
174 652
174 653
174 654
174 743
175 256
175 290
175 353
175 356
175 359
175 363
175 372
175 381
175 465
175 468
175 470
175 522
175 525
175 537
175 543
175 545
175 552
175 599
175 600
175 601
175 602
175 603
175 604
175 605
175 607
175 608
175 609
175 610
175 611
175 612
175 613
175 614
175 615
175 636
175 647
175 651
175 654
176 257
176 290
176 353
176 356
176 359
176 363
176 372
176 381
176 465
176 468
176 469
176 470
176 522
176 525
176 537
176 543
176 545
176 552
176 617
176 635
176 647
176 650
176 654
177 257
177 290
177 353
177 356
177 359
177 363
177 372
177 381
177 465
177 469
177 522
177 525
177 536
177 537
177 538
177 543
177 545
177 552
177 617
177 635
177 648
177 650
177 654
178 257
178 291
178 353
178 356
178 359
178 363
178 372
178 381
178 457
178 458
178 459
178 460
178 461
178 462
178 463
178 468
178 522
178 525
178 536
178 539
178 540
178 543
178 544
178 552
178 617
178 635
178 648
178 650
178 654
179 257
179 291
179 354
179 355
179 356
179 360
179 361
179 362
179 363
179 372
179 381
179 456
179 464
179 465
179 470
179 471
179 472
179 522
179 525
179 536
179 540
179 544
179 546
179 552
179 617
179 635
179 648
179 652
179 654
180 257
180 291
180 372
180 381
180 455
180 465
180 469
180 473
180 522
180 525
180 536
180 540
180 541
180 544
180 552
180 617
180 636
180 652
180 655
180 656
181 257
181 291
181 356
181 359
181 372
181 381
181 455
181 465
181 468
181 473
181 522
181 525
181 537
181 543
181 545
181 552
181 602
181 603
181 617
181 636
181 652
181 653
181 656
182 258
182 292
182 356
182 359
182 372
182 381
182 455
182 465
182 468
182 473
182 498
182 499
182 500
182 501
182 502
182 503
182 504
182 505
182 506
182 507
182 508
182 509
182 510
182 511
182 512
182 513
182 514
182 515
182 516
182 517
182 518
182 519
182 520
182 521
182 522
182 525
182 537
182 538
182 539
182 543
182 545
182 552
182 577
182 578
182 579
182 580
182 581
182 582
182 595
182 596
182 600
182 601
182 604
182 605
182 606
182 607
182 608
182 609
182 610
182 614
182 615
182 616
182 617
182 636
182 648
182 650
182 653
182 656
183 258
183 292
183 293
183 356
183 360
183 372
183 381
183 387
183 388
183 455
183 465
183 468
183 474
183 496
183 497
183 522
183 525
183 537
183 542
183 545
183 552
183 575
183 576
183 583
183 584
183 593
183 594
183 597
183 598
183 599
183 600
183 611
183 612
183 613
183 617
183 636
183 648
183 650
183 655
184 274
184 275
184 276
184 293
184 294
184 295
184 356
184 360
184 372
184 381
184 385
184 386
184 389
184 455
184 465
184 468
184 474
184 494
184 495
184 522
184 525
184 526
184 538
184 539
184 543
184 545
184 552
184 575
184 584
184 592
184 617
184 636
184 648
184 650
184 655
185 254
185 255
185 256
185 258
185 272
185 273
185 277
185 278
185 296
185 297
185 298
185 341
185 342
185 343
185 344
185 345
185 346
185 347
185 348
185 349
185 350
185 351
185 352
185 353
185 354
185 355
185 356
185 361
185 362
185 363
185 364
185 365
185 366
185 367
185 368
185 369
185 370
185 371
185 372
185 385
185 455
185 465
185 468
185 474
185 488
185 489
185 490
185 494
185 522
185 525
185 537
185 543
185 545
185 552
185 574
185 584
185 591
185 598
185 617
185 636
185 648
185 650
185 654
186 222
186 223
186 224
186 225
186 226
186 227
186 228
186 229
186 230
186 231
186 232
186 233
186 234
186 235
186 236
186 237
186 238
186 239
186 240
186 241
186 242
186 243
186 244
186 245
186 246
186 247
186 248
186 249
186 250
186 251
186 252
186 253
186 258
186 270
186 271
186 279
186 280
186 299
186 300
186 336
186 337
186 338
186 339
186 340
186 356
186 361
186 372
186 382
186 383
186 391
186 456
186 457
186 458
186 459
186 460
186 461
186 462
186 465
186 475
186 476
186 477
186 478
186 479
186 480
186 481
186 482
186 483
186 484
186 485
186 486
186 487
186 491
186 492
186 522
186 525
186 537
186 544
186 552
186 572
186 573
186 591
186 611
186 612
186 613
186 614
186 615
186 616
186 617
186 619
186 620
186 621
186 622
186 623
186 624
186 625
186 626
186 627
186 628
186 637
186 638
186 648
186 650
186 655
187 210
187 211
187 218
187 219
187 220
187 221
187 258
187 269
187 280
187 301
187 302
187 303
187 328
187 329
187 330
187 331
187 332
187 333
187 334
187 335
187 356
187 360
187 372
187 381
187 391
187 463
187 467
187 470
187 471
187 472
187 473
187 474
187 475
187 492
187 522
187 525
187 543
187 546
187 547
187 548
187 549
187 550
187 551
187 552
187 584
187 609
187 610
187 629
187 639
187 640
187 641
187 642
187 643
187 644
187 645
187 646
187 647
187 648
187 655
188 195
188 203
188 204
188 205
188 206
188 207
188 208
188 209
188 212
188 217
188 259
188 268
188 280
188 304
188 305
188 327
188 356
188 360
188 372
188 381
188 391
188 463
188 468
188 469
188 492
188 522
188 525
188 532
188 533
188 534
188 535
188 536
188 537
188 538
188 539
188 540
188 541
188 542
188 543
188 544
188 546
188 552
188 584
188 600
188 601
188 609
188 630
188 636
188 648
188 651
189 196
189 202
189 212
189 216
189 259
189 268
189 281
189 306
189 326
189 356
189 360
189 372
189 381
189 391
189 463
189 468
189 522
189 525
189 530
189 531
189 544
189 545
189 553
189 584
189 602
189 603
189 604
189 608
189 630
189 636
189 648
189 652
189 655
190 196
190 201
190 212
190 216
190 259
190 268
190 281
190 307
190 309
190 310
190 311
190 312
190 313
190 314
190 315
190 316
190 317
190 318
190 326
190 356
190 360
190 372
190 381
190 391
190 522
190 528
190 529
190 530
190 553
190 555
190 605
190 606
190 607
190 608
190 631
190 636
190 648
190 652
190 655
191 196
191 201
191 212
191 216
191 255
191 256
191 257
191 258
191 269
191 281
191 306
191 319
191 326
191 356
191 360
191 372
191 381
191 391
191 522
191 526
191 527
191 553
191 555
191 584
191 631
191 636
191 648
191 654
192 196
192 201
192 212
192 216
192 252
192 253
192 254
192 270
192 281
192 306
192 319
192 326
192 356
192 360
192 372
192 381
192 391
192 521
192 522
192 526
192 584
192 603
192 604
192 631
192 636
192 648
192 651
192 654
193 196
193 201
193 212
193 216
193 251
193 270
193 281
193 306
193 319
193 326
193 356
193 360
193 372
193 381
193 391
193 520
193 522
193 526
193 528
193 555
193 602
193 632
193 637
193 648
193 651
193 654
194 196
194 201
194 212
194 216
194 250
194 270
194 281
194 306
194 319
194 326
194 356
194 360
194 372
194 381
194 391
194 520
194 522
194 525
194 556
194 601
194 632
194 637
194 638
194 648
194 651
194 654
195 85
195 86
195 87
195 196
195 201
195 212
195 216
195 250
195 270
195 281
195 306
195 319
195 326
195 356
195 360
195 372
195 381
195 383
195 391
195 520
195 522
195 525
195 556
195 602
195 632
195 638
195 648
195 651
195 654
196 84
196 87
196 88
196 196
196 201
196 212
196 216
196 249
196 270
196 281
196 306
196 319
196 326
196 356
196 360
196 372
196 380
196 383
196 391
196 520
196 522
196 525
196 557
196 602
196 603
196 633
196 638
196 649
196 650
196 651
196 652
196 653
196 654
197 84
197 88
197 89
197 196
197 201
197 213
197 214
197 215
197 216
197 249
197 270
197 281
197 306
197 319
197 326
197 356
197 360
197 372
197 380
197 383
197 391
197 520
197 522
197 525
197 557
197 603
197 633
197 638
198 84
198 89
198 90
198 172
198 173
198 174
198 175
198 176
198 177
198 178
198 179
198 180
198 181
198 182
198 183
198 184
198 185
198 186
198 187
198 188
198 189
198 190
198 191
198 192
198 193
198 194
198 195
198 196
198 197
198 198
198 199
198 200
198 201
198 202
198 203
198 204
198 205
198 206
198 207
198 208
198 209
198 210
198 211
198 212
198 217
198 218
198 219
198 220
198 221
198 222
198 223
198 224
198 225
198 226
198 227
198 228
198 229
198 230
198 231
198 232
198 233
198 234
198 235
198 236
198 237
198 238
198 239
198 240
198 241
198 242
198 243
198 244
198 245
198 246
198 247
198 248
198 249
198 251
198 252
198 253
198 254
198 255
198 256
198 257
198 258
198 259
198 260
198 261
198 262
198 263
198 264
198 265
198 266
198 267
198 268
198 269
198 270
198 282
198 283
198 306
198 319
198 326
198 356
198 360
198 372
198 380
198 383
198 391
198 522
198 525
198 558
198 603
198 634
198 638
199 90
199 123
199 124
199 125
199 126
199 127
199 128
199 129
199 130
199 131
199 132
199 133
199 134
199 135
199 136
199 137
199 138
199 139
199 140
199 141
199 142
199 143
199 144
199 145
199 146
199 147
199 148
199 149
199 150
199 151
199 152
199 153
199 154
199 155
199 156
199 157
199 158
199 159
199 160
199 161
199 162
199 163
199 164
199 165
199 166
199 167
199 168
199 169
199 170
199 171
199 213
199 214
199 215
199 216
199 284
199 285
199 286
199 287
199 288
199 289
199 290
199 291
199 292
199 293
199 294
199 295
199 296
199 297
199 298
199 299
199 300
199 301
199 302
199 303
199 304
199 305
199 307
199 308
199 309
199 310
199 311
199 312
199 313
199 314
199 315
199 316
199 317
199 318
199 319
199 320
199 326
199 356
199 360
199 372
199 380
199 383
199 391
199 522
199 525
199 558
199 603
199 634
199 638
200 75
200 76
200 77
200 78
200 79
200 80
200 81
200 82
200 83
200 84
200 85
200 92
200 93
200 94
200 95
200 96
200 97
200 98
200 99
200 100
200 101
200 102
200 103
200 104
200 105
200 106
200 107
200 108
200 109
200 110
200 111
200 112
200 113
200 114
200 115
200 116
200 117
200 118
200 119
200 120
200 121
200 122
200 321
200 322
200 323
200 324
200 325
200 326
200 327
200 328
200 329
200 330
200 331
200 332
200 333
200 356
200 360
200 372
200 380
200 383
200 391
200 522
200 525
200 558
200 603
200 634
200 638
201 26
201 27
201 28
201 29
201 30
201 31
201 32
201 33
201 34
201 35
201 36
201 37
201 38
201 39
201 40
201 41
201 42
201 43
201 44
201 45
201 46
201 47
201 48
201 49
201 50
201 51
201 52
201 53
201 54
201 55
201 56
201 57
201 58
201 59
201 60
201 61
201 62
201 63
201 64
201 65
201 66
201 67
201 68
201 69
201 70
201 71
201 72
201 73
201 74
201 86
201 334
201 335
201 336
201 337
201 338
201 339
201 340
201 341
201 342
201 343
201 344
201 345
201 346
201 347
201 356
201 360
201 372
201 380
201 384
201 391
201 522
201 525
201 558
201 638
202 0
202 1
202 2
202 3
202 4
202 5
202 6
202 7
202 8
202 9
202 10
202 11
202 12
202 13
202 14
202 15
202 16
202 17
202 18
202 19
202 20
202 21
202 22
202 23
202 24
202 25
202 87
202 92
202 93
202 348
202 349
202 350
202 351
202 352
202 353
202 354
202 355
202 356
202 357
202 358
202 359
202 360
202 361
202 372
202 380
202 384
202 392
202 638
203 87
203 88
203 93
203 362
203 363
203 364
203 365
203 366
203 367
203 368
203 369
203 372
203 380
203 384
203 392
203 636
203 637
203 638
204 88
204 94
204 369
204 372
204 380
204 384
204 392
205 89
205 94
205 95
205 298
205 299
205 300
205 301
205 302
205 303
205 304
205 305
205 306
205 307
205 308
205 309
205 310
205 311
205 312
205 313
205 314
205 315
205 316
205 317
205 318
205 319
205 322
205 323
205 324
205 325
205 328
205 329
205 330
205 331
205 332
205 333
205 334
205 335
205 336
205 337
205 338
205 339
205 340
205 341
205 342
205 343
205 361
205 362
205 366
205 367
205 368
205 369
205 372
205 380
205 384
205 392
206 89
206 95
206 96
206 260
206 261
206 262
206 263
206 264
206 265
206 266
206 267
206 268
206 269
206 270
206 283
206 284
206 285
206 286
206 287
206 288
206 289
206 297
206 320
206 321
206 326
206 327
206 344
206 356
206 357
206 358
206 359
206 360
206 372
206 380
206 384
206 392
207 90
207 96
207 242
207 243
207 244
207 245
207 246
207 247
207 248
207 249
207 250
207 251
207 252
207 259
207 281
207 282
207 290
207 296
207 320
207 326
207 344
207 355
207 372
207 380
207 384
207 392
208 90
208 91
208 97
208 184
208 185
208 186
208 187
208 188
208 189
208 190
208 191
208 192
208 193
208 194
208 195
208 196
208 197
208 198
208 199
208 200
208 201
208 202
208 203
208 204
208 205
208 206
208 207
208 208
208 209
208 210
208 211
208 212
208 213
208 214
208 215
208 223
208 224
208 225
208 226
208 227
208 228
208 229
208 230
208 231
208 232
208 233
208 234
208 235
208 236
208 237
208 238
208 239
208 240
208 241
208 258
208 271
208 281
208 290
208 296
208 320
208 326
208 344
208 351
208 352
208 353
208 354
208 372
208 380
208 384
208 392
209 91
209 97
209 98
209 148
209 149
209 150
209 151
209 152
209 153
209 154
209 155
209 156
209 157
209 158
209 159
209 160
209 161
209 162
209 163
209 164
209 165
209 166
209 167
209 168
209 169
209 170
209 171
209 172
209 173
209 174
209 175
209 176
209 177
209 178
209 179
209 180
209 181
209 182
209 183
209 216
209 217
209 218
209 219
209 220
209 221
209 222
209 253
209 258
209 271
209 281
209 291
209 296
209 321
209 322
209 323
209 324
209 325
209 326
209 345
209 346
209 347
209 348
209 349
209 350
209 371
209 380
209 384
209 392
210 92
210 98
210 99
210 129
210 130
210 131
210 132
210 133
210 134
210 135
210 136
210 137
210 138
210 139
210 140
210 141
210 142
210 143
210 144
210 145
210 146
210 147
210 253
210 258
210 271
210 281
210 291
210 295
210 371
210 380
210 384
210 392
211 92
211 93
211 99
211 111
211 112
211 113
211 114
211 115
211 116
211 117
211 118
211 119
211 120
211 121
211 122
211 123
211 124
211 125
211 126
211 127
211 128
211 242
211 243
211 244
211 245
211 246
211 247
211 248
211 249
211 250
211 251
211 254
211 258
211 271
211 282
211 291
211 295
211 371
211 380
211 384
211 392
212 93
212 100
212 101
212 102
212 103
212 104
212 105
212 106
212 107
212 108
212 109
212 110
212 255
212 256
212 257
212 258
212 260
212 261
212 262
212 263
212 264
212 265
212 266
212 267
212 268
212 269
212 270
212 272
212 273
212 274
212 275
212 276
212 277
212 278
212 282
212 291
212 295
212 371
213 93
213 279
213 282
213 291
213 295
213 371
214 86
214 87
214 88
214 89
214 90
214 91
214 92
214 93
214 279
214 282
214 292
214 293
214 294
214 295
214 371
215 72
215 73
215 74
215 75
215 76
215 77
215 78
215 79
215 80
215 81
215 82
215 83
215 84
215 85
215 280
215 282
215 371
216 63
216 64
216 65
216 66
216 67
216 68
216 69
216 70
216 71
216 280
216 282
217 56
217 57
217 58
217 59
217 60
217 61
217 62
217 281
217 282
218 48
218 49
218 50
218 51
218 52
218 53
218 54
218 55
219 41
219 42
219 43
219 44
219 45
219 46
219 47
219 284
219 285
220 34
220 35
220 36
220 37
220 38
220 39
220 40
220 286
220 287
221 28
221 29
221 30
221 31
221 32
221 33
221 288
221 289
222 18
222 19
222 20
222 21
222 22
222 23
222 24
222 25
222 26
222 27
222 290
222 291
223 8
223 9
223 10
223 11
223 12
223 13
223 14
223 15
223 16
223 17
223 292
223 293
224 0
224 1
224 2
224 3
224 4
224 5
224 6
224 7
224 294
224 295
225 295
225 296
226 297
226 298
227 298
227 299
228 300
228 301
229 301
229 302
230 302
230 303
230 304
231 305
231 306
232 306
232 307
233 308
233 309
234 309
234 310
235 311
235 312
236 312
236 313
237 313
237 314
238 315
238 316
239 316
239 317
240 317
240 318
241 319
241 320
242 320
242 321
242 326
242 327
242 328
243 321
243 322
243 323
243 324
243 325
243 329
243 330
243 331
243 332
244 333
244 334
245 334
245 335
245 336
246 337
246 338
247 338
247 339
248 339
249 340
250 340
251 341
252 341
253 341
254 342
255 342
255 343
256 343
257 344
258 345
258 346
258 347
259 348
259 349
260 350
260 351
303 1278
303 1279
382 245
382 246
383 244
