0 96
0 219
0 274
0 301
0 303
0 319
0 324
0 365
0 698
0 873
0 954
0 1099
0 1167
1 97
1 219
1 275
1 301
1 303
1 304
1 320
1 324
1 366
1 698
1 873
1 954
1 1099
1 1167
2 97
2 98
2 120
2 121
2 122
2 219
2 275
2 301
2 321
2 322
2 366
2 367
2 697
2 874
2 875
2 954
2 1099
2 1167
3 99
3 100
3 101
3 118
3 119
3 123
3 219
3 276
3 301
3 323
3 367
3 696
3 876
3 954
3 1099
3 1168
4 102
4 103
4 117
4 118
4 124
4 218
4 276
4 301
4 367
4 697
4 877
4 953
4 1098
4 1168
5 103
5 104
5 116
5 117
5 124
5 218
5 277
5 278
5 301
5 367
5 697
5 877
5 878
5 879
5 880
5 881
5 953
5 1098
5 1168
6 105
6 106
6 115
6 116
6 125
6 217
6 279
6 280
6 281
6 301
6 368
6 698
6 882
6 953
6 1097
6 1168
7 107
7 108
7 114
7 115
7 125
7 126
7 217
7 282
7 283
7 301
7 368
7 698
7 882
7 953
7 1097
7 1168
8 109
8 110
8 111
8 112
8 113
8 114
8 126
8 127
8 217
8 283
8 301
8 698
8 882
8 952
8 1096
8 1168
9 128
9 129
9 217
9 284
9 301
9 367
9 371
9 372
9 373
9 374
9 375
9 698
9 883
9 950
9 951
9 1096
9 1168
10 129
10 217
10 284
10 301
10 369
10 370
10 376
10 377
10 378
10 379
10 380
10 381
10 382
10 383
10 384
10 385
10 386
10 698
10 883
10 949
10 950
10 1095
10 1168
11 130
11 216
11 285
11 301
11 368
11 369
11 387
11 388
11 389
11 390
11 391
11 392
11 393
11 394
11 395
11 396
11 697
11 883
11 949
11 1095
11 1168
12 130
12 216
12 286
12 287
12 301
12 368
12 397
12 398
12 399
12 400
12 401
12 402
12 403
12 404
12 405
12 406
12 407
12 408
12 695
12 696
12 883
12 948
12 1094
12 1167
13 130
13 216
13 287
13 301
13 367
13 409
13 410
13 411
13 412
13 413
13 414
13 415
13 416
13 417
13 418
13 419
13 694
13 695
13 882
13 883
13 948
13 1094
13 1167
14 130
14 215
14 287
14 302
14 367
14 420
14 421
14 422
14 423
14 424
14 425
14 426
14 427
14 428
14 429
14 694
14 881
14 882
14 947
14 1093
14 1167
15 129
15 138
15 215
15 287
15 302
15 366
15 430
15 431
15 432
15 433
15 434
15 435
15 436
15 437
15 438
15 439
15 440
15 441
15 442
15 693
15 881
15 945
15 946
15 1093
15 1167
16 129
16 131
16 132
16 133
16 134
16 135
16 136
16 137
16 139
16 215
16 287
16 303
16 366
16 367
16 368
16 369
16 370
16 371
16 443
16 444
16 445
16 446
16 447
16 448
16 449
16 450
16 451
16 452
16 453
16 454
16 455
16 456
16 693
16 882
16 883
16 945
16 1093
16 1167
17 140
17 215
17 287
17 304
17 372
17 373
17 374
17 375
17 376
17 377
17 378
17 379
17 380
17 383
17 384
17 385
17 457
17 458
17 459
17 460
17 461
17 462
17 463
17 464
17 465
17 466
17 467
17 468
17 469
17 470
17 471
17 690
17 691
17 692
17 883
17 944
17 1093
17 1167
18 140
18 215
18 288
18 299
18 300
18 301
18 302
18 305
18 365
18 381
18 382
18 386
18 387
18 388
18 389
18 390
18 391
18 392
18 393
18 394
18 395
18 396
18 397
18 398
18 399
18 472
18 473
18 474
18 475
18 476
18 477
18 478
18 479
18 480
18 481
18 482
18 483
18 484
18 485
18 688
18 689
18 883
18 944
18 1093
18 1167
19 141
19 208
19 209
19 210
19 211
19 212
19 213
19 214
19 215
19 288
19 289
19 297
19 298
19 302
19 303
19 305
19 364
19 372
19 381
19 400
19 401
19 402
19 403
19 404
19 405
19 406
19 407
19 408
19 409
19 410
19 411
19 412
19 413
19 486
19 487
19 488
19 489
19 490
19 491
19 492
19 493
19 494
19 495
19 496
19 497
19 498
19 499
19 687
19 688
19 884
19 885
19 944
19 1094
19 1166
20 141
20 142
20 206
20 207
20 289
20 297
20 304
20 364
20 369
20 370
20 371
20 372
20 381
20 414
20 415
20 416
20 417
20 418
20 419
20 420
20 421
20 422
20 423
20 424
20 425
20 426
20 427
20 500
20 501
20 502
20 503
20 504
20 505
20 506
20 507
20 508
20 509
20 510
20 511
20 512
20 513
20 686
20 886
20 944
20 1094
20 1166
21 143
21 144
21 145
21 146
21 204
21 205
21 290
21 296
21 363
21 364
21 365
21 366
21 367
21 368
21 381
21 428
21 429
21 430
21 431
21 432
21 433
21 434
21 435
21 436
21 437
21 438
21 439
21 440
21 441
21 442
21 514
21 515
21 516
21 517
21 518
21 519
21 520
21 521
21 522
21 523
21 524
21 525
21 526
21 527
21 685
21 887
21 888
21 944
21 1094
21 1165
22 147
22 148
22 204
22 290
22 296
22 362
22 380
22 381
22 443
22 444
22 445
22 446
22 447
22 448
22 449
22 450
22 451
22 452
22 453
22 454
22 455
22 456
22 528
22 529
22 530
22 531
22 532
22 533
22 534
22 535
22 536
22 537
22 538
22 539
22 540
22 541
22 542
22 685
22 889
22 945
22 1094
22 1165
23 91
23 92
23 149
23 150
23 151
23 203
23 290
23 295
23 379
23 380
23 457
23 458
23 459
23 460
23 461
23 462
23 463
23 464
23 465
23 466
23 467
23 468
23 469
23 470
23 471
23 472
23 473
23 543
23 544
23 545
23 546
23 547
23 548
23 549
23 550
23 551
23 552
23 553
23 554
23 555
23 556
23 684
23 889
23 945
23 946
23 1094
23 1164
24 87
24 88
24 89
24 90
24 93
24 152
24 153
24 203
24 290
24 295
24 379
24 474
24 475
24 476
24 477
24 478
24 479
24 480
24 481
24 482
24 483
24 484
24 485
24 486
24 487
24 488
24 489
24 557
24 558
24 559
24 560
24 561
24 562
24 563
24 564
24 565
24 566
24 567
24 568
24 569
24 570
24 683
24 684
24 889
24 947
24 948
24 1094
24 1164
25 86
25 93
25 154
25 155
25 203
25 290
25 294
25 378
25 490
25 491
25 492
25 493
25 494
25 495
25 496
25 497
25 498
25 499
25 500
25 501
25 502
25 503
25 504
25 505
25 506
25 571
25 572
25 573
25 574
25 575
25 576
25 577
25 578
25 579
25 580
25 581
25 582
25 583
25 584
25 585
25 586
25 587
25 588
25 589
25 590
25 591
25 592
25 593
25 682
25 683
25 889
25 948
25 949
25 950
25 1095
25 1163
26 85
26 93
26 156
26 157
26 203
26 290
26 294
26 378
26 507
26 508
26 509
26 510
26 511
26 512
26 513
26 514
26 515
26 516
26 517
26 518
26 519
26 520
26 521
26 594
26 595
26 596
26 597
26 598
26 599
26 600
26 601
26 602
26 603
26 604
26 605
26 606
26 607
26 608
26 609
26 610
26 611
26 612
26 613
26 614
26 615
26 616
26 617
26 618
26 619
26 620
26 621
26 622
26 623
26 624
26 625
26 626
26 680
26 681
26 889
26 951
26 1095
26 1162
26 1163
27 85
27 93
27 157
27 158
27 204
27 290
27 293
27 379
27 380
27 522
27 523
27 524
27 525
27 526
27 527
27 528
27 529
27 530
27 531
27 532
27 533
27 534
27 535
27 536
27 627
27 628
27 629
27 630
27 631
27 632
27 633
27 634
27 635
27 636
27 637
27 638
27 639
27 640
27 641
27 642
27 643
27 644
27 645
27 646
27 647
27 648
27 649
27 650
27 651
27 652
27 653
27 654
27 655
27 656
27 657
27 658
27 659
27 679
27 888
27 951
27 1096
27 1161
27 1162
28 85
28 93
28 158
28 204
28 290
28 292
28 293
28 381
28 382
28 537
28 538
28 539
28 540
28 541
28 542
28 543
28 544
28 545
28 546
28 547
28 548
28 549
28 550
28 551
28 552
28 660
28 661
28 662
28 663
28 664
28 665
28 666
28 667
28 668
28 669
28 670
28 671
28 672
28 673
28 674
28 675
28 676
28 681
28 682
28 888
28 950
28 951
28 1096
28 1097
28 1160
28 1161
29 85
29 93
29 158
29 204
29 290
29 292
29 382
29 553
29 554
29 555
29 556
29 557
29 558
29 559
29 560
29 561
29 562
29 563
29 564
29 565
29 566
29 567
29 677
29 683
29 684
29 685
29 888
29 949
29 950
29 1097
29 1159
29 1160
30 85
30 93
30 158
30 204
30 290
30 292
30 383
30 568
30 569
30 570
30 571
30 572
30 573
30 574
30 575
30 576
30 577
30 578
30 579
30 580
30 581
30 582
30 583
30 677
30 686
30 687
30 888
30 948
30 949
30 1098
30 1159
31 85
31 93
31 158
31 204
31 383
31 584
31 585
31 586
31 587
31 588
31 589
31 590
31 591
31 592
31 593
31 594
31 595
31 596
31 597
31 598
31 677
31 687
31 888
31 947
31 948
31 1098
31 1099
31 1158
32 85
32 93
32 158
32 204
32 383
32 599
32 600
32 601
32 602
32 603
32 604
32 605
32 606
32 607
32 608
32 609
32 610
32 611
32 612
32 613
32 614
32 677
32 688
32 888
32 946
32 947
32 1099
32 1100
32 1156
32 1158
33 85
33 94
33 159
33 205
33 383
33 615
33 616
33 617
33 618
33 619
33 620
33 621
33 622
33 623
33 624
33 625
33 626
33 627
33 628
33 629
33 630
33 631
33 632
33 633
33 634
33 635
33 636
33 637
33 638
33 639
33 640
33 641
33 642
33 643
33 644
33 645
33 646
33 647
33 648
33 649
33 677
33 688
33 888
33 899
33 900
33 901
33 902
33 903
33 904
33 905
33 946
33 1100
33 1158
34 85
34 94
34 159
34 160
34 383
34 650
34 651
34 652
34 653
34 654
34 655
34 656
34 657
34 658
34 659
34 660
34 661
34 662
34 663
34 664
34 665
34 666
34 667
34 668
34 669
34 670
34 671
34 672
34 673
34 674
34 675
34 676
34 677
34 688
34 888
34 898
34 906
34 907
34 944
34 945
34 1101
34 1158
35 85
35 94
35 160
35 161
35 203
35 204
35 381
35 382
35 688
35 888
35 898
35 942
35 943
35 1101
35 1102
35 1158
36 85
36 94
36 162
36 163
36 164
36 165
36 166
36 167
36 168
36 201
36 202
36 378
36 379
36 380
36 688
36 888
36 898
36 899
36 907
36 908
36 909
36 942
36 1103
36 1104
36 1158
37 85
37 94
37 169
37 199
37 200
37 374
37 375
37 376
37 377
37 687
37 888
37 900
37 906
37 910
37 911
37 912
37 942
37 943
37 944
37 945
37 1105
37 1106
37 1158
38 85
38 94
38 169
38 198
38 199
38 371
38 372
38 373
38 684
38 685
38 686
38 687
38 888
38 901
38 905
38 913
38 1107
38 1108
38 1158
39 86
39 94
39 169
39 198
39 370
39 682
39 683
39 888
39 901
39 902
39 903
39 904
39 905
39 913
39 944
39 945
39 1109
39 1110
39 1111
39 1158
40 86
40 94
40 169
40 197
40 370
40 681
40 887
40 905
40 907
40 913
40 941
40 942
40 1112
40 1113
40 1158
41 86
41 94
41 167
41 168
41 197
41 371
41 380
41 381
41 382
41 383
41 384
41 385
41 680
41 887
41 908
41 913
41 939
41 940
41 1114
41 1115
41 1158
42 86
42 94
42 166
42 197
42 371
42 379
42 386
42 680
42 887
42 908
42 913
42 939
42 1116
42 1158
43 86
43 94
43 165
43 198
43 371
43 377
43 378
43 387
43 680
43 887
43 908
43 913
43 938
43 1158
44 86
44 94
44 166
44 198
44 370
44 371
44 374
44 375
44 376
44 387
44 388
44 680
44 694
44 887
44 908
44 913
44 935
44 936
44 937
44 938
44 1117
44 1158
45 86
45 94
45 166
45 176
45 177
45 178
45 179
45 199
45 365
45 366
45 367
45 368
45 372
45 373
45 388
45 389
45 681
45 682
45 692
45 693
45 695
45 696
45 887
45 908
45 913
45 935
45 1116
45 1158
46 86
46 94
46 167
46 168
46 174
46 175
46 180
46 181
46 199
46 200
46 364
46 368
46 370
46 371
46 390
46 391
46 683
46 689
46 690
46 691
46 696
46 887
46 908
46 913
46 919
46 920
46 921
46 922
46 923
46 924
46 925
46 926
46 927
46 928
46 929
46 930
46 931
46 932
46 933
46 934
46 935
46 1116
46 1158
47 86
47 94
47 169
47 170
47 171
47 172
47 173
47 181
47 182
47 201
47 202
47 365
47 366
47 367
47 368
47 391
47 392
47 684
47 685
47 686
47 687
47 688
47 696
47 888
47 908
47 913
47 917
47 918
47 1116
47 1158
48 86
48 94
48 182
48 183
48 203
48 392
48 696
48 888
48 908
48 914
48 915
48 916
48 1116
48 1158
49 86
49 94
49 183
49 184
49 185
49 186
49 187
49 188
49 189
49 190
49 203
49 392
49 688
49 689
49 690
49 691
49 692
49 693
49 694
49 695
49 696
49 889
49 892
49 908
49 1116
49 1158
50 86
50 94
50 191
50 192
50 203
50 392
50 676
50 682
50 683
50 889
50 890
50 891
50 893
50 894
50 908
50 913
50 1116
50 1158
51 86
51 94
51 193
51 194
51 202
51 392
51 674
51 675
51 677
51 678
51 679
51 680
51 681
51 894
51 895
51 906
51 907
51 908
51 913
51 1116
51 1158
52 86
52 95
52 195
52 196
52 201
52 391
52 392
52 673
52 895
52 904
52 905
52 913
52 1116
52 1158
53 86
53 95
53 196
53 197
53 201
53 388
53 389
53 390
53 573
53 574
53 575
53 576
53 577
53 578
53 672
53 895
53 903
53 908
53 913
53 916
53 917
53 918
53 1116
53 1158
54 86
54 95
54 198
54 199
54 201
54 385
54 386
54 387
54 571
54 572
54 579
54 672
54 895
54 902
54 908
54 914
54 915
54 919
54 1116
54 1158
55 86
55 95
55 199
55 200
55 201
55 385
55 570
55 571
55 580
55 581
55 671
55 894
55 902
55 908
55 914
55 920
55 1116
55 1158
56 86
56 95
56 385
56 386
56 387
56 388
56 389
56 564
56 565
56 566
56 567
56 568
56 569
56 570
56 582
56 583
56 584
56 585
56 586
56 587
56 588
56 589
56 590
56 591
56 672
56 673
56 894
56 901
56 908
56 913
56 920
56 925
56 1116
56 1158
57 86
57 95
57 390
57 559
57 560
57 561
57 562
57 563
57 592
57 655
57 674
57 675
57 676
57 893
57 901
57 906
57 907
57 913
57 921
57 922
57 923
57 924
57 926
57 1116
57 1158
58 86
58 95
58 390
58 558
58 593
58 654
58 656
58 657
58 674
58 893
58 902
58 903
58 904
58 905
58 913
58 926
58 1116
58 1158
59 86
59 95
59 391
59 557
59 593
59 653
59 658
59 659
59 673
59 674
59 675
59 676
59 892
59 908
59 913
59 926
59 1116
59 1158
60 86
60 95
60 391
60 557
60 590
60 591
60 592
60 593
60 653
60 660
60 661
60 671
60 672
60 890
60 891
60 892
60 908
60 913
60 925
60 1116
60 1158
61 86
61 95
61 391
61 558
61 559
61 560
61 561
61 562
61 563
61 564
61 565
61 566
61 567
61 568
61 569
61 570
61 571
61 572
61 573
61 574
61 575
61 576
61 577
61 578
61 579
61 580
61 581
61 582
61 583
61 584
61 585
61 586
61 587
61 588
61 589
61 654
61 662
61 663
61 664
61 669
61 670
61 671
61 887
61 888
61 889
61 908
61 913
61 925
61 1116
61 1158
62 86
62 95
62 392
62 654
62 655
62 665
62 666
62 667
62 668
62 876
62 877
62 878
62 879
62 880
62 881
62 882
62 883
62 884
62 885
62 886
62 908
62 913
62 925
62 1116
62 1158
63 86
63 95
63 655
63 656
63 870
63 871
63 872
63 873
63 874
63 876
63 908
63 913
63 925
63 1116
63 1158
64 86
64 95
64 392
64 393
64 394
64 395
64 396
64 397
64 398
64 399
64 400
64 401
64 402
64 403
64 404
64 405
64 406
64 407
64 408
64 409
64 410
64 411
64 412
64 413
64 414
64 415
64 416
64 417
64 418
64 419
64 420
64 421
64 422
64 423
64 654
64 869
64 878
64 908
64 913
64 926
64 1116
64 1158
65 86
65 95
65 391
65 424
65 652
65 653
65 656
65 870
65 871
65 872
65 873
65 874
65 879
65 908
65 913
65 926
65 1116
65 1158
66 86
66 95
66 390
66 425
66 652
66 879
66 908
66 913
66 926
66 1116
66 1158
67 86
67 95
67 390
67 425
67 651
67 879
67 908
67 913
67 926
67 1116
67 1158
68 86
68 95
68 390
68 410
68 411
68 412
68 413
68 414
68 415
68 416
68 417
68 418
68 419
68 420
68 421
68 422
68 423
68 424
68 425
68 650
68 879
68 908
68 913
68 925
68 1116
68 1158
69 87
69 95
69 391
69 392
69 395
69 396
69 397
69 398
69 399
69 400
69 401
69 402
69 403
69 404
69 405
69 406
69 407
69 408
69 409
69 649
69 878
69 879
69 908
69 913
69 925
69 1116
69 1158
70 87
70 96
70 393
70 394
70 649
70 878
70 908
70 913
70 925
70 1116
70 1158
71 87
71 96
71 648
71 877
71 908
71 913
71 925
71 1116
71 1158
72 87
72 96
72 394
72 647
72 878
72 908
72 913
72 924
72 1116
72 1158
73 87
73 96
73 394
73 646
73 878
73 908
73 913
73 924
73 1116
73 1158
74 87
74 96
74 393
74 646
74 878
74 908
74 913
74 923
74 924
74 1116
74 1158
75 87
75 96
75 392
75 393
75 645
75 879
75 882
75 908
75 914
75 923
75 1116
75 1159
76 87
76 96
76 391
76 392
76 640
76 645
76 879
76 880
76 881
76 883
76 884
76 908
76 914
76 922
76 1116
76 1159
77 87
77 96
77 391
77 638
77 639
77 641
77 642
77 643
77 644
77 645
77 884
77 885
77 908
77 914
77 921
77 922
77 1116
77 1159
78 87
78 96
78 390
78 636
78 637
78 885
78 908
78 914
78 921
78 1116
78 1159
79 87
79 96
79 389
79 390
79 636
79 885
79 908
79 914
79 920
79 1116
79 1159
80 87
80 96
80 389
80 635
80 885
80 908
80 914
80 920
80 1116
80 1159
81 87
81 96
81 389
81 396
81 397
81 398
81 399
81 633
81 634
81 635
81 886
81 908
81 914
81 919
81 1116
81 1159
82 87
82 96
82 389
82 390
82 394
82 395
82 400
82 401
82 633
82 886
82 908
82 914
82 919
82 1116
82 1159
83 87
83 96
83 390
83 391
83 392
83 393
83 402
83 633
83 634
83 887
83 908
83 914
83 918
83 1116
83 1159
84 87
84 96
84 402
84 634
84 635
84 887
84 888
84 908
84 914
84 917
84 918
84 1116
84 1159
85 87
85 96
85 402
85 635
85 888
85 908
85 914
85 916
85 1116
85 1159
86 87
86 96
86 403
86 635
86 888
86 908
86 914
86 915
86 916
86 1116
86 1159
87 87
87 96
87 403
87 635
87 889
87 890
87 891
87 892
87 893
87 894
87 908
87 915
87 1116
87 1159
88 87
88 96
88 403
88 635
88 894
88 895
88 908
88 914
88 1116
88 1159
89 87
89 97
89 403
89 636
89 895
89 896
89 897
89 898
89 899
89 900
89 901
89 908
89 914
89 1116
89 1159
90 87
90 97
90 295
90 296
90 297
90 403
90 636
90 637
90 902
90 903
90 908
90 914
90 1116
90 1159
91 87
91 97
91 294
91 298
91 403
91 637
91 903
91 908
91 914
91 1116
91 1159
92 87
92 97
92 293
92 298
92 404
92 629
92 630
92 631
92 632
92 633
92 634
92 635
92 636
92 637
92 903
92 908
92 914
92 1116
92 1159
93 87
93 97
93 293
93 298
93 405
93 627
93 628
93 903
93 908
93 914
93 1116
93 1159
94 87
94 97
94 293
94 298
94 405
94 627
94 904
94 905
94 906
94 907
94 908
94 914
94 1116
94 1159
95 87
95 97
95 293
95 298
95 405
95 627
95 914
95 1115
95 1159
96 87
96 97
96 293
96 298
96 405
96 627
96 908
96 914
96 1115
96 1159
97 87
97 97
97 293
97 298
97 406
97 627
97 908
97 914
97 1115
97 1159
98 88
98 97
98 293
98 298
98 406
98 407
98 408
98 409
98 627
98 908
98 914
98 1115
98 1159
99 88
99 97
99 293
99 299
99 410
99 411
99 627
99 628
99 629
99 908
99 914
99 1115
99 1159
100 88
100 97
100 293
100 299
100 411
100 412
100 627
100 670
100 671
100 908
100 914
100 1115
100 1159
101 88
101 97
101 293
101 299
101 412
101 628
101 629
101 669
101 908
101 914
101 1115
101 1159
102 88
102 97
102 293
102 299
102 412
102 628
102 668
102 671
102 908
102 914
102 1115
102 1159
103 88
103 97
103 293
103 299
103 412
103 628
103 668
103 671
103 908
103 914
103 1115
103 1159
104 88
104 97
104 293
104 299
104 412
104 628
104 668
104 671
104 908
104 914
104 1115
104 1159
105 88
105 97
105 294
105 299
105 412
105 628
105 668
105 671
105 908
105 914
105 1115
105 1159
106 88
106 97
106 294
106 299
106 412
106 628
106 668
106 671
106 908
106 914
106 1115
106 1159
107 88
107 98
107 294
107 299
107 412
107 576
107 577
107 578
107 579
107 580
107 581
107 582
107 583
107 584
107 585
107 586
107 628
107 668
107 671
107 908
107 914
107 1115
107 1159
108 88
108 98
108 294
108 299
108 411
108 573
108 574
108 575
108 587
108 588
108 589
108 627
108 668
108 671
108 908
108 914
108 1115
108 1159
109 88
109 98
109 294
109 299
109 411
109 571
109 572
109 590
109 626
109 627
109 668
109 671
109 908
109 914
109 1115
109 1159
110 88
110 98
110 294
110 299
110 411
110 571
110 590
110 625
110 668
110 671
110 908
110 914
110 1115
110 1159
111 88
111 98
111 294
111 299
111 411
111 571
111 583
111 584
111 585
111 586
111 587
111 588
111 589
111 590
111 624
111 668
111 671
111 908
111 914
111 1115
111 1159
112 88
112 98
112 294
112 299
112 411
112 471
112 472
112 473
112 474
112 475
112 476
112 477
112 478
112 479
112 480
112 481
112 482
112 483
112 484
112 485
112 486
112 487
112 488
112 489
112 571
112 572
112 573
112 574
112 575
112 576
112 577
112 578
112 579
112 580
112 581
112 582
112 622
112 623
112 668
112 671
112 908
112 914
112 1115
112 1159
113 88
113 98
113 294
113 299
113 411
113 470
113 490
113 491
113 621
113 668
113 671
113 908
113 914
113 1115
113 1159
114 88
114 98
114 294
114 299
114 411
114 469
114 491
114 492
114 621
114 668
114 672
114 908
114 914
114 1115
114 1159
115 88
115 98
115 294
115 300
115 408
115 409
115 410
115 411
115 470
115 471
115 619
115 668
115 672
115 908
115 914
115 1115
115 1159
116 88
116 98
116 294
116 300
116 406
116 407
116 472
116 473
116 489
116 490
116 491
116 617
116 618
116 668
116 672
116 908
116 914
116 1115
116 1159
117 88
117 98
117 294
117 300
117 406
117 474
117 475
117 476
117 477
117 478
117 479
117 480
117 481
117 482
117 483
117 484
117 485
117 486
117 487
117 488
117 616
117 617
117 668
117 672
117 908
117 914
117 1115
117 1159
118 88
118 98
118 294
118 300
118 405
118 598
118 613
118 614
118 615
118 616
118 668
118 672
118 908
118 914
118 1115
118 1159
119 88
119 98
119 294
119 300
119 404
119 409
119 410
119 411
119 412
119 413
119 596
119 597
119 599
119 600
119 601
119 602
119 603
119 611
119 612
119 668
119 672
119 908
119 914
119 1115
119 1159
120 88
120 98
120 294
120 300
120 403
120 407
120 408
120 414
120 415
120 594
120 595
120 604
120 605
120 606
120 607
120 608
120 610
120 668
120 672
120 908
120 914
120 1115
120 1159
121 88
121 98
121 294
121 300
121 402
121 403
121 406
121 407
121 416
121 417
121 594
121 608
121 668
121 672
121 908
121 914
121 1115
121 1159
122 88
122 98
122 294
122 300
122 402
122 405
122 406
122 417
122 418
122 593
122 668
122 672
122 908
122 914
122 1115
122 1159
123 88
123 98
123 294
123 300
123 402
123 403
123 404
123 418
123 419
123 590
123 591
123 592
123 593
123 668
123 672
123 908
123 914
123 1115
123 1159
124 88
124 98
124 294
124 300
124 419
124 420
124 589
124 668
124 672
124 908
124 914
124 1115
124 1159
125 88
125 98
125 294
125 300
125 375
125 376
125 420
125 421
125 588
125 668
125 672
125 908
125 914
125 1115
125 1159
126 88
126 99
126 294
126 300
126 374
126 377
126 421
126 588
126 668
126 672
126 908
126 914
126 1115
126 1159
127 89
127 99
127 128
127 294
127 300
127 373
127 377
127 421
127 586
127 587
127 668
127 672
127 732
127 908
127 914
127 1115
127 1159
128 89
128 99
128 127
128 129
128 294
128 300
128 373
128 377
128 421
128 586
128 668
128 672
128 731
128 733
128 908
128 914
128 1115
128 1159
129 89
129 99
129 124
129 125
129 126
129 129
129 294
129 300
129 373
129 377
129 421
129 585
129 668
129 672
129 730
129 733
129 908
129 914
129 1048
129 1049
129 1115
129 1159
130 89
130 99
130 123
130 129
130 294
130 300
130 373
130 377
130 421
130 585
130 667
130 668
130 673
130 674
130 675
130 676
130 677
130 678
130 679
130 680
130 681
130 730
130 733
130 908
130 914
130 1043
130 1044
130 1045
130 1046
130 1047
130 1050
130 1115
130 1159
131 89
131 99
131 122
131 129
131 294
131 300
131 373
131 377
131 421
131 585
131 651
131 652
131 653
131 654
131 655
131 656
131 657
131 658
131 659
131 660
131 661
131 662
131 663
131 664
131 665
131 666
131 668
131 673
131 682
131 730
131 733
131 908
131 914
131 1042
131 1050
131 1115
131 1159
132 89
132 99
132 122
132 129
132 294
132 301
132 373
132 377
132 420
132 584
132 650
132 668
132 672
132 682
132 730
132 733
132 908
132 914
132 1041
132 1050
132 1115
132 1159
133 89
133 99
133 122
133 129
133 294
133 301
133 373
133 377
133 419
133 420
133 584
133 649
133 668
133 672
133 682
133 730
133 734
133 735
133 736
133 737
133 738
133 739
133 740
133 741
133 742
133 743
133 744
133 745
133 746
133 908
133 914
133 1041
133 1050
133 1115
133 1159
134 89
134 99
134 122
134 127
134 128
134 129
134 130
134 131
134 132
134 294
134 301
134 373
134 377
134 419
134 499
134 500
134 501
134 502
134 503
134 504
134 505
134 506
134 507
134 508
134 509
134 510
134 511
134 512
134 513
134 584
134 649
134 668
134 672
134 682
134 730
134 734
134 747
134 908
134 914
134 1041
134 1050
134 1115
134 1159
135 89
135 99
135 119
135 120
135 121
135 122
135 123
135 124
135 125
135 126
135 133
135 294
135 301
135 373
135 377
135 418
135 499
135 514
135 515
135 584
135 649
135 668
135 672
135 682
135 726
135 727
135 730
135 733
135 747
135 908
135 914
135 1041
135 1050
135 1115
135 1159
136 89
136 99
136 118
136 133
136 295
136 301
136 373
136 377
136 418
136 499
136 515
136 583
136 649
136 668
136 672
136 682
136 725
136 730
136 733
136 747
136 908
136 914
136 1041
136 1050
136 1115
136 1159
137 89
137 99
137 117
137 133
137 295
137 301
137 373
137 378
137 418
137 500
137 506
137 507
137 508
137 509
137 514
137 515
137 583
137 649
137 668
137 672
137 682
137 724
137 727
137 730
137 733
137 747
137 908
137 914
137 1041
137 1050
137 1115
137 1159
138 89
138 99
138 117
138 133
138 295
138 301
138 373
138 378
138 418
138 500
138 501
138 502
138 503
138 504
138 505
138 510
138 511
138 512
138 513
138 514
138 583
138 649
138 668
138 672
138 682
138 724
138 726
138 730
138 734
138 747
138 825
138 826
138 908
138 914
138 1041
138 1050
138 1115
138 1159
138 1273
138 1274
138 1275
138 1276
138 1277
138 1278
138 1279
139 89
139 99
139 117
139 133
139 295
139 301
139 373
139 378
139 419
139 583
139 649
139 668
139 672
139 682
139 723
139 726
139 730
139 734
139 747
139 824
139 827
139 908
139 914
139 1041
139 1050
139 1115
139 1159
139 1257
139 1258
139 1259
139 1260
139 1261
139 1262
139 1263
139 1264
139 1265
139 1266
139 1267
139 1268
139 1269
139 1270
139 1271
139 1272
140 89
140 99
140 117
140 133
140 295
140 301
140 373
140 378
140 420
140 582
140 649
140 668
140 672
140 682
140 723
140 726
140 730
140 735
140 736
140 737
140 738
140 739
140 740
140 741
140 742
140 743
140 744
140 745
140 746
140 747
140 823
140 827
140 908
140 914
140 1041
140 1050
140 1115
140 1159
140 1241
140 1242
140 1243
140 1244
140 1245
140 1246
140 1247
140 1248
140 1249
140 1250
140 1251
140 1252
140 1253
140 1254
140 1255
140 1256
141 89
141 99
141 117
141 133
141 295
141 301
141 373
141 378
141 420
141 582
141 649
141 668
141 672
141 683
141 723
141 730
141 735
141 823
141 827
141 908
141 914
141 1041
141 1050
141 1115
141 1159
141 1225
141 1226
141 1227
141 1228
141 1229
141 1230
141 1231
141 1232
141 1233
141 1234
141 1235
141 1236
141 1237
141 1238
141 1239
141 1240
142 89
142 99
142 117
142 133
142 295
142 301
142 374
142 378
142 420
142 431
142 432
142 433
142 582
142 649
142 668
142 672
142 683
142 723
142 730
142 734
142 823
142 827
142 908
142 914
142 1041
142 1050
142 1115
142 1159
142 1209
142 1210
142 1211
142 1212
142 1213
142 1214
142 1215
142 1216
142 1217
142 1218
142 1219
142 1220
142 1221
142 1222
142 1223
142 1224
143 89
143 99
143 117
143 133
143 295
143 301
143 374
143 378
143 420
143 430
143 433
143 582
143 649
143 668
143 672
143 683
143 723
143 730
143 731
143 732
143 734
143 823
143 827
143 908
143 914
143 941
143 942
143 943
143 944
143 945
143 946
143 947
143 948
143 949
143 1041
143 1050
143 1115
143 1159
143 1193
143 1194
143 1195
143 1196
143 1197
143 1198
143 1199
143 1200
143 1201
143 1202
143 1203
143 1204
143 1205
143 1206
143 1207
143 1208
144 89
144 99
144 117
144 133
144 295
144 301
144 374
144 378
144 420
144 425
144 430
144 434
144 582
144 649
144 668
144 673
144 683
144 723
144 726
144 730
144 734
144 814
144 815
144 816
144 817
144 818
144 819
144 820
144 827
144 908
144 914
144 940
144 950
144 1040
144 1050
144 1115
144 1159
144 1177
144 1178
144 1179
144 1180
144 1181
144 1182
144 1183
144 1184
144 1185
144 1186
144 1187
144 1188
144 1189
144 1190
144 1191
144 1192
145 89
145 100
145 117
145 133
145 295
145 301
145 374
145 378
145 420
145 421
145 422
145 423
145 424
145 426
145 430
145 434
145 435
145 577
145 578
145 579
145 582
145 649
145 668
145 674
145 683
145 723
145 726
145 727
145 729
145 730
145 735
145 812
145 813
145 821
145 822
145 827
145 908
145 914
145 939
145 950
145 1040
145 1050
145 1115
145 1159
145 1162
145 1163
145 1164
145 1165
145 1166
145 1167
145 1168
145 1169
145 1170
145 1171
145 1172
145 1173
145 1174
145 1175
145 1176
146 89
146 100
146 117
146 133
146 295
146 301
146 374
146 378
146 426
146 427
146 428
146 429
146 436
146 437
146 567
146 568
146 569
146 570
146 571
146 572
146 573
146 574
146 575
146 576
146 580
146 649
146 668
146 674
146 683
146 723
146 727
146 735
146 736
146 808
146 809
146 810
146 811
146 822
146 823
146 827
146 908
146 914
146 939
146 950
146 1040
146 1050
146 1115
146 1160
146 1161
147 89
147 100
147 117
147 133
147 295
147 301
147 374
147 378
147 416
147 426
147 429
147 438
147 439
147 565
147 566
147 649
147 668
147 674
147 683
147 723
147 727
147 738
147 739
147 740
147 804
147 805
147 806
147 807
147 823
147 827
147 908
147 914
147 939
147 950
147 1040
147 1050
147 1115
147 1160
148 89
148 100
148 117
148 133
148 295
148 302
148 374
148 378
148 415
148 417
148 425
148 429
148 440
148 441
148 442
148 443
148 564
148 565
148 649
148 668
148 674
148 683
148 723
148 726
148 727
148 738
148 740
148 802
148 803
148 823
148 827
148 902
148 908
148 914
148 939
148 950
148 1040
148 1050
148 1114
148 1115
148 1159
149 89
149 100
149 117
149 133
149 295
149 302
149 374
149 378
149 414
149 417
149 425
149 429
149 444
149 445
149 562
149 563
149 649
149 668
149 674
149 683
149 723
149 725
149 726
149 801
149 823
149 827
149 901
149 903
149 908
149 914
149 939
149 950
149 1040
149 1050
149 1098
149 1099
149 1100
149 1101
149 1102
149 1103
149 1104
149 1105
149 1106
149 1107
149 1108
149 1109
149 1110
149 1111
149 1112
149 1113
149 1159
150 89
150 100
150 118
150 119
150 120
150 121
150 122
150 125
150 126
150 127
150 128
150 129
150 132
150 133
150 295
150 302
150 374
150 378
150 414
150 417
150 425
150 429
150 445
150 557
150 558
150 559
150 560
150 561
150 562
150 649
150 668
150 674
150 683
150 706
150 707
150 708
150 709
150 710
150 711
150 712
150 713
150 714
150 715
150 716
150 717
150 718
150 719
150 720
150 721
150 722
150 725
150 740
150 741
150 800
150 823
150 827
150 901
150 903
150 907
150 914
150 939
150 950
150 1040
150 1050
150 1082
150 1083
150 1084
150 1085
150 1086
150 1087
150 1088
150 1089
150 1090
150 1091
150 1092
150 1093
150 1094
150 1095
150 1096
150 1097
150 1115
150 1159
151 89
151 100
151 123
151 124
151 130
151 131
151 295
151 302
151 374
151 378
151 414
151 417
151 425
151 429
151 446
151 447
151 458
151 459
151 460
151 461
151 462
151 555
151 556
151 649
151 668
151 674
151 684
151 705
151 724
151 742
151 743
151 800
151 823
151 828
151 901
151 903
151 904
151 905
151 906
151 908
151 914
151 939
151 950
151 1040
151 1050
151 1063
151 1064
151 1065
151 1066
151 1067
151 1068
151 1069
151 1070
151 1071
151 1072
151 1073
151 1074
151 1075
151 1076
151 1077
151 1078
151 1079
151 1080
151 1081
151 1115
151 1159
152 89
152 100
152 123
152 130
152 295
152 302
152 374
152 378
152 414
152 417
152 425
152 429
152 448
152 449
152 456
152 457
152 463
152 464
152 554
152 555
152 649
152 668
152 674
152 684
152 704
152 722
152 723
152 743
152 800
152 823
152 828
152 901
152 908
152 914
152 939
152 951
152 1040
152 1051
152 1052
152 1053
152 1054
152 1055
152 1056
152 1057
152 1058
152 1059
152 1060
152 1061
152 1062
152 1115
152 1159
153 89
153 100
153 123
153 130
153 295
153 302
153 374
153 378
153 414
153 417
153 425
153 429
153 449
153 450
153 454
153 455
153 465
153 466
153 552
153 553
153 650
153 668
153 674
153 685
153 704
153 722
153 742
153 743
153 800
153 823
153 828
153 901
153 908
153 914
153 939
153 951
153 1038
153 1039
153 1040
153 1115
153 1159
154 89
154 100
154 123
154 130
154 295
154 302
154 374
154 378
154 412
154 413
154 417
154 425
154 429
154 450
154 451
154 452
154 453
154 467
154 468
154 551
154 552
154 650
154 668
154 674
154 685
154 704
154 722
154 723
154 740
154 741
154 743
154 800
154 823
154 828
154 901
154 908
154 914
154 938
154 951
154 1028
154 1029
154 1030
154 1031
154 1032
154 1033
154 1034
154 1035
154 1036
154 1037
154 1115
154 1159
155 89
155 100
155 123
155 130
155 295
155 302
155 374
155 378
155 411
155 417
155 425
155 429
155 440
155 468
155 550
155 551
155 650
155 668
155 674
155 685
155 704
155 723
155 724
155 739
155 740
155 743
155 800
155 823
155 828
155 900
155 901
155 908
155 914
155 938
155 951
155 1018
155 1019
155 1020
155 1021
155 1022
155 1023
155 1024
155 1025
155 1026
155 1027
155 1115
155 1159
156 89
156 100
156 123
156 130
156 295
156 302
156 374
156 378
156 410
156 417
156 425
156 429
156 439
156 441
156 442
156 469
156 472
156 473
156 474
156 475
156 476
156 477
156 478
156 548
156 549
156 650
156 668
156 674
156 685
156 704
156 724
156 725
156 738
156 739
156 743
156 785
156 800
156 823
156 830
156 831
156 832
156 833
156 834
156 835
156 855
156 856
156 857
156 858
156 859
156 860
156 861
156 862
156 897
156 898
156 899
156 908
156 914
156 938
156 951
156 1007
156 1008
156 1009
156 1010
156 1011
156 1012
156 1013
156 1014
156 1015
156 1016
156 1017
156 1115
156 1159
157 90
157 100
157 123
157 131
157 295
157 302
157 374
157 378
157 410
157 417
157 425
157 429
157 438
157 443
157 469
157 470
157 471
157 479
157 480
157 548
157 650
157 668
157 674
157 685
157 704
157 720
157 721
157 722
157 723
157 726
157 727
157 737
157 738
157 743
157 784
157 786
157 800
157 823
157 829
157 836
157 837
157 838
157 839
157 840
157 841
157 842
157 843
157 844
157 845
157 855
157 863
157 864
157 889
157 890
157 891
157 892
157 893
157 894
157 895
157 896
157 908
157 914
157 938
157 951
157 994
157 995
157 996
157 997
157 998
157 999
157 1000
157 1001
157 1002
157 1003
157 1004
157 1005
157 1006
157 1115
157 1159
158 90
158 100
158 123
158 131
158 295
158 302
158 374
158 378
158 410
158 417
158 425
158 429
158 438
158 443
158 480
158 481
158 548
158 650
158 668
158 674
158 685
158 704
158 718
158 719
158 727
158 728
158 736
158 737
158 743
158 783
158 786
158 800
158 823
158 828
158 846
158 847
158 848
158 849
158 850
158 851
158 852
158 853
158 854
158 864
158 888
158 908
158 914
158 938
158 951
158 977
158 978
158 979
158 980
158 981
158 982
158 983
158 984
158 985
158 986
158 987
158 988
158 989
158 990
158 991
158 992
158 993
158 1115
158 1159
159 90
159 100
159 123
159 131
159 295
159 302
159 374
159 379
159 410
159 417
159 425
159 429
159 438
159 443
159 481
159 548
159 650
159 668
159 674
159 685
159 705
159 706
159 707
159 708
159 709
159 710
159 711
159 712
159 713
159 714
159 715
159 716
159 717
159 727
159 728
159 729
159 735
159 736
159 743
159 782
159 783
159 786
159 800
159 823
159 828
159 864
159 887
159 908
159 914
159 938
159 951
159 961
159 962
159 963
159 964
159 965
159 966
159 967
159 968
159 969
159 970
159 971
159 972
159 973
159 974
159 975
159 976
159 1115
159 1159
160 90
160 100
160 123
160 131
160 295
160 302
160 374
160 379
160 410
160 417
160 425
160 429
160 438
160 443
160 482
160 483
160 484
160 485
160 486
160 549
160 650
160 668
160 674
160 685
160 725
160 729
160 730
160 735
160 742
160 768
160 782
160 786
160 800
160 823
160 828
160 864
160 887
160 908
160 914
160 932
160 933
160 934
160 935
160 936
160 937
160 938
160 952
160 953
160 954
160 955
160 956
160 957
160 958
160 959
160 960
160 1115
160 1159
161 90
161 100
161 123
161 131
161 295
161 302
161 374
161 379
161 410
161 417
161 425
161 429
161 438
161 443
161 450
161 451
161 452
161 486
161 487
161 549
161 650
161 668
161 674
161 685
161 718
161 725
161 730
161 731
161 733
161 735
161 743
161 744
161 745
161 746
161 747
161 748
161 749
161 750
161 751
161 752
161 765
161 766
161 767
161 769
161 770
161 781
161 787
161 800
161 823
161 828
161 864
161 887
161 908
161 915
161 916
161 917
161 918
161 919
161 920
161 921
161 922
161 923
161 924
161 925
161 926
161 927
161 928
161 929
161 930
161 931
161 1115
161 1159
162 90
162 100
162 123
162 131
162 295
162 302
162 374
162 379
162 410
162 417
162 425
162 429
162 438
162 443
162 449
162 453
162 465
162 487
162 549
162 650
162 668
162 674
162 684
162 718
162 725
162 731
162 732
162 735
162 753
162 764
162 770
162 781
162 788
162 800
162 823
162 828
162 864
162 887
162 906
162 907
162 908
162 1115
162 1159
163 90
163 101
163 123
163 131
163 295
163 302
163 374
163 379
163 410
163 417
163 425
163 429
163 438
163 443
163 449
163 453
163 464
163 466
163 488
163 547
163 548
163 549
163 650
163 668
163 674
163 685
163 718
163 725
163 731
163 735
163 753
163 763
163 770
163 780
163 789
163 800
163 823
163 828
163 865
163 887
163 905
163 908
163 914
163 1115
163 1159
164 90
164 102
164 123
164 131
164 295
164 303
164 374
164 379
164 410
164 417
164 425
164 429
164 438
164 443
164 449
164 453
164 463
164 466
164 488
164 545
164 546
164 650
164 668
164 674
164 685
164 686
164 717
164 725
164 731
164 735
164 754
164 763
164 771
164 780
164 789
164 800
164 823
164 828
164 865
164 886
164 887
164 904
164 908
164 914
164 1115
164 1159
165 90
165 102
165 123
165 131
165 296
165 304
165 374
165 379
165 410
165 417
165 425
165 429
165 438
165 443
165 449
165 453
165 463
165 466
165 488
165 544
165 545
165 650
165 668
165 674
165 686
165 717
165 725
165 731
165 735
165 754
165 763
165 771
165 772
165 779
165 789
165 800
165 823
165 828
165 866
165 881
165 882
165 883
165 884
165 885
165 904
165 908
165 914
165 1115
165 1159
166 90
166 102
166 124
166 131
166 296
166 304
166 374
166 379
166 410
166 417
166 425
166 429
166 438
166 443
166 449
166 453
166 463
166 466
166 488
166 544
166 650
166 668
166 674
166 686
166 716
166 725
166 731
166 735
166 754
166 763
166 773
166 774
166 775
166 776
166 777
166 778
166 789
166 799
166 823
166 828
166 866
166 867
166 868
166 869
166 870
166 871
166 872
166 873
166 874
166 875
166 876
166 877
166 878
166 879
166 880
166 904
166 908
166 914
166 1115
166 1159
167 90
167 102
167 124
167 131
167 296
167 304
167 374
167 379
167 410
167 417
167 425
167 429
167 438
167 443
167 449
167 453
167 463
167 466
167 488
167 543
167 650
167 669
167 674
167 686
167 716
167 725
167 731
167 735
167 754
167 763
167 789
167 799
167 823
167 828
167 904
167 908
167 914
167 1115
167 1159
168 90
168 102
168 124
168 131
168 296
168 304
168 374
168 379
168 410
168 417
168 426
168 430
168 438
168 443
168 449
168 453
168 463
168 466
168 488
168 544
168 650
168 669
168 674
168 686
168 716
168 718
168 725
168 731
168 735
168 754
168 763
168 789
168 799
168 823
168 828
168 904
168 908
168 914
168 1115
168 1159
169 90
169 102
169 124
169 131
169 296
169 304
169 374
169 379
169 410
169 418
169 426
169 430
169 438
169 443
169 449
169 453
169 463
169 466
169 489
169 525
169 526
169 527
169 528
169 533
169 534
169 544
169 650
169 669
169 674
169 686
169 716
169 725
169 731
169 735
169 754
169 763
169 789
169 799
169 823
169 828
169 842
169 843
169 844
169 845
169 846
169 847
169 848
169 849
169 850
169 851
169 852
169 853
169 854
169 855
169 904
169 908
169 914
169 1115
169 1159
170 90
170 102
170 124
170 131
170 296
170 304
170 374
170 379
170 410
170 418
170 426
170 430
170 438
170 443
170 449
170 453
170 463
170 466
170 489
170 524
170 529
170 530
170 531
170 532
170 535
170 544
170 650
170 669
170 674
170 686
170 717
170 719
170 725
170 731
170 735
170 754
170 763
170 789
170 799
170 823
170 828
170 841
170 856
170 904
170 908
170 914
170 1115
170 1159
171 90
171 102
171 124
171 131
171 296
171 304
171 374
171 379
171 410
171 418
171 426
171 430
171 438
171 443
171 449
171 453
171 463
171 466
171 489
171 496
171 523
171 535
171 544
171 650
171 669
171 674
171 686
171 717
171 718
171 719
171 725
171 731
171 735
171 754
171 763
171 789
171 799
171 823
171 828
171 839
171 840
171 857
171 904
171 908
171 914
171 1115
171 1159
172 90
172 102
172 124
172 131
172 296
172 304
172 374
172 379
172 410
172 418
172 426
172 430
172 438
172 443
172 449
172 453
172 463
172 466
172 489
172 494
172 495
172 497
172 498
172 499
172 500
172 518
172 519
172 520
172 521
172 522
172 523
172 528
172 531
172 535
172 542
172 543
172 650
172 669
172 674
172 686
172 718
172 725
172 731
172 735
172 755
172 763
172 789
172 799
172 823
172 828
172 838
172 857
172 904
172 908
172 914
172 1115
172 1159
173 90
173 102
173 124
173 131
173 296
173 304
173 374
173 379
173 410
173 418
173 426
173 430
173 438
173 443
173 449
173 453
173 463
173 466
173 489
173 492
173 493
173 501
173 502
173 503
173 504
173 505
173 506
173 507
173 516
173 517
173 523
173 527
173 531
173 535
173 539
173 540
173 541
173 650
173 669
173 674
173 686
173 718
173 725
173 731
173 735
173 755
173 763
173 789
173 799
173 823
173 828
173 837
173 858
173 904
173 908
173 914
173 1115
173 1159
174 90
174 102
174 124
174 131
174 296
174 304
174 374
174 379
174 410
174 418
174 426
174 430
174 438
174 443
174 449
174 453
174 463
174 466
174 489
174 491
174 508
174 509
174 514
174 515
174 523
174 527
174 531
174 535
174 538
174 650
174 669
174 674
174 685
174 718
174 725
174 731
174 735
174 755
174 763
174 788
174 799
174 816
174 817
174 818
174 819
174 820
174 821
174 828
174 837
174 859
174 904
174 908
174 914
174 1115
174 1159
175 90
175 102
175 124
175 131
175 296
175 304
175 375
175 379
175 410
175 418
175 426
175 430
175 438
175 443
175 449
175 453
175 463
175 466
175 510
175 511
175 512
175 513
175 523
175 527
175 531
175 535
175 651
175 652
175 653
175 654
175 655
175 656
175 657
175 658
175 659
175 660
175 661
175 662
175 663
175 664
175 665
175 666
175 667
175 669
175 674
175 684
175 685
175 718
175 726
175 731
175 735
175 755
175 763
175 788
175 799
175 814
175 815
175 822
175 823
175 828
175 836
175 860
175 904
175 908
175 914
175 1115
175 1159
176 90
176 102
176 124
176 131
176 296
176 304
176 375
176 379
176 410
176 418
176 426
176 430
176 438
176 449
176 453
176 463
176 466
176 524
176 527
176 531
176 535
176 669
176 674
176 676
176 678
176 681
176 682
176 683
176 684
176 718
176 726
176 731
176 735
176 755
176 763
176 788
176 799
176 812
176 813
176 823
176 828
176 835
176 836
176 860
176 904
176 908
176 914
176 1115
176 1159
177 90
177 102
177 124
177 132
177 296
177 304
177 375
177 379
177 411
177 418
177 426
177 430
177 437
177 444
177 445
177 446
177 447
177 448
177 453
177 463
177 466
177 524
177 527
177 531
177 535
177 669
177 674
177 676
177 679
177 718
177 727
177 731
177 735
177 755
177 763
177 788
177 799
177 811
177 812
177 824
177 829
177 830
177 831
177 832
177 833
177 834
177 835
177 861
177 904
177 908
177 914
177 1115
177 1159
178 90
178 102
178 124
178 132
178 296
178 304
178 375
178 379
178 411
178 418
178 426
178 430
178 436
178 438
178 443
178 449
178 454
178 455
178 456
178 464
178 467
178 475
178 476
178 477
178 478
178 479
178 524
178 527
178 531
178 535
178 669
178 674
178 676
178 679
178 718
178 725
178 728
178 731
178 735
178 755
178 763
178 788
178 799
178 811
178 824
178 861
178 862
178 903
178 908
178 914
178 1115
178 1159
179 90
179 102
179 124
179 132
179 296
179 304
179 375
179 379
179 411
179 418
179 426
179 430
179 435
179 438
179 442
179 449
179 453
179 457
179 464
179 467
179 471
179 472
179 473
179 474
179 480
179 481
179 482
179 483
179 484
179 524
179 527
179 531
179 535
179 669
179 674
179 676
179 679
179 718
179 725
179 728
179 731
179 735
179 755
179 763
179 782
179 788
179 798
179 810
179 824
179 828
179 862
179 903
179 908
179 914
179 1115
179 1159
180 90
180 102
180 124
180 132
180 296
180 304
180 375
180 379
180 411
180 418
180 426
180 430
180 435
180 438
180 442
180 449
180 452
180 457
180 464
180 468
180 469
180 470
180 485
180 486
180 524
180 528
180 531
180 535
180 669
180 674
180 676
180 679
180 718
180 725
180 729
180 731
180 735
180 755
180 763
180 779
180 780
180 781
180 783
180 787
180 788
180 798
180 810
180 824
180 828
180 862
180 902
180 905
180 908
180 914
180 1115
180 1159
181 90
181 102
181 124
181 132
181 296
181 304
181 375
181 380
181 411
181 418
181 426
181 430
181 435
181 438
181 442
181 449
181 452
181 458
181 464
181 468
181 486
181 487
181 525
181 526
181 527
181 528
181 531
181 535
181 669
181 674
181 676
181 679
181 718
181 725
181 729
181 730
181 735
181 755
181 764
181 777
181 778
181 784
181 786
181 798
181 809
181 824
181 828
181 863
181 902
181 905
181 908
181 914
181 1115
181 1159
182 90
182 103
182 124
182 132
182 296
182 304
182 375
182 380
182 411
182 418
182 423
182 424
182 425
182 432
182 433
182 434
182 438
182 442
182 449
182 452
182 458
182 464
182 467
182 487
182 488
182 532
182 533
182 534
182 669
182 674
182 676
182 679
182 718
182 725
182 730
182 732
182 735
182 755
182 764
182 774
182 775
182 776
182 777
182 784
182 798
182 808
182 824
182 828
182 863
182 902
182 905
182 908
182 914
182 1115
182 1159
183 90
183 103
183 124
183 132
183 296
183 304
183 375
183 380
183 411
183 418
183 422
183 426
183 431
183 438
183 442
183 449
183 452
183 459
183 464
183 467
183 488
183 503
183 504
183 505
183 506
183 507
183 508
183 509
183 528
183 610
183 611
183 612
183 613
183 614
183 615
183 616
183 669
183 674
183 676
183 679
183 718
183 725
183 730
183 731
183 732
183 735
183 755
183 764
183 772
183 773
183 798
183 807
183 824
183 828
183 863
183 902
183 905
183 908
183 914
183 1115
183 1159
184 90
184 103
184 124
184 132
184 296
184 304
184 375
184 380
184 411
184 418
184 421
184 426
184 430
184 438
184 442
184 449
184 452
184 460
184 461
184 462
184 467
184 488
184 501
184 502
184 510
184 511
184 528
184 532
184 599
184 600
184 601
184 602
184 603
184 604
184 605
184 606
184 607
184 608
184 609
184 617
184 618
184 619
184 620
184 621
184 669
184 674
184 676
184 679
184 718
184 725
184 731
184 735
184 755
184 764
184 772
184 785
184 787
184 799
184 805
184 806
184 824
184 828
184 864
184 902
184 905
184 908
184 914
184 1115
184 1159
185 90
185 103
185 124
185 132
185 296
185 304
185 372
185 373
185 374
185 375
185 411
185 418
185 421
185 426
185 430
185 438
185 442
185 449
185 452
185 467
185 488
185 501
185 511
185 528
185 531
185 593
185 594
185 595
185 596
185 597
185 598
185 622
185 669
185 674
185 676
185 679
185 718
185 725
185 731
185 735
185 755
185 764
185 771
185 785
185 787
185 799
185 800
185 804
185 805
185 824
185 828
185 864
185 903
185 905
185 908
185 914
185 1115
185 1159
186 103
186 124
186 132
186 296
186 304
186 410
186 411
186 418
186 421
186 426
186 430
186 438
186 442
186 449
186 452
186 467
186 488
186 500
186 512
186 519
186 520
186 521
186 528
186 531
186 591
186 592
186 623
186 669
186 674
186 679
186 719
186 725
186 731
186 736
186 737
186 744
186 745
186 746
186 747
186 755
186 764
186 770
186 771
186 800
186 804
186 824
186 828
186 864
186 903
186 908
186 914
186 1115
186 1159
187 89
187 90
187 91
187 103
187 124
187 132
187 296
187 304
187 375
187 380
187 410
187 419
187 420
187 426
187 430
187 438
187 442
187 449
187 452
187 464
187 467
187 489
187 500
187 512
187 517
187 518
187 522
187 523
187 528
187 532
187 591
187 623
187 669
187 674
187 679
187 719
187 725
187 731
187 738
187 739
187 740
187 741
187 742
187 743
187 748
187 749
187 750
187 751
187 752
187 753
187 754
187 755
187 765
187 766
187 767
187 768
187 769
187 801
187 804
187 824
187 828
187 864
187 903
187 908
187 914
187 1115
187 1159
188 91
188 103
188 124
188 132
188 296
188 304
188 375
188 380
188 410
188 419
188 426
188 432
188 433
188 434
188 435
188 442
188 449
188 452
188 464
188 467
188 489
188 499
188 512
188 516
188 523
188 528
188 532
188 590
188 624
188 669
188 674
188 679
188 719
188 725
188 731
188 735
188 743
188 756
188 801
188 804
188 824
188 828
188 864
188 908
188 914
188 1115
188 1159
189 91
189 103
189 124
189 132
189 296
189 304
189 375
189 380
189 409
189 418
189 427
189 428
189 429
189 430
189 431
189 436
189 437
189 438
189 439
189 440
189 441
189 442
189 443
189 444
189 449
189 452
189 464
189 467
189 489
189 499
189 512
189 515
189 523
189 528
189 532
189 590
189 624
189 669
189 674
189 679
189 719
189 725
189 731
189 735
189 743
189 744
189 745
189 756
189 802
189 805
189 824
189 828
189 864
189 908
189 914
189 1115
189 1159
190 91
190 103
190 124
190 132
190 296
190 304
190 375
190 380
190 409
190 418
190 424
190 425
190 426
190 427
190 445
190 446
190 447
190 448
190 452
190 464
190 467
190 477
190 478
190 479
190 490
190 491
190 492
190 493
190 494
190 495
190 496
190 497
190 511
190 515
190 523
190 528
190 533
190 589
190 625
190 669
190 674
190 679
190 719
190 725
190 731
190 735
190 746
190 747
190 756
190 802
190 803
190 824
190 828
190 863
190 904
190 908
190 914
190 1115
190 1159
191 91
191 103
191 124
191 132
191 296
191 357
191 358
191 359
191 360
191 380
191 411
191 418
191 421
191 422
191 423
191 449
191 452
191 467
191 472
191 473
191 474
191 475
191 476
191 480
191 481
191 482
191 483
191 498
191 499
191 510
191 511
191 514
191 523
191 528
191 533
191 589
191 625
191 669
191 674
191 679
191 719
191 725
191 731
191 735
191 748
191 749
191 756
191 824
191 828
191 863
191 904
191 906
191 908
191 914
191 1115
191 1159
192 91
192 103
192 124
192 132
192 296
192 305
192 345
192 346
192 350
192 351
192 352
192 353
192 354
192 362
192 363
192 364
192 365
192 366
192 367
192 368
192 369
192 370
192 371
192 372
192 373
192 374
192 375
192 379
192 380
192 381
192 382
192 411
192 417
192 419
192 420
192 449
192 452
192 468
192 469
192 470
192 471
192 484
192 485
192 486
192 499
192 500
192 510
192 514
192 523
192 528
192 533
192 588
192 626
192 669
192 674
192 679
192 719
192 725
192 731
192 735
192 750
192 751
192 756
192 824
192 828
192 865
192 904
192 906
192 908
192 914
192 1115
192 1159
193 91
193 104
193 124
193 132
193 296
193 305
193 356
193 357
193 358
193 359
193 360
193 361
193 376
193 377
193 378
193 383
193 384
193 385
193 386
193 387
193 409
193 410
193 416
193 419
193 450
193 464
193 465
193 466
193 467
193 487
193 488
193 500
193 501
193 509
193 510
193 512
193 513
193 524
193 526
193 527
193 528
193 588
193 626
193 674
193 679
193 719
193 725
193 731
193 735
193 752
193 753
193 754
193 755
193 756
193 824
193 828
193 865
193 904
193 906
193 908
193 914
193 1115
193 1159
194 91
194 124
194 132
194 296
194 345
194 346
194 347
194 348
194 349
194 350
194 351
194 352
194 353
194 354
194 355
194 388
194 389
194 390
194 411
194 415
194 418
194 451
194 452
194 465
194 488
194 489
194 490
194 501
194 502
194 503
194 504
194 505
194 506
194 507
194 508
194 514
194 521
194 522
194 523
194 524
194 532
194 584
194 585
194 627
194 628
194 629
194 679
194 719
194 725
194 731
194 735
194 824
194 828
194 865
194 904
194 906
194 914
194 1115
194 1159
195 91
195 103
195 124
195 132
195 295
195 296
195 339
195 340
195 341
195 342
195 343
195 344
195 391
195 392
195 411
195 414
195 464
195 490
195 491
195 515
195 519
195 520
195 528
195 532
195 586
195 588
195 719
195 725
195 731
195 735
195 824
195 828
195 903
195 904
195 914
195 1115
195 1159
196 91
196 103
196 124
196 133
196 297
196 305
196 336
196 337
196 338
196 411
196 413
196 463
196 464
196 491
196 492
196 513
196 514
196 515
196 517
196 518
196 529
196 532
196 719
196 725
196 731
196 735
196 824
196 828
196 905
196 914
196 1115
196 1159
197 91
197 103
197 124
197 133
197 297
197 305
197 334
197 335
197 392
197 411
197 412
197 453
197 454
197 462
197 463
197 492
197 493
197 506
197 507
197 508
197 509
197 510
197 511
197 512
197 529
197 586
197 627
197 719
197 725
197 731
197 735
197 824
197 828
197 860
197 861
197 862
197 863
197 905
197 914
197 1115
197 1159
198 91
198 103
198 125
198 133
198 297
198 305
198 332
198 333
198 393
198 412
198 413
198 454
198 455
198 461
198 462
198 496
198 497
198 498
198 499
198 500
198 501
198 502
198 503
198 504
198 505
198 586
198 627
198 719
198 725
198 731
198 735
198 824
198 828
198 859
198 905
198 914
198 1115
198 1159
199 91
199 103
199 125
199 133
199 297
199 305
199 330
199 331
199 393
199 412
199 455
199 456
199 460
199 461
199 485
199 486
199 487
199 488
199 489
199 490
199 491
199 492
199 493
199 494
199 495
199 586
199 627
199 719
199 725
199 731
199 735
199 825
199 828
199 858
199 905
199 914
199 1115
199 1159
200 91
200 104
200 125
200 133
200 182
200 192
200 193
200 194
200 213
200 214
200 215
200 216
200 217
200 220
200 221
200 222
200 223
200 224
200 225
200 226
200 227
200 228
200 229
200 230
200 231
200 232
200 233
200 234
200 235
200 236
200 237
200 238
200 239
200 240
200 241
200 242
200 243
200 244
200 245
200 246
200 247
200 248
200 249
200 250
200 251
200 252
200 297
200 305
200 329
200 330
200 394
200 411
200 456
200 457
200 459
200 460
200 474
200 475
200 476
200 477
200 478
200 479
200 480
200 481
200 482
200 483
200 484
200 586
200 628
200 719
200 725
200 731
200 735
200 825
200 828
200 905
200 914
200 1115
200 1159
201 91
201 104
201 125
201 133
201 182
201 197
201 198
201 199
201 200
201 201
201 202
201 203
201 204
201 207
201 208
201 209
201 210
201 211
201 212
201 218
201 219
201 253
201 254
201 258
201 297
201 305
201 328
201 329
201 394
201 409
201 410
201 411
201 463
201 464
201 465
201 466
201 467
201 468
201 469
201 470
201 471
201 472
201 473
201 498
201 586
201 628
201 719
201 725
201 731
201 735
201 825
201 828
201 905
201 914
201 1115
201 1159
202 91
202 104
202 125
202 133
202 182
202 185
202 186
202 187
202 188
202 189
202 190
202 191
202 192
202 193
202 194
202 195
202 196
202 205
202 206
202 255
202 256
202 257
202 259
202 260
202 327
202 328
202 394
202 407
202 408
202 454
202 455
202 456
202 457
202 458
202 459
202 460
202 461
202 462
202 491
202 492
202 497
202 499
202 585
202 628
202 719
202 725
202 731
202 735
202 825
202 828
202 905
202 914
202 1115
202 1159
203 91
203 104
203 125
203 133
203 178
203 179
203 180
203 181
203 182
203 183
203 184
203 260
203 261
203 327
203 395
203 407
203 446
203 447
203 448
203 449
203 450
203 451
203 452
203 453
203 484
203 490
203 493
203 496
203 499
203 585
203 628
203 725
203 731
203 735
203 905
203 914
203 1115
203 1159
204 91
204 104
204 125
204 133
204 166
204 174
204 175
204 176
204 177
204 261
204 262
204 324
204 325
204 326
204 395
204 406
204 437
204 438
204 439
204 440
204 441
204 442
204 443
204 444
204 445
204 474
204 475
204 481
204 482
204 483
204 485
204 489
204 493
204 496
204 499
204 585
204 628
204 731
204 735
204 905
204 914
204 1115
204 1159
205 91
205 104
205 125
205 133
205 169
205 170
205 171
205 172
205 173
205 262
205 263
205 323
205 325
205 396
205 407
205 429
205 430
205 431
205 432
205 433
205 434
205 435
205 436
205 468
205 469
205 470
205 471
205 472
205 473
205 476
205 480
205 485
205 489
205 493
205 496
205 499
205 585
205 628
205 731
205 735
205 905
205 914
205 1115
205 1159
206 91
206 104
206 123
206 133
206 165
206 166
206 167
206 168
206 264
206 265
206 396
206 407
206 421
206 422
206 423
206 424
206 425
206 426
206 427
206 428
206 460
206 461
206 462
206 463
206 467
206 476
206 479
206 486
206 489
206 493
206 497
206 498
206 499
206 585
206 628
206 731
206 735
206 905
206 914
206 1115
206 1159
207 91
207 104
207 123
207 124
207 125
207 133
207 161
207 162
207 163
207 164
207 265
207 266
207 324
207 397
207 414
207 415
207 416
207 417
207 418
207 419
207 420
207 455
207 456
207 457
207 458
207 459
207 463
207 466
207 476
207 479
207 486
207 490
207 491
207 492
207 493
207 584
207 628
207 729
207 730
207 731
207 735
207 905
207 914
207 1115
207 1159
208 91
208 104
208 133
208 158
208 159
208 160
208 266
208 267
208 397
208 405
208 406
208 407
208 408
208 409
208 410
208 411
208 412
208 413
208 449
208 454
208 463
208 466
208 476
208 479
208 484
208 485
208 486
208 488
208 498
208 499
208 584
208 628
208 731
208 736
208 737
208 905
208 914
208 1115
208 1159
209 91
209 104
209 125
209 133
209 156
209 157
209 267
209 268
209 316
209 397
209 398
209 399
209 400
209 401
209 402
209 403
209 404
209 442
209 443
209 444
209 445
209 446
209 447
209 448
209 450
209 453
209 458
209 463
209 466
209 476
209 480
209 481
209 482
209 483
209 489
209 584
209 628
209 731
209 736
209 905
209 914
209 1115
209 1159
210 91
210 104
210 125
210 133
210 154
210 155
210 268
210 269
210 270
210 315
210 389
210 390
210 391
210 392
210 393
210 394
210 395
210 396
210 430
210 431
210 438
210 439
210 440
210 441
210 450
210 453
210 458
210 463
210 466
210 474
210 475
210 476
210 478
210 488
210 491
210 584
210 628
210 731
210 735
210 905
210 914
210 1115
210 1159
211 91
211 104
211 125
211 134
211 150
211 153
211 154
211 315
211 381
211 382
211 383
211 384
211 385
211 386
211 387
211 388
211 422
211 423
211 424
211 425
211 426
211 427
211 428
211 429
211 432
211 437
211 450
211 453
211 458
211 463
211 467
211 468
211 469
211 470
211 471
211 472
211 473
211 483
211 484
211 485
211 486
211 584
211 628
211 731
211 735
211 905
211 914
211 1115
211 1159
212 91
212 104
212 125
212 147
212 148
212 149
212 151
212 152
212 315
212 374
212 375
212 376
212 377
212 378
212 379
212 380
212 411
212 418
212 419
212 420
212 421
212 432
212 436
212 450
212 453
212 458
212 462
212 463
212 478
212 480
212 584
212 628
212 731
212 735
212 905
212 914
212 1115
212 1159
213 91
213 125
213 133
213 151
213 271
213 315
213 373
213 410
213 412
213 417
213 432
213 436
213 450
213 453
213 458
213 461
213 475
213 477
213 479
213 584
213 628
213 731
213 735
213 905
213 914
213 1115
213 1159
214 125
214 133
214 150
214 272
214 316
214 317
214 318
214 365
214 366
214 367
214 368
214 369
214 370
214 371
214 372
214 403
214 404
214 405
214 408
214 409
214 412
214 416
214 432
214 436
214 450
214 453
214 457
214 458
214 459
214 460
214 471
214 472
214 473
214 474
214 475
214 584
214 628
214 731
214 735
214 905
214 914
214 1115
214 1159
215 125
215 133
215 148
215 149
215 272
215 273
215 357
215 358
215 359
215 360
215 361
215 362
215 363
215 364
215 396
215 397
215 398
215 399
215 400
215 401
215 402
215 406
215 407
215 412
215 416
215 432
215 436
215 450
215 454
215 455
215 456
215 469
215 470
215 584
215 628
215 732
215 735
215 906
215 914
215 1115
215 1159
216 125
216 133
216 146
216 147
216 273
216 316
216 317
216 318
216 350
216 351
216 352
216 353
216 354
216 355
216 356
216 385
216 393
216 394
216 395
216 399
216 406
216 412
216 416
216 432
216 436
216 446
216 447
216 448
216 449
216 450
216 452
216 584
216 628
216 732
216 735
216 906
216 914
216 1115
216 1159
217 125
217 133
217 145
217 146
217 274
217 314
217 315
217 342
217 343
217 344
217 345
217 346
217 347
217 348
217 349
217 378
217 379
217 380
217 381
217 382
217 383
217 384
217 386
217 392
217 406
217 412
217 416
217 432
217 436
217 441
217 442
217 443
217 444
217 445
217 457
217 458
217 459
217 460
217 461
217 462
217 463
217 584
217 628
217 732
217 736
217 906
217 914
217 1115
217 1159
218 125
218 133
218 143
218 144
218 274
218 314
218 333
218 334
218 335
218 336
218 337
218 338
218 339
218 340
218 341
218 369
218 370
218 371
218 372
218 373
218 374
218 375
218 376
218 377
218 386
218 391
218 399
218 406
218 413
218 416
218 432
218 437
218 438
218 439
218 440
218 452
218 453
218 455
218 456
218 459
218 732
218 736
218 906
218 914
218 1115
218 1159
219 125
219 133
219 142
219 143
219 275
219 313
219 326
219 327
219 328
219 329
219 330
219 331
219 332
219 362
219 363
219 364
219 365
219 366
219 367
219 368
219 386
219 391
219 399
219 406
219 413
219 416
219 429
219 430
219 431
219 432
219 434
219 435
219 447
219 448
219 455
219 732
219 736
219 906
219 914
219 1115
219 1159
220 125
220 133
220 141
220 142
220 275
220 276
220 313
220 318
220 319
220 320
220 321
220 322
220 323
220 324
220 325
220 359
220 360
220 361
220 386
220 391
220 399
220 406
220 413
220 416
220 424
220 425
220 426
220 427
220 428
220 442
220 443
220 444
220 445
220 446
220 449
220 450
220 732
220 736
220 906
220 914
220 1115
220 1159
221 125
221 139
221 140
221 276
221 310
221 311
221 312
221 313
221 314
221 315
221 316
221 317
221 351
221 352
221 358
221 386
221 391
221 399
221 406
221 413
221 416
221 419
221 420
221 421
221 422
221 423
221 433
221 435
221 440
221 441
221 732
221 736
221 906
221 914
221 1115
221 1159
222 125
222 134
222 135
222 136
222 137
222 138
222 139
222 277
222 301
222 302
222 303
222 304
222 305
222 306
222 307
222 308
222 309
222 343
222 344
222 345
222 346
222 347
222 348
222 349
222 350
222 353
222 357
222 387
222 391
222 399
222 406
222 413
222 416
222 418
222 430
222 431
222 432
222 439
222 732
222 736
222 906
222 914
222 1115
222 1159
223 124
223 125
223 133
223 277
223 294
223 295
223 296
223 297
223 298
223 299
223 300
223 334
223 335
223 336
223 337
223 338
223 339
223 340
223 341
223 342
223 353
223 357
223 387
223 391
223 399
223 409
223 410
223 411
223 412
223 413
223 415
223 425
223 426
223 427
223 428
223 429
223 433
223 438
223 732
223 736
223 906
223 914
223 1115
223 1159
224 126
224 132
224 277
224 286
224 287
224 288
224 289
224 290
224 291
224 292
224 293
224 326
224 327
224 328
224 329
224 330
224 331
224 332
224 333
224 353
224 357
224 387
224 391
224 399
224 403
224 404
224 405
224 406
224 407
224 408
224 416
224 420
224 421
224 422
224 423
224 424
224 433
224 906
224 914
224 1115
224 1159
225 126
225 132
225 133
225 278
225 279
225 280
225 281
225 282
225 283
225 284
225 285
225 318
225 319
225 320
225 321
225 322
225 323
225 324
225 325
225 353
225 357
225 387
225 391
225 398
225 399
225 400
225 401
225 402
225 415
225 418
225 419
225 906
225 914
225 1115
225 1160
226 126
226 132
226 270
226 271
226 272
226 273
226 274
226 275
226 276
226 277
226 314
226 315
226 316
226 317
226 353
226 357
226 387
226 392
226 393
226 394
226 395
226 396
226 397
226 418
226 906
226 914
226 1115
226 1160
227 126
227 131
227 132
227 262
227 263
227 264
227 265
227 266
227 267
227 268
227 269
227 304
227 305
227 306
227 313
227 353
227 357
227 387
227 404
227 405
227 406
227 407
227 408
227 409
227 410
227 411
227 412
227 413
227 417
227 906
227 914
227 1115
227 1160
228 126
228 129
228 130
228 254
228 255
228 256
228 257
228 258
228 259
228 260
228 261
228 296
228 297
228 298
228 299
228 300
228 301
228 302
228 303
228 307
228 312
228 353
228 357
228 382
228 383
228 384
228 385
228 386
228 389
228 390
228 399
228 402
228 403
228 413
228 417
228 906
228 914
228 1115
228 1160
229 126
229 129
229 247
229 248
229 249
229 250
229 251
229 252
229 253
229 288
229 289
229 290
229 291
229 292
229 293
229 294
229 295
229 307
229 312
229 353
229 357
229 377
229 378
229 379
229 380
229 381
229 388
229 394
229 395
229 396
229 397
229 398
229 400
229 414
229 906
229 914
229 1115
229 1160
230 126
230 239
230 240
230 241
230 242
230 243
230 244
230 245
230 246
230 281
230 282
230 283
230 284
230 285
230 286
230 287
230 307
230 312
230 353
230 357
230 371
230 372
230 373
230 374
230 375
230 376
230 389
230 390
230 393
230 906
230 914
230 1115
230 1160
231 125
231 230
231 231
231 232
231 233
231 234
231 235
231 236
231 237
231 238
231 270
231 271
231 272
231 273
231 274
231 275
231 276
231 277
231 278
231 279
231 280
231 307
231 312
231 353
231 357
231 366
231 367
231 368
231 369
231 370
231 383
231 384
231 392
231 914
231 1115
231 1160
232 124
232 125
232 223
232 224
232 225
232 226
232 227
232 228
232 229
232 262
232 263
232 264
232 265
232 266
232 267
232 268
232 269
232 279
232 307
232 312
232 353
232 357
232 361
232 362
232 363
232 364
232 365
232 378
232 386
232 387
232 392
232 1115
232 1160
233 122
233 123
233 215
233 216
233 217
233 218
233 219
233 220
233 221
233 222
233 254
233 255
233 256
233 257
233 258
233 259
233 260
233 261
233 280
233 307
233 312
233 353
233 358
233 359
233 360
233 373
233 374
233 375
233 385
233 387
233 392
233 1115
233 1160
234 119
234 120
234 121
234 207
234 208
234 209
234 210
234 211
234 212
234 213
234 214
234 241
234 250
234 251
234 252
234 253
234 280
234 281
234 307
234 312
234 351
234 352
234 353
234 355
234 356
234 366
234 367
234 368
234 369
234 370
234 371
234 387
234 392
234 1115
234 1160
235 116
235 117
235 118
235 198
235 199
235 200
235 201
235 202
235 203
235 204
235 205
235 206
235 233
235 234
235 235
235 236
235 237
235 238
235 239
235 240
235 242
235 249
235 281
235 307
235 312
235 345
235 346
235 347
235 348
235 349
235 350
235 361
235 362
235 363
235 364
235 365
235 388
235 1115
235 1160
236 114
236 115
236 191
236 192
236 193
236 194
236 195
236 196
236 197
236 226
236 227
236 228
236 229
236 230
236 231
236 232
236 242
236 248
236 281
236 308
236 312
236 340
236 341
236 342
236 343
236 344
236 355
236 356
236 359
236 360
236 1115
236 1160
237 111
237 112
237 113
237 183
237 184
237 185
237 186
237 187
237 188
237 189
237 190
237 218
237 219
237 220
237 221
237 222
237 223
237 224
237 225
237 242
237 248
237 282
237 308
237 312
237 334
237 335
237 336
237 337
237 338
237 339
237 350
237 351
237 352
237 353
237 359
237 1115
237 1160
238 108
238 109
238 110
238 175
238 176
238 177
238 178
238 179
238 180
238 181
238 182
238 211
238 212
238 213
238 214
238 215
238 216
238 217
238 242
238 248
238 282
238 308
238 312
238 329
238 330
238 331
238 332
238 333
238 345
238 346
238 347
238 349
238 354
238 358
238 1115
238 1160
239 106
239 107
239 166
239 167
239 168
239 169
239 170
239 171
239 172
239 173
239 174
239 203
239 204
239 205
239 206
239 207
239 208
239 209
239 210
239 242
239 248
239 282
239 308
239 312
239 324
239 325
239 326
239 327
239 328
239 340
239 341
239 344
239 351
239 352
239 353
239 354
239 359
239 1115
239 1160
240 102
240 103
240 104
240 105
240 157
240 158
240 159
240 160
240 161
240 162
240 163
240 164
240 165
240 196
240 197
240 198
240 199
240 200
240 201
240 202
240 242
240 248
240 282
240 308
240 312
240 318
240 319
240 320
240 321
240 322
240 323
240 339
240 354
240 359
240 1115
240 1160
241 99
241 100
241 101
241 148
241 149
241 150
241 151
241 152
241 153
241 154
241 155
241 156
241 189
241 190
241 191
241 192
241 193
241 194
241 195
241 242
241 248
241 282
241 308
241 313
241 314
241 315
241 316
241 317
241 332
241 333
241 334
241 335
241 354
241 358
241 1115
241 1160
242 97
242 98
242 139
242 140
242 141
242 142
242 143
242 144
242 145
242 146
242 147
242 182
242 183
242 184
242 185
242 186
242 187
242 188
242 242
242 248
242 281
242 308
242 325
242 326
242 327
242 328
242 329
242 330
242 354
242 358
242 1115
242 1160
243 96
243 97
243 129
243 130
243 131
243 132
243 133
243 134
243 135
243 136
243 137
243 138
243 175
243 176
243 177
243 178
243 179
243 180
243 181
243 242
243 248
243 281
243 301
243 302
243 303
243 304
243 305
243 306
243 307
243 310
243 317
243 318
243 319
243 320
243 321
243 323
243 324
243 354
243 1115
243 1160
244 95
244 96
244 119
244 120
244 121
244 122
244 123
244 124
244 125
244 126
244 127
244 128
244 166
244 167
244 168
244 169
244 170
244 171
244 172
244 173
244 174
244 242
244 248
244 281
244 296
244 297
244 298
244 299
244 300
244 309
244 311
244 315
244 316
244 1115
244 1160
245 94
245 95
245 110
245 111
245 112
245 113
245 114
245 115
245 116
245 117
245 118
245 159
245 160
245 161
245 162
245 163
245 164
245 165
245 242
245 248
245 281
245 291
245 292
245 293
245 294
245 295
245 307
245 310
245 311
245 314
245 1115
245 1160
246 100
246 101
246 102
246 103
246 104
246 105
246 106
246 107
246 108
246 109
246 152
246 153
246 154
246 155
246 156
246 157
246 158
246 242
246 248
246 281
246 285
246 286
246 287
246 288
246 289
246 290
246 300
246 301
246 302
246 303
246 304
246 305
246 306
246 308
246 313
246 1115
246 1160
247 91
247 92
247 93
247 94
247 95
247 96
247 97
247 98
247 99
247 149
247 150
247 151
247 242
247 248
247 280
247 281
247 282
247 283
247 284
247 295
247 296
247 297
247 298
247 299
247 308
247 314
247 1115
247 1160
248 82
248 83
248 84
248 85
248 86
248 87
248 88
248 89
248 90
248 140
248 148
248 242
248 248
248 274
248 275
248 276
248 277
248 278
248 279
248 290
248 291
248 292
248 293
248 294
248 308
248 314
248 1115
248 1160
249 73
249 74
249 75
249 76
249 77
249 78
249 79
249 80
249 81
249 131
249 132
249 133
249 134
249 135
249 136
249 137
249 138
249 139
249 141
249 147
249 242
249 248
249 268
249 269
249 270
249 271
249 272
249 273
249 284
249 285
249 286
249 287
249 288
249 289
249 308
249 313
249 1114
249 1160
250 63
250 64
250 65
250 66
250 67
250 68
250 69
250 70
250 71
250 72
250 123
250 124
250 125
250 126
250 127
250 128
250 129
250 130
250 141
250 147
250 242
250 248
250 263
250 264
250 265
250 266
250 267
250 279
250 282
250 283
250 308
250 313
250 1114
250 1160
251 54
251 55
251 56
251 57
251 58
251 59
251 60
251 61
251 62
251 116
251 117
251 118
251 119
251 120
251 121
251 122
251 141
251 147
251 242
251 248
251 257
251 258
251 259
251 260
251 261
251 262
251 274
251 275
251 276
251 277
251 278
251 280
251 281
251 308
251 313
251 1114
251 1160
252 45
252 46
252 47
252 48
252 49
252 50
252 51
252 52
252 53
252 108
252 109
252 110
252 111
252 112
252 113
252 114
252 115
252 141
252 147
252 242
252 248
252 252
252 253
252 254
252 255
252 256
252 267
252 268
252 269
252 270
252 271
252 272
252 273
252 280
252 308
252 313
252 1114
252 1160
253 34
253 35
253 36
253 37
253 38
253 39
253 40
253 41
253 42
253 43
253 44
253 100
253 101
253 102
253 103
253 104
253 105
253 106
253 107
253 141
253 147
253 242
253 249
253 250
253 251
253 262
253 263
253 264
253 265
253 266
253 308
253 313
253 1114
253 1160
254 25
254 26
254 27
254 28
254 29
254 30
254 31
254 32
254 33
254 92
254 93
254 94
254 95
254 96
254 97
254 98
254 99
254 141
254 147
254 241
254 242
254 246
254 247
254 257
254 258
254 259
254 260
254 261
254 309
254 1114
254 1160
255 16
255 17
255 18
255 19
255 20
255 21
255 22
255 23
255 24
255 85
255 86
255 87
255 88
255 89
255 90
255 91
255 141
255 147
255 235
255 236
255 237
255 238
255 239
255 240
255 245
255 253
255 254
255 255
255 256
255 1114
255 1160
256 15
256 83
256 84
256 141
256 147
256 234
256 244
256 247
256 252
256 1114
256 1160
257 7
257 8
257 9
257 10
257 11
257 12
257 13
257 14
257 77
257 78
257 79
257 80
257 81
257 82
257 141
257 147
257 229
257 230
257 231
257 232
257 233
257 244
257 246
257 251
257 1114
257 1160
258 0
258 1
258 2
258 3
258 4
258 5
258 6
258 68
258 69
258 70
258 71
258 72
258 73
258 74
258 75
258 76
258 141
258 147
258 224
258 225
258 226
258 227
258 228
258 250
258 1114
258 1160
259 61
259 62
259 63
259 64
259 65
259 66
259 67
259 141
259 147
259 219
259 220
259 221
259 222
259 223
259 239
259 240
259 241
259 242
259 249
259 1114
259 1160
260 53
260 54
260 55
260 56
260 57
260 58
260 59
260 60
260 82
260 141
260 148
260 213
260 214
260 215
260 216
260 217
260 218
260 233
260 234
260 235
260 236
260 237
260 238
260 249
260 1114
260 1160
261 45
261 46
261 47
261 48
261 49
261 50
261 51
261 52
261 81
261 141
261 148
261 208
261 209
261 210
261 211
261 212
261 228
261 229
261 230
261 231
261 232
261 242
261 249
261 1114
261 1160
262 38
262 39
262 40
262 41
262 42
262 43
262 44
262 81
262 141
262 148
262 202
262 203
262 204
262 205
262 206
262 207
262 224
262 225
262 226
262 227
262 242
262 249
262 1114
262 1160
263 29
263 30
263 31
263 32
263 33
263 34
263 35
263 36
263 37
263 80
263 141
263 148
263 196
263 197
263 198
263 199
263 200
263 201
263 219
263 220
263 221
263 222
263 223
263 242
263 249
263 1114
263 1160
264 22
264 23
264 24
264 25
264 26
264 27
264 28
264 80
264 141
264 148
264 191
264 192
264 193
264 194
264 195
264 214
264 215
264 216
264 217
264 218
264 242
264 250
264 1114
264 1160
265 14
265 15
265 16
265 17
265 18
265 19
265 20
265 21
265 80
265 141
265 148
265 185
265 186
265 187
265 188
265 189
265 190
265 210
265 211
265 212
265 213
265 242
265 250
265 1114
265 1160
266 6
266 7
266 8
266 9
266 10
266 11
266 12
266 13
266 79
266 141
266 148
266 180
266 181
266 182
266 183
266 184
266 205
266 206
266 207
266 208
266 209
266 242
266 249
266 1114
266 1160
267 0
267 1
267 2
267 3
267 4
267 5
267 80
267 141
267 148
267 175
267 176
267 177
267 178
267 179
267 199
267 200
267 201
267 202
267 203
267 204
267 240
267 242
267 249
267 1114
267 1160
268 80
268 141
268 148
268 168
268 169
268 170
268 171
268 172
268 173
268 174
268 195
268 196
268 197
268 198
268 242
268 249
268 1114
268 1160
269 81
269 141
269 148
269 163
269 164
269 165
269 166
269 167
269 190
269 191
269 192
269 193
269 194
269 242
269 1114
269 1160
270 81
270 141
270 148
270 158
270 159
270 160
270 161
270 162
270 185
270 186
270 187
270 188
270 189
270 242
270 1114
270 1160
271 82
271 141
271 148
271 152
271 153
271 154
271 155
271 156
271 157
271 181
271 182
271 183
271 184
271 1114
271 1160
272 82
272 141
272 149
272 150
272 151
272 176
272 177
272 178
272 179
272 180
272 1114
272 1160
273 83
273 141
273 171
273 172
273 173
273 174
273 175
273 1114
273 1160
274 83
274 135
274 136
274 137
274 138
274 139
274 140
274 166
274 167
274 168
274 169
274 170
274 1114
274 1160
275 84
275 129
275 130
275 131
275 132
275 133
275 134
275 161
275 162
275 163
275 164
275 165
275 1114
275 1160
276 84
276 124
276 125
276 126
276 127
276 128
276 156
276 157
276 158
276 159
276 160
276 1114
276 1160
277 85
277 119
277 120
277 121
277 122
277 123
277 152
277 153
277 154
277 155
277 1114
277 1160
278 85
278 114
278 115
278 116
278 117
278 118
278 150
278 151
278 1114
278 1160
279 86
279 108
279 109
279 110
279 111
279 112
279 113
279 149
279 1160
280 86
280 87
280 102
280 103
280 104
280 105
280 106
280 107
280 137
280 138
280 139
280 140
280 141
280 142
280 148
280 1160
281 87
281 88
281 97
281 98
281 99
281 100
281 101
281 130
281 131
281 132
281 133
281 134
281 135
281 136
281 142
281 149
281 1160
282 91
282 92
282 93
282 94
282 95
282 96
282 125
282 126
282 127
282 128
282 129
282 142
282 149
282 1160
283 86
283 87
283 88
283 89
283 90
283 120
283 121
283 122
283 123
283 124
283 142
283 148
283 1160
284 81
284 82
284 83
284 84
284 85
284 117
284 118
284 119
284 142
284 148
284 1160
285 76
285 77
285 78
285 79
285 80
285 109
285 110
285 111
285 112
285 113
285 114
285 115
285 116
285 142
285 148
286 70
286 71
286 72
286 73
286 74
286 75
286 104
286 105
286 106
286 107
286 108
286 142
286 148
287 64
287 65
287 66
287 67
287 68
287 69
287 97
287 98
287 99
287 100
287 101
287 102
287 103
287 142
287 148
288 59
288 60
288 61
288 62
288 63
288 92
288 93
288 94
288 95
288 96
288 142
288 148
289 54
289 55
289 56
289 57
289 58
289 87
289 88
289 89
289 90
289 91
289 142
289 148
290 48
290 49
290 50
290 51
290 52
290 53
290 81
290 82
290 83
290 84
290 85
290 86
290 142
290 149
291 43
291 44
291 45
291 46
291 47
291 76
291 77
291 78
291 79
291 80
291 140
291 142
291 149
292 38
292 39
292 40
292 41
292 42
292 71
292 72
292 73
292 74
292 75
292 142
293 31
293 32
293 33
293 34
293 35
293 36
293 37
293 65
293 66
293 67
293 68
293 69
293 70
293 142
294 26
294 27
294 28
294 29
294 30
294 59
294 60
294 61
294 62
294 63
294 64
295 21
295 22
295 23
295 24
295 25
295 54
295 55
295 56
295 57
295 58
296 16
296 17
296 18
296 19
296 20
296 49
296 50
296 51
296 52
296 53
297 10
297 11
297 12
297 13
297 14
297 15
297 43
297 44
297 45
297 46
297 47
297 48
298 9
298 42
299 5
299 6
299 7
299 8
299 38
299 39
299 40
299 41
300 0
300 1
300 2
300 3
300 4
300 32
300 33
300 34
300 35
300 36
300 37
301 26
301 27
301 28
301 29
301 30
301 31
302 21
302 22
302 23
302 24
302 25
303 16
303 17
303 18
303 19
303 20
304 10
304 11
304 12
304 13
304 14
304 15
305 5
305 6
305 7
305 8
305 9
306 0
306 1
306 2
306 3
306 4
344 1278
344 1279
