0 400
0 411
0 512
0 713
1 400
1 411
1 512
1 713
2 400
2 411
2 512
2 713
3 400
3 411
3 513
3 714
4 399
4 411
4 513
4 714
5 399
5 411
5 513
5 714
6 399
6 411
6 498
6 499
6 500
6 501
6 502
6 503
6 504
6 513
6 714
7 399
7 411
7 498
7 505
7 513
7 715
8 398
8 404
8 405
8 406
8 411
8 499
8 500
8 506
8 507
8 508
8 509
8 510
8 511
8 512
8 513
8 716
8 720
8 721
8 722
9 398
9 401
9 402
9 403
9 407
9 411
9 501
9 502
9 716
9 719
9 720
9 722
9 723
9 724
10 398
10 400
10 408
10 411
10 503
10 716
10 718
10 725
11 397
11 408
11 411
11 503
11 725
12 407
12 408
12 411
12 504
12 725
13 407
13 411
13 504
13 725
14 406
14 411
14 504
14 725
15 406
15 410
15 504
15 725
16 405
16 410
16 500
16 503
16 725
17 404
17 410
17 499
17 501
17 502
17 503
17 725
18 403
18 409
18 725
19 404
19 406
19 407
19 408
19 501
19 502
19 726
20 405
20 407
20 502
20 503
20 726
21 405
21 407
21 503
21 504
21 726
22 405
22 406
22 407
22 504
22 726
23 504
24 504
24 723
24 724
24 725
25 403
25 404
25 405
25 406
25 504
25 721
25 722
26 402
26 504
26 720
26 721
27 402
27 405
27 406
27 505
27 719
27 720
28 506
28 718
28 719
29 507
29 716
29 717
30 507
30 508
30 715
31 508
31 714
32 509
32 714
33 509
33 713
34 510
34 711
34 712
35 510
35 710
36 510
36 709
37 510
37 709
38 510
38 709
39 510
39 705
39 708
40 510
40 704
40 706
40 707
40 708
41 510
41 703
42 509
42 703
43 509
43 702
44 509
44 702
45 509
45 702
46 509
46 703
47 509
47 703
48 509
48 703
49 510
49 511
49 702
50 512
50 513
50 699
50 702
51 514
51 515
51 697
51 698
51 700
51 701
52 515
52 694
52 695
52 696
52 697
53 515
53 693
54 515
54 692
55 514
55 692
56 514
56 692
57 513
57 691
58 513
58 691
59 512
59 692
59 693
59 694
59 695
59 696
60 512
60 573
60 574
60 697
61 513
61 571
61 572
61 575
61 576
61 697
62 513
62 514
62 570
62 577
62 578
62 695
63 515
63 516
63 569
63 578
63 579
63 694
64 517
64 518
64 519
64 520
64 521
64 522
64 567
64 568
64 569
64 579
64 694
65 522
65 565
65 566
65 580
65 694
66 522
66 564
66 580
66 581
66 587
66 588
66 589
66 590
66 591
66 592
66 593
66 594
66 595
66 596
66 597
66 694
67 522
67 544
67 549
67 550
67 551
67 563
67 581
67 582
67 583
67 586
67 587
67 598
67 599
67 694
68 521
68 531
68 532
68 533
68 534
68 535
68 541
68 542
68 543
68 545
68 546
68 548
68 551
68 552
68 553
68 563
68 584
68 585
68 586
68 599
68 600
68 694
69 521
69 529
69 530
69 536
69 537
69 538
69 539
69 540
69 546
69 548
69 554
69 560
69 561
69 562
69 600
69 693
70 520
70 527
70 528
70 546
70 548
70 554
70 558
70 559
70 601
70 692
70 874
71 521
71 526
71 527
71 555
71 556
71 557
71 601
71 691
71 875
72 521
72 522
72 525
72 602
72 691
72 875
73 523
73 602
73 691
73 876
74 603
74 691
74 876
75 603
75 690
75 691
75 877
76 603
76 689
76 690
76 877
77 603
77 688
77 689
77 878
78 603
78 688
78 878
79 604
79 688
79 689
79 879
80 605
80 606
80 687
80 880
81 607
81 608
81 687
81 688
81 689
81 880
82 608
82 609
82 686
82 687
82 881
83 609
83 610
83 685
83 686
83 881
84 610
84 611
84 685
84 882
85 611
85 684
85 882
86 612
86 684
86 883
87 612
87 613
87 684
87 884
88 613
88 683
88 884
89 613
89 683
89 885
90 614
90 683
90 885
91 614
91 615
91 616
91 617
91 683
91 886
92 618
92 619
92 620
92 621
92 622
92 623
92 624
92 680
92 681
92 682
92 886
93 625
93 678
93 679
93 887
94 625
94 677
94 887
95 626
95 676
95 888
96 626
96 676
97 626
97 677
98 626
98 677
98 678
99 626
99 679
99 680
99 681
100 626
101 626
101 679
101 680
101 681
102 626
102 679
103 626
104 627
104 628
104 678
105 628
105 629
105 635
105 636
105 677
106 629
106 630
106 634
106 637
106 638
106 677
107 630
107 631
107 632
107 633
107 638
107 639
107 677
108 631
108 633
108 639
108 677
109 631
109 633
109 640
109 677
110 641
110 642
110 677
111 642
111 643
111 676
112 643
112 676
113 643
113 676
114 643
114 676
115 643
115 677
116 644
116 677
117 644
117 677
118 644
118 678
119 644
119 678
119 679
120 644
120 680
121 644
121 680
122 645
122 679
122 680
122 845
123 646
123 647
123 677
123 678
123 845
124 648
124 676
124 677
124 845
125 648
125 676
125 845
126 648
126 676
126 677
126 678
126 845
127 648
127 845
128 648
128 678
128 845
129 648
129 677
129 845
130 649
130 678
130 845
131 650
131 651
131 678
131 679
131 680
131 845
132 651
132 652
132 681
132 682
132 846
133 652
133 653
133 654
133 683
133 846
134 655
134 656
134 683
134 839
134 840
134 846
134 880
135 657
135 658
135 659
135 683
135 836
135 837
135 838
135 841
135 846
135 880
136 660
136 661
136 662
136 683
136 837
136 842
136 846
136 879
137 663
137 664
137 665
137 666
137 667
137 682
137 837
137 843
137 846
137 879
138 668
138 669
138 681
138 682
138 838
138 844
138 846
138 879
139 669
139 670
139 681
139 839
139 845
139 846
139 879
140 670
140 680
140 839
140 846
140 878
141 671
141 674
141 675
141 676
141 677
141 678
141 680
141 840
141 878
142 671
142 672
142 673
142 674
142 680
142 841
142 878
143 678
143 679
143 680
143 841
143 878
144 841
144 842
144 877
145 839
145 840
145 877
146 839
146 877
147 840
147 877
148 840
148 876
149 841
149 876
150 841
150 876
151 841
151 876
152 840
152 875
153 840
153 875
154 840
154 875
155 840
155 875
156 839
156 874
157 839
157 874
158 758
158 839
158 874
159 758
159 838
159 874
160 758
160 838
160 873
161 758
161 838
161 873
162 758
162 837
162 873
163 758
163 837
163 873
164 758
164 837
164 872
165 758
165 837
165 872
166 757
166 836
166 872
167 757
167 836
167 872
168 757
168 836
168 871
169 757
169 836
169 871
170 637
170 638
170 639
170 640
170 757
170 835
170 871
171 637
171 640
171 757
171 835
171 871
172 637
172 640
172 757
172 835
172 870
173 638
173 640
173 757
173 835
173 870
174 638
174 640
174 757
174 834
174 870
175 638
175 641
175 834
175 870
176 638
176 641
176 834
176 869
177 638
177 641
177 834
177 869
178 638
178 641
178 833
178 869
179 638
179 641
179 662
179 663
179 664
179 665
179 666
179 667
179 668
179 833
179 869
180 636
180 639
180 640
180 833
180 868
181 637
181 641
181 833
181 868
182 637
182 641
182 694
182 695
182 832
182 868
183 637
183 641
183 693
183 696
183 832
183 868
184 603
184 604
184 605
184 606
184 607
184 637
184 641
184 692
184 696
184 832
184 867
185 603
185 608
185 637
185 642
185 692
185 696
185 832
185 867
186 602
186 642
186 692
186 696
186 831
186 867
187 601
187 602
187 609
187 692
187 696
187 831
187 867
188 519
188 520
188 521
188 522
188 523
188 524
188 525
188 526
188 527
188 528
188 529
188 530
188 531
188 532
188 533
188 534
188 535
188 602
188 608
188 692
188 696
188 831
188 866
189 509
189 510
189 511
189 512
189 513
189 514
189 515
189 516
189 517
189 518
189 536
189 537
189 538
189 539
189 540
189 541
189 542
189 543
189 544
189 545
189 546
189 547
189 548
189 549
189 550
189 551
189 602
189 608
189 638
189 639
189 640
189 641
189 642
189 692
189 696
189 866
190 503
190 504
190 505
190 506
190 507
190 508
190 552
190 553
190 602
190 608
190 692
190 695
190 866
191 501
191 502
191 553
191 554
191 603
191 608
191 690
191 692
191 695
191 697
191 866
192 500
192 501
192 603
192 608
192 690
192 692
192 695
192 697
192 865
193 498
193 499
193 603
193 608
193 690
193 692
193 695
193 697
193 865
194 495
194 496
194 497
194 498
194 555
194 690
194 692
194 695
194 696
194 865
195 556
195 690
195 693
195 694
195 695
195 696
196 556
196 557
196 690
196 691
196 692
196 693
196 694
196 695
196 696
197 493
197 494
197 557
198 493
198 558
199 492
199 558
200 492
200 559
200 728
200 729
200 730
200 731
200 792
201 491
201 559
201 727
201 732
202 491
202 559
202 726
202 732
203 452
203 453
203 454
203 455
203 456
203 457
203 490
203 560
203 726
203 732
204 451
204 458
204 490
204 560
204 726
204 732
205 450
205 458
205 489
205 561
205 726
205 732
206 450
206 458
206 489
206 561
206 726
206 732
207 450
207 458
207 488
207 561
207 726
207 732
208 450
208 458
208 488
208 562
208 726
208 732
209 450
209 458
209 487
209 562
209 726
209 732
210 450
210 458
210 486
210 487
210 562
210 726
210 732
211 450
211 458
211 485
211 486
211 563
211 726
211 732
212 450
212 458
212 484
212 485
212 563
212 726
212 732
213 450
213 458
213 484
213 563
213 726
213 732
214 450
214 458
214 483
214 564
214 726
214 732
215 450
215 458
215 482
215 483
215 564
215 726
215 732
216 450
216 458
216 482
216 564
216 726
216 732
217 450
217 458
217 481
217 564
217 726
217 732
218 450
218 458
218 480
218 481
218 564
218 726
218 732
219 450
219 458
219 479
219 480
219 564
219 726
219 732
220 450
220 458
220 478
220 479
220 564
220 726
220 732
221 450
221 458
221 477
221 478
221 564
221 726
221 733
222 450
222 458
222 476
222 477
222 564
222 725
222 733
223 450
223 459
223 476
223 725
223 733
224 450
224 459
224 475
224 725
224 733
225 450
225 459
225 475
225 725
225 733
226 450
226 459
226 474
226 725
226 733
227 450
227 459
227 474
227 725
227 733
228 450
228 459
228 474
228 725
228 733
229 450
229 474
229 725
229 733
230 725
230 733
231 725
231 733
232 725
284 1278
284 1279
