0 576
0 690
1 576
1 674
1 675
1 676
1 677
1 678
1 679
1 690
2 577
2 673
2 680
2 681
2 682
2 683
2 690
3 577
3 637
3 639
3 672
3 684
3 690
4 577
4 635
4 636
4 673
4 684
4 689
5 533
5 534
5 535
5 553
5 577
5 634
5 635
5 639
5 674
5 685
5 686
5 687
5 688
6 302
6 303
6 304
6 305
6 533
6 535
6 540
6 541
6 542
6 543
6 551
6 552
6 554
6 555
6 556
6 557
6 578
6 632
6 633
6 638
6 674
7 301
7 306
7 307
7 532
7 535
7 540
7 544
7 545
7 550
7 558
7 578
7 579
7 580
7 581
7 582
7 632
7 638
7 675
8 301
8 307
8 532
8 535
8 539
8 546
8 549
8 559
8 583
8 631
8 637
8 675
8 676
8 690
8 691
9 301
9 302
9 307
9 525
9 526
9 527
9 532
9 536
9 539
9 546
9 549
9 559
9 583
9 631
9 637
9 676
9 677
9 688
9 689
9 692
9 693
9 694
9 695
9 696
9 697
10 302
10 303
10 304
10 305
10 306
10 307
10 524
10 527
10 533
10 536
10 539
10 546
10 548
10 559
10 583
10 630
10 636
10 677
10 686
10 687
10 698
10 699
11 525
11 528
11 533
11 536
11 539
11 550
11 551
11 552
11 556
11 557
11 558
11 559
11 582
11 630
11 637
11 677
11 686
11 699
11 700
12 525
12 528
12 529
12 533
12 536
12 539
12 544
12 550
12 552
12 555
12 582
12 630
12 637
12 638
12 677
12 685
12 700
13 525
13 529
13 530
13 533
13 536
13 540
13 546
13 549
13 552
13 555
13 582
13 629
13 638
13 677
13 685
13 700
14 525
14 530
14 533
14 537
14 540
14 544
14 546
14 547
14 548
14 549
14 552
14 555
14 582
14 629
14 639
14 677
14 685
14 701
14 702
15 524
15 529
15 530
15 533
15 537
15 540
15 544
15 551
15 555
15 581
15 629
15 639
15 677
15 684
15 703
15 704
16 522
16 523
16 528
16 533
16 538
16 539
16 540
16 544
16 550
16 554
16 581
16 629
16 630
16 631
16 640
16 662
16 663
16 664
16 676
16 677
16 684
16 705
17 521
17 527
17 534
17 543
17 550
17 555
17 581
17 632
17 633
17 634
17 641
17 642
17 660
17 661
17 664
17 674
17 675
17 676
17 684
17 703
18 520
18 527
18 534
18 535
18 541
18 542
18 543
18 551
18 555
18 581
18 635
18 636
18 642
18 643
18 659
18 660
18 665
18 673
18 683
18 702
18 709
18 710
19 520
19 526
19 527
19 535
19 536
19 539
19 540
19 551
19 552
19 556
19 581
19 636
19 643
19 658
19 659
19 665
19 672
19 683
19 701
20 520
20 524
20 525
20 536
20 537
20 538
20 552
20 556
20 557
20 581
20 636
20 644
20 654
20 655
20 656
20 657
20 665
20 672
20 682
20 701
20 709
20 710
21 520
21 523
21 553
21 557
21 581
21 636
21 644
21 645
21 646
21 647
21 648
21 649
21 650
21 651
21 652
21 653
21 665
21 671
21 682
21 701
22 520
22 522
22 553
22 557
22 581
22 636
22 665
22 671
22 682
22 700
23 520
23 521
23 522
23 554
23 557
23 580
23 581
23 635
23 664
23 671
23 681
23 701
24 554
24 555
24 556
24 557
24 579
24 635
24 664
24 671
24 681
24 702
25 578
25 635
25 664
25 671
25 681
25 702
26 552
26 554
26 578
26 634
26 663
26 672
26 673
26 674
26 680
26 702
27 552
27 554
27 578
27 634
27 663
27 675
27 676
27 677
27 678
27 679
27 702
28 551
28 578
28 633
28 663
28 701
29 545
29 547
29 548
29 549
29 550
29 553
29 554
29 578
29 634
29 663
29 702
30 484
30 552
30 578
30 634
30 664
30 665
30 686
30 687
30 688
30 689
30 702
31 483
31 485
31 545
31 546
31 551
31 578
31 634
31 665
31 685
31 686
31 689
31 703
32 482
32 486
32 546
32 552
32 578
32 634
32 665
32 679
32 680
32 681
32 682
32 683
32 684
32 690
32 703
33 471
33 472
33 482
33 486
33 504
33 505
33 506
33 507
33 517
33 519
33 546
33 552
33 577
33 578
33 634
33 664
33 677
33 678
33 690
33 704
34 470
34 473
34 482
34 486
34 504
34 508
34 509
34 520
34 546
34 552
34 576
34 577
34 634
34 664
34 676
34 690
34 692
34 693
34 694
34 695
34 704
35 469
35 473
35 483
35 484
35 485
35 504
35 505
35 510
35 511
35 517
35 518
35 520
35 526
35 527
35 528
35 529
35 530
35 531
35 532
35 533
35 534
35 535
35 536
35 546
35 552
35 574
35 575
35 634
35 663
35 667
35 668
35 669
35 670
35 675
35 696
35 697
35 705
36 470
36 473
36 507
36 508
36 512
36 513
36 518
36 519
36 521
36 526
36 537
36 538
36 547
36 552
36 574
36 634
36 663
36 666
36 671
36 672
36 673
36 676
36 698
36 699
36 705
37 470
37 471
37 508
37 509
37 513
37 514
37 519
37 525
37 539
37 540
37 547
37 553
37 565
37 566
37 567
37 568
37 573
37 634
37 664
37 674
37 677
37 678
37 679
37 680
37 700
37 701
37 702
37 703
38 472
38 510
38 511
38 515
38 520
38 522
38 524
38 525
38 541
38 542
38 547
38 554
38 555
38 556
38 562
38 563
38 564
38 568
38 572
38 633
38 664
38 666
38 674
38 681
38 682
38 704
39 512
39 517
39 519
39 520
39 523
39 542
39 543
39 547
39 557
39 558
39 559
39 560
39 561
39 569
39 571
39 633
39 664
39 666
39 675
39 676
39 677
39 683
39 684
39 685
40 337
40 338
40 339
40 514
40 518
40 519
40 543
40 544
40 545
40 546
40 569
40 570
40 571
40 633
40 664
40 666
40 679
40 680
40 681
41 335
41 336
41 340
41 515
41 633
41 663
41 666
41 684
41 685
42 335
42 340
42 516
42 633
42 663
42 666
43 334
43 340
43 516
43 633
43 661
43 662
43 666
44 334
44 340
44 517
44 634
44 659
44 660
44 666
45 329
45 330
45 331
45 332
45 333
45 334
45 340
45 517
45 635
45 636
45 640
45 641
45 642
45 643
45 644
45 658
45 665
45 666
46 328
46 340
46 518
46 637
46 638
46 639
46 645
46 646
46 657
46 662
46 663
46 664
47 328
47 340
47 518
47 519
47 647
47 648
47 649
47 658
47 659
47 660
47 661
48 330
48 331
48 340
48 520
48 521
49 331
49 332
49 340
49 521
49 648
49 649
50 332
50 333
50 334
50 335
50 336
50 337
50 338
50 339
50 521
50 647
50 648
51 521
51 645
51 646
52 517
52 518
52 519
52 520
52 644
52 645
53 517
53 644
54 517
54 643
55 517
55 518
55 539
55 540
55 541
55 643
56 518
56 519
56 538
56 542
56 543
56 643
57 519
57 537
57 544
57 643
58 519
58 533
58 534
58 535
58 536
58 537
58 544
58 642
59 516
59 517
59 518
59 531
59 532
59 545
59 642
60 331
60 332
60 515
60 531
60 545
60 557
60 558
60 559
60 560
60 642
61 329
61 330
61 333
61 334
61 515
61 530
61 546
61 557
61 560
61 642
62 329
62 335
62 336
62 337
62 516
62 517
62 528
62 529
62 546
62 556
62 560
62 642
63 328
63 338
63 518
63 519
63 526
63 527
63 547
63 556
63 560
63 642
64 329
64 330
64 331
64 332
64 333
64 334
64 335
64 338
64 470
64 471
64 472
64 473
64 474
64 519
64 520
64 526
64 547
64 548
64 556
64 560
64 641
65 469
65 475
65 520
65 521
65 525
65 548
65 549
65 550
65 555
65 560
65 641
66 469
66 475
66 521
66 525
66 551
66 552
66 553
66 554
66 555
66 560
66 641
67 469
67 470
67 471
67 472
67 473
67 474
67 475
67 522
67 523
67 524
67 560
67 641
68 522
68 524
68 560
68 641
69 522
69 524
69 561
69 640
70 521
70 523
70 561
70 562
70 639
71 520
71 562
71 563
71 639
72 520
72 522
72 564
72 565
72 639
73 565
73 566
73 637
73 638
74 566
74 567
74 635
74 636
75 567
75 568
75 633
75 634
76 568
76 569
76 631
76 632
77 569
77 630
77 631
78 568
78 569
78 630
79 567
79 568
79 629
80 565
80 566
80 581
80 582
80 628
80 632
80 633
80 634
80 635
80 636
81 564
81 565
81 579
81 580
81 583
81 584
81 628
81 631
81 636
82 564
82 578
82 579
82 585
82 586
82 637
83 563
83 576
83 577
83 586
83 637
84 563
84 575
84 587
84 638
84 639
84 640
84 641
84 642
84 643
84 644
85 562
85 574
85 587
85 645
86 562
86 569
86 571
86 573
86 574
86 587
86 645
87 562
87 567
87 568
87 570
87 572
87 588
87 644
87 645
88 561
88 565
88 566
88 570
88 572
88 588
88 643
88 644
89 562
89 565
89 589
89 639
89 640
89 641
89 642
89 643
90 562
90 564
90 589
90 634
90 635
90 636
90 637
90 638
91 562
91 564
91 589
91 633
92 562
92 564
92 589
92 632
93 562
93 563
93 564
93 589
93 632
94 589
94 632
95 485
95 589
95 632
96 481
96 485
96 587
96 588
96 632
97 481
97 485
97 586
97 594
97 595
97 596
97 632
98 481
98 485
98 490
98 586
98 589
98 590
98 593
98 596
98 633
98 634
98 635
98 636
98 637
99 481
99 485
99 490
99 586
99 587
99 588
99 591
99 592
99 593
99 596
99 638
99 639
99 640
99 641
99 642
100 481
100 485
100 490
100 493
100 596
101 481
101 485
101 490
101 493
101 596
101 642
102 481
102 486
102 490
102 493
102 596
102 641
103 481
103 486
103 490
103 493
103 595
103 639
103 640
104 481
104 486
104 490
104 493
104 595
104 638
104 639
105 481
105 486
105 490
105 493
105 596
105 597
105 638
106 481
106 486
106 490
106 493
106 598
106 599
106 637
107 481
107 486
107 489
107 493
107 599
107 600
107 636
107 637
108 481
108 486
108 489
108 493
108 600
108 601
108 635
108 636
109 481
109 486
109 489
109 493
109 601
109 602
109 635
110 481
110 486
110 489
110 493
110 602
110 603
110 634
111 481
111 486
111 489
111 492
111 603
111 633
111 634
112 481
112 486
112 489
112 492
112 602
112 603
112 633
113 481
113 486
113 489
113 492
113 600
113 601
113 632
114 481
114 486
114 489
114 492
114 598
114 599
114 632
115 481
115 487
115 489
115 492
115 598
115 631
116 481
116 487
116 489
116 492
116 597
116 631
117 481
117 487
117 489
117 492
117 582
117 583
117 584
117 585
117 586
117 587
117 588
117 589
117 597
117 630
118 481
118 487
118 489
118 492
118 581
118 597
118 630
119 481
119 487
119 489
119 492
119 582
119 583
119 584
119 585
119 586
119 587
119 588
119 590
119 597
119 629
120 481
120 487
120 489
120 492
120 589
120 591
120 592
120 596
120 630
121 481
121 487
121 489
121 492
121 589
121 594
121 595
121 596
121 630
122 481
122 487
122 489
122 492
122 591
122 631
123 481
123 487
123 489
123 492
123 593
123 594
123 631
123 632
123 633
123 634
123 635
124 481
124 487
124 489
124 492
124 594
124 636
124 637
124 638
124 639
124 640
124 641
124 642
124 643
124 644
125 481
125 487
125 488
125 492
125 595
125 645
125 646
125 647
126 481
126 487
126 488
126 492
126 595
126 596
126 597
127 481
127 487
127 488
127 492
127 598
127 599
127 646
127 647
128 481
128 488
128 492
128 600
128 646
129 481
129 488
129 492
129 601
129 645
130 481
130 488
130 492
130 601
130 602
130 643
130 644
131 481
131 488
131 492
131 603
131 604
131 640
131 641
131 642
132 481
132 488
132 491
132 604
132 605
132 639
133 488
133 491
133 605
133 629
133 630
133 631
133 638
134 396
134 488
134 491
134 605
134 628
134 629
134 631
134 638
135 396
135 491
135 605
135 628
135 632
135 638
136 396
136 491
136 605
136 627
136 633
136 634
136 638
137 396
137 410
137 491
137 605
137 627
137 635
137 636
137 637
138 396
138 410
138 491
138 605
138 626
139 396
139 410
139 491
139 605
139 626
140 396
140 410
140 491
140 605
140 626
141 396
141 410
141 491
141 606
141 626
142 396
142 410
142 491
142 607
142 626
143 396
143 410
143 608
143 626
144 396
144 410
144 608
144 627
145 396
145 410
145 609
145 627
146 396
146 410
146 609
146 610
146 627
147 396
147 410
147 610
147 627
148 396
148 410
148 611
148 627
149 396
149 410
149 611
149 627
150 395
150 410
150 611
150 627
151 395
151 410
151 611
151 628
152 395
152 410
152 612
152 736
153 395
153 410
153 612
153 626
153 627
153 736
154 395
154 410
154 612
154 624
154 625
154 736
155 395
155 410
155 613
155 616
155 622
155 623
155 736
156 395
156 410
156 613
156 614
156 615
156 617
156 618
156 619
156 620
156 621
156 736
157 395
157 410
157 736
158 395
158 410
158 736
159 395
159 410
159 736
160 395
160 410
160 736
161 395
161 410
161 736
162 395
162 410
162 736
163 395
163 410
163 736
164 395
164 410
164 736
165 395
165 410
165 736
166 395
166 410
166 737
167 395
167 410
167 737
168 395
168 410
168 737
169 395
169 410
169 737
170 395
170 410
170 737
171 395
171 410
171 738
172 395
172 410
172 738
173 395
173 410
173 738
174 395
174 410
174 738
175 395
175 410
175 738
176 395
176 410
176 739
177 395
177 410
177 739
178 395
178 410
178 739
179 395
179 410
179 739
180 395
180 410
180 740
181 395
181 410
181 740
182 394
182 410
182 740
183 394
183 410
184 394
184 410
184 568
184 569
184 570
184 571
184 572
184 573
184 574
185 394
185 410
185 562
185 563
185 564
185 565
185 566
185 567
185 575
185 576
185 577
185 578
185 585
186 394
186 410
186 556
186 557
186 558
186 559
186 560
186 561
186 579
186 586
186 590
187 394
187 410
187 555
187 586
187 589
188 394
188 410
188 580
188 586
188 589
189 394
189 410
189 581
189 586
189 589
190 394
190 410
190 554
190 581
190 586
190 589
190 647
190 648
190 649
191 394
191 410
191 516
191 517
191 518
191 519
191 520
191 521
191 554
191 581
191 586
191 589
191 646
191 650
192 394
192 410
192 495
192 496
192 503
192 504
192 505
192 506
192 507
192 508
192 509
192 510
192 511
192 512
192 513
192 514
192 515
192 522
192 523
192 553
192 581
192 645
192 650
193 394
193 410
193 483
193 484
193 485
193 486
193 487
193 488
193 489
193 490
193 491
193 492
193 493
193 494
193 497
193 498
193 499
193 500
193 501
193 502
193 523
193 524
193 553
193 582
193 583
193 646
193 650
194 394
194 410
194 468
194 469
194 470
194 471
194 472
194 473
194 474
194 475
194 476
194 477
194 478
194 479
194 480
194 481
194 482
194 524
194 525
194 552
194 553
194 584
194 646
194 650
195 394
195 410
195 466
195 467
195 550
195 551
195 584
195 646
195 650
196 394
196 410
196 465
196 466
196 550
196 583
196 584
196 646
196 650
197 394
197 410
197 464
197 465
197 526
197 550
197 551
197 583
197 646
197 650
198 394
198 410
198 464
198 526
198 552
198 583
198 646
198 650
199 463
199 527
199 552
199 584
199 646
199 650
200 462
200 463
200 527
200 552
200 584
200 646
200 650
201 461
201 462
201 528
201 552
201 584
201 646
201 650
202 461
202 528
202 552
202 585
202 647
202 648
202 649
202 650
203 460
203 529
203 552
203 585
204 459
204 460
204 529
204 551
204 585
205 458
205 459
205 530
205 551
206 457
206 458
206 530
206 551
207 457
207 530
208 456
208 530
209 455
209 456
209 531
210 454
210 455
210 531
211 454
211 531
212 453
212 531
213 453
213 531
214 450
214 451
214 452
214 531
215 447
215 448
215 449
215 531
216 445
216 446
216 532
217 532
218 447
218 532
219 445
219 532
220 446
220 532
221 446
221 447
221 448
221 532
222 533
223 447
223 448
223 533
224 446
224 447
224 533
225 446
225 533
226 445
226 533
227 445
227 533
228 444
228 533
229 444
229 533
230 444
231 443
232 443
233 442
234 442
235 442
236 441
237 441
238 441
239 441
240 441
349 0
382 1006
382 1007
383 1007
