0 68
0 696
1 69
1 696
2 70
2 71
2 72
2 694
2 695
3 73
3 74
3 75
3 693
3 694
4 76
4 77
4 692
4 693
5 78
5 79
5 691
5 692
6 80
6 691
7 81
7 690
8 81
8 82
8 95
8 96
8 97
8 98
8 99
8 100
8 101
8 102
8 103
8 690
9 83
9 93
9 94
9 104
9 105
9 689
10 83
10 92
10 105
10 106
10 689
11 84
11 91
11 106
11 689
12 84
12 85
12 91
12 106
12 688
13 85
13 86
13 90
13 91
13 106
13 688
14 87
14 88
14 89
14 106
14 688
15 106
15 687
16 107
16 686
16 687
17 108
17 109
17 685
17 686
18 110
18 685
19 111
19 684
20 111
20 684
21 111
21 684
22 111
22 683
23 112
23 683
24 112
24 128
24 129
24 130
24 131
24 132
24 682
25 112
25 126
25 127
25 133
25 134
25 682
26 112
26 122
26 123
26 124
26 125
26 126
26 135
26 136
26 137
26 138
26 139
26 140
26 682
27 112
27 117
27 118
27 119
27 120
27 121
27 141
27 142
27 143
27 144
27 682
28 113
28 114
28 115
28 116
28 145
28 682
29 146
29 147
29 148
29 149
29 150
29 151
29 152
29 153
29 681
30 154
30 155
30 156
30 157
30 158
30 159
30 160
30 161
30 681
31 162
31 163
31 164
31 165
31 166
31 167
31 168
31 169
31 170
31 680
32 171
32 172
32 679
32 680
33 173
33 174
33 679
34 174
34 678
35 174
35 678
36 175
36 677
37 175
37 176
37 677
38 176
38 676
39 176
39 676
40 176
40 677
41 177
41 677
42 177
42 677
43 177
43 677
44 177
44 678
45 177
45 678
45 679
46 177
46 680
47 178
47 185
47 186
47 187
47 188
47 680
48 178
48 182
48 183
48 184
48 189
48 190
48 679
48 680
49 179
49 180
49 181
49 191
49 679
50 192
50 678
51 192
51 678
52 192
52 677
53 192
53 677
54 191
54 677
55 192
55 672
55 673
55 677
56 192
56 193
56 670
56 671
56 674
56 675
56 677
57 194
57 195
57 669
57 670
57 675
58 196
58 669
59 196
59 668
60 197
60 668
61 197
61 198
61 668
62 198
62 668
63 199
63 668
64 199
64 668
65 199
65 667
66 199
66 667
67 199
67 200
67 665
67 666
68 201
68 663
68 664
69 202
69 662
69 663
70 203
70 661
70 662
71 204
71 661
72 199
72 204
72 660
73 198
73 200
73 201
73 202
73 203
73 660
74 197
74 203
74 660
75 197
75 203
75 213
75 214
75 215
75 216
75 217
75 218
75 219
75 220
75 221
75 222
75 661
76 197
76 203
76 212
76 223
76 224
76 661
76 662
77 197
77 203
77 211
77 224
77 225
77 662
78 197
78 203
78 210
78 211
78 225
78 226
78 227
78 662
79 197
79 204
79 206
79 207
79 208
79 209
79 228
79 229
79 230
79 662
80 197
80 204
80 205
80 231
80 232
80 660
80 661
81 197
81 233
81 234
81 235
81 658
81 659
81 1134
81 1135
81 1136
81 1137
82 197
82 204
82 236
82 237
82 657
82 658
82 1130
82 1131
82 1132
82 1133
82 1138
82 1139
83 197
83 204
83 237
83 238
83 656
83 657
83 1126
83 1127
83 1128
83 1129
84 197
84 204
84 239
84 240
84 655
84 656
84 1126
84 1137
84 1138
85 197
85 204
85 240
85 655
85 1126
85 1137
86 197
86 204
86 241
86 654
86 1126
86 1136
87 198
87 204
87 241
87 242
87 652
87 653
87 654
87 1127
87 1137
88 198
88 204
88 243
88 650
88 651
88 1127
88 1137
89 198
89 204
89 244
89 649
89 650
89 1127
89 1137
90 198
90 204
90 245
90 246
90 648
90 649
90 1128
90 1137
91 198
91 204
91 247
91 248
91 647
91 648
91 1128
91 1137
92 198
92 204
92 249
92 250
92 647
92 1129
92 1130
92 1131
92 1132
92 1133
92 1136
92 1137
92 1184
92 1185
92 1186
92 1187
92 1188
93 198
93 204
93 251
93 252
93 646
93 1133
93 1134
93 1136
93 1183
93 1189
94 198
94 205
94 252
94 253
94 625
94 626
94 627
94 628
94 646
94 1134
94 1136
94 1182
94 1189
95 198
95 205
95 253
95 254
95 624
95 629
95 630
95 645
95 1134
95 1136
95 1182
95 1189
96 198
96 205
96 255
96 256
96 623
96 630
96 631
96 645
96 1134
96 1182
96 1189
97 198
97 205
97 256
97 257
97 258
97 623
97 631
97 632
97 645
97 1134
97 1137
97 1182
97 1183
97 1190
98 198
98 205
98 259
98 260
98 622
98 632
98 633
98 634
98 644
98 1134
98 1137
98 1183
98 1184
98 1190
98 1191
99 198
99 205
99 260
99 622
99 635
99 643
99 644
99 1134
99 1138
99 1184
99 1191
99 1192
100 198
100 205
100 261
100 622
100 636
100 642
100 643
100 1134
100 1139
100 1140
100 1185
100 1192
100 1193
101 198
101 205
101 261
101 622
101 637
101 638
101 639
101 640
101 641
101 642
101 1133
101 1141
101 1142
101 1185
101 1186
101 1193
102 198
102 205
102 262
102 622
102 1132
102 1133
102 1142
102 1186
102 1193
102 1220
103 198
103 205
103 262
103 263
103 622
103 1120
103 1131
103 1132
103 1142
103 1187
103 1193
103 1219
103 1221
103 1222
104 198
104 205
104 263
104 264
104 622
104 1119
104 1121
104 1122
104 1129
104 1130
104 1141
104 1187
104 1192
104 1218
104 1222
104 1223
105 198
105 205
105 264
105 265
105 622
105 1118
105 1122
105 1123
105 1124
105 1125
105 1126
105 1127
105 1128
105 1142
105 1188
105 1192
105 1218
105 1224
106 198
106 205
106 265
106 266
106 267
106 622
106 1118
106 1142
106 1188
106 1189
106 1193
106 1218
106 1225
107 198
107 205
107 268
107 269
107 270
107 271
107 272
107 273
107 274
107 621
107 1117
107 1143
107 1189
107 1194
107 1195
107 1196
107 1197
107 1198
107 1199
107 1200
107 1201
107 1202
107 1203
107 1204
107 1206
107 1219
107 1225
107 1226
108 198
108 206
108 275
108 276
108 277
108 621
108 1116
108 1117
108 1144
108 1145
108 1146
108 1147
108 1190
108 1219
108 1227
108 1228
108 1229
108 1230
108 1231
108 1232
108 1233
109 198
109 206
109 278
109 279
109 280
109 281
109 282
109 620
109 1116
109 1148
109 1190
109 1191
109 1206
109 1219
109 1234
109 1235
110 198
110 206
110 283
110 620
110 1115
110 1148
110 1192
110 1193
110 1205
110 1219
110 1236
110 1237
111 198
111 206
111 278
111 283
111 284
111 285
111 620
111 1116
111 1148
111 1193
111 1205
111 1218
111 1219
111 1237
112 198
112 206
112 278
112 282
112 286
112 287
112 619
112 1116
112 1117
112 1149
112 1154
112 1193
112 1206
112 1217
112 1218
112 1238
113 198
113 206
113 278
113 282
113 288
113 289
113 617
113 618
113 1117
113 1150
113 1151
113 1152
113 1153
113 1193
113 1207
113 1208
113 1209
113 1210
113 1211
113 1212
113 1213
113 1214
113 1215
113 1216
113 1217
113 1238
113 1239
114 199
114 206
114 278
114 282
114 289
114 617
114 1117
114 1153
114 1191
114 1192
114 1239
114 1240
114 1241
115 199
115 206
115 278
115 282
115 290
115 616
115 1117
115 1153
115 1189
115 1190
115 1242
115 1243
115 1244
116 199
116 206
116 278
116 283
116 290
116 291
116 616
116 1117
116 1148
116 1153
116 1165
116 1186
116 1187
116 1188
116 1245
116 1246
117 199
117 206
117 278
117 283
117 291
117 292
117 615
117 616
117 1106
117 1107
117 1108
117 1116
117 1144
117 1145
117 1146
117 1147
117 1149
117 1150
117 1154
117 1163
117 1164
117 1166
117 1167
117 1168
117 1169
117 1170
117 1171
117 1172
117 1173
117 1174
117 1175
117 1176
117 1177
117 1178
117 1179
117 1180
117 1181
117 1182
117 1183
117 1184
117 1185
117 1247
117 1248
118 199
118 206
118 278
118 283
118 293
118 294
118 613
118 614
118 1105
118 1108
118 1109
118 1115
118 1116
118 1142
118 1143
118 1150
118 1154
118 1155
118 1156
118 1157
118 1158
118 1159
118 1160
118 1161
118 1162
118 1248
118 1249
119 199
119 206
119 278
119 283
119 294
119 295
119 613
119 1101
119 1102
119 1103
119 1104
119 1105
119 1110
119 1111
119 1112
119 1113
119 1114
119 1141
119 1142
119 1151
119 1249
119 1250
119 1256
119 1257
119 1258
120 199
120 206
120 278
120 283
120 296
120 297
120 612
120 1101
120 1140
120 1141
120 1152
120 1153
120 1250
120 1251
120 1255
120 1256
120 1258
121 199
121 207
121 278
121 283
121 297
121 298
121 299
121 304
121 305
121 306
121 307
121 308
121 348
121 349
121 350
121 351
121 352
121 353
121 358
121 612
121 994
121 995
121 996
121 997
121 998
121 999
121 1000
121 1001
121 1101
121 1139
121 1140
121 1154
121 1155
121 1251
121 1252
121 1253
121 1254
121 1258
122 199
122 207
122 279
122 283
122 300
122 301
122 302
122 303
122 309
122 310
122 343
122 344
122 345
122 346
122 347
122 354
122 355
122 356
122 357
122 359
122 360
122 361
122 362
122 613
122 992
122 993
122 1002
122 1003
122 1101
122 1137
122 1138
122 1155
122 1156
122 1259
123 199
123 207
123 279
123 283
123 310
123 311
123 342
123 363
123 364
123 424
123 425
123 426
123 427
123 428
123 429
123 430
123 431
123 432
123 433
123 434
123 991
123 992
123 1004
123 1005
123 1006
123 1007
123 1008
123 1009
123 1010
123 1011
123 1012
123 1013
123 1014
123 1101
123 1117
123 1118
123 1136
123 1137
123 1156
123 1259
124 199
124 207
124 279
124 283
124 311
124 312
124 341
124 365
124 366
124 380
124 384
124 385
124 386
124 387
124 410
124 411
124 422
124 423
124 435
124 436
124 437
124 611
124 612
124 990
124 1015
124 1101
124 1112
124 1113
124 1114
124 1115
124 1116
124 1119
124 1133
124 1134
124 1135
124 1156
124 1168
124 1260
124 1264
124 1265
124 1266
124 1267
124 1268
124 1269
125 199
125 207
125 279
125 283
125 312
125 313
125 341
125 366
125 367
125 376
125 377
125 378
125 379
125 381
125 382
125 383
125 384
125 388
125 389
125 408
125 409
125 412
125 413
125 417
125 418
125 419
125 420
125 421
125 422
125 438
125 439
125 609
125 610
125 989
125 1016
125 1092
125 1099
125 1100
125 1101
125 1109
125 1110
125 1111
125 1119
125 1130
125 1131
125 1132
125 1156
125 1166
125 1167
125 1169
125 1170
125 1260
125 1261
125 1262
125 1263
125 1269
125 1270
126 199
126 207
126 279
126 283
126 313
126 314
126 342
126 368
126 369
126 373
126 374
126 375
126 390
126 391
126 403
126 404
126 405
126 406
126 407
126 413
126 414
126 415
126 416
126 440
126 441
126 608
126 609
126 990
126 1016
126 1017
126 1090
126 1091
126 1093
126 1094
126 1095
126 1096
126 1097
126 1098
126 1107
126 1108
126 1120
126 1128
126 1129
126 1157
126 1158
126 1159
126 1160
126 1161
126 1164
126 1165
126 1171
126 1172
126 1271
126 1272
126 1277
126 1278
126 1279
127 199
127 207
127 279
127 283
127 314
127 342
127 370
127 371
127 372
127 373
127 392
127 393
127 401
127 402
127 442
127 443
127 607
127 608
127 990
127 1017
127 1090
127 1102
127 1103
127 1104
127 1105
127 1106
127 1120
127 1121
127 1122
127 1123
127 1124
127 1125
127 1126
127 1127
127 1128
127 1162
127 1163
127 1164
127 1172
127 1173
127 1272
127 1273
127 1274
127 1275
127 1276
128 199
128 207
128 279
128 283
128 314
128 342
128 370
128 374
128 393
128 400
128 444
128 606
128 990
128 1017
128 1089
128 1101
128 1173
129 199
129 207
129 279
129 283
129 315
129 342
129 369
129 374
129 393
129 397
129 398
129 399
129 445
129 605
129 989
129 1017
129 1089
129 1099
129 1100
129 1174
129 1230
129 1231
129 1232
129 1233
129 1234
129 1235
130 199
130 207
130 279
130 283
130 315
130 339
130 340
130 341
130 342
130 369
130 374
130 394
130 395
130 396
130 446
130 447
130 604
130 605
130 982
130 988
130 989
130 1018
130 1089
130 1095
130 1096
130 1097
130 1098
130 1175
130 1176
130 1228
130 1229
130 1236
130 1237
131 199
131 207
131 279
131 284
131 315
131 337
131 338
131 369
131 374
131 447
131 448
131 602
131 603
131 981
131 983
131 984
131 985
131 986
131 987
131 1018
131 1090
131 1093
131 1094
131 1176
131 1226
131 1227
131 1238
131 1239
132 199
132 207
132 279
132 284
132 315
132 336
132 369
132 374
132 449
132 450
132 600
132 601
132 960
132 961
132 1018
132 1090
132 1091
132 1092
132 1176
132 1224
132 1225
132 1240
132 1241
133 199
133 207
133 279
133 284
133 315
133 335
133 369
133 374
133 451
133 452
133 465
133 466
133 467
133 468
133 469
133 470
133 471
133 472
133 473
133 474
133 475
133 599
133 600
133 959
133 962
133 963
133 964
133 965
133 983
133 1018
133 1177
133 1222
133 1223
133 1242
133 1243
134 199
134 207
134 279
134 284
134 316
134 335
134 369
134 374
134 452
134 453
134 454
134 461
134 462
134 463
134 464
134 476
134 477
134 598
134 599
134 958
134 966
134 967
134 983
134 1019
134 1177
134 1220
134 1221
134 1244
134 1245
134 1246
134 1247
135 199
135 207
135 279
135 284
135 316
135 317
135 335
135 369
135 374
135 455
135 456
135 457
135 458
135 459
135 460
135 478
135 596
135 597
135 598
135 958
135 968
135 969
135 970
135 983
135 1019
135 1177
135 1220
135 1248
135 1249
135 1250
135 1251
135 1252
136 199
136 207
136 279
136 284
136 317
136 335
136 369
136 374
136 479
136 594
136 595
136 959
136 971
136 972
136 982
136 983
136 1019
136 1177
136 1219
136 1253
136 1254
136 1255
136 1256
136 1257
136 1258
136 1259
137 199
137 207
137 279
137 284
137 318
137 335
137 369
137 374
137 479
137 480
137 593
137 959
137 973
137 974
137 980
137 981
137 1019
137 1178
137 1219
137 1260
137 1261
137 1262
137 1263
137 1264
138 199
138 208
138 279
138 284
138 318
138 334
138 369
138 374
138 423
138 481
138 482
138 592
138 960
138 975
138 976
138 977
138 978
138 979
138 980
138 1020
138 1179
138 1218
138 1265
138 1266
138 1267
139 199
139 208
139 279
139 284
139 318
139 333
139 334
139 369
139 374
139 422
139 424
139 482
139 491
139 492
139 493
139 494
139 495
139 592
139 960
139 1020
139 1179
139 1218
139 1268
139 1269
140 199
140 208
140 279
140 284
140 318
140 332
140 370
140 374
140 421
140 424
140 483
140 484
140 486
140 487
140 488
140 489
140 490
140 496
140 592
140 662
140 663
140 664
140 665
140 666
140 667
140 668
140 669
140 670
140 960
140 1021
140 1179
140 1218
140 1270
140 1271
140 1272
141 199
141 208
141 279
141 284
141 318
141 331
141 371
141 374
141 421
141 424
141 483
141 485
141 497
141 593
141 650
141 651
141 652
141 653
141 654
141 655
141 656
141 657
141 658
141 659
141 660
141 661
141 671
141 960
141 1021
141 1178
141 1218
141 1273
141 1274
142 200
142 208
142 279
142 284
142 318
142 331
142 371
142 374
142 421
142 424
142 483
142 485
142 498
142 499
142 593
142 649
142 671
142 960
142 1022
142 1177
142 1193
142 1194
142 1219
142 1275
142 1276
143 200
143 208
143 279
143 284
143 318
143 331
143 371
143 374
143 421
143 424
143 499
143 594
143 648
143 671
143 960
143 1022
143 1023
143 1024
143 1031
143 1032
143 1033
143 1177
143 1191
143 1192
143 1195
143 1219
143 1220
143 1276
143 1277
144 200
144 208
144 279
144 284
144 319
144 330
144 331
144 371
144 374
144 421
144 424
144 500
144 594
144 648
144 671
144 960
144 1025
144 1026
144 1027
144 1028
144 1029
144 1030
144 1177
144 1189
144 1190
144 1195
144 1220
144 1221
144 1278
144 1279
145 200
145 208
145 279
145 285
145 319
145 320
145 330
145 371
145 375
145 421
145 424
145 460
145 500
145 595
145 648
145 671
145 958
145 959
145 1032
145 1033
145 1177
145 1189
145 1196
145 1221
146 200
146 208
146 279
146 285
146 320
146 329
146 371
146 375
146 421
146 424
146 459
146 461
146 462
146 501
146 595
146 648
146 671
146 958
146 1029
146 1030
146 1176
146 1188
146 1196
146 1222
147 200
147 208
147 279
147 285
147 320
147 329
147 371
147 375
147 421
147 424
147 458
147 462
147 501
147 594
147 595
147 648
147 671
147 958
147 1026
147 1027
147 1028
147 1176
147 1187
147 1188
147 1196
147 1222
148 200
148 208
148 280
148 285
148 321
148 328
148 371
148 375
148 421
148 424
148 458
148 462
148 502
148 592
148 593
148 648
148 671
148 958
148 1024
148 1025
148 1176
148 1185
148 1186
148 1196
148 1223
149 200
149 208
149 280
149 285
149 321
149 328
149 371
149 375
149 421
149 424
149 458
149 462
149 502
149 523
149 525
149 590
149 591
149 648
149 662
149 663
149 664
149 665
149 666
149 667
149 668
149 669
149 670
149 671
149 958
149 1024
149 1177
149 1178
149 1179
149 1180
149 1181
149 1182
149 1183
149 1184
149 1196
149 1223
149 1224
150 200
150 208
150 280
150 285
150 321
150 328
150 371
150 375
150 421
150 424
150 458
150 462
150 474
150 475
150 476
150 503
150 522
150 524
150 526
150 527
150 528
150 590
150 649
150 650
150 651
150 652
150 653
150 654
150 655
150 656
150 657
150 658
150 659
150 660
150 661
150 958
150 1023
150 1196
150 1224
150 1225
150 1226
150 1227
150 1228
150 1229
150 1230
151 200
151 208
151 280
151 285
151 321
151 327
151 371
151 375
151 421
151 424
151 458
151 462
151 474
151 477
151 478
151 503
151 521
151 524
151 526
151 528
151 589
151 958
151 1023
151 1196
151 1231
151 1232
151 1233
152 200
152 208
152 280
152 285
152 321
152 328
152 371
152 375
152 421
152 424
152 458
152 462
152 474
152 478
152 479
152 504
152 521
152 529
152 589
152 958
152 1022
152 1196
152 1234
152 1235
153 200
153 208
153 280
153 285
153 321
153 328
153 371
153 375
153 421
153 424
153 458
153 462
153 474
153 480
153 481
153 504
153 505
153 521
153 529
153 588
153 958
153 1022
153 1196
153 1236
153 1237
153 1238
153 1239
153 1240
153 1241
153 1242
154 200
154 208
154 280
154 285
154 321
154 329
154 371
154 375
154 421
154 424
154 458
154 462
154 474
154 481
154 482
154 506
154 507
154 521
154 529
154 588
154 958
154 1022
154 1195
154 1243
154 1244
154 1245
154 1246
154 1247
154 1248
154 1249
154 1250
155 200
155 208
155 280
155 285
155 321
155 329
155 371
155 375
155 421
155 424
155 458
155 462
155 474
155 483
155 484
155 507
155 508
155 521
155 529
155 589
155 590
155 958
155 1023
155 1195
155 1251
155 1252
155 1253
155 1254
156 200
156 208
156 280
156 285
156 320
156 329
156 371
156 375
156 421
156 424
156 458
156 462
156 474
156 485
156 486
156 508
156 509
156 521
156 529
156 591
156 958
156 1023
156 1194
156 1255
156 1256
156 1257
156 1258
157 200
157 208
157 280
157 285
157 319
157 320
157 329
157 371
157 375
157 421
157 424
157 459
157 462
157 473
157 486
157 487
157 509
157 520
157 529
157 591
157 957
157 1023
157 1194
157 1259
157 1260
157 1261
158 200
158 209
158 280
158 285
158 319
158 329
158 371
158 375
158 421
158 424
158 459
158 462
158 473
158 488
158 489
158 510
158 520
158 530
158 591
158 957
158 1023
158 1195
158 1262
158 1263
159 200
159 209
159 280
159 286
159 318
159 328
159 371
159 375
159 421
159 424
159 459
159 462
159 473
159 483
159 484
159 489
159 490
159 510
159 520
159 591
159 957
159 1024
159 1195
159 1196
159 1197
159 1198
159 1219
159 1264
159 1265
160 200
160 209
160 280
160 286
160 318
160 328
160 371
160 375
160 421
160 424
160 459
160 462
160 469
160 473
160 482
160 485
160 491
160 492
160 493
160 494
160 510
160 520
160 526
160 527
160 591
160 957
160 1024
160 1199
160 1200
160 1205
160 1217
160 1218
160 1220
160 1221
160 1265
160 1266
161 200
161 209
161 280
161 286
161 320
161 321
161 322
161 323
161 329
161 371
161 375
161 421
161 424
161 459
161 462
161 468
161 470
161 471
161 472
161 473
161 481
161 485
161 495
161 496
161 497
161 498
161 499
161 500
161 501
161 502
161 521
161 522
161 523
161 524
161 525
161 528
161 529
161 530
161 531
161 583
161 584
161 585
161 586
161 587
161 588
161 589
161 590
161 591
161 957
161 1024
161 1201
161 1202
161 1203
161 1204
161 1206
161 1207
161 1215
161 1216
161 1222
161 1223
161 1267
161 1268
162 200
162 209
162 280
162 286
162 324
162 325
162 326
162 327
162 372
162 375
162 421
162 424
162 442
162 459
162 462
162 467
162 481
162 485
162 503
162 504
162 505
162 506
162 507
162 508
162 509
162 510
162 511
162 518
162 519
162 520
162 521
162 532
162 533
162 534
162 535
162 581
162 582
162 957
162 1025
162 1208
162 1213
162 1214
162 1215
162 1224
162 1225
162 1269
162 1270
163 200
163 209
163 280
163 286
163 372
163 375
163 421
163 424
163 440
163 443
163 459
163 462
163 467
163 481
163 485
163 511
163 512
163 513
163 514
163 515
163 516
163 517
163 536
163 537
163 538
163 539
163 540
163 554
163 555
163 556
163 557
163 579
163 580
163 581
163 957
163 1025
163 1026
163 1208
163 1211
163 1212
163 1225
163 1270
163 1271
164 200
164 209
164 280
164 286
164 372
164 375
164 421
164 424
164 438
164 439
164 443
164 464
164 465
164 466
164 481
164 485
164 541
164 542
164 543
164 544
164 552
164 553
164 558
164 559
164 560
164 576
164 577
164 578
164 957
164 1027
164 1028
164 1208
164 1210
164 1225
164 1272
164 1273
165 200
165 209
165 280
165 286
165 359
165 360
165 372
165 375
165 421
165 424
165 436
165 437
165 443
165 450
165 451
165 452
165 453
165 454
165 455
165 456
165 457
165 458
165 463
165 481
165 485
165 545
165 546
165 547
165 548
165 561
165 562
165 572
165 573
165 574
165 575
165 957
165 1028
165 1029
165 1030
165 1031
165 1032
165 1033
165 1034
165 1035
165 1225
165 1274
165 1275
166 200
166 209
166 280
166 286
166 357
166 358
166 361
166 362
166 372
166 375
166 397
166 398
166 399
166 400
166 401
166 402
166 403
166 404
166 405
166 406
166 407
166 422
166 425
166 436
166 440
166 449
166 462
166 481
166 485
166 549
166 550
166 551
166 562
166 563
166 570
166 571
166 956
166 1036
166 1037
166 1225
166 1276
166 1277
167 200
167 209
167 280
167 286
167 356
167 357
167 362
167 372
167 375
167 385
167 386
167 387
167 388
167 389
167 390
167 391
167 392
167 393
167 394
167 395
167 396
167 408
167 422
167 425
167 435
167 440
167 441
167 444
167 445
167 446
167 448
167 459
167 462
167 482
167 485
167 552
167 563
167 564
167 565
167 566
167 567
167 568
167 569
167 956
167 1038
167 1225
167 1278
167 1279
168 201
168 209
168 280
168 286
168 356
168 363
168 372
168 375
168 384
168 408
168 422
168 425
168 433
168 434
168 435
168 439
168 443
168 446
168 459
168 462
168 482
168 485
168 553
168 955
168 1038
168 1043
168 1044
168 1045
168 1226
169 201
169 209
169 280
169 286
169 355
169 363
169 372
169 375
169 383
169 409
169 422
169 425
169 432
169 438
169 443
169 446
169 459
169 463
169 482
169 485
169 553
169 955
169 1038
169 1043
169 1046
169 1226
170 201
170 209
170 280
170 286
170 355
170 363
170 372
170 375
170 383
170 409
170 422
170 425
170 431
170 438
170 443
170 446
170 459
170 463
170 482
170 485
170 553
170 955
170 1038
170 1043
170 1046
170 1226
171 201
171 209
171 280
171 286
171 355
171 362
171 372
171 375
171 382
171 409
171 422
171 425
171 431
171 438
171 443
171 446
171 459
171 463
171 482
171 485
171 554
171 955
171 1037
171 1043
171 1046
171 1227
172 201
172 209
172 280
172 286
172 356
172 361
172 362
172 372
172 375
172 382
172 409
172 422
172 425
172 431
172 438
172 443
172 446
172 459
172 463
172 482
172 485
172 555
172 556
172 955
172 1037
172 1044
172 1227
173 201
173 209
173 281
173 286
173 356
173 357
173 360
173 361
173 363
173 372
173 375
173 381
173 382
173 409
173 422
173 425
173 431
173 439
173 444
173 446
173 459
173 463
173 475
173 476
173 477
173 478
173 479
173 480
173 481
173 482
173 483
173 484
173 485
173 486
173 487
173 488
173 489
173 490
173 491
173 492
173 493
173 494
173 495
173 496
173 497
173 498
173 499
173 500
173 501
173 502
173 557
173 558
173 559
173 588
173 589
173 590
173 591
173 592
173 593
173 955
173 1032
173 1037
173 1045
173 1228
174 201
174 209
174 281
174 287
174 357
174 358
174 359
174 363
174 372
174 375
174 379
174 380
174 381
174 410
174 422
174 425
174 432
174 439
174 444
174 446
174 448
174 459
174 463
174 472
174 473
174 474
174 503
174 560
174 561
174 562
174 587
174 594
174 955
174 1030
174 1031
174 1033
174 1037
174 1228
174 1234
174 1235
175 201
175 209
175 281
175 287
175 306
175 307
175 308
175 309
175 310
175 311
175 312
175 313
175 314
175 315
175 316
175 317
175 318
175 319
175 320
175 321
175 322
175 323
175 324
175 325
175 326
175 357
175 361
175 363
175 372
175 375
175 378
175 410
175 422
175 425
175 432
175 439
175 444
175 446
175 448
175 459
175 463
175 470
175 471
175 503
175 563
175 564
175 586
175 594
175 955
175 1029
175 1030
175 1034
175 1036
175 1229
175 1232
175 1233
175 1236
175 1237
176 201
176 209
176 281
176 287
176 291
176 292
176 293
176 294
176 295
176 296
176 297
176 298
176 299
176 300
176 301
176 302
176 303
176 304
176 305
176 327
176 328
176 329
176 330
176 331
176 332
176 333
176 334
176 335
176 336
176 337
176 338
176 339
176 340
176 357
176 361
176 363
176 372
176 375
176 377
176 410
176 422
176 425
176 432
176 439
176 444
176 446
176 448
176 459
176 463
176 469
176 503
176 565
176 566
176 586
176 594
176 955
176 1026
176 1027
176 1028
176 1029
176 1034
176 1036
176 1229
176 1230
176 1231
176 1238
176 1239
177 201
177 209
177 281
177 287
177 288
177 289
177 290
177 341
177 342
177 357
177 361
177 363
177 372
177 375
177 378
177 410
177 422
177 425
177 429
177 430
177 431
177 432
177 440
177 442
177 444
177 446
177 447
177 448
177 459
177 463
177 468
177 503
177 567
177 586
177 594
177 955
177 1024
177 1025
177 1034
177 1036
177 1239
178 201
178 209
178 281
178 284
178 285
178 286
178 342
178 343
178 357
178 361
178 363
178 372
178 375
178 378
178 410
178 422
178 425
178 428
178 440
178 441
178 444
178 459
178 463
178 468
178 503
178 567
178 586
178 595
178 956
178 1024
178 1034
178 1036
178 1239
179 201
179 210
179 282
179 283
179 343
179 344
179 357
179 361
179 363
179 372
179 375
179 378
179 410
179 421
179 427
179 440
179 444
179 456
179 457
179 463
179 468
179 504
179 505
179 568
179 586
179 595
179 612
179 613
179 614
179 615
179 616
179 617
179 618
179 619
179 620
179 621
179 622
179 623
179 624
179 625
179 626
179 956
179 1023
179 1034
179 1035
179 1036
179 1239
180 201
180 210
180 281
180 282
180 344
180 345
180 356
180 361
180 363
180 372
180 376
180 378
180 410
180 420
180 422
180 426
180 440
180 444
180 455
180 456
180 460
180 463
180 468
180 506
180 568
180 583
180 584
180 586
180 587
180 610
180 611
180 627
180 628
180 957
180 1021
180 1022
180 1239
181 201
181 210
181 280
181 281
181 345
181 346
181 354
181 355
181 358
181 361
181 363
181 372
181 376
181 378
181 411
181 419
181 422
181 425
181 440
181 444
181 454
181 457
181 460
181 463
181 468
181 506
181 543
181 544
181 545
181 581
181 582
181 587
181 588
181 589
181 607
181 608
181 609
181 610
181 629
181 630
181 957
181 958
181 1021
181 1239
182 201
182 210
182 279
182 280
182 346
182 352
182 353
182 358
182 361
182 363
182 372
182 376
182 378
182 411
182 419
182 422
182 425
182 441
182 444
182 453
182 457
182 460
182 463
182 467
182 506
182 522
182 523
182 524
182 525
182 526
182 527
182 541
182 542
182 546
182 547
182 579
182 580
182 589
182 590
182 591
182 605
182 606
182 630
182 631
182 958
182 1020
182 1239
183 201
183 210
183 278
183 279
183 347
183 350
183 351
183 358
183 362
183 363
183 372
183 376
183 378
183 411
183 419
183 422
183 425
183 441
183 444
183 453
183 457
183 460
183 463
183 467
183 506
183 520
183 521
183 528
183 529
183 532
183 533
183 537
183 538
183 539
183 540
183 547
183 575
183 576
183 578
183 590
183 592
183 602
183 603
183 604
183 631
183 958
183 1020
183 1239
184 201
184 210
184 277
184 278
184 347
184 358
184 371
184 411
184 419
184 422
184 425
184 441
184 444
184 453
184 457
184 460
184 463
184 467
184 506
184 518
184 519
184 530
184 531
184 534
184 535
184 536
184 541
184 542
184 548
184 577
184 603
184 632
184 958
184 1020
184 1239
184 1247
184 1248
184 1249
184 1259
184 1260
184 1261
184 1262
184 1263
185 201
185 210
185 277
185 347
185 358
185 370
185 372
185 373
185 376
185 411
185 419
185 422
185 425
185 441
185 444
185 453
185 457
185 460
185 463
185 467
185 506
185 517
185 518
185 542
185 548
185 554
185 555
185 591
185 592
185 603
185 632
185 959
185 1020
185 1239
185 1243
185 1244
185 1245
185 1246
185 1250
185 1251
185 1252
185 1253
185 1254
185 1255
185 1256
185 1257
185 1258
185 1264
185 1265
185 1266
185 1267
185 1268
185 1269
185 1270
185 1271
185 1272
185 1273
185 1274
185 1275
185 1276
185 1277
185 1278
185 1279
186 201
186 210
186 262
186 263
186 264
186 265
186 266
186 267
186 268
186 269
186 270
186 271
186 272
186 273
186 276
186 347
186 358
186 363
186 364
186 369
186 373
186 376
186 378
186 411
186 419
186 422
186 425
186 441
186 444
186 453
186 457
186 460
186 463
186 467
186 506
186 516
186 517
186 531
186 538
186 548
186 550
186 551
186 552
186 553
186 556
186 577
186 591
186 602
186 959
186 960
186 1019
186 1240
186 1241
186 1242
187 201
187 210
187 248
187 249
187 250
187 251
187 252
187 253
187 254
187 255
187 256
187 257
187 258
187 259
187 260
187 261
187 274
187 275
187 276
187 278
187 279
187 280
187 281
187 282
187 283
187 284
187 285
187 348
187 358
187 361
187 365
187 369
187 373
187 376
187 378
187 412
187 413
187 414
187 415
187 419
187 422
187 425
187 441
187 444
187 453
187 457
187 460
187 464
187 465
187 466
187 467
187 507
187 509
187 510
187 515
187 516
187 531
187 532
187 540
187 541
187 542
187 543
187 544
187 545
187 546
187 547
187 556
187 576
187 590
187 602
187 633
187 634
187 960
187 1020
188 201
188 210
188 233
188 234
188 235
188 236
188 237
188 238
188 239
188 240
188 241
188 242
188 243
188 244
188 245
188 246
188 247
188 286
188 287
188 288
188 289
188 290
188 291
188 292
188 348
188 358
188 361
188 365
188 369
188 373
188 376
188 378
188 416
188 418
188 422
188 425
188 441
188 444
188 454
188 455
188 456
188 457
188 458
188 459
188 460
188 461
188 462
188 463
188 507
188 514
188 515
188 533
188 534
188 535
188 536
188 537
188 538
188 539
188 540
188 556
188 576
188 590
188 602
188 633
188 960
188 1020
189 201
189 210
189 223
189 224
189 225
189 226
189 227
189 228
189 229
189 230
189 231
189 232
189 293
189 294
189 348
189 358
189 361
189 365
189 369
189 373
189 376
189 378
189 416
189 418
189 422
189 425
189 441
189 444
189 454
189 507
189 508
189 509
189 510
189 511
189 512
189 513
189 514
189 527
189 528
189 529
189 530
189 531
189 532
189 533
189 602
189 633
189 960
189 1021
190 201
190 210
190 219
190 220
190 221
190 222
190 295
190 296
190 349
190 352
190 353
190 354
190 355
190 356
190 357
190 358
190 361
190 365
190 369
190 373
190 376
190 378
190 441
190 444
190 452
190 453
190 466
190 520
190 521
190 522
190 523
190 524
190 525
190 526
190 601
190 633
190 961
190 1021
191 201
191 210
191 215
191 216
191 217
191 218
191 297
191 298
191 349
191 350
191 351
191 362
191 363
191 364
191 365
191 369
191 373
191 376
191 378
191 441
191 447
191 448
191 449
191 450
191 451
191 466
191 506
191 514
191 515
191 516
191 517
191 518
191 519
191 601
191 634
191 961
191 962
191 963
191 1021
192 201
192 211
192 212
192 213
192 214
192 298
192 299
192 349
192 440
192 445
192 446
192 466
192 505
192 506
192 507
192 508
192 509
192 510
192 511
192 512
192 601
192 634
192 964
192 965
192 966
192 967
192 968
192 969
192 1021
193 201
193 210
193 211
193 299
193 349
193 439
193 441
193 445
193 466
193 498
193 499
193 500
193 501
193 502
193 503
193 504
193 601
193 634
193 970
193 971
193 972
193 973
193 974
193 975
193 976
193 977
193 978
193 979
193 980
193 981
193 982
193 983
193 984
193 985
193 986
193 987
193 988
193 989
193 990
193 1020
194 201
194 209
194 210
194 300
194 350
194 441
194 445
194 465
194 491
194 492
194 493
194 494
194 495
194 496
194 497
194 601
194 634
194 991
194 992
194 993
194 994
194 995
194 996
194 997
194 998
194 1018
194 1019
195 201
195 208
195 209
195 300
195 350
195 351
195 441
195 445
195 465
195 484
195 485
195 486
195 487
195 488
195 489
195 490
195 601
195 634
195 999
195 1000
195 1001
195 1002
195 1017
195 1018
196 202
196 206
196 207
196 301
196 441
196 445
196 465
196 477
196 478
196 479
196 480
196 481
196 482
196 483
196 634
196 1003
196 1004
196 1005
196 1006
196 1007
196 1008
196 1016
196 1017
197 203
197 205
197 206
197 301
197 302
197 350
197 441
197 445
197 465
197 469
197 470
197 471
197 472
197 473
197 474
197 475
197 476
197 634
197 1009
197 1010
197 1011
197 1016
198 204
198 205
198 302
198 351
198 441
198 445
198 461
198 462
198 463
198 464
198 465
198 466
198 467
198 468
198 488
198 489
198 490
198 491
198 634
198 1012
198 1013
198 1015
199 203
199 204
199 303
199 351
199 441
199 445
199 453
199 454
199 455
199 456
199 457
199 458
199 459
199 460
199 487
199 491
199 1013
199 1014
200 201
200 202
200 304
200 305
200 351
200 442
200 443
200 445
200 446
200 447
200 448
200 449
200 450
200 451
200 452
200 469
200 470
200 471
200 478
200 479
200 480
200 481
200 486
200 491
200 1014
201 200
201 201
201 305
201 352
201 436
201 437
201 438
201 439
201 440
201 441
201 443
201 467
201 468
201 472
201 477
201 481
201 486
201 491
202 198
202 199
202 306
202 352
202 429
202 430
202 431
202 432
202 433
202 434
202 435
202 442
202 443
202 453
202 454
202 455
202 456
202 457
202 458
202 459
202 464
202 465
202 466
202 472
202 476
202 482
202 486
202 491
203 197
203 198
203 306
203 352
203 421
203 422
203 423
203 424
203 425
203 426
203 427
203 428
203 444
203 451
203 452
203 459
203 463
203 472
203 476
203 482
203 487
203 488
203 489
203 490
203 491
203 1017
203 1018
204 194
204 195
204 196
204 197
204 307
204 352
204 413
204 414
204 415
204 416
204 417
204 418
204 419
204 420
204 436
204 437
204 438
204 439
204 440
204 441
204 442
204 443
204 445
204 450
204 459
204 463
204 472
204 476
204 482
204 1016
205 191
205 192
205 193
205 307
205 353
205 405
205 406
205 407
205 408
205 409
205 410
205 411
205 412
205 433
205 434
205 435
205 445
205 449
205 460
205 463
205 473
205 477
205 478
205 479
205 480
205 481
205 482
205 484
205 485
205 1015
205 1018
206 308
206 353
206 397
206 398
206 399
206 400
206 401
206 402
206 403
206 404
206 432
206 445
206 449
206 460
206 463
206 483
206 487
206 488
206 489
206 490
206 491
206 1015
206 1017
207 308
207 353
207 390
207 391
207 392
207 393
207 394
207 395
207 396
207 420
207 421
207 422
207 423
207 424
207 425
207 426
207 431
207 445
207 449
207 460
207 463
207 466
207 467
207 468
207 469
207 470
207 471
207 475
207 484
207 486
207 491
207 1015
207 1017
208 191
208 192
208 309
208 353
208 382
208 383
208 384
208 385
208 386
208 387
208 388
208 389
208 414
208 415
208 416
208 417
208 418
208 419
208 426
208 431
208 445
208 449
208 460
208 464
208 465
208 466
208 474
208 478
208 479
208 480
208 481
208 482
208 483
208 485
208 1015
208 1017
209 188
209 189
209 190
209 191
209 309
209 353
209 374
209 375
209 376
209 377
209 378
209 379
209 380
209 381
209 403
209 404
209 411
209 412
209 413
209 426
209 431
209 445
209 449
209 457
209 458
209 459
209 460
209 462
209 472
209 475
209 477
209 483
210 184
210 185
210 186
210 187
210 310
210 353
210 366
210 367
210 368
210 369
210 370
210 371
210 372
210 373
210 395
210 396
210 397
210 398
210 399
210 400
210 401
210 402
210 405
210 410
210 427
210 431
210 445
210 449
210 452
210 453
210 454
210 455
210 456
210 467
210 468
210 469
210 470
210 471
210 473
210 476
211 182
211 183
211 310
211 353
211 358
211 359
211 360
211 361
211 362
211 363
211 364
211 365
211 387
211 388
211 389
211 390
211 391
211 392
211 393
211 394
211 405
211 409
211 427
211 431
211 445
211 449
211 451
211 462
211 463
211 465
211 466
211 473
212 182
212 311
212 351
212 352
212 353
212 354
212 355
212 356
212 357
212 384
212 385
212 386
212 405
212 409
212 427
212 431
212 442
212 443
212 444
212 445
212 458
212 459
212 465
213 181
213 311
213 350
213 383
213 405
213 409
213 427
213 431
213 441
213 457
213 460
213 464
214 181
214 311
214 343
214 344
214 345
214 346
214 347
214 348
214 349
214 376
214 382
214 405
214 409
214 427
214 431
214 436
214 437
214 438
214 439
214 440
214 453
214 454
214 455
214 456
214 461
215 181
215 312
215 334
215 335
215 336
215 337
215 338
215 339
215 340
215 341
215 342
215 369
215 370
215 371
215 372
215 373
215 374
215 375
215 377
215 382
215 406
215 409
215 427
215 432
215 433
215 434
215 435
215 451
215 452
216 181
216 312
216 327
216 328
216 329
216 330
216 331
216 332
216 333
216 362
216 363
216 364
216 365
216 366
216 367
216 368
216 377
216 382
216 406
216 409
216 426
216 427
216 444
216 445
216 451
217 181
217 319
217 320
217 321
217 322
217 323
217 324
217 325
217 326
217 355
217 356
217 357
217 358
217 359
217 360
217 361
217 377
217 382
217 406
217 409
217 421
217 422
217 423
217 424
217 425
217 429
217 431
217 438
217 439
217 440
217 441
217 442
217 443
217 446
218 180
218 181
218 312
218 313
218 314
218 315
218 316
218 317
218 318
218 349
218 350
218 351
218 353
218 354
218 377
218 382
218 406
218 409
218 416
218 417
218 418
218 419
218 420
218 429
218 434
218 435
218 436
218 437
219 178
219 179
219 303
219 304
219 305
219 306
219 307
219 308
219 309
219 310
219 311
219 339
219 346
219 347
219 348
219 352
219 353
219 377
219 382
219 406
219 410
219 411
219 412
219 413
219 414
219 415
219 433
220 176
220 177
220 295
220 296
220 297
220 298
220 299
220 300
220 301
220 302
220 332
220 333
220 334
220 335
220 336
220 337
220 338
220 340
220 345
220 352
220 378
220 382
220 405
220 406
220 424
220 425
220 426
220 432
221 174
221 175
221 288
221 289
221 290
221 291
221 292
221 293
221 294
221 325
221 326
221 327
221 328
221 329
221 330
221 331
221 340
221 344
221 352
221 378
221 382
221 400
221 401
221 402
221 403
221 404
221 408
221 409
221 420
221 421
221 422
221 423
221 427
221 428
222 171
222 172
222 173
222 280
222 281
222 282
222 283
222 284
222 285
222 286
222 287
222 319
222 320
222 321
222 322
222 323
222 324
222 340
222 344
222 351
222 378
222 382
222 395
222 396
222 397
222 398
222 399
222 407
222 415
222 416
222 417
222 418
222 419
223 168
223 169
223 170
223 273
223 274
223 275
223 276
223 277
223 278
223 279
223 312
223 315
223 316
223 317
223 318
223 340
223 344
223 350
223 378
223 382
223 390
223 391
223 392
223 393
223 394
223 407
223 409
223 412
223 413
223 414
224 166
224 167
224 264
224 265
224 266
224 267
224 268
224 269
224 270
224 271
224 272
224 304
224 305
224 306
224 307
224 308
224 309
224 310
224 311
224 313
224 314
224 340
224 344
224 350
224 378
224 382
224 385
224 386
224 387
224 388
224 389
224 404
224 405
224 411
225 163
225 164
225 165
225 256
225 257
225 258
225 259
225 260
225 261
225 262
225 263
225 298
225 299
225 300
225 301
225 302
225 303
225 313
225 340
225 344
225 350
225 378
225 382
225 384
225 399
225 400
225 401
225 402
225 403
225 406
225 407
225 410
226 161
226 162
226 249
226 250
226 251
226 252
226 253
226 254
226 255
226 295
226 296
226 297
226 314
226 332
226 333
226 334
226 335
226 336
226 337
226 338
226 340
226 344
226 350
226 375
226 376
226 377
226 378
226 381
226 394
226 395
226 396
226 397
226 398
226 407
226 410
227 158
227 159
227 160
227 241
227 242
227 243
227 244
227 245
227 246
227 247
227 248
227 286
227 294
227 314
227 324
227 325
227 326
227 327
227 328
227 329
227 330
227 331
227 341
227 344
227 349
227 369
227 370
227 371
227 372
227 373
227 374
227 380
227 382
227 389
227 390
227 391
227 392
227 393
227 407
228 156
228 157
228 233
228 234
228 235
228 236
228 237
228 238
228 239
228 240
228 279
228 280
228 281
228 282
228 283
228 284
228 285
228 287
228 293
228 314
228 322
228 323
228 341
228 344
228 349
228 364
228 365
228 366
228 367
228 368
228 380
228 382
228 385
228 386
228 387
228 388
229 154
229 155
229 225
229 226
229 227
229 228
229 229
229 230
229 231
229 232
229 273
229 274
229 275
229 276
229 277
229 278
229 287
229 293
229 314
229 322
229 341
229 344
229 349
229 359
229 360
229 361
229 362
229 363
229 384
230 152
230 153
230 217
230 218
230 219
230 220
230 221
230 222
230 223
230 224
230 265
230 266
230 267
230 268
230 269
230 270
230 271
230 272
230 287
230 293
230 314
230 321
230 341
230 345
230 346
230 354
230 355
230 356
230 357
230 358
230 375
230 376
230 377
230 383
231 150
231 151
231 210
231 211
231 212
231 213
231 214
231 215
231 216
231 258
231 259
231 260
231 261
231 262
231 263
231 264
231 287
231 293
231 314
231 321
231 341
231 345
231 349
231 350
231 351
231 352
231 353
231 369
231 370
231 371
231 372
231 373
231 374
231 378
231 383
232 150
232 201
232 202
232 203
232 204
232 205
232 206
232 207
232 208
232 209
232 252
232 253
232 254
232 255
232 256
232 257
232 287
232 293
232 314
232 320
232 341
232 345
232 346
232 347
232 348
232 364
232 365
232 366
232 367
232 368
232 379
233 149
233 194
233 195
233 196
233 197
233 198
233 199
233 200
233 245
233 246
233 247
233 248
233 249
233 250
233 251
233 287
233 293
233 314
233 320
233 337
233 338
233 339
233 340
233 341
233 359
233 360
233 361
233 362
233 363
234 149
234 186
234 187
234 188
234 189
234 190
234 191
234 192
234 193
234 238
234 239
234 240
234 241
234 242
234 243
234 244
234 287
234 293
234 314
234 320
234 332
234 333
234 334
234 335
234 336
234 354
234 355
234 356
234 357
234 358
235 148
235 178
235 179
235 180
235 181
235 182
235 183
235 184
235 185
235 231
235 232
235 233
235 234
235 235
235 236
235 237
235 288
235 293
235 316
235 317
235 318
235 319
235 327
235 328
235 329
235 330
235 331
235 349
235 350
235 351
235 352
235 353
236 148
236 171
236 172
236 173
236 174
236 175
236 176
236 177
236 224
236 225
236 226
236 227
236 228
236 229
236 230
236 288
236 293
236 314
236 322
236 323
236 324
236 325
236 326
236 347
236 348
237 147
237 162
237 163
237 164
237 165
237 166
237 167
237 168
237 169
237 170
237 221
237 222
237 223
237 288
237 293
237 317
237 318
237 319
237 320
237 321
237 339
237 340
237 346
238 155
238 156
238 157
238 158
238 159
238 160
238 161
238 211
238 220
238 288
238 293
238 312
238 313
238 314
238 315
238 316
238 333
238 334
238 335
238 336
238 337
238 338
238 341
238 345
239 146
239 147
239 148
239 149
239 150
239 151
239 152
239 153
239 154
239 202
239 203
239 204
239 205
239 206
239 207
239 208
239 209
239 210
239 212
239 219
239 288
239 293
239 307
239 308
239 309
239 310
239 311
239 328
239 329
239 330
239 331
239 332
239 341
239 345
240 139
240 140
240 141
240 142
240 143
240 144
240 145
240 146
240 194
240 195
240 196
240 197
240 198
240 199
240 200
240 201
240 212
240 219
240 288
240 293
240 301
240 302
240 303
240 304
240 305
240 306
240 323
240 324
240 325
240 326
240 327
240 342
240 345
241 131
241 132
241 133
241 134
241 135
241 136
241 137
241 138
241 186
241 187
241 188
241 189
241 190
241 191
241 192
241 193
241 212
241 219
241 288
241 293
241 296
241 297
241 298
241 299
241 300
241 319
241 320
241 321
241 322
241 342
242 123
242 124
242 125
242 126
242 127
242 128
242 129
242 130
242 178
242 179
242 180
242 181
242 182
242 183
242 184
242 185
242 212
242 219
242 288
242 293
242 295
242 314
242 315
242 316
242 317
242 318
243 116
243 117
243 118
243 119
243 120
243 121
243 122
243 169
243 170
243 171
243 172
243 173
243 174
243 175
243 176
243 177
243 212
243 219
243 285
243 286
243 287
243 288
243 291
243 309
243 310
243 311
243 312
243 313
244 108
244 109
244 110
244 111
244 112
244 113
244 114
244 115
244 161
244 162
244 163
244 164
244 165
244 166
244 167
244 168
244 212
244 219
244 280
244 281
244 282
244 283
244 284
244 290
244 292
244 303
244 304
244 305
244 306
244 307
244 308
244 312
245 99
245 100
245 101
245 102
245 103
245 104
245 105
245 106
245 107
245 153
245 154
245 155
245 156
245 157
245 158
245 159
245 160
245 212
245 219
245 275
245 276
245 277
245 278
245 279
245 289
245 292
245 298
245 299
245 300
245 301
245 302
246 92
246 93
246 94
246 95
246 96
246 97
246 98
246 146
246 147
246 148
246 149
246 150
246 151
246 152
246 212
246 219
246 269
246 270
246 271
246 272
246 273
246 274
246 290
246 291
246 292
246 295
246 296
246 297
247 84
247 85
247 86
247 87
247 88
247 89
247 90
247 91
247 137
247 138
247 139
247 140
247 141
247 142
247 143
247 144
247 145
247 212
247 219
247 264
247 265
247 266
247 267
247 268
247 294
248 77
248 78
248 79
248 80
248 81
248 82
248 83
248 128
248 129
248 130
248 131
248 132
248 133
248 134
248 135
248 136
248 213
248 219
248 259
248 260
248 261
248 262
248 263
248 283
248 284
248 285
248 286
248 287
248 288
248 293
249 68
249 69
249 70
249 71
249 72
249 73
249 74
249 75
249 76
249 120
249 121
249 122
249 123
249 124
249 125
249 126
249 127
249 144
249 213
249 219
249 253
249 254
249 255
249 256
249 257
249 258
249 278
249 279
249 280
249 281
249 282
249 288
250 60
250 61
250 62
250 63
250 64
250 65
250 66
250 67
250 112
250 113
250 114
250 115
250 116
250 117
250 118
250 119
250 144
250 213
250 219
250 248
250 249
250 250
250 251
250 252
250 274
250 275
250 276
250 277
251 53
251 54
251 55
251 56
251 57
251 58
251 59
251 104
251 105
251 106
251 107
251 108
251 109
251 110
251 111
251 144
251 213
251 219
251 243
251 244
251 245
251 246
251 247
251 268
251 269
251 270
251 271
251 272
251 273
252 45
252 46
252 47
252 48
252 49
252 50
252 51
252 52
252 100
252 101
252 102
252 103
252 145
252 213
252 219
252 236
252 237
252 238
252 239
252 240
252 241
252 242
252 263
252 264
252 265
252 266
252 267
253 38
253 39
253 40
253 41
253 42
253 43
253 44
253 99
253 145
253 213
253 219
253 231
253 232
253 233
253 234
253 235
253 258
253 259
253 260
253 261
253 262
254 29
254 30
254 31
254 32
254 33
254 34
254 35
254 36
254 37
254 90
254 98
254 145
254 213
254 219
254 226
254 227
254 228
254 229
254 230
254 253
254 254
254 255
254 256
254 257
255 21
255 22
255 23
255 24
255 25
255 26
255 27
255 28
255 83
255 84
255 85
255 86
255 87
255 88
255 89
255 91
255 98
255 145
255 213
255 220
255 221
255 222
255 223
255 224
255 225
255 249
255 250
255 251
255 252
256 20
256 82
256 91
256 98
256 145
256 213
256 248
257 14
257 15
257 16
257 17
257 18
257 19
257 76
257 77
257 78
257 79
257 80
257 81
257 91
257 98
257 145
257 213
257 244
257 245
258 6
258 7
258 8
258 9
258 10
258 11
258 12
258 13
258 70
258 71
258 72
258 73
258 74
258 75
258 91
258 98
258 145
258 209
258 210
258 211
258 212
258 213
258 216
258 217
258 218
258 239
258 240
259 0
259 1
259 2
259 3
259 4
259 5
259 62
259 63
259 64
259 65
259 66
259 67
259 68
259 69
259 91
259 98
259 145
259 203
259 204
259 205
259 206
259 207
259 208
259 215
259 219
259 233
259 234
259 235
259 236
260 55
260 56
260 57
260 58
260 59
260 60
260 61
260 91
260 98
260 146
260 198
260 199
260 200
260 201
260 202
260 214
260 219
260 228
260 229
260 230
260 231
261 48
261 49
261 50
261 51
261 52
261 53
261 54
261 91
261 98
261 146
261 192
261 193
261 194
261 195
261 196
261 197
261 214
261 219
261 223
261 224
261 225
261 226
262 41
262 42
262 43
262 44
262 45
262 46
262 47
262 91
262 98
262 147
262 187
262 188
262 189
262 190
262 191
262 215
262 216
262 217
262 218
262 221
263 33
263 34
263 35
263 36
263 37
263 38
263 39
263 40
263 91
263 98
263 147
263 182
263 183
263 184
263 185
263 186
263 221
264 26
264 27
264 28
264 29
264 30
264 31
264 32
264 91
264 98
264 148
264 176
264 177
264 178
264 179
264 180
264 181
264 209
264 210
264 211
264 212
264 221
265 20
265 21
265 22
265 23
265 24
265 25
265 91
265 98
265 148
265 149
265 171
265 172
265 173
265 174
265 175
265 203
265 204
265 205
265 206
265 207
265 208
265 213
265 221
266 13
266 14
266 15
266 16
266 17
266 18
266 19
266 91
266 99
266 149
266 150
266 164
266 165
266 166
266 167
266 168
266 169
266 170
266 198
266 199
266 200
266 201
266 202
266 213
266 220
267 6
267 7
267 8
267 9
267 10
267 11
267 12
267 91
267 99
267 150
267 151
267 159
267 160
267 161
267 162
267 163
267 194
267 195
267 196
267 197
267 213
267 220
268 0
268 1
268 2
268 3
268 4
268 5
268 92
268 99
268 153
268 154
268 155
268 156
268 157
268 158
268 189
268 190
268 191
268 192
268 193
268 213
268 220
269 92
269 99
269 148
269 149
269 150
269 151
269 152
269 153
269 184
269 185
269 186
269 187
269 188
269 214
270 92
270 99
270 143
270 144
270 145
270 146
270 147
270 179
270 180
270 181
270 182
270 183
271 92
271 99
271 137
271 138
271 139
271 140
271 141
271 142
271 174
271 175
271 176
271 177
271 178
272 92
272 99
272 131
272 132
272 133
272 134
272 135
272 136
272 169
272 170
272 171
272 172
272 173
273 92
273 99
273 126
273 127
273 128
273 129
273 130
273 164
273 165
273 166
273 167
273 168
274 92
274 99
274 120
274 121
274 122
274 123
274 124
274 125
274 159
274 160
274 161
274 162
274 163
275 92
275 99
275 115
275 116
275 117
275 118
275 119
275 154
275 155
275 156
275 157
275 158
276 92
276 99
276 110
276 111
276 112
276 113
276 114
276 149
276 150
276 151
276 152
276 153
277 92
277 99
277 104
277 105
277 106
277 107
277 108
277 109
277 144
277 145
277 146
277 147
277 148
278 92
278 100
278 101
278 102
278 103
278 140
278 141
278 142
278 143
279 92
279 134
279 135
279 136
279 137
279 138
279 139
280 92
280 129
280 130
280 131
280 132
280 133
281 87
281 88
281 89
281 90
281 91
281 124
281 125
281 126
281 127
281 128
282 82
282 83
282 84
282 85
282 86
282 119
282 120
282 121
282 122
282 123
283 77
283 78
283 79
283 80
283 81
283 115
283 116
283 117
283 118
284 72
284 73
284 74
284 75
284 76
284 110
284 111
284 112
284 113
284 114
285 66
285 67
285 68
285 69
285 70
285 71
285 105
285 106
285 107
285 108
285 109
286 61
286 62
286 63
286 64
286 65
286 102
286 103
286 104
287 56
287 57
287 58
287 59
287 60
287 101
288 51
288 52
288 53
288 54
288 55
288 87
288 88
288 89
288 90
288 91
288 92
288 100
288 1278
288 1279
289 46
289 47
289 48
289 49
289 50
289 82
289 83
289 84
289 85
289 86
289 92
289 100
290 41
290 42
290 43
290 44
290 45
290 77
290 78
290 79
290 80
290 81
290 92
290 100
291 36
291 37
291 38
291 39
291 40
291 72
291 73
291 74
291 75
291 76
291 92
291 100
292 30
292 31
292 32
292 33
292 34
292 35
292 66
292 67
292 68
292 69
292 70
292 71
292 92
292 100
293 25
293 26
293 27
293 28
293 29
293 61
293 62
293 63
293 64
293 65
293 92
293 100
294 20
294 21
294 22
294 23
294 24
294 56
294 57
294 58
294 59
294 60
294 92
294 100
295 15
295 16
295 17
295 18
295 19
295 51
295 52
295 53
295 54
295 55
295 92
295 100
296 10
296 11
296 12
296 13
296 14
296 46
296 47
296 48
296 49
296 50
296 92
296 100
297 5
297 6
297 7
297 8
297 9
297 41
297 42
297 43
297 44
297 45
297 92
297 100
298 4
298 40
298 92
299 0
299 1
299 2
299 3
299 36
299 37
299 38
299 39
300 30
300 31
300 32
300 33
300 34
300 35
301 25
301 26
301 27
301 28
301 29
302 20
302 21
302 22
302 23
302 24
303 15
303 16
303 17
303 18
303 19
304 10
304 11
304 12
304 13
304 14
305 5
305 6
305 7
305 8
305 9
306 0
306 1
306 2
306 3
306 4
