0 489
0 493
0 518
0 691
1 489
1 493
1 519
1 691
2 489
2 492
2 493
2 519
2 691
3 489
3 492
3 519
3 691
4 489
4 490
4 519
4 692
5 490
5 492
5 520
5 692
6 490
6 492
6 520
6 692
7 520
7 692
8 520
8 693
9 520
9 693
9 694
10 517
10 520
10 694
11 516
11 518
11 519
11 694
12 517
12 518
12 693
13 517
13 694
14 517
14 694
15 518
15 693
15 694
16 518
16 519
16 520
16 521
16 693
17 522
17 523
17 692
18 524
18 525
18 693
19 525
19 693
19 694
20 526
20 694
20 695
21 526
21 527
21 695
21 696
22 527
22 528
22 529
22 696
23 530
23 534
23 696
24 531
24 532
24 533
24 535
24 694
24 695
24 696
25 536
25 692
25 693
25 698
26 536
26 537
26 691
26 692
26 696
26 698
27 537
27 538
27 539
27 690
27 691
27 696
27 697
27 698
28 537
28 690
29 536
29 537
29 538
29 539
29 689
30 535
30 689
31 535
31 537
31 540
31 541
31 689
32 534
32 542
32 689
33 543
33 688
34 543
34 544
34 689
34 690
34 691
35 541
35 542
35 544
35 545
35 546
35 547
35 548
35 551
35 552
35 553
35 554
35 692
36 540
36 548
36 549
36 550
36 555
36 692
37 541
37 542
37 556
37 692
38 556
38 690
38 691
39 557
39 690
40 557
40 689
41 557
41 689
42 557
42 689
43 557
43 689
44 556
44 557
44 690
45 555
45 556
45 690
45 691
46 555
46 691
47 557
47 558
47 559
47 560
47 692
48 561
48 692
49 562
49 692
50 562
50 691
50 692
51 562
51 689
51 690
52 562
52 688
53 561
53 688
54 561
54 678
54 679
54 680
54 681
54 682
54 683
54 684
54 685
54 689
54 690
55 561
55 677
55 686
55 691
55 692
56 560
56 677
56 687
56 692
57 560
57 674
57 675
57 676
57 677
57 687
57 692
58 560
58 672
58 673
58 687
58 691
58 692
59 560
59 672
59 687
59 690
59 691
60 560
60 561
60 672
60 687
60 689
61 561
61 562
61 672
62 562
62 672
63 563
63 672
64 563
64 672
65 563
65 673
66 563
66 674
67 563
67 564
67 565
67 675
68 566
68 567
68 675
68 676
69 567
69 657
69 677
69 678
69 679
70 568
70 656
70 658
70 659
70 665
70 666
70 667
70 680
70 681
71 568
71 569
71 653
71 654
71 659
71 660
71 665
71 667
71 674
71 675
71 676
71 677
71 678
71 682
71 683
71 684
72 569
72 652
72 660
72 661
72 664
72 667
72 671
72 672
72 673
72 678
72 679
72 685
72 686
73 569
73 652
73 661
73 664
73 668
73 670
73 679
73 686
74 568
74 569
74 652
74 661
74 664
74 668
74 679
74 685
74 686
75 567
75 651
75 652
75 661
75 664
75 672
75 674
75 679
75 685
76 568
76 569
76 570
76 651
76 661
76 664
76 671
76 679
76 685
77 571
77 650
77 661
77 664
77 671
77 673
77 679
77 685
78 571
78 650
78 662
78 670
78 679
78 685
79 571
79 646
79 647
79 662
79 664
79 680
79 681
79 682
79 683
79 684
80 571
80 645
80 648
80 651
80 652
81 570
81 644
81 652
82 571
82 644
82 650
82 651
82 652
83 571
83 644
84 571
84 644
85 571
85 643
86 572
86 573
86 643
87 574
87 575
87 643
88 575
88 643
88 912
89 575
89 643
89 912
90 576
90 643
90 912
91 576
91 643
91 902
91 912
92 577
92 639
92 640
92 641
92 642
92 902
92 912
92 1022
93 577
93 578
93 637
93 638
93 902
93 913
93 1022
94 578
94 637
94 903
94 913
94 1022
95 578
95 636
95 903
95 913
95 1022
96 578
96 635
96 636
96 903
96 913
96 1023
97 579
97 635
97 903
97 913
97 1023
98 580
98 581
98 634
98 903
98 913
98 1023
99 581
99 634
99 903
99 913
99 1023
100 581
100 634
100 904
100 913
100 1023
101 581
101 633
101 904
101 914
101 1023
102 581
102 633
102 904
102 914
102 1024
103 581
103 633
103 904
103 914
103 1024
104 581
104 632
104 904
104 914
104 1024
105 581
105 632
105 904
105 914
105 1024
106 578
106 579
106 580
106 631
106 905
106 914
106 1024
107 576
107 577
107 631
107 905
107 914
107 1024
108 572
108 574
108 575
108 576
108 631
108 905
108 915
108 1024
109 631
109 905
109 915
109 1025
109 1052
110 573
110 574
110 631
110 905
110 915
110 1025
110 1052
111 574
111 632
111 906
111 915
111 1025
111 1052
112 575
112 630
112 906
112 916
112 1025
112 1052
113 575
113 628
113 629
113 906
113 916
113 1025
113 1052
114 576
114 626
114 627
114 906
114 916
114 1025
114 1053
115 577
115 578
115 626
115 906
115 916
115 1025
115 1053
116 579
116 580
116 583
116 626
116 906
116 917
116 1026
116 1053
117 580
117 581
117 582
117 584
117 616
117 617
117 618
117 619
117 626
117 907
117 917
117 1026
117 1053
118 584
118 614
118 615
118 620
118 626
118 907
118 917
118 1026
118 1053
119 584
119 614
119 620
119 625
119 907
119 917
119 1026
119 1053
120 583
120 612
120 613
120 620
120 625
120 907
120 918
120 1026
120 1053
121 583
121 611
121 620
121 626
121 908
121 918
121 1026
121 1053
122 583
122 610
122 619
122 622
122 626
122 908
122 918
122 1027
122 1053
123 583
123 590
123 591
123 592
123 593
123 610
123 622
123 626
123 908
123 918
123 991
123 1027
123 1054
124 583
124 588
124 589
124 593
124 594
124 610
124 623
124 624
124 625
124 626
124 908
124 919
124 991
124 1027
124 1054
125 583
125 584
125 587
125 588
125 595
125 596
125 609
125 610
125 909
125 919
125 991
125 1027
125 1054
126 584
126 587
126 596
126 608
126 609
126 909
126 919
126 991
126 1027
126 1054
127 585
127 586
127 596
127 607
127 608
127 909
127 919
127 992
127 1027
127 1054
128 596
128 606
128 910
128 920
128 992
128 1027
128 1055
129 596
129 605
129 910
129 920
129 992
129 1028
129 1055
130 597
130 605
130 910
130 920
130 992
130 1028
130 1056
131 597
131 598
131 604
131 910
131 920
131 992
131 1028
131 1056
132 598
132 603
132 604
132 911
132 921
132 992
132 1028
132 1057
133 599
133 600
133 601
133 602
133 603
133 911
133 921
133 993
133 1028
133 1057
134 911
134 921
134 993
134 1028
134 1058
135 912
135 921
135 993
135 1029
135 1058
136 912
136 921
136 993
136 1029
136 1057
137 912
137 922
137 993
137 1029
137 1057
138 913
138 922
138 993
138 1029
138 1057
139 913
139 922
139 994
139 1029
139 1057
140 913
140 922
140 994
140 1029
140 1056
141 913
141 923
141 994
141 1029
141 1056
142 914
142 923
142 994
142 1030
142 1056
143 914
143 923
143 994
143 1030
143 1056
144 914
144 923
144 994
144 1030
144 1056
145 794
145 914
145 923
145 994
145 1030
145 1056
146 794
146 915
146 924
146 995
146 1030
146 1056
147 794
147 915
147 924
147 995
147 1030
147 1056
148 794
148 915
148 924
148 995
148 1030
148 1057
149 794
149 915
149 924
149 995
149 1031
149 1057
150 794
150 915
150 925
150 995
150 1031
150 1057
151 794
151 916
151 925
151 995
151 1031
151 1057
152 794
152 916
152 925
152 996
152 1031
152 1057
153 794
153 916
153 925
153 996
153 1031
153 1057
154 795
154 916
154 925
154 996
154 1031
154 1057
155 795
155 916
155 926
155 996
155 1032
155 1057
156 795
156 917
156 926
156 996
156 1032
156 1057
157 795
157 917
157 926
157 996
157 1032
157 1057
158 795
158 917
158 926
158 997
158 1032
158 1058
159 795
159 917
159 927
159 997
159 1032
159 1058
160 795
160 917
160 927
160 997
160 1032
160 1058
161 784
161 795
161 918
161 927
161 997
161 1032
161 1058
162 784
162 795
162 918
162 927
162 997
162 1032
162 1058
163 784
163 795
163 918
163 927
163 997
163 1032
163 1058
164 784
164 796
164 918
164 928
164 998
164 1033
164 1058
165 784
165 796
165 918
165 928
165 998
165 1033
165 1058
166 784
166 797
166 918
166 928
166 998
166 1033
166 1058
167 784
167 797
167 918
167 928
167 998
167 1033
167 1059
168 785
168 798
168 918
168 929
168 998
168 1033
168 1059
169 785
169 798
169 918
169 929
169 998
169 1033
169 1059
170 785
170 798
170 918
170 929
170 999
170 1033
170 1059
171 785
171 798
171 918
171 929
171 999
171 1033
171 1059
172 785
172 798
172 918
172 929
172 999
172 1033
172 1059
173 786
173 798
173 918
173 929
173 999
173 1033
173 1059
174 786
174 798
174 918
174 929
174 1000
174 1033
174 1059
175 786
175 798
175 918
175 929
175 1000
175 1034
175 1060
176 786
176 798
176 918
176 929
176 1000
176 1034
176 1060
177 786
177 799
177 918
177 929
177 1000
177 1034
177 1060
178 786
178 799
178 918
178 929
178 1001
178 1034
178 1060
179 787
179 799
179 918
179 929
179 1001
179 1034
179 1060
180 787
180 799
180 919
180 929
180 1001
180 1034
180 1060
181 787
181 799
181 919
181 929
181 1001
181 1034
181 1060
182 787
182 799
182 919
182 1002
182 1034
182 1060
183 787
183 799
183 919
183 1002
183 1034
183 1060
184 787
184 919
184 1002
184 1034
184 1061
185 580
185 581
185 787
185 919
185 1002
185 1035
185 1061
186 578
186 579
186 787
186 920
186 1003
186 1035
186 1061
187 571
187 572
187 573
187 574
187 575
187 576
187 577
187 582
187 583
187 584
187 585
187 586
187 587
187 588
187 589
187 788
187 920
187 1003
187 1035
187 1061
188 570
188 590
188 788
188 920
188 1003
188 1035
188 1061
189 569
189 591
189 788
189 920
189 1003
189 1035
190 567
190 568
190 569
190 591
190 788
190 920
190 1004
190 1035
191 592
191 593
191 920
191 1004
191 1033
191 1034
192 594
192 921
192 1004
192 1032
193 493
193 494
193 495
193 496
193 497
193 498
193 499
193 500
193 565
193 594
193 921
193 1004
193 1031
194 491
194 492
194 501
194 565
194 594
194 921
194 1004
194 1029
194 1030
195 485
195 486
195 487
195 488
195 489
195 490
195 491
195 502
195 503
195 566
195 594
195 1005
195 1028
196 470
196 471
196 472
196 473
196 474
196 475
196 476
196 477
196 478
196 479
196 480
196 481
196 482
196 483
196 484
196 504
196 505
196 566
196 594
196 1005
196 1027
197 460
197 461
197 462
197 463
197 464
197 465
197 466
197 467
197 468
197 469
197 506
197 507
197 517
197 518
197 519
197 566
197 595
197 1005
197 1025
197 1026
198 455
198 456
198 457
198 458
198 459
198 507
198 508
198 516
198 520
198 565
198 595
198 1005
198 1024
199 453
199 454
199 508
199 515
199 565
199 595
199 788
199 1006
199 1023
200 450
200 451
200 452
200 509
200 565
200 789
200 1006
200 1021
200 1022
201 447
201 448
201 449
201 509
201 510
201 511
201 512
201 513
201 514
201 515
201 520
201 789
201 802
201 1006
201 1020
202 445
202 446
202 515
202 520
202 789
202 802
202 1006
202 1020
203 443
203 444
203 515
203 520
203 789
203 802
203 1007
203 1020
204 441
204 442
204 511
204 515
204 520
204 789
204 802
204 1007
204 1021
205 440
205 441
205 511
205 512
205 515
205 520
205 789
205 802
205 1007
205 1021
206 438
206 439
206 440
206 512
206 515
206 521
206 789
206 802
206 1007
206 1021
207 436
207 437
207 513
207 515
207 521
207 789
207 802
207 1008
207 1021
208 435
208 436
208 513
208 515
208 521
208 789
208 802
208 1008
208 1022
209 434
209 435
209 516
209 521
209 789
209 802
209 1008
209 1022
210 433
210 434
210 516
210 521
210 789
210 802
210 1008
210 1022
211 433
211 516
211 521
211 789
211 803
211 1009
211 1022
212 432
212 516
212 517
212 521
212 789
212 803
212 1009
212 1023
213 432
213 517
213 521
213 789
213 803
213 1009
213 1023
214 431
214 517
214 521
214 789
214 803
214 1009
214 1023
215 431
215 518
215 521
215 789
215 803
215 1010
215 1024
215 1025
216 431
216 518
216 521
216 790
216 803
216 1010
216 1026
217 430
217 518
217 521
217 790
217 803
217 1010
217 1027
217 1028
218 428
218 429
218 430
218 519
218 521
218 790
218 803
218 1029
219 425
219 426
219 427
219 519
219 521
219 1030
219 1031
220 423
220 424
220 426
220 519
220 521
220 1032
221 421
221 422
221 426
221 520
221 521
221 1033
221 1034
222 1035
223 422
223 519
223 1036
223 1037
224 423
224 424
224 425
224 519
224 1038
225 519
225 1038
226 424
226 425
226 519
226 1038
227 423
227 424
227 520
227 1039
228 422
228 423
228 520
228 1039
229 420
229 421
229 520
229 1039
230 419
230 420
230 520
230 1039
231 418
231 419
231 520
231 1039
232 417
232 418
232 520
232 1039
233 417
233 520
233 1040
234 416
234 520
234 1040
235 416
235 520
235 1040
236 415
236 520
236 1040
237 415
237 520
237 1040
238 415
238 520
238 1041
239 414
239 520
239 1041
240 414
240 520
240 1041
241 414
241 1041
242 414
242 1041
243 414
243 1042
244 414
244 1042
245 1042
246 1042
247 1042
248 1042
249 1043
250 1043
250 1044
251 1043
251 1045
252 1045
253 319
253 320
253 321
253 322
253 323
253 324
253 325
253 326
253 327
253 328
253 329
253 330
253 331
253 332
253 1045
254 317
254 318
254 333
254 1045
255 317
255 333
255 1045
256 316
256 333
256 1045
257 316
257 333
257 1045
258 316
258 333
258 1045
258 1074
259 316
259 333
259 1045
259 1073
260 316
260 333
260 1045
260 1073
261 316
261 333
261 1045
261 1074
262 316
262 333
262 1045
262 1074
263 316
263 333
263 1045
263 1074
264 316
264 327
264 328
264 329
264 330
264 331
264 332
264 333
264 1045
264 1074
265 317
265 318
265 319
265 320
265 323
265 325
265 326
265 1045
265 1074
266 321
266 322
266 324
266 325
266 1045
266 1074
267 321
267 324
267 1045
267 1074
268 321
268 324
268 1045
268 1074
269 321
269 324
269 1045
269 1074
270 321
270 324
270 1045
270 1075
271 1045
271 1075
272 1045
272 1075
273 1045
273 1075
274 1045
274 1075
275 1045
275 1075
276 1075
277 1075
278 1076
279 1076
296 1278
296 1279
