0 489
0 645
0 861
0 864
0 880
0 890
0 1230
1 489
1 645
1 861
1 864
1 880
1 890
1 1230
2 490
2 525
2 526
2 527
2 528
2 529
2 530
2 531
2 532
2 533
2 534
2 535
2 536
2 537
2 538
2 539
2 646
2 860
2 861
2 864
2 880
2 890
2 1230
3 490
3 525
3 540
3 541
3 542
3 543
3 544
3 545
3 546
3 547
3 646
3 647
3 860
3 864
3 880
3 890
3 1230
4 490
4 525
4 526
4 548
4 549
4 550
4 551
4 647
4 648
4 859
4 864
4 880
4 890
4 1230
5 491
5 526
5 527
5 552
5 553
5 554
5 636
5 637
5 638
5 639
5 640
5 641
5 642
5 643
5 644
5 649
5 858
5 859
5 864
5 880
5 890
5 1230
6 491
6 527
6 528
6 555
6 556
6 634
6 635
6 645
6 646
6 649
6 857
6 858
6 864
6 880
6 889
6 1230
7 491
7 528
7 529
7 556
7 557
7 634
7 646
7 647
7 648
7 649
7 857
7 864
7 880
7 889
7 1230
8 492
8 529
8 530
8 557
8 558
8 633
8 858
8 859
8 864
8 880
8 889
8 1207
8 1208
8 1209
8 1230
9 492
9 531
9 532
9 559
9 560
9 631
9 632
9 859
9 864
9 880
9 889
9 1206
9 1210
9 1211
9 1212
9 1213
9 1214
9 1215
9 1216
9 1217
9 1218
9 1219
9 1220
9 1221
9 1222
9 1230
10 492
10 532
10 560
10 561
10 629
10 630
10 860
10 864
10 880
10 890
10 1205
10 1223
10 1224
10 1225
10 1226
10 1227
10 1228
10 1229
11 493
11 532
11 561
11 562
11 627
11 628
11 860
11 865
11 880
11 890
11 1205
12 493
12 494
12 495
12 496
12 497
12 498
12 499
12 500
12 501
12 502
12 503
12 504
12 505
12 506
12 507
12 508
12 509
12 510
12 511
12 512
12 513
12 514
12 531
12 563
12 564
12 627
12 860
12 865
12 880
12 890
12 1205
13 515
13 516
13 531
13 564
13 565
13 566
13 627
13 861
13 865
13 880
13 891
13 1205
14 517
14 518
14 531
14 567
14 568
14 628
14 861
14 865
14 880
14 891
14 1204
15 518
15 530
15 568
15 628
15 629
15 630
15 631
15 636
15 637
15 861
15 865
15 880
15 892
15 1204
16 519
16 530
16 569
16 632
16 633
16 634
16 635
16 638
16 847
16 848
16 849
16 850
16 860
16 865
16 880
16 892
16 1204
17 519
17 520
17 529
17 570
17 639
17 846
17 851
17 852
17 853
17 854
17 855
17 856
17 857
17 858
17 859
17 865
17 880
17 893
17 1204
18 520
18 521
18 522
18 523
18 524
18 529
18 571
18 639
18 845
18 865
18 881
18 893
18 894
18 1203
19 525
19 526
19 529
19 571
19 572
19 573
19 640
19 646
19 647
19 648
19 844
19 845
19 865
19 881
19 894
19 895
19 1203
20 527
20 574
20 575
20 641
20 642
20 646
20 843
20 844
20 865
20 881
20 896
20 897
20 1203
21 575
21 576
21 642
21 841
21 842
21 863
21 865
21 881
21 897
21 898
21 1203
22 576
22 642
22 647
22 649
22 840
22 841
22 861
22 862
22 865
22 881
22 898
22 899
22 1202
23 576
23 642
23 646
23 647
23 649
23 839
23 840
23 860
23 861
23 865
23 881
23 899
23 900
23 1201
23 1202
24 576
24 642
24 643
24 644
24 645
24 650
24 838
24 839
24 859
24 860
24 865
24 881
24 900
24 901
24 1201
25 576
25 650
25 651
25 838
25 857
25 858
25 865
25 881
25 902
25 903
25 1200
26 576
26 651
26 838
26 855
26 856
26 865
26 882
26 903
26 904
26 1199
26 1200
27 576
27 649
27 650
27 651
27 838
27 854
27 855
27 865
27 882
27 904
27 905
27 1199
28 577
28 646
28 647
28 648
28 839
28 849
28 850
28 851
28 852
28 853
28 865
28 882
28 884
28 885
28 905
28 906
28 1198
29 577
29 645
29 840
29 841
29 842
29 847
29 848
29 881
29 885
29 886
29 892
29 893
29 894
29 895
29 896
29 897
29 898
29 899
29 906
29 907
29 1198
30 577
30 644
30 843
30 844
30 845
30 846
30 847
30 865
30 881
30 886
30 887
30 891
30 900
30 901
30 902
30 903
30 908
30 909
30 1197
31 577
31 644
31 863
31 865
31 881
31 887
31 890
31 904
31 905
31 906
31 1162
31 1163
31 1164
31 1165
31 1166
31 1197
32 577
32 644
32 861
32 862
32 865
32 881
32 888
32 890
32 908
32 910
32 1162
32 1167
32 1168
32 1196
32 1197
33 577
33 644
33 860
33 861
33 864
33 865
33 881
33 888
33 1161
33 1169
33 1170
33 1171
33 1195
33 1196
34 577
34 643
34 860
34 862
34 863
34 864
34 866
34 881
34 1151
34 1152
34 1161
34 1172
34 1173
34 1193
34 1194
34 1273
34 1274
35 564
35 565
35 566
35 577
35 643
35 866
35 881
35 1137
35 1138
35 1139
35 1150
35 1151
35 1153
35 1160
35 1174
35 1175
35 1176
35 1192
35 1193
35 1271
35 1272
35 1275
35 1276
35 1277
35 1278
35 1279
36 563
36 566
36 578
36 579
36 643
36 866
36 881
36 1137
36 1139
36 1150
36 1154
36 1155
36 1156
36 1157
36 1158
36 1159
36 1160
36 1177
36 1178
36 1179
36 1191
36 1192
36 1270
36 1271
37 564
37 565
37 566
37 579
37 580
37 643
37 653
37 654
37 866
37 881
37 1136
37 1140
37 1149
37 1180
37 1181
37 1189
37 1190
37 1269
37 1270
38 577
38 578
38 644
38 651
38 652
38 653
38 655
38 866
38 881
38 1136
38 1140
38 1141
38 1148
38 1149
38 1182
38 1183
38 1184
38 1185
38 1186
38 1187
38 1188
38 1189
38 1268
38 1269
39 571
39 572
39 573
39 574
39 575
39 576
39 644
39 645
39 649
39 650
39 655
39 866
39 881
39 1135
39 1142
39 1143
39 1144
39 1145
39 1146
39 1147
39 1267
39 1268
40 569
40 570
40 646
40 647
40 648
40 656
40 866
40 881
40 1135
40 1266
40 1267
41 569
41 653
41 656
41 657
41 866
41 881
41 1134
41 1265
41 1266
42 568
42 652
42 654
42 658
42 866
42 881
42 1134
42 1264
43 569
43 650
43 651
43 654
43 658
43 866
43 881
43 944
43 945
43 946
43 1119
43 1120
43 1121
43 1122
43 1123
43 1124
43 1125
43 1126
43 1127
43 1128
43 1129
43 1130
43 1131
43 1132
43 1133
43 1134
43 1263
44 570
44 571
44 572
44 649
44 654
44 658
44 866
44 881
44 943
44 1117
44 1118
44 1260
44 1261
44 1262
45 573
45 574
45 575
45 576
45 577
45 578
45 579
45 648
45 655
45 656
45 657
45 658
45 866
45 881
45 942
45 946
45 1115
45 1116
45 1260
46 580
46 581
46 648
46 866
46 881
46 942
46 945
46 1115
46 1260
46 1261
47 581
47 648
47 866
47 881
47 942
47 945
47 1114
47 1261
47 1262
48 582
48 648
48 866
48 881
48 886
48 887
48 888
48 941
48 944
48 1114
48 1243
48 1244
48 1245
48 1246
48 1247
48 1255
48 1262
48 1263
49 582
49 643
49 644
49 645
49 646
49 648
49 866
49 881
49 884
49 885
49 889
49 942
49 943
49 1114
49 1240
49 1241
49 1242
49 1248
49 1249
49 1250
49 1251
49 1252
49 1253
49 1254
49 1256
49 1257
49 1263
49 1264
49 1265
49 1266
49 1267
49 1268
49 1269
49 1270
50 582
50 642
50 646
50 648
50 866
50 882
50 883
50 884
50 890
50 941
50 943
50 1114
50 1238
50 1239
50 1257
50 1271
51 582
51 641
51 866
51 882
51 890
51 941
51 942
51 943
51 1114
51 1115
51 1238
51 1258
51 1271
52 583
52 584
52 641
52 866
52 881
52 891
52 895
52 896
52 897
52 898
52 899
52 900
52 901
52 1115
52 1237
52 1258
52 1271
53 584
53 641
53 866
53 882
53 892
53 893
53 894
53 901
53 1116
53 1237
53 1259
53 1271
54 584
54 639
54 640
54 882
54 901
54 1116
54 1117
54 1237
54 1259
54 1260
54 1270
55 583
55 639
55 642
55 643
55 644
55 866
55 882
55 901
55 1117
55 1237
55 1261
55 1262
55 1270
56 582
56 583
56 645
56 861
56 862
56 863
56 864
56 867
56 882
56 901
56 1117
56 1236
56 1237
56 1262
56 1270
57 582
57 645
57 859
57 860
57 867
57 882
57 901
57 1117
57 1233
57 1234
57 1235
57 1263
57 1269
57 1270
58 582
58 583
58 640
58 641
58 642
58 643
58 645
58 857
58 858
58 867
58 882
58 900
58 1117
58 1231
58 1232
58 1263
58 1267
58 1268
59 583
59 639
59 643
59 645
59 857
59 867
59 882
59 900
59 1117
59 1230
59 1264
59 1265
59 1266
60 583
60 639
60 857
60 858
60 859
60 860
60 861
60 867
60 882
60 900
60 1117
60 1229
61 582
61 639
61 640
61 834
61 835
61 836
61 837
61 838
61 839
61 840
61 841
61 842
61 843
61 862
61 863
61 864
61 865
61 866
61 867
61 882
61 900
61 1117
61 1229
62 583
62 641
62 832
62 833
62 844
62 845
62 867
62 882
62 900
62 901
62 1117
62 1229
63 583
63 584
63 641
63 830
63 831
63 846
63 847
63 867
63 882
63 901
63 902
63 1117
63 1229
64 584
64 585
64 640
64 828
64 829
64 835
64 836
64 837
64 838
64 839
64 840
64 848
64 849
64 867
64 882
64 904
64 905
64 906
64 907
64 908
64 909
64 1117
64 1229
65 586
65 587
65 639
65 828
65 831
65 832
65 833
65 834
65 841
65 850
65 851
65 852
65 853
65 854
65 855
65 856
65 857
65 867
65 882
65 901
65 902
65 903
65 910
65 911
65 1117
65 1228
66 587
66 639
66 828
66 829
66 830
66 841
66 858
66 859
66 860
66 867
66 882
66 899
66 900
66 912
66 913
66 914
66 915
66 1117
66 1229
66 1230
67 587
67 638
67 841
67 850
67 861
67 862
67 867
67 882
67 896
67 897
67 898
67 1117
67 1231
67 1232
67 1233
67 1234
67 1235
68 588
68 638
68 841
68 848
68 849
68 853
68 854
68 863
68 864
68 865
68 866
68 867
68 882
68 894
68 895
68 913
68 914
68 915
68 1117
68 1236
68 1237
68 1238
68 1246
68 1247
68 1248
68 1249
68 1250
69 588
69 638
69 813
69 814
69 815
69 840
69 841
69 848
69 854
69 855
69 867
69 882
69 892
69 893
69 912
69 1117
69 1239
69 1240
69 1241
69 1242
69 1243
69 1244
69 1245
69 1251
70 589
70 639
70 811
70 812
70 816
70 817
70 818
70 819
70 820
70 821
70 822
70 823
70 824
70 825
70 840
70 842
70 843
70 847
70 855
70 867
70 882
70 890
70 891
70 911
70 1117
70 1251
71 589
71 639
71 808
71 809
71 810
71 844
71 846
71 847
71 855
71 867
71 882
71 889
71 890
71 911
71 1116
71 1250
71 1251
72 590
72 640
72 806
72 807
72 825
72 844
72 846
72 855
72 867
72 882
72 888
72 889
72 910
72 911
72 1116
72 1249
72 1250
73 590
73 641
73 806
73 824
73 854
73 857
73 867
73 882
73 887
73 888
73 909
73 1115
73 1249
74 591
74 639
74 641
74 806
74 807
74 808
74 824
74 854
74 856
74 858
74 859
74 867
74 882
74 885
74 886
74 908
74 1091
74 1092
74 1093
74 1094
74 1095
74 1114
74 1115
74 1248
75 591
75 592
75 635
75 636
75 637
75 638
75 809
75 810
75 811
75 823
75 859
75 860
75 867
75 883
75 884
75 885
75 907
75 908
75 1088
75 1089
75 1090
75 1096
75 1097
75 1113
75 1114
75 1249
76 592
76 593
76 633
76 634
76 812
76 813
76 814
76 822
76 823
76 860
76 861
76 867
76 907
76 1084
76 1085
76 1086
76 1087
76 1098
76 1099
76 1111
76 1112
76 1113
76 1250
76 1251
77 593
77 594
77 632
77 815
77 816
77 817
77 818
77 819
77 820
77 821
77 861
77 862
77 863
77 864
77 865
77 867
77 883
77 884
77 885
77 906
77 1082
77 1083
77 1099
77 1100
77 1109
77 1110
77 1252
77 1253
78 594
78 631
78 867
78 882
78 885
78 886
78 906
78 1072
78 1073
78 1074
78 1075
78 1076
78 1077
78 1078
78 1079
78 1080
78 1081
78 1101
78 1102
78 1108
78 1109
78 1253
79 595
79 631
79 867
79 882
79 886
79 887
79 905
79 1071
79 1103
79 1104
79 1105
79 1106
79 1107
79 1253
80 595
80 596
80 632
80 867
80 882
80 887
80 905
80 1070
80 1253
81 597
81 633
81 634
81 867
81 882
81 888
81 905
81 1070
81 1232
81 1233
81 1234
81 1235
81 1236
81 1237
81 1238
81 1239
81 1240
81 1241
81 1242
81 1243
81 1244
81 1245
81 1246
81 1247
81 1248
81 1249
81 1250
81 1251
81 1252
81 1253
82 597
82 634
82 635
82 867
82 882
82 888
82 904
82 1070
82 1231
83 596
83 635
83 867
83 882
83 888
83 904
83 1070
83 1230
84 595
84 636
84 789
84 867
84 882
84 888
84 904
84 1070
84 1230
85 595
85 636
85 788
85 790
85 867
85 882
85 888
85 903
85 1070
85 1230
86 596
86 636
86 788
86 790
86 867
86 882
86 888
86 903
86 1070
86 1230
87 596
87 597
87 637
87 787
87 867
87 882
87 888
87 903
87 1070
87 1231
88 597
88 637
88 786
88 789
88 867
88 883
88 887
88 888
88 902
88 1070
88 1231
88 1232
89 598
89 637
89 785
89 786
89 867
89 883
89 887
89 902
89 1070
89 1232
89 1233
90 598
90 636
90 785
90 788
90 867
90 883
90 887
90 901
90 1070
90 1234
90 1235
91 598
91 635
91 636
91 784
91 787
91 867
91 883
91 887
91 888
91 901
91 1070
91 1235
91 1236
92 598
92 635
92 783
92 784
92 787
92 867
92 883
92 888
92 889
92 901
92 1070
92 1237
92 1238
93 598
93 631
93 632
93 633
93 634
93 782
93 783
93 786
93 867
93 883
93 889
93 900
93 901
93 1070
93 1238
93 1239
94 597
94 598
94 630
94 765
94 766
94 767
94 768
94 769
94 770
94 771
94 772
94 773
94 774
94 775
94 776
94 777
94 782
94 786
94 867
94 883
94 890
94 900
94 1070
94 1239
94 1240
95 597
95 629
95 763
95 764
95 778
95 779
95 780
95 781
95 786
95 867
95 883
95 890
95 899
95 1070
95 1241
95 1242
96 597
96 760
96 761
96 762
96 763
96 785
96 867
96 883
96 891
96 899
96 1070
97 597
97 629
97 631
97 632
97 759
97 785
97 867
97 883
97 891
97 898
97 899
97 1070
97 1240
97 1241
98 598
98 633
98 634
98 758
98 784
98 785
98 867
98 883
98 891
98 897
98 898
98 1070
98 1227
98 1228
98 1239
98 1240
99 598
99 611
99 612
99 613
99 634
99 635
99 755
99 756
99 757
99 784
99 867
99 883
99 891
99 897
99 1070
99 1226
99 1229
99 1230
99 1237
99 1238
100 585
100 586
100 587
100 598
100 610
100 611
100 614
100 615
100 635
100 751
100 752
100 753
100 754
100 783
100 867
100 883
100 891
100 896
100 1070
100 1225
100 1230
100 1231
100 1236
101 584
101 588
101 589
101 598
101 610
101 615
101 635
101 749
101 750
101 782
101 783
101 867
101 883
101 891
101 894
101 895
101 896
101 1070
101 1224
101 1225
101 1231
101 1232
101 1233
101 1234
101 1235
102 584
102 590
102 591
102 599
102 609
102 615
102 634
102 635
102 747
102 748
102 782
102 867
102 883
102 891
102 893
102 1070
102 1222
102 1223
103 584
103 592
103 593
103 599
103 609
103 615
103 633
103 634
103 746
103 781
103 867
103 883
103 1070
103 1208
103 1209
103 1210
103 1211
103 1212
103 1213
103 1214
103 1215
103 1216
103 1217
103 1218
103 1219
103 1220
103 1221
104 585
104 594
104 595
104 596
104 597
104 598
104 599
104 609
104 615
104 631
104 632
104 633
104 745
104 781
104 867
104 883
104 1071
104 1206
104 1207
105 585
105 608
105 615
105 629
105 630
105 745
105 782
105 867
105 883
105 1071
105 1204
105 1205
106 0
106 586
106 607
106 615
106 628
106 745
106 782
106 783
106 784
106 785
106 786
106 787
106 867
106 883
106 1071
106 1196
106 1197
106 1198
106 1199
106 1200
106 1201
106 1202
106 1203
107 1
107 586
107 587
107 588
107 589
107 607
107 616
107 617
107 618
107 628
107 735
107 736
107 737
107 745
107 788
107 789
107 867
107 883
107 1071
107 1195
108 1
108 590
108 591
108 592
108 593
108 607
108 619
108 630
108 734
108 737
108 745
108 790
108 867
108 883
108 1071
108 1195
109 1
109 594
109 605
109 606
109 607
109 620
109 630
109 733
109 737
109 745
109 790
109 867
109 883
109 1071
109 1195
110 1
110 595
110 603
110 604
110 620
110 621
110 625
110 626
110 627
110 628
110 629
110 630
110 730
110 731
110 732
110 738
110 746
110 790
110 867
110 883
110 1071
110 1196
111 1
111 595
111 603
111 622
111 625
111 729
111 738
111 746
111 790
111 867
111 883
111 1071
111 1196
112 1
112 596
112 597
112 599
112 600
112 601
112 603
112 622
112 624
112 729
112 738
112 746
112 790
112 867
112 883
112 1071
112 1196
113 1
113 596
113 598
113 601
113 622
113 624
113 729
113 738
113 746
113 790
113 867
113 883
113 1071
113 1197
114 1
114 596
114 598
114 721
114 730
114 738
114 746
114 790
114 867
114 883
114 1071
114 1197
115 1
115 596
115 598
115 720
115 722
115 731
115 732
115 738
115 746
115 789
115 790
115 867
115 883
115 1071
115 1198
116 1
116 595
116 596
116 720
116 722
116 733
116 734
116 738
116 746
116 787
116 788
116 867
116 883
116 1071
116 1198
117 1
117 592
117 593
117 594
117 595
117 598
117 719
117 720
117 722
117 723
117 734
117 735
117 738
117 747
117 781
117 782
117 783
117 784
117 785
117 786
117 853
117 854
117 855
117 856
117 857
117 858
117 867
117 883
117 1071
117 1198
118 1
118 591
118 596
118 719
118 723
118 724
118 735
118 736
118 738
118 747
118 773
118 774
118 775
118 776
118 777
118 778
118 779
118 780
118 852
118 859
118 860
118 861
118 862
118 863
118 864
118 865
118 866
118 883
118 985
118 986
118 987
118 1071
118 1199
119 1
119 592
119 593
119 594
119 600
119 718
119 724
119 725
119 726
119 727
119 728
119 736
119 738
119 747
119 767
119 768
119 769
119 770
119 771
119 772
119 782
119 851
119 867
119 883
119 985
119 988
119 989
119 990
119 991
119 992
119 993
119 994
119 1071
119 1199
120 1
120 598
120 600
120 706
120 707
120 718
120 729
120 730
120 731
120 732
120 733
120 734
120 735
120 736
120 738
120 747
120 763
120 764
120 765
120 766
120 777
120 778
120 779
120 780
120 851
120 867
120 883
120 984
120 995
120 996
120 1071
120 1200
121 1
121 598
121 599
121 600
121 706
121 708
121 709
121 710
121 717
121 739
121 747
121 762
121 776
121 850
121 867
121 883
121 984
121 996
121 1071
121 1200
122 1
122 706
122 711
122 717
122 739
122 747
122 761
122 776
122 850
122 867
122 883
122 983
122 996
122 1071
122 1197
122 1198
122 1199
122 1200
123 1
123 599
123 707
123 708
123 717
123 739
123 748
123 761
123 776
123 849
123 867
123 884
123 983
123 996
123 1071
123 1193
123 1194
123 1195
123 1196
124 1
124 598
124 600
124 710
124 717
124 739
124 748
124 761
124 776
124 849
124 867
124 884
124 983
124 996
124 1071
124 1189
124 1190
124 1191
124 1192
125 0
125 1
125 598
125 600
125 717
125 739
125 748
125 760
125 777
125 850
125 867
125 884
125 982
125 997
125 1071
125 1185
125 1186
125 1187
125 1188
126 597
126 598
126 718
126 739
126 748
126 760
126 777
126 851
126 852
126 867
126 884
126 981
126 997
126 1071
126 1182
126 1183
126 1184
127 596
127 597
127 599
127 618
127 619
127 620
127 718
127 739
127 748
127 758
127 759
127 777
127 852
127 853
127 867
127 884
127 928
127 929
127 952
127 981
127 997
127 1071
127 1181
128 596
128 599
128 618
128 621
128 718
128 739
128 748
128 757
128 777
128 853
128 867
128 884
128 927
128 930
128 951
128 953
128 980
128 996
128 1071
128 1180
129 595
129 599
129 619
129 622
129 718
129 739
129 748
129 756
129 777
129 853
129 867
129 884
129 926
129 931
129 932
129 951
129 953
129 980
129 994
129 995
129 1071
129 1180
130 595
130 599
130 619
130 622
130 718
130 739
130 748
130 754
130 755
130 778
130 854
130 867
130 884
130 926
130 933
130 950
130 953
130 980
130 992
130 993
130 1071
130 1180
131 595
131 599
131 620
131 715
131 718
131 739
131 749
131 752
131 753
131 778
131 854
131 867
131 884
131 925
131 933
131 949
131 954
131 979
131 992
131 1071
131 1180
132 595
132 598
132 621
132 623
132 624
132 714
132 716
132 717
132 719
132 740
132 749
132 751
132 752
132 778
132 854
132 867
132 885
132 925
132 933
132 949
132 954
132 978
132 979
132 991
132 1071
132 1179
133 595
133 597
133 713
133 717
133 719
133 720
133 740
133 750
133 751
133 779
133 854
133 867
133 884
133 885
133 886
133 924
133 932
133 949
133 954
133 978
133 991
133 1071
133 1179
134 622
134 626
134 627
134 628
134 629
134 713
134 717
134 721
134 722
134 740
134 750
134 779
134 854
134 867
134 884
134 886
134 924
134 932
134 949
134 955
134 977
134 990
134 1071
134 1179
135 598
135 626
135 630
135 714
135 717
135 723
135 724
135 725
135 726
135 727
135 740
135 749
135 778
135 779
135 853
135 854
135 867
135 884
135 886
135 923
135 932
135 949
135 955
135 975
135 976
135 989
135 990
135 1071
135 1179
136 597
136 626
136 627
136 630
136 714
136 717
136 728
136 740
136 749
136 775
136 776
136 777
136 851
136 852
136 867
136 884
136 886
136 921
136 922
136 932
136 948
136 956
136 974
136 975
136 989
136 1071
136 1179
137 598
137 600
137 628
137 629
137 630
137 714
137 718
137 728
137 740
137 749
137 773
137 774
137 849
137 850
137 867
137 884
137 886
137 918
137 919
137 920
137 932
137 948
137 956
137 972
137 973
137 988
137 1071
137 1134
137 1135
137 1136
137 1137
137 1138
137 1139
137 1140
137 1141
137 1142
137 1178
138 598
138 600
138 714
138 718
138 728
138 740
138 749
138 772
138 773
138 848
138 867
138 884
138 886
138 899
138 900
138 901
138 916
138 917
138 932
138 948
138 957
138 972
138 988
138 1071
138 1118
138 1119
138 1120
138 1121
138 1122
138 1123
138 1124
138 1125
138 1126
138 1127
138 1128
138 1129
138 1130
138 1131
138 1132
138 1133
138 1143
138 1144
138 1145
138 1146
138 1147
138 1177
139 598
139 600
139 714
139 718
139 727
139 728
139 740
139 749
139 771
139 772
139 847
139 867
139 884
139 886
139 897
139 898
139 902
139 903
139 916
139 933
139 948
139 957
139 971
139 988
139 989
139 990
139 1071
139 1101
139 1102
139 1103
139 1104
139 1105
139 1106
139 1107
139 1108
139 1109
139 1110
139 1111
139 1112
139 1113
139 1114
139 1115
139 1116
139 1117
139 1148
139 1149
139 1150
139 1177
140 598
140 600
140 714
140 718
140 727
140 740
140 750
140 769
140 770
140 847
140 867
140 884
140 886
140 887
140 895
140 896
140 904
140 905
140 906
140 915
140 933
140 934
140 948
140 958
140 971
140 991
140 1071
140 1088
140 1089
140 1090
140 1091
140 1092
140 1093
140 1094
140 1095
140 1096
140 1097
140 1098
140 1099
140 1100
140 1151
140 1177
141 598
141 599
141 600
141 714
141 718
141 726
141 731
141 740
141 750
141 768
141 769
141 847
141 867
141 884
141 888
141 889
141 890
141 891
141 892
141 893
141 894
141 907
141 908
141 909
141 910
141 911
141 912
141 913
141 914
141 915
141 934
141 935
141 948
141 958
141 959
141 971
141 991
141 1071
141 1077
141 1078
141 1079
141 1080
141 1081
141 1082
141 1083
141 1084
141 1085
141 1086
141 1087
141 1151
141 1177
142 714
142 718
142 730
142 732
142 733
142 741
142 750
142 768
142 847
142 867
142 884
142 935
142 936
142 947
142 959
142 960
142 972
142 991
142 1072
142 1073
142 1074
142 1075
142 1076
142 1151
142 1177
143 714
143 726
143 727
143 728
143 729
143 734
143 735
143 742
143 750
143 767
143 847
143 867
143 884
143 936
143 937
143 947
143 961
143 972
143 992
143 993
143 1070
143 1151
143 1177
144 716
144 717
144 718
144 724
144 725
144 735
144 736
144 742
144 750
144 767
144 847
144 867
144 884
144 937
144 938
144 946
144 961
144 972
144 1070
144 1151
144 1176
145 649
145 650
145 651
145 715
145 716
145 718
145 723
145 736
145 742
145 750
145 767
145 847
145 867
145 884
145 938
145 939
145 940
145 941
145 942
145 943
145 944
145 945
145 961
145 972
145 993
145 1070
145 1151
145 1176
146 649
146 651
146 652
146 715
146 718
146 723
146 737
146 742
146 750
146 767
146 847
146 867
146 884
146 961
146 972
146 992
146 1053
146 1070
146 1151
146 1176
147 649
147 652
147 715
147 718
147 723
147 737
147 738
147 742
147 750
147 767
147 847
147 867
147 884
147 961
147 972
147 992
147 1053
147 1070
147 1151
147 1176
148 650
148 653
148 682
148 715
148 719
148 722
148 723
148 738
148 750
148 767
148 847
148 867
148 884
148 961
148 972
148 991
148 1053
148 1070
148 1151
148 1176
149 651
149 653
149 654
149 681
149 683
149 715
149 719
149 721
149 722
149 739
149 741
149 742
149 750
149 767
149 847
149 867
149 884
149 962
149 972
149 992
149 1053
149 1070
149 1151
150 651
150 654
150 681
150 683
150 715
150 719
150 721
150 739
150 741
150 750
150 768
150 847
150 867
150 884
150 962
150 972
150 988
150 989
150 990
150 1053
150 1070
150 1151
150 1173
150 1174
150 1175
150 1176
151 651
151 654
151 681
151 683
151 715
151 719
151 721
151 739
151 741
151 750
151 768
151 847
151 867
151 884
151 962
151 973
151 974
151 975
151 976
151 977
151 978
151 979
151 980
151 981
151 982
151 983
151 984
151 985
151 986
151 987
151 1053
151 1071
151 1151
151 1172
151 1177
151 1178
151 1179
152 652
152 653
152 681
152 690
152 691
152 715
152 719
152 721
152 739
152 740
152 741
152 743
152 751
152 768
152 847
152 867
152 884
152 956
152 957
152 958
152 959
152 960
152 961
152 962
152 1053
152 1071
152 1144
152 1145
152 1146
152 1147
152 1148
152 1149
152 1150
152 1151
152 1152
152 1153
152 1154
152 1167
152 1168
152 1169
152 1170
152 1171
152 1172
152 1180
153 287
153 657
153 680
153 688
153 689
153 692
153 693
153 694
153 716
153 718
153 719
153 743
153 751
153 768
153 847
153 867
153 884
153 897
153 939
153 940
153 941
153 942
153 943
153 944
153 945
153 946
153 947
153 948
153 949
153 950
153 951
153 952
153 953
153 954
153 955
153 1053
153 1071
153 1139
153 1140
153 1141
153 1142
153 1143
153 1155
153 1166
153 1180
154 287
154 295
154 656
154 658
154 680
154 683
154 688
154 695
154 696
154 716
154 717
154 718
154 720
154 743
154 751
154 768
154 847
154 852
154 853
154 867
154 884
154 895
154 896
154 898
154 899
154 925
154 926
154 927
154 928
154 929
154 930
154 931
154 932
154 933
154 934
154 935
154 936
154 937
154 938
154 1053
154 1071
154 1138
154 1156
154 1157
154 1158
154 1159
154 1160
154 1165
154 1180
155 287
155 295
155 656
155 658
155 680
155 683
155 687
155 696
155 720
155 743
155 751
155 768
155 847
155 851
155 854
155 855
155 856
155 867
155 884
155 893
155 894
155 895
155 900
155 901
155 902
155 903
155 904
155 905
155 906
155 907
155 908
155 909
155 910
155 911
155 924
155 1053
155 1071
155 1137
155 1156
155 1161
155 1162
155 1163
155 1165
155 1180
156 287
156 295
156 680
156 683
156 687
156 696
156 720
156 743
156 751
156 768
156 847
156 850
156 857
156 862
156 863
156 864
156 865
156 866
156 867
156 885
156 886
156 887
156 888
156 889
156 890
156 891
156 892
156 912
156 913
156 923
156 1053
156 1071
156 1137
156 1155
156 1164
156 1180
157 287
157 295
157 679
157 683
157 687
157 696
157 720
157 743
157 751
157 768
157 847
157 850
157 857
157 861
157 914
157 923
157 1053
157 1071
157 1137
157 1155
157 1164
157 1180
158 287
158 295
158 679
158 683
158 687
158 697
158 715
158 721
158 743
158 751
158 768
158 847
158 850
158 857
158 860
158 867
158 915
158 923
158 996
158 1053
158 1071
158 1137
158 1155
158 1164
158 1180
159 287
159 295
159 679
159 683
159 688
159 697
159 714
159 716
159 721
159 743
159 751
159 768
159 847
159 857
159 860
159 867
159 885
159 915
159 923
159 937
159 938
159 939
159 940
159 941
159 942
159 943
159 944
159 945
159 995
159 997
159 998
159 1053
159 1071
159 1137
159 1155
159 1164
159 1180
160 287
160 295
160 679
160 683
160 688
160 697
160 714
160 716
160 721
160 743
160 751
160 768
160 847
160 857
160 860
160 867
160 885
160 916
160 923
160 936
160 946
160 947
160 948
160 949
160 950
160 951
160 952
160 953
160 954
160 994
160 998
160 1053
160 1071
160 1137
160 1155
160 1164
160 1180
161 287
161 295
161 679
161 683
161 688
161 697
161 714
161 716
161 721
161 743
161 751
161 769
161 817
161 818
161 819
161 820
161 821
161 822
161 823
161 824
161 825
161 826
161 827
161 828
161 829
161 830
161 848
161 850
161 857
161 860
161 867
161 885
161 916
161 923
161 935
161 955
161 994
161 998
161 1053
161 1071
161 1137
161 1155
161 1164
161 1180
162 287
162 295
162 679
162 683
162 688
162 697
162 713
162 714
162 716
162 721
162 744
162 751
162 769
162 771
162 772
162 773
162 774
162 775
162 816
162 831
162 832
162 848
162 850
162 851
162 856
162 860
162 867
162 885
162 916
162 923
162 935
162 955
162 994
162 998
162 1053
162 1071
162 1137
162 1155
162 1164
162 1180
163 287
163 295
163 679
163 683
163 688
163 697
163 712
163 713
163 716
163 721
163 744
163 751
163 768
163 769
163 770
163 776
163 777
163 778
163 815
163 833
163 848
163 851
163 852
163 855
163 856
163 860
163 867
163 885
163 916
163 924
163 935
163 955
163 993
163 999
163 1053
163 1071
163 1137
163 1155
163 1164
163 1180
164 287
164 295
164 679
164 683
164 688
164 697
164 711
164 712
164 716
164 721
164 744
164 752
164 767
164 779
164 815
164 833
164 848
164 852
164 855
164 860
164 867
164 885
164 916
164 924
164 935
164 955
164 993
164 999
164 1000
164 1053
164 1071
164 1137
164 1155
164 1164
164 1180
165 287
165 294
165 680
165 684
165 688
165 697
165 710
165 716
165 721
165 744
165 752
165 766
165 780
165 814
165 833
165 848
165 852
165 855
165 860
165 867
165 885
165 917
165 924
165 935
165 955
165 991
165 992
165 1000
165 1053
165 1072
165 1137
165 1155
165 1164
165 1180
166 287
166 294
166 680
166 684
166 688
166 697
166 709
166 716
166 721
166 744
166 752
166 766
166 780
166 814
166 833
166 848
166 852
166 855
166 860
166 867
166 885
166 917
166 924
166 935
166 955
166 990
166 1000
166 1053
166 1072
166 1137
166 1155
166 1164
166 1180
166 1222
166 1223
166 1224
166 1225
166 1226
166 1227
166 1228
166 1229
166 1230
166 1231
166 1232
166 1233
166 1234
166 1235
166 1236
166 1237
166 1238
166 1239
166 1240
166 1241
166 1242
166 1243
167 287
167 294
167 680
167 684
167 688
167 697
167 709
167 716
167 721
167 744
167 752
167 766
167 781
167 802
167 803
167 804
167 805
167 806
167 807
167 808
167 809
167 810
167 811
167 812
167 813
167 814
167 833
167 848
167 852
167 855
167 860
167 867
167 885
167 917
167 924
167 935
167 955
167 989
167 1000
167 1053
167 1072
167 1137
167 1155
167 1164
167 1180
167 1201
167 1202
167 1203
167 1204
167 1205
167 1206
167 1207
167 1208
167 1209
167 1210
167 1211
167 1212
167 1213
167 1214
167 1215
167 1216
167 1217
167 1218
167 1219
167 1220
167 1221
167 1244
167 1245
167 1246
167 1247
167 1248
167 1249
167 1250
167 1251
167 1252
167 1253
167 1254
167 1255
167 1256
167 1257
167 1258
167 1259
167 1260
168 287
168 294
168 680
168 684
168 688
168 698
168 708
168 716
168 721
168 744
168 752
168 766
168 781
168 800
168 801
168 833
168 849
168 850
168 851
168 852
168 856
168 857
168 858
168 859
168 860
168 867
168 885
168 917
168 924
168 936
168 955
168 989
168 1000
168 1053
168 1072
168 1137
168 1155
168 1164
168 1180
168 1188
168 1189
168 1190
168 1191
168 1192
168 1193
168 1194
168 1195
168 1196
168 1197
168 1198
168 1199
168 1200
168 1261
168 1262
169 287
169 294
169 680
169 684
169 688
169 698
169 706
169 707
169 708
169 716
169 722
169 744
169 752
169 766
169 782
169 799
169 800
169 833
169 867
169 885
169 917
169 924
169 936
169 955
169 989
169 1000
169 1053
169 1072
169 1137
169 1155
169 1164
169 1180
169 1184
169 1185
169 1186
169 1187
169 1263
169 1264
170 242
170 287
170 294
170 680
170 684
170 688
170 698
170 716
170 722
170 744
170 752
170 766
170 782
170 799
170 833
170 852
170 855
170 867
170 885
170 917
170 924
170 936
170 955
170 989
170 1000
170 1053
170 1072
170 1137
170 1155
170 1164
170 1180
170 1183
170 1265
171 242
171 287
171 294
171 680
171 684
171 688
171 698
171 705
171 706
171 707
171 708
171 709
171 710
171 711
171 712
171 713
171 714
171 715
171 724
171 725
171 726
171 727
171 728
171 729
171 730
171 731
171 732
171 733
171 734
171 744
171 752
171 766
171 782
171 798
171 833
171 852
171 856
171 857
171 858
171 859
171 867
171 885
171 917
171 924
171 936
171 955
171 989
171 1000
171 1053
171 1072
171 1137
171 1155
171 1164
171 1180
171 1181
171 1266
172 242
172 287
172 294
172 680
172 684
172 689
172 692
172 693
172 694
172 695
172 696
172 697
172 704
172 716
172 723
172 735
172 745
172 752
172 767
172 783
172 798
172 833
172 852
172 856
172 860
172 867
172 885
172 918
172 924
172 936
172 955
172 989
172 1000
172 1052
172 1072
172 1137
172 1155
172 1164
172 1178
172 1179
172 1180
172 1267
172 1268
173 242
173 249
173 286
173 294
173 682
173 683
173 690
173 691
173 698
173 703
173 716
173 722
173 735
173 745
173 752
173 767
173 783
173 791
173 792
173 798
173 833
173 852
173 855
173 860
173 867
173 885
173 918
173 924
173 936
173 955
173 990
173 1000
173 1052
173 1072
173 1137
173 1155
173 1164
173 1176
173 1177
173 1269
173 1270
174 242
174 249
174 286
174 294
174 608
174 609
174 681
174 684
174 690
174 698
174 703
174 716
174 722
174 735
174 745
174 752
174 767
174 784
174 789
174 790
174 798
174 833
174 852
174 855
174 860
174 867
174 885
174 918
174 924
174 936
174 955
174 990
174 999
174 1052
174 1072
174 1137
174 1155
174 1164
174 1175
174 1176
174 1271
174 1272
175 242
175 249
175 286
175 294
175 613
175 614
175 617
175 667
175 668
175 680
175 684
175 689
175 698
175 703
175 716
175 722
175 735
175 745
175 752
175 767
175 784
175 785
175 788
175 789
175 792
175 798
175 833
175 852
175 855
175 860
175 867
175 885
175 918
175 924
175 936
175 955
175 991
175 999
175 1052
175 1072
175 1137
175 1155
175 1164
175 1173
175 1174
175 1273
175 1274
176 242
176 249
176 286
176 294
176 606
176 607
176 608
176 609
176 610
176 611
176 612
176 615
176 616
176 618
176 619
176 620
176 621
176 622
176 623
176 624
176 625
176 659
176 660
176 661
176 662
176 663
176 664
176 665
176 666
176 669
176 680
176 684
176 689
176 698
176 703
176 716
176 722
176 736
176 737
176 738
176 739
176 740
176 741
176 742
176 743
176 744
176 752
176 767
176 785
176 786
176 787
176 792
176 798
176 833
176 852
176 855
176 860
176 867
176 885
176 918
176 924
176 936
176 955
176 992
176 998
176 1052
176 1072
176 1137
176 1155
176 1164
176 1172
176 1173
176 1274
176 1275
177 242
177 249
177 286
177 294
177 602
177 603
177 604
177 605
177 626
177 627
177 651
177 654
177 655
177 656
177 657
177 658
177 669
177 680
177 684
177 689
177 698
177 703
177 716
177 722
177 745
177 755
177 756
177 757
177 758
177 759
177 760
177 761
177 762
177 763
177 764
177 765
177 766
177 767
177 768
177 792
177 798
177 833
177 852
177 855
177 860
177 867
177 885
177 918
177 924
177 934
177 935
177 936
177 956
177 957
177 958
177 959
177 960
177 961
177 962
177 963
177 964
177 965
177 966
177 967
177 968
177 969
177 970
177 971
177 972
177 973
177 974
177 975
177 976
177 977
177 978
177 979
177 992
177 998
177 1052
177 1072
177 1137
177 1155
177 1165
177 1171
177 1172
177 1276
177 1277
178 243
178 249
178 286
178 294
178 600
178 601
178 628
178 629
178 630
178 631
178 652
178 653
178 667
178 669
178 680
178 684
178 689
178 699
178 703
178 716
178 722
178 745
178 753
178 754
178 769
178 770
178 771
178 772
178 773
178 774
178 775
178 776
178 777
178 778
178 779
178 780
178 799
178 833
178 852
178 855
178 860
178 867
178 885
178 918
178 924
178 933
178 980
178 992
178 997
178 1052
178 1072
178 1137
178 1155
178 1165
178 1169
178 1170
178 1277
178 1278
179 243
179 249
179 286
179 294
179 598
179 599
179 670
179 680
179 684
179 689
179 699
179 704
179 716
179 722
179 745
179 753
179 781
179 782
179 783
179 784
179 785
179 786
179 787
179 788
179 789
179 790
179 791
179 792
179 793
179 799
179 833
179 852
179 855
179 860
179 867
179 885
179 918
179 924
179 928
179 932
179 980
179 992
179 997
179 1052
179 1073
179 1137
179 1155
179 1165
179 1168
179 1169
179 1278
179 1279
180 243
180 250
180 286
180 294
180 533
180 534
180 535
180 536
180 537
180 538
180 539
180 540
180 542
180 596
180 597
180 651
180 652
180 668
180 670
180 681
180 684
180 689
180 699
180 704
180 716
180 722
180 745
180 753
180 793
180 799
180 802
180 803
180 804
180 805
180 806
180 807
180 808
180 833
180 852
180 855
180 860
180 867
180 885
180 918
180 925
180 927
180 929
180 930
180 932
180 980
180 992
180 997
180 1052
180 1073
180 1137
180 1155
180 1166
180 1167
181 243
181 250
181 286
181 294
181 527
181 528
181 529
181 530
181 531
181 532
181 541
181 543
181 544
181 546
181 591
181 592
181 594
181 595
181 631
181 651
181 668
181 670
181 681
181 684
181 689
181 699
181 704
181 716
181 723
181 745
181 753
181 793
181 799
181 809
181 810
181 811
181 812
181 813
181 814
181 815
181 816
181 817
181 818
181 833
181 852
181 855
181 860
181 867
181 885
181 918
181 924
181 930
181 933
181 980
181 992
181 997
181 1052
181 1073
181 1137
181 1155
181 1165
181 1166
182 243
182 250
182 286
182 294
182 525
182 526
182 545
182 547
182 593
182 632
182 651
182 668
182 670
182 681
182 685
182 689
182 699
182 704
182 716
182 723
182 746
182 753
182 793
182 799
182 819
182 820
182 821
182 822
182 823
182 824
182 825
182 826
182 827
182 828
182 833
182 852
182 855
182 860
182 867
182 885
182 918
182 923
182 924
182 933
182 980
182 992
182 996
182 1052
182 1073
182 1137
182 1155
182 1163
182 1164
183 243
183 250
183 286
183 294
183 524
183 525
183 547
183 632
183 651
183 670
183 681
183 685
183 690
183 699
183 704
183 717
183 723
183 746
183 753
183 793
183 799
183 829
183 830
183 831
183 832
183 833
183 834
183 835
183 836
183 837
183 838
183 852
183 855
183 860
183 867
183 885
183 919
183 923
183 933
183 980
183 992
183 996
183 1052
183 1073
183 1137
183 1155
183 1159
183 1160
183 1161
183 1162
184 243
184 250
184 286
184 294
184 523
184 524
184 548
184 549
184 593
184 633
184 651
184 690
184 699
184 704
184 717
184 723
184 746
184 753
184 793
184 799
184 839
184 840
184 841
184 842
184 843
184 844
184 845
184 846
184 847
184 848
184 849
184 855
184 860
184 867
184 885
184 919
184 922
184 933
184 980
184 992
184 996
184 1052
184 1073
184 1137
184 1155
184 1156
184 1157
184 1158
185 243
185 250
185 286
185 294
185 522
185 523
185 592
185 633
185 699
185 704
185 717
185 723
185 746
185 753
185 793
185 799
185 850
185 851
185 852
185 853
185 854
185 855
185 856
185 857
185 858
185 859
185 867
185 885
185 919
185 922
185 933
185 980
185 991
185 996
185 1052
185 1073
185 1137
185 1151
185 1152
185 1153
185 1154
186 243
186 250
186 286
186 293
186 521
186 522
186 592
186 634
186 717
186 723
186 746
186 753
186 793
186 799
186 860
186 861
186 862
186 863
186 864
186 865
186 866
186 867
186 885
186 919
186 922
186 933
186 980
186 991
186 996
186 1052
186 1073
186 1137
186 1146
186 1147
186 1148
186 1149
186 1150
187 243
187 250
187 286
187 293
187 368
187 369
187 370
187 371
187 372
187 373
187 374
187 375
187 376
187 377
187 378
187 379
187 380
187 381
187 382
187 383
187 384
187 385
187 386
187 387
187 388
187 389
187 390
187 391
187 392
187 393
187 394
187 395
187 396
187 517
187 518
187 520
187 521
187 549
187 591
187 634
187 717
187 723
187 746
187 753
187 794
187 795
187 799
187 867
187 919
187 922
187 934
187 980
187 991
187 996
187 1052
187 1073
187 1137
187 1142
187 1143
187 1144
187 1145
188 243
188 250
188 286
188 293
188 360
188 361
188 362
188 363
188 364
188 365
188 366
188 367
188 397
188 398
188 399
188 400
188 401
188 402
188 403
188 404
188 405
188 519
188 549
188 591
188 635
188 723
188 746
188 753
188 796
188 797
188 798
188 799
188 867
188 885
188 886
188 887
188 888
188 889
188 890
188 891
188 892
188 893
188 894
188 895
188 896
188 897
188 898
188 899
188 919
188 923
188 934
188 980
188 991
188 996
188 1052
188 1073
188 1137
188 1140
188 1141
189 243
189 250
189 286
189 293
189 354
189 355
189 356
189 357
189 358
189 359
189 406
189 407
189 550
189 590
189 635
189 636
189 746
189 754
189 867
189 885
189 900
189 901
189 902
189 903
189 904
189 905
189 906
189 907
189 908
189 909
189 910
189 911
189 912
189 913
189 914
189 919
189 931
189 932
189 934
189 980
189 991
189 995
189 1052
189 1073
189 1137
189 1139
190 243
190 250
190 286
190 293
190 350
190 351
190 352
190 353
190 407
190 408
190 518
190 519
190 550
190 590
190 636
190 637
190 746
190 754
190 867
190 885
190 915
190 916
190 917
190 918
190 919
190 920
190 921
190 922
190 923
190 924
190 925
190 926
190 927
190 928
190 929
190 934
190 980
190 991
190 995
190 1052
190 1073
190 1137
190 1139
191 243
191 250
191 286
191 293
191 346
191 347
191 348
191 349
191 408
191 409
191 518
191 550
191 584
191 585
191 586
191 587
191 588
191 589
191 637
191 746
191 754
191 867
191 885
191 930
191 931
191 932
191 933
191 934
191 935
191 936
191 937
191 938
191 939
191 940
191 941
191 942
191 943
191 944
191 945
191 946
191 980
191 991
191 995
191 1052
191 1073
191 1137
191 1138
191 1139
192 243
192 251
192 286
192 293
192 344
192 345
192 409
192 410
192 517
192 551
192 582
192 583
192 637
192 746
192 754
192 867
192 885
192 947
192 948
192 949
192 950
192 951
192 952
192 953
192 954
192 955
192 956
192 957
192 958
192 959
192 960
192 961
192 962
192 980
192 991
192 995
192 1052
192 1073
192 1138
193 243
193 251
193 286
193 293
193 342
193 343
193 410
193 517
193 551
193 581
193 637
193 746
193 754
193 867
193 886
193 963
193 964
193 965
193 966
193 967
193 968
193 969
193 970
193 971
193 972
193 973
193 974
193 975
193 976
193 977
193 978
193 979
193 980
193 1052
193 1074
193 1137
194 244
194 251
194 286
194 293
194 341
194 342
194 411
194 516
194 551
194 581
194 637
194 754
194 867
194 886
194 981
194 982
194 983
194 984
194 985
194 986
194 987
194 988
194 989
194 990
194 991
194 992
194 993
194 994
194 995
194 996
194 997
194 998
194 1052
194 1074
194 1137
195 244
195 251
195 286
195 293
195 340
195 341
195 411
195 516
195 582
195 583
195 584
195 585
195 586
195 637
195 754
195 867
195 886
195 999
195 1000
195 1001
195 1002
195 1003
195 1004
195 1005
195 1006
195 1007
195 1008
195 1009
195 1010
195 1011
195 1012
195 1013
195 1014
195 1015
195 1016
195 1017
195 1018
195 1052
195 1074
195 1137
196 244
196 251
196 286
196 293
196 339
196 340
196 412
196 516
196 587
196 637
196 867
196 886
196 1019
196 1020
196 1021
196 1022
196 1023
196 1024
196 1025
196 1026
196 1027
196 1028
196 1029
196 1030
196 1031
196 1032
196 1033
196 1034
196 1035
196 1036
196 1052
196 1074
196 1137
197 244
197 251
197 285
197 293
197 338
197 339
197 412
197 516
197 587
197 637
197 867
197 886
197 1037
197 1038
197 1039
197 1040
197 1041
197 1042
197 1043
197 1044
197 1045
197 1046
197 1047
197 1048
197 1049
197 1050
197 1051
197 1052
197 1074
197 1136
198 244
198 251
198 285
198 293
198 336
198 337
198 338
198 413
198 516
198 587
198 637
198 867
198 886
198 1053
198 1074
198 1136
199 244
199 251
199 285
199 293
199 334
199 335
199 413
199 586
199 637
199 867
199 886
199 1053
199 1074
199 1076
199 1077
199 1078
199 1079
199 1080
199 1081
199 1082
199 1083
199 1084
199 1085
199 1086
199 1087
199 1088
199 1089
199 1090
199 1091
199 1092
199 1136
200 244
200 251
200 285
200 293
200 333
200 334
200 414
200 586
200 637
200 867
200 886
200 1053
200 1075
200 1093
200 1094
200 1095
200 1096
200 1097
200 1098
200 1099
200 1100
200 1101
200 1102
200 1103
200 1104
200 1105
200 1106
200 1107
200 1108
200 1109
200 1110
200 1111
200 1137
201 244
201 251
201 285
201 293
201 332
201 333
201 414
201 586
201 637
201 867
201 886
201 1053
201 1074
201 1112
201 1113
201 1114
201 1115
201 1116
201 1117
201 1118
201 1119
201 1120
201 1121
201 1122
201 1123
201 1124
201 1125
201 1126
201 1127
201 1128
201 1129
201 1130
201 1131
202 244
202 251
202 285
202 293
202 331
202 332
202 415
202 586
202 637
202 867
202 886
202 1053
202 1074
202 1132
202 1133
202 1134
202 1135
202 1136
202 1137
202 1139
202 1140
202 1141
202 1142
202 1143
202 1144
202 1145
202 1146
202 1147
202 1148
202 1149
202 1150
202 1151
202 1152
202 1153
203 244
203 251
203 285
203 293
203 330
203 331
203 415
203 416
203 585
203 638
203 867
203 886
203 1053
203 1074
203 1154
203 1155
203 1156
203 1157
203 1158
203 1159
203 1160
203 1161
203 1162
203 1163
203 1164
203 1165
203 1166
203 1167
203 1168
203 1169
203 1170
203 1171
203 1172
203 1173
203 1174
203 1175
204 244
204 252
204 285
204 293
204 329
204 330
204 585
204 638
204 867
204 886
204 1053
204 1074
204 1176
204 1177
204 1178
204 1179
204 1180
204 1181
204 1182
204 1183
204 1184
204 1185
204 1186
204 1187
204 1188
204 1189
204 1190
204 1191
204 1192
204 1193
204 1194
204 1195
204 1196
204 1197
205 244
205 252
205 284
205 293
205 328
205 329
205 585
205 638
205 867
205 886
205 1053
205 1074
205 1198
205 1199
205 1200
205 1201
205 1202
205 1203
205 1204
205 1205
205 1206
205 1207
205 1208
205 1209
205 1210
205 1211
205 1212
205 1213
205 1214
205 1215
205 1216
205 1217
205 1218
205 1219
206 244
206 252
206 284
206 293
206 327
206 328
206 585
206 638
206 867
206 886
206 1053
206 1074
206 1220
206 1221
206 1222
206 1223
206 1224
206 1225
206 1226
206 1227
206 1228
206 1229
206 1230
206 1231
206 1232
206 1233
206 1234
206 1235
206 1236
206 1237
206 1238
206 1239
206 1240
206 1241
206 1242
206 1243
206 1244
206 1245
206 1246
206 1247
206 1248
206 1249
206 1250
206 1251
206 1252
206 1253
206 1254
207 244
207 252
207 284
207 292
207 326
207 327
207 418
207 585
207 638
207 867
207 886
207 1053
207 1074
207 1255
207 1256
207 1257
207 1258
207 1259
207 1260
207 1261
207 1262
207 1263
207 1264
207 1265
207 1266
207 1267
207 1268
207 1269
207 1270
207 1271
207 1272
207 1273
207 1274
207 1275
207 1276
207 1277
207 1278
207 1279
208 244
208 252
208 284
208 292
208 325
208 326
208 418
208 585
208 638
208 867
208 886
208 1053
208 1074
209 245
209 252
209 284
209 292
209 323
209 324
209 419
209 585
209 638
209 867
209 886
209 1054
209 1074
210 245
210 252
210 284
210 292
210 322
210 323
210 419
210 585
210 639
210 867
210 886
210 1054
210 1074
211 245
211 252
211 284
211 292
211 321
211 322
211 419
211 867
211 886
211 1054
211 1074
212 245
212 252
212 284
212 292
212 320
212 321
212 419
212 867
212 886
212 1054
212 1074
213 245
213 252
213 284
213 292
213 320
213 419
213 867
213 886
213 1054
213 1074
214 245
214 252
214 283
214 292
214 319
214 420
214 867
214 886
214 1054
214 1074
215 245
215 252
215 283
215 292
215 315
215 316
215 317
215 318
215 420
215 867
215 886
215 1054
215 1074
216 245
216 253
216 283
216 292
216 315
216 420
216 867
216 886
216 1054
216 1074
217 245
217 253
217 283
217 292
217 315
217 316
217 420
217 867
217 886
217 1054
217 1074
218 245
218 253
218 283
218 316
218 317
218 420
218 867
218 886
218 1054
218 1074
219 245
219 253
219 318
219 420
219 867
219 886
219 1054
219 1074
220 245
220 253
220 318
220 420
220 867
220 886
220 1054
220 1074
221 245
221 253
221 314
221 315
221 316
221 317
221 318
221 421
221 867
221 886
221 1054
221 1074
222 245
222 253
222 422
222 423
222 867
222 886
222 1054
222 1074
223 245
223 253
223 423
223 424
223 867
223 886
223 1054
223 1074
224 245
224 253
224 316
224 317
224 424
224 867
224 886
224 1054
224 1074
225 246
225 253
225 316
225 424
225 886
225 1054
225 1075
226 246
226 253
226 315
226 424
226 886
226 1054
226 1075
227 246
227 253
227 314
227 315
227 424
227 886
227 1054
227 1075
228 246
228 254
228 314
228 423
228 887
228 1054
228 1075
229 246
229 254
229 313
229 423
229 1054
229 1075
230 246
230 254
230 313
230 423
230 1054
230 1075
231 246
231 254
231 312
231 1054
231 1075
232 246
232 254
232 311
232 312
232 1054
232 1075
233 254
233 311
233 1054
233 1075
234 310
234 1054
234 1075
235 310
235 1054
235 1075
236 309
236 1054
236 1075
237 309
237 1054
237 1075
238 308
238 1054
238 1075
239 308
239 1054
239 1075
240 308
240 1054
240 1075
241 308
241 1054
241 1075
242 308
242 1054
242 1075
243 308
243 1054
243 1075
244 308
244 1054
244 1075
245 308
245 1054
245 1075
246 308
246 1054
246 1075
247 308
247 1054
247 1075
248 308
248 1054
248 1075
249 308
249 1054
249 1075
250 1054
250 1075
251 1054
251 1075
252 1054
252 1076
253 1054
253 1076
254 1054
254 1076
255 1054
255 1076
256 1054
256 1076
257 1054
257 1076
258 1054
258 1076
259 1054
259 1076
260 1054
260 1076
261 1054
261 1076
262 1054
262 1076
263 1054
263 1076
264 1054
264 1076
265 1076
266 1076
267 24
267 1076
268 12
268 13
268 14
268 15
268 16
268 17
268 18
268 19
268 20
268 21
268 22
268 23
268 1076
269 6
269 7
269 8
269 9
269 10
269 11
270 0
270 1
270 2
270 3
270 4
270 5
287 103
287 104
287 105
287 106
287 107
