0 1062
0 1136
1 1022
1 1023
1 1024
1 1062
1 1136
2 1021
2 1025
2 1026
2 1027
2 1028
2 1029
2 1062
2 1136
3 1020
3 1030
3 1062
3 1136
4 514
4 1020
4 1030
4 1062
4 1136
5 511
5 512
5 513
5 515
5 516
5 1020
5 1030
5 1062
5 1136
6 509
6 510
6 516
6 1020
6 1030
6 1062
6 1136
7 505
7 506
7 507
7 508
7 517
7 1020
7 1030
7 1062
7 1136
8 502
8 503
8 504
8 517
8 1020
8 1030
8 1062
8 1136
9 500
9 501
9 518
9 1020
9 1030
9 1062
9 1136
10 498
10 499
10 518
10 1020
10 1030
10 1062
10 1136
11 436
11 437
11 438
11 498
11 517
11 518
11 1020
11 1030
11 1062
11 1136
12 434
12 435
12 439
12 440
12 441
12 442
12 443
12 444
12 497
12 513
12 514
12 515
12 516
12 1020
12 1030
12 1062
12 1136
13 434
13 445
13 446
13 447
13 448
13 449
13 494
13 495
13 496
13 497
13 508
13 509
13 510
13 511
13 512
13 1020
13 1030
13 1062
13 1137
14 433
14 450
14 451
14 452
14 492
14 493
14 497
14 498
14 503
14 504
14 505
14 506
14 507
14 1020
14 1030
14 1063
14 1137
15 433
15 453
15 454
15 489
15 490
15 491
15 498
15 499
15 500
15 501
15 502
15 1020
15 1030
15 1063
15 1137
16 432
16 455
16 456
16 459
16 460
16 486
16 487
16 488
16 495
16 496
16 497
16 1020
16 1030
16 1063
16 1137
17 432
17 457
17 458
17 461
17 462
17 463
17 464
17 465
17 466
17 484
17 485
17 492
17 493
17 494
17 1020
17 1030
17 1063
17 1137
18 433
18 434
18 435
18 436
18 437
18 467
18 468
18 469
18 470
18 471
18 472
18 473
18 481
18 482
18 483
18 490
18 491
18 1020
18 1030
18 1063
18 1137
19 438
19 439
19 440
19 441
19 442
19 443
19 444
19 445
19 446
19 447
19 448
19 457
19 474
19 475
19 476
19 477
19 478
19 479
19 480
19 487
19 488
19 489
19 1020
19 1030
19 1063
19 1137
20 449
20 450
20 451
20 452
20 453
20 454
20 455
20 456
20 457
20 458
20 484
20 485
20 486
20 1020
20 1030
20 1063
20 1137
21 459
21 460
21 461
21 462
21 463
21 464
21 482
21 483
21 1020
21 1030
21 1063
21 1137
22 465
22 466
22 467
22 468
22 469
22 470
22 471
22 480
22 481
22 1020
22 1030
22 1063
22 1137
23 472
23 473
23 474
23 480
23 1020
23 1030
23 1063
23 1137
24 475
24 479
24 1020
24 1030
24 1063
24 1137
25 475
25 479
25 1020
25 1030
25 1063
25 1137
26 475
26 479
26 1020
26 1030
26 1063
26 1138
27 475
27 479
27 1020
27 1030
27 1063
27 1138
28 475
28 479
28 874
28 875
28 876
28 877
28 878
28 879
28 880
28 1020
28 1030
28 1063
28 1139
29 475
29 480
29 873
29 881
29 882
29 883
29 884
29 885
29 886
29 887
29 1020
29 1030
29 1063
29 1139
30 475
30 480
30 872
30 888
30 1020
30 1030
30 1063
30 1140
31 475
31 480
31 675
31 676
31 677
31 872
31 888
31 1020
31 1030
31 1063
31 1140
32 475
32 480
32 675
32 678
32 679
32 872
32 888
32 894
32 895
32 1020
32 1030
32 1063
32 1141
33 475
33 480
33 674
33 679
33 872
33 889
33 890
33 891
33 892
33 893
33 896
33 1020
33 1030
33 1063
33 1141
33 1142
34 475
34 480
34 673
34 680
34 681
34 682
34 683
34 684
34 872
34 896
34 1020
34 1031
34 1063
34 1142
35 476
35 480
35 668
35 669
35 670
35 671
35 672
35 685
35 872
35 897
35 1020
35 1031
35 1063
35 1143
36 476
36 480
36 667
36 668
36 685
36 872
36 897
36 1020
36 1031
36 1063
36 1143
37 476
37 480
37 667
37 685
37 872
37 897
37 1020
37 1031
37 1063
37 1144
38 476
38 480
38 663
38 664
38 665
38 686
38 687
38 872
38 896
38 897
38 1020
38 1031
38 1063
38 1144
39 476
39 480
39 660
39 661
39 662
39 688
39 689
39 872
39 894
39 895
39 1020
39 1031
39 1063
39 1143
39 1144
40 476
40 480
40 660
40 689
40 872
40 892
40 893
40 1020
40 1031
40 1063
40 1142
40 1143
41 476
41 480
41 660
41 689
41 872
41 890
41 891
41 1020
41 1031
41 1064
41 1141
41 1142
42 476
42 480
42 660
42 689
42 872
42 889
42 1020
42 1031
42 1064
42 1141
43 476
43 480
43 658
43 690
43 691
43 692
43 693
43 872
43 888
43 1020
43 1031
43 1064
43 1140
44 476
44 480
44 657
44 659
44 661
44 694
44 872
44 888
44 1020
44 1031
44 1064
44 1140
45 476
45 480
45 656
45 659
45 661
45 694
45 872
45 888
45 889
45 890
45 891
45 1020
45 1031
45 1064
45 1139
45 1140
46 476
46 481
46 655
46 656
46 694
46 872
46 892
46 893
46 894
46 895
46 896
46 1020
46 1031
46 1064
46 1138
46 1139
47 476
47 481
47 654
47 655
47 694
47 872
47 897
47 1020
47 1031
47 1064
47 1137
47 1138
48 476
48 481
48 653
48 694
48 827
48 828
48 829
48 830
48 831
48 872
48 897
48 1020
48 1031
48 1064
48 1137
49 476
49 481
49 649
49 650
49 651
49 652
49 694
49 825
49 826
49 832
49 836
49 837
49 872
49 897
49 1020
49 1031
49 1064
49 1136
50 476
50 481
50 647
50 648
50 655
50 656
50 693
50 825
50 834
50 835
50 872
50 896
50 1020
50 1031
50 1064
50 1136
51 476
51 481
51 646
51 656
51 692
51 693
51 824
51 833
51 837
51 872
51 896
51 1020
51 1031
51 1064
51 1137
52 476
52 481
52 645
52 654
52 655
52 656
52 692
52 824
52 832
52 837
52 872
52 895
52 1020
52 1031
52 1064
52 1137
53 476
53 481
53 646
53 691
53 695
53 696
53 823
53 832
53 837
53 872
53 891
53 892
53 893
53 894
53 1020
53 1031
53 1064
53 1137
54 476
54 481
54 646
54 647
54 690
54 693
54 694
54 697
54 698
54 823
54 832
54 837
54 872
54 889
54 890
54 1020
54 1031
54 1064
54 1137
55 476
55 481
55 647
55 693
55 698
55 823
55 833
55 837
55 871
55 872
55 888
55 889
55 1020
55 1031
55 1064
55 1137
56 476
56 481
56 648
56 689
56 692
56 698
56 822
56 833
56 837
56 870
56 871
56 888
56 1020
56 1031
56 1064
56 1137
57 93
57 94
57 95
57 476
57 481
57 648
57 649
57 691
57 698
57 820
57 821
57 833
57 837
57 869
57 870
57 872
57 888
57 1020
57 1031
57 1064
57 1137
58 92
58 96
58 97
58 476
58 481
58 649
58 650
58 689
58 698
58 820
58 823
58 833
58 837
58 868
58 869
58 871
58 873
58 889
58 890
58 891
58 892
58 893
58 1020
58 1031
58 1064
58 1138
59 91
59 97
59 98
59 476
59 481
59 647
59 648
59 698
59 699
59 700
59 819
59 823
59 833
59 837
59 867
59 868
59 871
59 873
59 894
59 895
59 896
59 897
59 1020
59 1031
59 1064
59 1138
60 91
60 98
60 476
60 481
60 645
60 646
60 701
60 819
60 823
60 833
60 837
60 866
60 867
60 871
60 873
60 1020
60 1031
60 1064
60 1138
61 91
61 99
61 477
61 481
61 645
61 701
61 819
61 823
61 833
61 837
61 864
61 865
61 870
61 871
61 896
61 897
61 1020
61 1031
61 1064
61 1138
62 91
62 99
62 100
62 101
62 102
62 477
62 482
62 644
62 701
62 819
62 823
62 833
62 837
62 863
62 864
62 869
62 870
62 872
62 895
62 896
62 1020
62 1031
62 1064
62 1138
63 91
63 103
63 104
63 477
63 482
63 644
63 701
63 819
63 823
63 833
63 837
63 862
63 863
63 868
63 869
63 872
63 894
63 895
63 1020
63 1031
63 1064
63 1138
64 91
64 105
64 106
64 477
64 482
64 644
64 700
64 701
64 819
64 823
64 833
64 837
64 861
64 862
64 867
64 868
64 872
64 893
64 894
64 1020
64 1031
64 1064
64 1138
65 91
65 107
65 108
65 109
65 110
65 111
65 477
65 482
65 645
65 698
65 699
65 819
65 823
65 833
65 837
65 860
65 861
65 866
65 867
65 872
65 892
65 893
65 1020
65 1031
65 1064
65 1139
66 89
66 90
66 112
66 113
66 477
66 482
66 645
66 646
66 647
66 697
66 698
66 819
66 823
66 833
66 837
66 859
66 860
66 865
66 866
66 872
66 891
66 892
66 1020
66 1031
66 1064
66 1139
67 87
67 88
67 113
67 477
67 482
67 697
67 701
67 819
67 823
67 833
67 837
67 858
67 859
67 864
67 865
67 872
67 890
67 891
67 1020
67 1031
67 1064
67 1139
68 86
68 87
68 114
68 477
68 482
68 643
68 644
68 646
68 647
68 696
68 699
68 700
68 702
68 819
68 823
68 834
68 837
68 857
68 858
68 863
68 864
68 872
68 887
68 888
68 889
68 1020
68 1031
68 1065
68 1139
69 84
69 85
69 114
69 477
69 482
69 642
69 696
69 699
69 702
69 820
69 823
69 834
69 837
69 856
69 857
69 862
69 863
69 872
69 887
69 1020
69 1031
69 1065
69 1139
70 83
70 84
70 114
70 477
70 482
70 642
70 698
70 702
70 820
70 823
70 834
70 837
70 855
70 856
70 861
70 862
70 872
70 887
70 1020
70 1031
70 1065
70 1139
71 81
71 82
71 114
71 477
71 482
71 643
71 644
71 645
71 696
71 698
71 702
71 820
71 823
71 834
71 837
71 854
71 855
71 860
71 861
71 873
71 874
71 875
71 876
71 887
71 1020
71 1031
71 1065
71 1139
72 81
72 114
72 477
72 482
72 646
72 647
72 648
72 702
72 820
72 823
72 834
72 837
72 852
72 853
72 859
72 860
72 877
72 878
72 879
72 880
72 881
72 887
72 1020
72 1031
72 1065
72 1140
73 80
73 113
73 477
73 482
73 702
73 708
73 820
73 823
73 834
73 837
73 851
73 852
73 858
73 859
73 882
73 883
73 884
73 885
73 886
73 1020
73 1031
73 1065
73 1140
74 80
74 113
74 477
74 482
74 645
74 646
74 647
74 648
74 701
74 706
74 707
74 709
74 820
74 823
74 834
74 837
74 850
74 851
74 857
74 858
74 1020
74 1031
74 1065
74 1140
75 80
75 113
75 477
75 482
75 645
75 701
75 704
75 705
75 709
75 820
75 823
75 834
75 837
75 849
75 850
75 856
75 857
75 1020
75 1031
75 1065
75 1140
76 79
76 113
76 240
76 477
76 482
76 645
76 701
76 702
76 703
76 704
76 709
76 820
76 823
76 834
76 837
76 848
76 849
76 855
76 856
76 1020
76 1031
76 1065
76 1136
76 1137
76 1138
76 1139
76 1140
77 79
77 114
77 239
77 241
77 242
77 477
77 482
77 646
77 709
77 820
77 824
77 834
77 837
77 847
77 848
77 854
77 855
77 1020
77 1031
77 1065
77 1124
77 1125
77 1126
77 1127
77 1128
77 1129
77 1130
77 1131
77 1132
77 1133
77 1134
77 1135
78 79
78 114
78 239
78 242
78 243
78 244
78 245
78 246
78 247
78 248
78 249
78 250
78 251
78 477
78 483
78 646
78 710
78 711
78 712
78 713
78 714
78 715
78 820
78 824
78 834
78 837
78 846
78 847
78 852
78 853
78 1020
78 1031
78 1065
78 1111
78 1112
78 1115
78 1116
78 1117
78 1118
78 1119
78 1120
78 1121
78 1122
78 1123
79 79
79 114
79 239
79 251
79 477
79 483
79 644
79 645
79 646
79 715
79 820
79 824
79 834
79 837
79 845
79 846
79 851
79 852
79 1020
79 1031
79 1065
79 1099
79 1100
79 1101
79 1102
79 1103
79 1104
79 1105
79 1106
79 1107
79 1108
79 1109
79 1110
79 1114
79 1271
79 1272
79 1273
79 1274
79 1275
79 1276
79 1277
79 1278
79 1279
80 79
80 115
80 229
80 230
80 231
80 232
80 239
80 252
80 477
80 483
80 643
80 715
80 820
80 824
80 834
80 837
80 844
80 845
80 850
80 851
80 1020
80 1031
80 1065
80 1087
80 1088
80 1089
80 1090
80 1091
80 1092
80 1093
80 1094
80 1095
80 1096
80 1097
80 1098
80 1113
80 1252
80 1253
80 1254
80 1255
80 1256
80 1257
80 1258
80 1259
80 1260
80 1261
80 1262
80 1263
80 1264
80 1265
80 1266
80 1267
80 1268
80 1269
80 1270
81 79
81 115
81 229
81 233
81 234
81 235
81 240
81 252
81 343
81 344
81 345
81 346
81 347
81 348
81 349
81 477
81 483
81 643
81 715
81 820
81 824
81 835
81 837
81 843
81 844
81 849
81 850
81 1020
81 1031
81 1065
81 1074
81 1075
81 1076
81 1077
81 1078
81 1079
81 1080
81 1081
81 1082
81 1083
81 1084
81 1085
81 1086
81 1113
81 1232
81 1233
81 1234
81 1235
81 1236
81 1237
81 1238
81 1239
81 1240
81 1241
81 1242
81 1243
81 1244
81 1245
81 1246
81 1247
81 1248
81 1249
81 1250
81 1251
82 79
82 115
82 228
82 236
82 237
82 240
82 252
82 333
82 334
82 335
82 336
82 337
82 338
82 339
82 340
82 341
82 342
82 350
82 477
82 483
82 643
82 644
82 714
82 820
82 824
82 835
82 837
82 841
82 842
82 848
82 849
82 1020
82 1031
82 1066
82 1067
82 1068
82 1069
82 1070
82 1071
82 1072
82 1073
82 1113
82 1212
82 1213
82 1214
82 1215
82 1216
82 1217
82 1218
82 1219
82 1220
82 1221
82 1222
82 1223
82 1224
82 1225
82 1226
82 1227
82 1228
82 1229
82 1230
82 1231
83 78
83 115
83 228
83 237
83 238
83 239
83 240
83 253
83 332
83 350
83 477
83 483
83 645
83 714
83 820
83 824
83 835
83 837
83 840
83 847
83 848
83 977
83 978
83 1020
83 1031
83 1066
83 1113
83 1193
83 1194
83 1195
83 1196
83 1197
83 1198
83 1199
83 1200
83 1201
83 1202
83 1203
83 1204
83 1205
83 1206
83 1207
83 1208
83 1209
83 1210
83 1211
84 78
84 115
84 227
84 253
84 331
84 350
84 477
84 483
84 488
84 489
84 490
84 491
84 492
84 493
84 494
84 495
84 496
84 497
84 498
84 499
84 500
84 501
84 639
84 640
84 641
84 642
84 643
84 645
84 713
84 820
84 824
84 835
84 837
84 838
84 846
84 847
84 974
84 975
84 976
84 979
84 1020
84 1031
84 1065
84 1113
84 1173
84 1174
84 1175
84 1176
84 1177
84 1178
84 1179
84 1180
84 1181
84 1182
84 1183
84 1184
84 1185
84 1186
84 1187
84 1188
84 1189
84 1190
84 1191
84 1192
85 77
85 115
85 227
85 253
85 331
85 350
85 477
85 483
85 487
85 502
85 638
85 713
85 820
85 824
85 835
85 837
85 846
85 973
85 979
85 1020
85 1031
85 1065
85 1113
85 1172
86 78
86 115
86 226
86 253
86 331
86 350
86 456
86 457
86 458
86 459
86 460
86 461
86 462
86 463
86 464
86 465
86 466
86 467
86 468
86 469
86 470
86 471
86 472
86 473
86 474
86 475
86 476
86 484
86 485
86 486
86 502
86 637
86 713
86 714
86 820
86 824
86 835
86 837
86 845
86 972
86 979
86 1020
86 1032
86 1065
86 1113
86 1163
86 1164
86 1165
86 1166
86 1167
86 1168
86 1169
86 1170
86 1171
87 78
87 79
87 115
87 226
87 254
87 331
87 350
87 440
87 441
87 442
87 443
87 444
87 445
87 446
87 447
87 448
87 449
87 450
87 451
87 452
87 453
87 454
87 455
87 477
87 478
87 485
87 502
87 637
87 715
87 716
87 820
87 824
87 835
87 837
87 844
87 845
87 972
87 979
87 1020
87 1032
87 1065
87 1113
87 1161
87 1162
88 79
88 80
88 115
88 118
88 119
88 120
88 121
88 122
88 123
88 225
88 254
88 331
88 350
88 439
88 478
88 488
88 502
88 638
88 639
88 717
88 820
88 824
88 843
88 844
88 972
88 979
88 1020
88 1032
88 1065
88 1113
88 1160
88 1161
89 81
89 82
89 115
89 117
89 124
89 125
89 223
89 224
89 255
89 331
89 350
89 438
89 478
89 488
89 502
89 569
89 639
89 640
89 641
89 717
89 720
89 721
89 722
89 820
89 824
89 841
89 842
89 972
89 979
89 1020
89 1032
89 1065
89 1113
89 1160
90 125
90 135
90 136
90 137
90 138
90 139
90 140
90 141
90 223
90 256
90 257
90 331
90 350
90 438
90 478
90 488
90 502
90 527
90 567
90 568
90 570
90 571
90 642
90 643
90 717
90 719
90 722
90 820
90 824
90 840
90 841
90 972
90 979
90 990
90 991
90 992
90 993
90 994
90 1020
90 1032
90 1065
90 1113
90 1159
91 78
91 79
91 80
91 81
91 126
91 134
91 142
91 222
91 258
91 259
91 331
91 350
91 438
91 478
91 488
91 502
91 525
91 526
91 528
91 529
91 530
91 531
91 565
91 566
91 571
91 643
91 644
91 722
91 820
91 824
91 839
91 840
91 972
91 979
91 987
91 988
91 989
91 995
91 996
91 1020
91 1032
91 1065
91 1113
91 1158
91 1159
92 77
92 126
92 133
92 142
92 222
92 259
92 331
92 350
92 438
92 478
92 488
92 502
92 524
92 532
92 533
92 534
92 559
92 560
92 561
92 562
92 563
92 564
92 571
92 645
92 646
92 722
92 820
92 824
92 838
92 839
92 972
92 979
92 984
92 985
92 986
92 996
92 997
92 1020
92 1032
92 1065
92 1113
92 1157
92 1158
93 76
93 126
93 133
93 142
93 223
93 259
93 331
93 350
93 438
93 478
93 488
93 503
93 523
93 535
93 536
93 537
93 538
93 539
93 540
93 541
93 542
93 543
93 544
93 545
93 555
93 556
93 557
93 558
93 563
93 571
93 640
93 641
93 642
93 643
93 722
93 821
93 824
93 838
93 972
93 979
93 982
93 983
93 997
93 1019
93 1020
93 1032
93 1065
93 1113
93 1156
93 1157
94 76
94 126
94 133
94 142
94 223
94 260
94 280
94 281
94 282
94 283
94 284
94 285
94 331
94 350
94 438
94 478
94 488
94 503
94 524
94 546
94 547
94 552
94 553
94 554
94 563
94 567
94 568
94 569
94 570
94 639
94 723
94 724
94 725
94 726
94 739
94 740
94 741
94 742
94 821
94 824
94 837
94 972
94 979
94 980
94 998
94 999
94 1000
94 1001
94 1002
94 1008
94 1009
94 1010
94 1011
94 1017
94 1018
94 1020
94 1033
94 1065
94 1113
94 1155
94 1156
95 75
95 127
95 133
95 142
95 223
95 260
95 279
95 286
95 287
95 288
95 289
95 290
95 291
95 292
95 293
95 331
95 350
95 439
95 478
95 488
95 503
95 525
95 526
95 527
95 534
95 548
95 549
95 550
95 551
95 562
95 563
95 564
95 565
95 566
95 639
95 721
95 726
95 737
95 738
95 743
95 744
95 821
95 824
95 837
95 972
95 979
95 1003
95 1006
95 1007
95 1012
95 1013
95 1014
95 1015
95 1016
95 1020
95 1033
95 1065
95 1113
95 1155
96 75
96 127
96 128
96 133
96 142
96 223
96 261
96 278
96 294
96 331
96 350
96 439
96 478
96 488
96 503
96 528
96 529
96 530
96 531
96 532
96 533
96 534
96 535
96 536
96 558
96 559
96 560
96 561
96 639
96 721
96 723
96 727
96 734
96 735
96 736
96 737
96 744
96 821
96 824
96 835
96 837
96 972
96 979
96 1004
96 1005
96 1006
96 1020
96 1033
96 1065
96 1113
96 1154
97 76
97 128
97 133
97 142
97 221
97 222
97 261
97 262
97 278
97 294
97 331
97 350
97 439
97 478
97 488
97 503
97 537
97 538
97 539
97 540
97 541
97 542
97 543
97 553
97 554
97 555
97 556
97 557
97 640
97 641
97 721
97 722
97 723
97 728
97 729
97 732
97 733
97 745
97 821
97 824
97 835
97 837
97 972
97 979
97 1020
97 1033
97 1035
97 1065
97 1113
97 1153
97 1154
98 76
98 129
98 133
98 142
98 219
98 220
98 262
98 278
98 294
98 305
98 306
98 307
98 331
98 350
98 439
98 478
98 488
98 503
98 544
98 545
98 551
98 552
98 642
98 643
98 730
98 731
98 732
98 745
98 746
98 821
98 824
98 835
98 837
98 972
98 979
98 1020
98 1032
98 1036
98 1065
98 1114
98 1152
98 1153
99 34
99 35
99 36
99 37
99 38
99 39
99 40
99 41
99 42
99 43
99 44
99 45
99 46
99 47
99 48
99 49
99 50
99 51
99 52
99 76
99 129
99 130
99 133
99 142
99 219
99 262
99 278
99 294
99 305
99 308
99 309
99 332
99 350
99 439
99 470
99 471
99 472
99 473
99 474
99 475
99 476
99 477
99 478
99 488
99 503
99 546
99 550
99 644
99 645
99 747
99 821
99 824
99 835
99 837
99 972
99 979
99 1020
99 1032
99 1036
99 1065
99 1114
99 1151
99 1152
100 25
100 26
100 27
100 28
100 29
100 30
100 31
100 32
100 33
100 53
100 54
100 55
100 56
100 57
100 58
100 59
100 60
100 61
100 62
100 63
100 64
100 65
100 66
100 67
100 68
100 69
100 70
100 71
100 72
100 73
100 74
100 75
100 130
100 131
100 134
100 142
100 219
100 263
100 278
100 294
100 304
100 309
100 310
100 332
100 349
100 439
100 452
100 453
100 454
100 455
100 456
100 457
100 458
100 459
100 460
100 461
100 462
100 463
100 464
100 465
100 466
100 467
100 468
100 469
100 488
100 503
100 546
100 549
100 646
100 748
100 821
100 824
100 835
100 837
100 970
100 972
100 979
100 1020
100 1032
100 1037
100 1065
100 1114
100 1150
100 1151
101 16
101 17
101 18
101 19
101 20
101 21
101 22
101 23
101 24
101 130
101 135
101 142
101 219
101 220
101 263
101 264
101 278
101 294
101 303
101 310
101 311
101 332
101 349
101 350
101 351
101 352
101 353
101 354
101 355
101 356
101 357
101 358
101 359
101 360
101 361
101 362
101 363
101 364
101 365
101 366
101 367
101 368
101 369
101 370
101 371
101 372
101 373
101 374
101 375
101 376
101 377
101 378
101 379
101 380
101 381
101 382
101 383
101 384
101 385
101 386
101 387
101 388
101 389
101 390
101 391
101 392
101 393
101 394
101 395
101 396
101 397
101 398
101 399
101 400
101 401
101 402
101 403
101 404
101 405
101 406
101 407
101 408
101 409
101 410
101 411
101 412
101 413
101 414
101 415
101 416
101 417
101 418
101 419
101 420
101 421
101 422
101 423
101 424
101 425
101 426
101 427
101 428
101 429
101 430
101 431
101 432
101 433
101 434
101 435
101 436
101 437
101 438
101 440
101 441
101 442
101 443
101 444
101 445
101 446
101 447
101 448
101 449
101 450
101 451
101 488
101 503
101 546
101 549
101 647
101 748
101 749
101 821
101 824
101 835
101 837
101 969
101 970
101 972
101 979
101 1020
101 1032
101 1037
101 1065
101 1114
101 1150
102 7
102 8
102 9
102 10
102 11
102 12
102 13
102 14
102 15
102 129
102 132
102 135
102 143
102 144
102 145
102 146
102 220
102 221
102 264
102 265
102 278
102 294
102 302
102 312
102 313
102 332
102 488
102 503
102 546
102 549
102 647
102 648
102 749
102 821
102 824
102 835
102 837
102 967
102 968
102 972
102 980
102 1020
102 1032
102 1037
102 1065
102 1114
102 1149
103 0
103 1
103 2
103 3
103 4
103 5
103 6
103 130
103 131
103 135
103 143
103 147
103 148
103 149
103 150
103 151
103 152
103 153
103 154
103 212
103 213
103 214
103 215
103 216
103 223
103 265
103 278
103 294
103 302
103 313
103 314
103 332
103 348
103 488
103 503
103 546
103 549
103 648
103 749
103 821
103 824
103 835
103 837
103 966
103 967
103 972
103 980
103 1020
103 1032
103 1037
103 1065
103 1114
103 1148
103 1149
104 135
104 142
104 155
104 156
104 157
104 158
104 159
104 160
104 161
104 162
104 163
104 164
104 165
104 166
104 211
104 217
104 218
104 219
104 220
104 221
104 265
104 278
104 294
104 301
104 314
104 315
104 332
104 348
104 488
104 503
104 546
104 549
104 648
104 749
104 821
104 824
104 834
104 837
104 965
104 966
104 972
104 980
104 1020
104 1032
104 1037
104 1065
104 1114
104 1147
104 1148
105 135
105 142
105 167
105 168
105 169
105 170
105 171
105 172
105 173
105 174
105 175
105 176
105 177
105 210
105 222
105 223
105 265
105 278
105 294
105 301
105 316
105 317
105 318
105 332
105 351
105 352
105 353
105 354
105 355
105 356
105 357
105 358
105 359
105 360
105 361
105 362
105 363
105 364
105 365
105 366
105 367
105 368
105 369
105 370
105 371
105 372
105 373
105 374
105 442
105 443
105 444
105 445
105 446
105 447
105 448
105 449
105 450
105 451
105 452
105 453
105 454
105 455
105 456
105 457
105 458
105 459
105 460
105 461
105 462
105 463
105 464
105 465
105 466
105 467
105 468
105 469
105 470
105 471
105 472
105 473
105 474
105 475
105 476
105 477
105 478
105 488
105 503
105 546
105 549
105 648
105 749
105 821
105 824
105 834
105 837
105 963
105 964
105 972
105 981
105 982
105 983
105 984
105 985
105 986
105 987
105 988
105 989
105 1020
105 1032
105 1037
105 1064
105 1114
105 1146
105 1147
106 135
106 142
106 149
106 150
106 151
106 152
106 153
106 178
106 179
106 180
106 181
106 210
106 223
106 265
106 278
106 294
106 300
106 319
106 320
106 332
106 350
106 375
106 376
106 377
106 378
106 379
106 380
106 381
106 382
106 383
106 384
106 385
106 386
106 387
106 388
106 389
106 390
106 391
106 392
106 393
106 394
106 395
106 396
106 397
106 398
106 399
106 400
106 401
106 402
106 403
106 404
106 405
106 406
106 407
106 408
106 409
106 410
106 411
106 412
106 413
106 414
106 415
106 416
106 417
106 418
106 419
106 420
106 421
106 422
106 423
106 424
106 425
106 426
106 427
106 428
106 429
106 430
106 431
106 432
106 433
106 434
106 435
106 436
106 437
106 438
106 440
106 441
106 479
106 488
106 503
106 546
106 549
106 648
106 749
106 752
106 753
106 754
106 755
106 756
106 757
106 758
106 759
106 766
106 767
106 768
106 821
106 824
106 834
106 837
106 901
106 934
106 935
106 936
106 963
106 972
106 981
106 990
106 991
106 992
106 993
106 994
106 995
106 996
106 997
106 998
106 999
106 1000
106 1001
106 1002
106 1020
106 1032
106 1037
106 1064
106 1114
106 1144
106 1145
107 144
107 145
107 146
107 147
107 148
107 154
107 182
107 183
107 184
107 185
107 210
107 223
107 265
107 278
107 294
107 300
107 321
107 322
107 332
107 349
107 440
107 479
107 488
107 503
107 546
107 549
107 647
107 648
107 748
107 751
107 760
107 761
107 764
107 765
107 769
107 821
107 824
107 834
107 837
107 900
107 902
107 933
107 937
107 962
107 972
107 980
107 1003
107 1004
107 1005
107 1006
107 1020
107 1032
107 1038
107 1064
107 1114
107 1144
108 121
108 122
108 123
108 124
108 125
108 126
108 127
108 128
108 129
108 130
108 131
108 132
108 133
108 134
108 135
108 143
108 154
108 186
108 187
108 188
108 189
108 210
108 223
108 265
108 278
108 294
108 300
108 322
108 332
108 349
108 439
108 479
108 488
108 504
108 546
108 549
108 645
108 646
108 747
108 750
108 762
108 763
108 764
108 769
108 821
108 824
108 834
108 837
108 900
108 902
108 933
108 937
108 961
108 962
108 972
108 980
108 1007
108 1008
108 1009
108 1010
108 1011
108 1020
108 1032
108 1038
108 1064
108 1114
108 1143
109 114
109 115
109 116
109 117
109 118
109 119
109 120
109 135
109 143
109 154
109 190
109 191
109 192
109 193
109 210
109 223
109 264
109 265
109 278
109 294
109 299
109 323
109 332
109 349
109 439
109 479
109 488
109 504
109 546
109 549
109 643
109 644
109 747
109 749
109 769
109 821
109 824
109 834
109 837
109 900
109 902
109 933
109 937
109 961
109 972
109 980
109 1012
109 1013
109 1020
109 1032
109 1039
109 1064
109 1114
109 1142
109 1143
110 113
110 135
110 143
110 154
110 194
110 195
110 196
110 197
110 198
110 199
110 200
110 201
110 202
110 203
110 210
110 223
110 261
110 262
110 263
110 264
110 278
110 294
110 299
110 323
110 332
110 349
110 440
110 479
110 488
110 504
110 546
110 549
110 642
110 643
110 746
110 770
110 775
110 776
110 777
110 778
110 779
110 821
110 824
110 834
110 837
110 900
110 933
110 937
110 960
110 972
110 980
110 1014
110 1020
110 1032
110 1039
110 1064
110 1114
110 1142
111 112
111 135
111 143
111 154
111 204
111 205
111 206
111 207
111 208
111 209
111 210
111 223
111 260
111 263
111 279
111 280
111 281
111 282
111 294
111 299
111 324
111 332
111 349
111 440
111 479
111 488
111 504
111 546
111 550
111 642
111 746
111 748
111 770
111 773
111 774
111 780
111 796
111 797
111 798
111 799
111 800
111 801
111 802
111 803
111 815
111 816
111 817
111 818
111 819
111 820
111 821
111 824
111 834
111 837
111 869
111 870
111 871
111 900
111 933
111 937
111 960
111 972
111 980
111 1014
111 1020
111 1032
111 1040
111 1064
111 1114
111 1141
112 112
112 135
112 143
112 154
112 210
112 223
112 261
112 272
112 273
112 274
112 275
112 276
112 277
112 278
112 279
112 293
112 298
112 324
112 325
112 332
112 349
112 440
112 479
112 488
112 504
112 546
112 550
112 641
112 771
112 772
112 773
112 780
112 782
112 783
112 784
112 785
112 794
112 795
112 804
112 805
112 813
112 814
112 821
112 824
112 834
112 837
112 869
112 871
112 900
112 903
112 933
112 937
112 960
112 972
112 980
112 1014
112 1020
112 1032
112 1040
112 1064
112 1114
112 1142
113 112
113 135
113 143
113 154
113 210
113 223
113 263
113 264
113 265
113 266
113 267
113 268
113 269
113 270
113 271
113 281
113 282
113 293
113 297
113 298
113 326
113 327
113 332
113 349
113 440
113 479
113 488
113 504
113 546
113 550
113 642
113 780
113 782
113 786
113 787
113 792
113 793
113 806
113 807
113 811
113 812
113 821
113 824
113 834
113 837
113 869
113 872
113 900
113 903
113 933
113 938
113 960
113 972
113 980
113 1014
113 1020
113 1032
113 1040
113 1064
113 1114
113 1142
114 41
114 42
114 43
114 44
114 112
114 135
114 143
114 154
114 210
114 223
114 255
114 256
114 257
114 258
114 259
114 260
114 261
114 262
114 281
114 293
114 296
114 297
114 327
114 332
114 349
114 440
114 479
114 488
114 504
114 546
114 550
114 642
114 643
114 644
114 787
114 788
114 792
114 807
114 808
114 809
114 821
114 824
114 834
114 837
114 868
114 872
114 900
114 903
114 933
114 938
114 961
114 972
114 980
114 1014
114 1020
114 1032
114 1040
114 1064
114 1114
114 1143
114 1144
114 1145
114 1146
114 1147
114 1148
114 1278
114 1279
115 40
115 45
115 112
115 135
115 143
115 154
115 210
115 223
115 248
115 249
115 250
115 251
115 252
115 253
115 254
115 277
115 280
115 293
115 296
115 328
115 333
115 334
115 335
115 336
115 337
115 338
115 339
115 340
115 341
115 342
115 343
115 344
115 345
115 346
115 347
115 348
115 349
115 440
115 479
115 488
115 504
115 546
115 550
115 645
115 788
115 789
115 791
115 810
115 811
115 821
115 824
115 834
115 838
115 868
115 873
115 900
115 903
115 933
115 938
115 961
115 972
115 980
115 1013
115 1014
115 1020
115 1032
115 1040
115 1064
115 1114
115 1149
115 1276
115 1277
116 39
116 45
116 112
116 135
116 143
116 154
116 197
116 198
116 199
116 200
116 210
116 223
116 240
116 241
116 242
116 243
116 244
116 245
116 246
116 247
116 268
116 269
116 270
116 271
116 272
116 273
116 274
116 275
116 276
116 278
116 279
116 293
116 328
116 329
116 440
116 479
116 489
116 490
116 491
116 492
116 493
116 494
116 495
116 496
116 497
116 498
116 499
116 500
116 501
116 502
116 503
116 504
116 546
116 550
116 646
116 789
116 790
116 791
116 810
116 812
116 822
116 824
116 834
116 838
116 847
116 848
116 868
116 873
116 900
116 903
116 933
116 938
116 961
116 972
116 980
116 1012
116 1020
116 1032
116 1040
116 1064
116 1114
116 1149
116 1275
116 1276
117 39
117 46
117 112
117 135
117 143
117 154
117 190
117 191
117 192
117 193
117 194
117 195
117 196
117 201
117 211
117 223
117 231
117 232
117 233
117 234
117 235
117 236
117 237
117 238
117 239
117 261
117 262
117 263
117 264
117 265
117 266
117 267
117 275
117 278
117 293
117 296
117 329
117 330
117 440
117 458
117 459
117 460
117 461
117 462
117 463
117 464
117 465
117 466
117 467
117 468
117 469
117 470
117 471
117 472
117 473
117 474
117 475
117 476
117 477
117 478
117 479
117 546
117 550
117 586
117 587
117 646
117 810
117 812
117 822
117 834
117 838
117 845
117 846
117 849
117 850
117 868
117 873
117 900
117 904
117 933
117 938
117 961
117 972
117 980
117 1010
117 1011
117 1020
117 1032
117 1040
117 1064
117 1114
117 1149
117 1267
117 1268
117 1269
117 1270
117 1271
117 1272
117 1273
117 1274
118 39
118 46
118 112
118 136
118 143
118 154
118 189
118 201
118 211
118 223
118 224
118 225
118 226
118 227
118 228
118 229
118 230
118 255
118 256
118 257
118 258
118 259
118 260
118 275
118 276
118 278
118 293
118 296
118 297
118 331
118 441
118 442
118 443
118 444
118 445
118 446
118 447
118 448
118 449
118 450
118 451
118 452
118 453
118 454
118 455
118 456
118 457
118 480
118 488
118 546
118 550
118 559
118 583
118 584
118 585
118 588
118 589
118 646
118 810
118 812
118 823
118 833
118 838
118 842
118 843
118 844
118 851
118 852
118 868
118 874
118 900
118 904
118 933
118 938
118 944
118 945
118 946
118 961
118 972
118 980
118 1006
118 1007
118 1008
118 1009
118 1020
118 1032
118 1041
118 1064
118 1114
118 1149
118 1238
118 1239
118 1240
118 1241
118 1242
118 1243
118 1265
118 1266
119 39
119 46
119 112
119 136
119 143
119 154
119 188
119 201
119 211
119 215
119 216
119 217
119 218
119 219
119 220
119 221
119 222
119 249
119 250
119 251
119 252
119 253
119 254
119 276
119 278
119 293
119 297
119 331
119 480
119 488
119 546
119 550
119 557
119 558
119 560
119 561
119 562
119 563
119 566
119 567
119 579
119 580
119 581
119 582
119 590
119 646
119 812
119 823
119 833
119 837
119 841
119 853
119 854
119 868
119 874
119 900
119 904
119 933
119 938
119 943
119 947
119 960
119 972
119 980
119 1004
119 1005
119 1020
119 1032
119 1041
119 1042
119 1064
119 1114
119 1149
119 1236
119 1237
119 1244
119 1245
119 1246
119 1247
119 1263
119 1264
120 38
120 46
120 112
120 136
120 143
120 154
120 188
120 202
120 203
120 206
120 207
120 208
120 209
120 210
120 211
120 212
120 214
120 243
120 244
120 245
120 246
120 247
120 248
120 279
120 293
120 297
120 331
120 480
120 488
120 546
120 550
120 556
120 564
120 565
120 568
120 569
120 570
120 571
120 572
120 573
120 574
120 575
120 576
120 577
120 578
120 581
120 590
120 646
120 811
120 822
120 833
120 837
120 841
120 854
120 855
120 868
120 874
120 900
120 904
120 933
120 938
120 942
120 947
120 961
120 972
120 980
120 1004
120 1020
120 1032
120 1042
120 1043
120 1044
120 1064
120 1114
120 1149
120 1234
120 1235
120 1248
120 1249
120 1263
121 38
121 47
121 112
121 136
121 143
121 153
121 188
121 197
121 198
121 199
121 200
121 203
121 236
121 237
121 238
121 239
121 240
121 241
121 242
121 277
121 279
121 293
121 296
121 297
121 331
121 480
121 488
121 546
121 550
121 556
121 564
121 581
121 590
121 645
121 646
121 811
121 822
121 833
121 837
121 840
121 841
121 855
121 868
121 874
121 900
121 904
121 933
121 938
121 942
121 947
121 961
121 972
121 980
121 1003
121 1020
121 1032
121 1045
121 1046
121 1064
121 1114
121 1149
121 1232
121 1233
121 1234
121 1250
121 1251
121 1252
121 1253
121 1254
121 1255
121 1256
121 1262
122 38
122 47
122 48
122 49
122 50
122 51
122 52
122 53
122 54
122 55
122 56
122 57
122 58
122 59
122 60
122 61
122 112
122 136
122 143
122 153
122 189
122 190
122 191
122 192
122 193
122 194
122 195
122 196
122 202
122 203
122 228
122 229
122 230
122 231
122 232
122 233
122 234
122 235
122 279
122 293
122 294
122 330
122 480
122 488
122 546
122 550
122 557
122 558
122 559
122 564
122 581
122 589
122 644
122 810
122 822
122 833
122 837
122 855
122 868
122 874
122 900
122 904
122 933
122 938
122 942
122 947
122 961
122 972
122 980
122 1003
122 1020
122 1032
122 1046
122 1047
122 1064
122 1114
122 1149
122 1230
122 1231
122 1257
122 1258
122 1259
122 1260
122 1261
122 1262
123 34
123 35
123 36
123 37
123 38
123 62
123 112
123 136
123 143
123 153
123 179
123 180
123 181
123 182
123 183
123 184
123 185
123 186
123 187
123 216
123 217
123 218
123 219
123 220
123 221
123 222
123 223
123 226
123 227
123 278
123 293
123 330
123 480
123 488
123 492
123 493
123 494
123 546
123 550
123 560
123 561
123 562
123 563
123 564
123 565
123 566
123 567
123 580
123 581
123 582
123 583
123 584
123 585
123 586
123 587
123 588
123 643
123 810
123 822
123 833
123 837
123 856
123 868
123 875
123 900
123 905
123 933
123 938
123 942
123 947
123 961
123 972
123 980
123 1003
123 1020
123 1032
123 1047
123 1048
123 1064
123 1114
123 1149
123 1229
124 32
124 33
124 63
124 112
124 136
124 143
124 153
124 171
124 172
124 173
124 174
124 175
124 176
124 177
124 178
124 208
124 209
124 210
124 213
124 214
124 215
124 224
124 225
124 276
124 278
124 293
124 330
124 480
124 488
124 491
124 492
124 495
124 496
124 547
124 550
124 568
124 569
124 577
124 578
124 579
124 643
124 810
124 813
124 822
124 833
124 837
124 856
124 865
124 866
124 867
124 868
124 876
124 900
124 905
124 933
124 938
124 942
124 947
124 962
124 972
124 980
124 1002
124 1020
124 1032
124 1048
124 1064
124 1114
124 1149
124 1228
125 30
125 31
125 63
125 64
125 112
125 136
125 144
125 145
125 146
125 147
125 148
125 153
125 161
125 162
125 163
125 164
125 165
125 166
125 167
125 168
125 169
125 170
125 201
125 202
125 205
125 206
125 207
125 211
125 212
125 224
125 276
125 279
125 280
125 281
125 282
125 283
125 284
125 285
125 286
125 287
125 288
125 289
125 290
125 291
125 292
125 293
125 330
125 480
125 488
125 491
125 496
125 547
125 550
125 570
125 576
125 643
125 810
125 813
125 822
125 833
125 837
125 856
125 863
125 864
125 868
125 876
125 900
125 905
125 934
125 939
125 942
125 947
125 962
125 972
125 980
125 1003
125 1004
125 1005
125 1006
125 1007
125 1008
125 1009
125 1010
125 1011
125 1012
125 1013
125 1020
125 1032
125 1048
125 1064
125 1114
125 1149
125 1229
126 29
126 30
126 64
126 112
126 136
126 149
126 150
126 151
126 152
126 153
126 155
126 156
126 157
126 158
126 159
126 160
126 195
126 196
126 197
126 198
126 199
126 200
126 203
126 211
126 224
126 275
126 329
126 480
126 488
126 496
126 547
126 550
126 570
126 575
126 600
126 601
126 602
126 603
126 604
126 605
126 606
126 607
126 608
126 609
126 610
126 611
126 612
126 613
126 614
126 615
126 643
126 810
126 813
126 822
126 833
126 837
126 857
126 862
126 863
126 868
126 876
126 900
126 905
126 934
126 939
126 942
126 947
126 962
126 972
126 980
126 1014
126 1020
126 1032
126 1048
126 1064
126 1114
126 1149
126 1229
126 1230
127 28
127 29
127 65
127 112
127 136
127 190
127 191
127 192
127 193
127 194
127 204
127 211
127 224
127 274
127 275
127 293
127 329
127 335
127 336
127 480
127 488
127 496
127 499
127 500
127 501
127 547
127 550
127 570
127 575
127 584
127 585
127 586
127 587
127 588
127 589
127 590
127 591
127 592
127 593
127 594
127 595
127 596
127 597
127 598
127 599
127 616
127 617
127 618
127 619
127 620
127 621
127 622
127 623
127 624
127 625
127 626
127 627
127 628
127 629
127 630
127 631
127 632
127 633
127 640
127 641
127 642
127 810
127 813
127 822
127 834
127 835
127 836
127 837
127 857
127 861
127 862
127 868
127 877
127 899
127 905
127 934
127 939
127 942
127 947
127 962
127 972
127 980
127 1014
127 1020
127 1032
127 1048
127 1064
127 1114
127 1149
127 1230
127 1231
128 28
128 65
128 112
128 136
128 189
128 204
128 211
128 224
128 274
128 293
128 329
128 334
128 337
128 480
128 488
128 498
128 502
128 547
128 550
128 570
128 575
128 583
128 634
128 639
128 810
128 813
128 822
128 857
128 861
128 868
128 877
128 899
128 905
128 934
128 939
128 942
128 947
128 962
128 972
128 980
128 1014
128 1020
128 1032
128 1048
128 1064
128 1114
128 1149
128 1231
129 27
129 65
129 112
129 136
129 180
129 181
129 182
129 183
129 184
129 185
129 186
129 188
129 204
129 211
129 224
129 274
129 293
129 329
129 330
129 331
129 332
129 333
129 337
129 480
129 489
129 496
129 503
129 547
129 550
129 570
129 576
129 577
129 578
129 579
129 580
129 581
129 582
129 635
129 636
129 637
129 638
129 810
129 813
129 823
129 824
129 833
129 858
129 859
129 860
129 868
129 877
129 880
129 899
129 905
129 934
129 939
129 942
129 947
129 962
129 965
129 966
129 967
129 968
129 969
129 972
129 980
129 1014
129 1020
129 1032
129 1048
129 1064
129 1114
129 1149
129 1232
130 26
130 27
130 66
130 112
130 136
130 172
130 173
130 174
130 175
130 176
130 177
130 178
130 179
130 188
130 204
130 211
130 224
130 275
130 276
130 293
130 337
130 480
130 489
130 503
130 547
130 550
130 567
130 568
130 569
130 570
130 576
130 810
130 814
130 833
130 868
130 877
130 881
130 882
130 899
130 906
130 934
130 939
130 942
130 947
130 962
130 963
130 964
130 970
130 972
130 980
130 1014
130 1020
130 1032
130 1048
130 1064
130 1114
130 1149
130 1232
130 1233
131 25
131 26
131 66
131 112
131 136
131 164
131 165
131 166
131 167
131 168
131 169
131 170
131 171
131 188
131 204
131 211
131 224
131 277
131 278
131 293
131 336
131 480
131 489
131 503
131 547
131 550
131 556
131 557
131 558
131 559
131 560
131 561
131 562
131 563
131 564
131 565
131 566
131 570
131 575
131 810
131 814
131 825
131 833
131 868
131 877
131 883
131 899
131 906
131 934
131 939
131 942
131 947
131 972
131 980
131 1014
131 1020
131 1032
131 1048
131 1064
131 1114
131 1149
131 1233
132 24
132 25
132 67
132 112
132 136
132 156
132 157
132 158
132 159
132 160
132 161
132 162
132 163
132 188
132 198
132 199
132 200
132 201
132 202
132 203
132 204
132 212
132 213
132 214
132 215
132 216
132 217
132 218
132 219
132 220
132 221
132 222
132 223
132 224
132 279
132 280
132 292
132 335
132 480
132 489
132 503
132 546
132 547
132 551
132 552
132 553
132 554
132 555
132 570
132 575
132 810
132 814
132 825
132 833
132 868
132 877
132 883
132 899
132 906
132 934
132 939
132 942
132 947
132 972
132 980
132 1014
132 1020
132 1032
132 1048
132 1064
132 1114
132 1149
132 1232
132 1233
133 23
133 24
133 68
133 113
133 114
133 115
133 116
133 117
133 118
133 119
133 120
133 121
133 122
133 123
133 124
133 125
133 126
133 127
133 128
133 129
133 130
133 131
133 132
133 133
133 134
133 135
133 136
133 148
133 149
133 150
133 151
133 152
133 153
133 154
133 155
133 189
133 190
133 191
133 192
133 193
133 194
133 195
133 196
133 197
133 281
133 282
133 290
133 291
133 335
133 480
133 489
133 502
133 503
133 544
133 545
133 547
133 551
133 570
133 575
133 810
133 814
133 825
133 833
133 868
133 877
133 884
133 899
133 906
133 934
133 939
133 942
133 947
133 972
133 980
133 1013
133 1014
133 1020
133 1032
133 1048
133 1064
133 1114
133 1149
133 1232
134 22
134 23
134 69
134 145
134 146
134 147
134 283
134 284
134 289
134 290
134 334
134 335
134 478
134 480
134 489
134 500
134 501
134 541
134 542
134 543
134 547
134 550
134 570
134 575
134 810
134 814
134 825
134 833
134 868
134 878
134 884
134 899
134 906
134 934
134 939
134 942
134 947
134 971
134 972
134 980
134 1010
134 1011
134 1012
134 1020
134 1032
134 1048
134 1064
134 1115
134 1133
134 1134
134 1135
134 1149
134 1231
135 21
135 22
135 69
135 136
135 144
135 284
135 285
135 286
135 287
135 288
135 334
135 478
135 480
135 489
135 498
135 499
135 537
135 538
135 539
135 540
135 547
135 550
135 570
135 575
135 810
135 815
135 825
135 833
135 868
135 878
135 884
135 899
135 906
135 927
135 928
135 929
135 930
135 931
135 932
135 933
135 934
135 939
135 942
135 947
135 966
135 967
135 968
135 969
135 970
135 980
135 1008
135 1009
135 1020
135 1032
135 1047
135 1064
135 1115
135 1128
135 1129
135 1130
135 1131
135 1132
135 1136
135 1137
135 1138
135 1139
135 1149
135 1230
135 1231
136 20
136 21
136 69
136 136
136 143
136 333
136 478
136 480
136 489
136 496
136 497
136 501
136 502
136 503
136 504
136 535
136 536
136 547
136 550
136 570
136 575
136 810
136 815
136 825
136 833
136 868
136 878
136 885
136 893
136 894
136 899
136 907
136 926
136 934
136 939
136 942
136 947
136 962
136 963
136 964
136 965
136 979
136 1006
136 1007
136 1020
136 1033
136 1047
136 1060
136 1061
136 1062
136 1063
136 1064
136 1115
136 1126
136 1127
136 1140
136 1141
136 1142
136 1143
136 1144
136 1145
136 1146
136 1149
136 1230
137 19
137 20
137 69
137 137
137 143
137 333
137 339
137 340
137 341
137 342
137 343
137 478
137 480
137 489
137 496
137 500
137 501
137 504
137 505
137 506
137 507
137 508
137 530
137 531
137 532
137 533
137 534
137 547
137 550
137 570
137 576
137 809
137 815
137 825
137 834
137 868
137 878
137 885
137 886
137 887
137 888
137 889
137 890
137 891
137 892
137 895
137 896
137 899
137 907
137 908
137 909
137 910
137 925
137 934
137 940
137 942
137 947
137 960
137 961
137 972
137 979
137 1004
137 1005
137 1020
137 1033
137 1046
137 1058
137 1059
137 1064
137 1115
137 1118
137 1119
137 1120
137 1121
137 1122
137 1123
137 1124
137 1125
137 1149
137 1226
137 1227
137 1228
137 1229
138 18
138 19
138 69
138 137
138 143
138 333
138 334
138 335
138 336
138 337
138 338
138 343
138 369
138 370
138 371
138 480
138 489
138 496
138 497
138 498
138 499
138 500
138 509
138 510
138 525
138 526
138 527
138 528
138 529
138 547
138 550
138 570
138 576
138 809
138 815
138 825
138 834
138 868
138 878
138 896
138 897
138 898
138 899
138 908
138 911
138 912
138 922
138 923
138 924
138 934
138 940
138 948
138 949
138 950
138 959
138 960
138 972
138 979
138 1002
138 1003
138 1020
138 1033
138 1046
138 1057
138 1058
138 1064
138 1115
138 1116
138 1148
138 1224
138 1225
139 17
139 18
139 69
139 137
139 143
139 332
139 344
139 366
139 367
139 368
139 372
139 373
139 374
139 375
139 383
139 384
139 385
139 386
139 387
139 388
139 389
139 390
139 391
139 392
139 437
139 438
139 439
139 440
139 441
139 442
139 443
139 444
139 445
139 446
139 447
139 448
139 449
139 450
139 451
139 452
139 453
139 454
139 455
139 456
139 457
139 458
139 459
139 460
139 461
139 468
139 469
139 470
139 471
139 472
139 480
139 489
139 510
139 511
139 522
139 523
139 524
139 547
139 551
139 570
139 576
139 809
139 815
139 825
139 834
139 868
139 879
139 899
139 907
139 912
139 913
139 922
139 924
139 926
139 934
139 940
139 941
139 948
139 951
139 952
139 959
139 972
139 979
139 1002
139 1020
139 1033
139 1046
139 1056
139 1057
139 1064
139 1115
139 1147
139 1224
140 16
140 17
140 69
140 137
140 143
140 344
140 345
140 361
140 362
140 363
140 364
140 365
140 376
140 377
140 378
140 379
140 380
140 381
140 382
140 393
140 394
140 432
140 433
140 434
140 435
140 436
140 462
140 463
140 464
140 465
140 466
140 467
140 473
140 474
140 475
140 480
140 489
140 511
140 519
140 520
140 521
140 547
140 551
140 570
140 576
140 809
140 815
140 825
140 834
140 868
140 879
140 899
140 907
140 913
140 921
140 925
140 927
140 934
140 941
140 947
140 952
140 953
140 958
140 972
140 979
140 1001
140 1020
140 1033
140 1046
140 1047
140 1055
140 1056
140 1064
140 1115
140 1147
140 1223
141 15
141 16
141 69
141 137
141 143
141 345
141 346
141 359
141 360
141 395
141 396
141 397
141 420
141 421
141 422
141 423
141 424
141 425
141 426
141 427
141 428
141 429
141 430
141 431
141 476
141 477
141 480
141 489
141 511
141 515
141 516
141 517
141 518
141 547
141 551
141 570
141 576
141 809
141 816
141 825
141 834
141 868
141 879
141 899
141 907
141 913
141 921
141 925
141 927
141 934
141 940
141 947
141 953
141 954
141 958
141 972
141 979
141 1001
141 1020
141 1033
141 1047
141 1054
141 1055
141 1065
141 1115
141 1147
141 1223
142 14
142 15
142 67
142 68
142 137
142 143
142 347
142 348
142 357
142 358
142 398
142 399
142 400
142 401
142 402
142 403
142 404
142 405
142 406
142 407
142 408
142 409
142 410
142 411
142 412
142 413
142 414
142 415
142 416
142 417
142 418
142 419
142 477
142 480
142 489
142 512
142 513
142 514
142 547
142 551
142 571
142 576
142 809
142 816
142 825
142 834
142 868
142 879
142 899
142 908
142 913
142 920
142 934
142 940
142 947
142 955
142 956
142 958
142 972
142 979
142 1001
142 1020
142 1033
142 1047
142 1054
142 1065
142 1115
142 1147
142 1222
143 13
143 14
143 65
143 66
143 137
143 143
143 348
143 349
143 350
143 351
143 352
143 353
143 354
143 355
143 356
143 480
143 489
143 547
143 551
143 571
143 576
143 809
143 816
143 825
143 834
143 868
143 879
143 899
143 908
143 914
143 920
143 934
143 940
143 947
143 956
143 958
143 972
143 979
143 1001
143 1020
143 1033
143 1047
143 1053
143 1065
143 1115
143 1148
143 1222
144 12
144 13
144 64
144 65
144 137
144 143
144 480
144 489
144 547
144 551
144 571
144 576
144 809
144 816
144 825
144 834
144 868
144 880
144 899
144 908
144 915
144 916
144 917
144 920
144 934
144 940
144 947
144 958
144 972
144 979
144 1002
144 1003
144 1004
144 1005
144 1006
144 1020
144 1033
144 1047
144 1053
144 1065
144 1115
144 1148
144 1222
145 11
145 12
145 62
145 63
145 137
145 143
145 481
145 489
145 547
145 551
145 571
145 576
145 809
145 816
145 825
145 834
145 868
145 880
145 899
145 902
145 903
145 908
145 918
145 920
145 935
145 936
145 937
145 938
145 939
145 949
145 950
145 951
145 952
145 953
145 954
145 955
145 956
145 957
145 972
145 979
145 1007
145 1008
145 1009
145 1010
145 1011
145 1012
145 1013
145 1020
145 1033
145 1047
145 1051
145 1052
145 1065
145 1115
145 1148
145 1223
146 10
146 11
146 61
146 62
146 137
146 144
146 481
146 489
146 547
146 551
146 571
146 576
146 809
146 816
146 825
146 834
146 868
146 880
146 900
146 901
146 904
146 905
146 906
146 907
146 908
146 918
146 923
146 924
146 925
146 926
146 927
146 928
146 929
146 930
146 931
146 932
146 933
146 941
146 948
146 958
146 972
146 979
146 1014
146 1020
146 1033
146 1048
146 1049
146 1050
146 1065
146 1115
146 1148
146 1223
146 1224
147 9
147 10
147 60
147 61
147 137
147 144
147 481
147 489
147 547
147 551
147 571
147 576
147 809
147 816
147 825
147 834
147 868
147 876
147 877
147 878
147 879
147 880
147 922
147 935
147 936
147 937
147 942
147 947
147 958
147 972
147 979
147 1014
147 1020
147 1033
147 1065
147 1115
147 1148
147 1224
147 1225
148 8
148 9
148 60
148 137
148 144
148 481
148 489
148 547
148 551
148 571
148 576
148 809
148 816
148 825
148 834
148 869
148 871
148 874
148 875
148 900
148 904
148 921
148 942
148 947
148 958
148 972
148 979
148 1014
148 1020
148 1033
148 1065
148 1115
148 1148
148 1226
148 1227
149 7
149 8
149 59
149 137
149 144
149 481
149 489
149 547
149 551
149 571
149 576
149 809
149 817
149 825
149 834
149 869
149 870
149 872
149 873
149 900
149 904
149 921
149 942
149 947
149 958
149 972
149 979
149 1014
149 1020
149 1033
149 1065
149 1115
149 1148
150 6
150 7
150 59
150 137
150 144
150 481
150 489
150 547
150 551
150 571
150 576
150 809
150 817
150 825
150 834
150 868
150 875
150 876
150 877
150 878
150 879
150 880
150 881
150 882
150 883
150 884
150 885
150 886
150 887
150 900
150 904
150 921
150 942
150 947
150 958
150 972
150 979
150 1014
150 1020
150 1033
150 1065
150 1115
150 1148
150 1218
150 1219
150 1220
150 1225
150 1226
151 5
151 6
151 58
151 137
151 144
151 481
151 489
151 547
151 551
151 571
151 576
151 809
151 817
151 825
151 834
151 847
151 848
151 849
151 850
151 851
151 852
151 853
151 854
151 855
151 856
151 857
151 858
151 859
151 860
151 861
151 862
151 863
151 864
151 865
151 866
151 867
151 888
151 900
151 904
151 921
151 942
151 947
151 958
151 972
151 979
151 1013
151 1020
151 1033
151 1065
151 1115
151 1148
151 1199
151 1200
151 1201
151 1202
151 1203
151 1204
151 1205
151 1206
151 1207
151 1208
151 1209
151 1210
151 1211
151 1212
151 1213
151 1214
151 1215
151 1216
151 1217
151 1223
151 1224
152 4
152 5
152 56
152 57
152 137
152 144
152 481
152 489
152 547
152 551
152 571
152 576
152 809
152 817
152 825
152 834
152 846
152 888
152 900
152 904
152 921
152 942
152 947
152 959
152 972
152 979
152 1013
152 1020
152 1033
152 1065
152 1115
152 1148
152 1182
152 1183
152 1184
152 1185
152 1186
152 1187
152 1188
152 1189
152 1190
152 1191
152 1192
152 1193
152 1194
152 1195
152 1196
152 1197
152 1198
152 1222
153 3
153 4
153 55
153 137
153 144
153 481
153 489
153 547
153 551
153 571
153 576
153 809
153 817
153 825
153 834
153 845
153 888
153 900
153 904
153 921
153 942
153 947
153 959
153 972
153 979
153 1012
153 1020
153 1033
153 1065
153 1115
153 1148
153 1163
153 1164
153 1165
153 1166
153 1167
153 1168
153 1169
153 1170
153 1171
153 1172
153 1173
153 1174
153 1175
153 1176
153 1177
153 1178
153 1179
153 1180
153 1181
153 1222
154 2
154 3
154 54
154 137
154 144
154 481
154 489
154 547
154 551
154 571
154 576
154 810
154 812
154 815
154 816
154 817
154 825
154 834
154 845
154 888
154 900
154 904
154 922
154 942
154 947
154 959
154 972
154 979
154 1010
154 1011
154 1012
154 1020
154 1033
154 1065
154 1115
154 1149
154 1154
154 1155
154 1156
154 1157
154 1158
154 1159
154 1160
154 1161
154 1162
154 1222
154 1223
154 1224
154 1225
155 0
155 1
155 2
155 54
155 138
155 144
155 481
155 490
155 547
155 551
155 571
155 576
155 810
155 811
155 813
155 814
155 825
155 834
155 845
155 888
155 900
155 904
155 922
155 942
155 947
155 959
155 972
155 979
155 1008
155 1009
155 1020
155 1033
155 1065
155 1115
155 1149
155 1153
155 1222
155 1225
156 53
156 138
156 144
156 481
156 490
156 547
156 551
156 571
156 576
156 810
156 813
156 825
156 834
156 845
156 888
156 901
156 905
156 922
156 942
156 947
156 959
156 972
156 979
156 1006
156 1008
156 1020
156 1033
156 1065
156 1115
156 1149
156 1152
156 1222
156 1223
156 1224
156 1225
156 1254
156 1255
156 1256
156 1257
157 53
157 138
157 144
157 481
157 490
157 547
157 551
157 571
157 576
157 810
157 813
157 825
157 834
157 845
157 888
157 901
157 905
157 922
157 942
157 947
157 959
157 972
157 979
157 1004
157 1005
157 1007
157 1020
157 1033
157 1049
157 1050
157 1051
157 1052
157 1065
157 1115
157 1149
157 1152
157 1222
157 1254
157 1257
157 1258
158 52
158 138
158 144
158 481
158 490
158 547
158 551
158 571
158 576
158 810
158 813
158 825
158 834
158 845
158 888
158 901
158 905
158 922
158 942
158 947
158 959
158 972
158 979
158 1002
158 1004
158 1007
158 1020
158 1033
158 1049
158 1053
158 1054
158 1055
158 1056
158 1115
158 1149
158 1152
158 1221
158 1253
158 1258
158 1259
159 52
159 138
159 144
159 481
159 490
159 547
159 551
159 571
159 576
159 810
159 813
159 825
159 834
159 845
159 888
159 901
159 905
159 922
159 942
159 947
159 959
159 972
159 979
159 1002
159 1004
159 1007
159 1020
159 1033
159 1049
159 1057
159 1058
159 1059
159 1060
159 1061
159 1062
159 1063
159 1064
159 1065
159 1115
159 1136
159 1137
159 1138
159 1139
159 1140
159 1141
159 1142
159 1143
159 1144
159 1145
159 1146
159 1147
159 1148
159 1149
159 1152
159 1221
159 1253
159 1259
160 52
160 138
160 144
160 481
160 490
160 547
160 551
160 571
160 576
160 810
160 814
160 825
160 834
160 845
160 888
160 901
160 905
160 922
160 942
160 947
160 959
160 972
160 979
160 1004
160 1007
160 1020
160 1033
160 1049
160 1065
160 1115
160 1120
160 1121
160 1122
160 1123
160 1124
160 1125
160 1126
160 1127
160 1128
160 1129
160 1130
160 1131
160 1132
160 1133
160 1134
160 1135
160 1220
160 1252
160 1259
161 53
161 138
161 144
161 481
161 490
161 547
161 551
161 571
161 576
161 810
161 814
161 825
161 834
161 845
161 888
161 901
161 905
161 922
161 942
161 947
161 959
161 973
161 980
161 1001
161 1007
161 1020
161 1033
161 1049
161 1065
161 1115
161 1119
161 1220
161 1252
161 1260
162 53
162 138
162 144
162 481
162 490
162 547
162 551
162 571
162 577
162 810
162 814
162 825
162 834
162 845
162 888
162 901
162 905
162 922
162 942
162 947
162 959
162 973
162 981
162 999
162 1000
162 1003
162 1007
162 1020
162 1033
162 1043
162 1044
162 1045
162 1046
162 1047
162 1048
162 1049
162 1065
162 1116
162 1117
162 1118
162 1220
162 1251
162 1252
162 1260
163 53
163 138
163 144
163 481
163 490
163 547
163 551
163 571
163 577
163 810
163 814
163 825
163 835
163 845
163 888
163 901
163 905
163 922
163 942
163 947
163 959
163 973
163 981
163 998
163 999
163 1003
163 1007
163 1020
163 1033
163 1050
163 1051
163 1052
163 1053
163 1054
163 1055
163 1056
163 1057
163 1058
163 1059
163 1060
163 1061
163 1062
163 1063
163 1064
163 1065
163 1220
163 1247
163 1248
163 1249
163 1250
163 1251
163 1260
164 53
164 138
164 144
164 481
164 490
164 547
164 551
164 571
164 577
164 811
164 814
164 825
164 835
164 845
164 888
164 901
164 905
164 922
164 942
164 947
164 959
164 970
164 971
164 972
164 973
164 981
164 996
164 997
164 1003
164 1007
164 1020
164 1034
164 1035
164 1036
164 1037
164 1038
164 1039
164 1040
164 1041
164 1044
164 1045
164 1046
164 1047
164 1048
164 1115
164 1221
164 1231
164 1232
164 1233
164 1234
164 1235
164 1236
164 1237
164 1238
164 1239
164 1240
164 1241
164 1242
164 1243
164 1244
164 1245
164 1246
164 1260
165 54
165 138
165 144
165 446
165 457
165 458
165 459
165 481
165 490
165 547
165 552
165 571
165 577
165 811
165 814
165 825
165 835
165 845
165 888
165 901
165 905
165 922
165 942
165 947
165 960
165 961
165 962
165 963
165 964
165 965
165 966
165 967
165 968
165 973
165 981
165 994
165 995
165 1003
165 1007
165 1020
165 1042
165 1043
165 1065
165 1115
165 1221
165 1222
165 1229
165 1230
165 1261
166 54
166 138
166 144
166 445
166 447
166 457
166 459
166 481
166 490
166 547
166 552
166 572
166 577
166 811
166 814
166 825
166 835
166 845
166 888
166 901
166 905
166 922
166 942
166 947
166 968
166 973
166 982
166 983
166 984
166 985
166 993
166 994
166 1003
166 1007
166 1020
166 1033
166 1065
166 1115
166 1222
166 1223
166 1224
166 1228
166 1261
166 1262
167 55
167 138
167 144
167 445
167 447
167 457
167 460
167 481
167 490
167 547
167 552
167 573
167 577
167 811
167 814
167 825
167 835
167 845
167 888
167 901
167 905
167 922
167 942
167 947
167 968
167 973
167 982
167 986
167 987
167 988
167 989
167 990
167 991
167 992
167 1003
167 1007
167 1020
167 1033
167 1065
167 1115
167 1225
167 1226
167 1227
167 1263
167 1264
168 55
168 138
168 144
168 445
168 447
168 457
168 460
168 461
168 481
168 490
168 525
168 547
168 552
168 573
168 577
168 811
168 814
168 825
168 835
168 845
168 888
168 901
168 905
168 923
168 942
168 947
168 968
168 973
168 981
168 1003
168 1007
168 1020
168 1033
168 1065
168 1115
168 1264
169 56
169 138
169 144
169 445
169 447
169 457
169 461
169 481
169 490
169 495
169 516
169 517
169 518
169 519
169 520
169 521
169 522
169 523
169 524
169 526
169 547
169 552
169 573
169 577
169 811
169 814
169 825
169 835
169 844
169 888
169 901
169 905
169 923
169 941
169 947
169 968
169 973
169 981
169 1003
169 1007
169 1020
169 1033
169 1065
169 1115
169 1264
170 56
170 138
170 144
170 445
170 447
170 457
170 461
170 481
170 490
170 494
170 496
170 515
170 526
170 547
170 552
170 573
170 577
170 811
170 814
170 825
170 835
170 844
170 888
170 901
170 905
170 923
170 941
170 947
170 968
170 973
170 981
170 1003
170 1007
170 1020
170 1033
170 1065
170 1115
170 1264
171 56
171 138
171 144
171 444
171 448
171 449
171 450
171 451
171 452
171 453
171 454
171 455
171 456
171 457
171 462
171 463
171 464
171 465
171 466
171 467
171 468
171 469
171 470
171 471
171 472
171 473
171 474
171 475
171 476
171 477
171 478
171 479
171 480
171 481
171 491
171 492
171 493
171 494
171 496
171 498
171 499
171 500
171 501
171 502
171 503
171 504
171 505
171 506
171 507
171 508
171 509
171 510
171 511
171 512
171 513
171 514
171 526
171 547
171 552
171 573
171 577
171 811
171 814
171 825
171 835
171 844
171 888
171 901
171 905
171 923
171 941
171 947
171 968
171 973
171 981
171 1003
171 1007
171 1020
171 1033
171 1065
171 1115
171 1264
172 57
172 138
172 145
172 364
172 365
172 366
172 367
172 368
172 369
172 370
172 371
172 372
172 373
172 374
172 375
172 376
172 377
172 428
172 429
172 430
172 431
172 432
172 433
172 434
172 435
172 436
172 437
172 438
172 439
172 440
172 441
172 442
172 443
172 444
172 448
172 457
172 462
172 494
172 495
172 496
172 497
172 526
172 547
172 552
172 573
172 577
172 620
172 621
172 811
172 814
172 825
172 835
172 844
172 888
172 901
172 905
172 923
172 941
172 947
172 968
172 973
172 981
172 1003
172 1007
172 1020
172 1033
172 1065
172 1115
172 1264
173 57
173 138
173 145
173 350
173 351
173 352
173 353
173 354
173 355
173 356
173 357
173 358
173 359
173 360
173 361
173 362
173 363
173 378
173 379
173 380
173 381
173 382
173 383
173 384
173 385
173 386
173 427
173 444
173 448
173 457
173 461
173 481
173 490
173 494
173 526
173 547
173 552
173 573
173 577
173 617
173 618
173 619
173 622
173 811
173 814
173 825
173 835
173 844
173 888
173 901
173 905
173 923
173 941
173 947
173 968
173 973
173 981
173 1004
173 1007
173 1020
173 1033
173 1065
173 1115
173 1264
174 58
174 139
174 145
174 345
174 346
174 347
174 348
174 349
174 387
174 426
174 444
174 448
174 457
174 461
174 481
174 490
174 494
174 526
174 547
174 552
174 573
174 577
174 615
174 616
174 618
174 622
174 811
174 814
174 825
174 835
174 844
174 888
174 901
174 905
174 923
174 941
174 947
174 968
174 973
174 981
174 1004
174 1007
174 1020
174 1033
174 1065
174 1115
174 1264
175 58
175 59
175 139
175 145
175 343
175 344
175 387
175 426
175 444
175 448
175 457
175 461
175 481
175 490
175 494
175 497
175 526
175 547
175 552
175 573
175 577
175 613
175 614
175 615
175 618
175 623
175 811
175 814
175 825
175 835
175 844
175 888
175 901
175 905
175 923
175 941
175 947
175 968
175 973
175 981
175 1004
175 1007
175 1020
175 1033
175 1065
175 1115
175 1265
176 59
176 139
176 145
176 342
176 343
176 388
176 389
176 390
176 391
176 392
176 393
176 394
176 395
176 396
176 397
176 398
176 399
176 400
176 401
176 402
176 403
176 404
176 405
176 406
176 407
176 408
176 409
176 410
176 411
176 412
176 413
176 414
176 415
176 416
176 417
176 418
176 419
176 426
176 444
176 448
176 457
176 461
176 481
176 490
176 494
176 497
176 526
176 547
176 552
176 573
176 577
176 611
176 612
176 619
176 621
176 623
176 811
176 814
176 825
176 835
176 844
176 888
176 901
176 905
176 941
176 947
176 968
176 973
176 981
176 1004
176 1007
176 1020
176 1033
176 1065
176 1116
176 1265
176 1266
177 60
177 139
177 145
177 341
177 342
177 420
177 426
177 444
177 449
177 456
177 461
177 481
177 490
177 494
177 498
177 527
177 543
177 544
177 547
177 552
177 573
177 577
177 610
177 611
177 620
177 624
177 811
177 814
177 825
177 835
177 844
177 889
177 890
177 900
177 901
177 905
177 923
177 941
177 947
177 968
177 973
177 981
177 1004
177 1007
177 1020
177 1033
177 1065
177 1116
177 1267
177 1268
178 60
178 61
178 139
178 145
178 341
178 421
178 425
178 444
178 449
178 456
178 461
178 481
178 490
178 494
178 498
178 527
178 542
178 545
178 552
178 573
178 577
178 588
178 589
178 590
178 591
178 592
178 607
178 608
178 609
178 610
178 612
178 614
178 622
178 624
178 811
178 825
178 835
178 844
178 889
178 901
178 906
178 907
178 908
178 909
178 910
178 911
178 912
178 913
178 914
178 915
178 916
178 917
178 918
178 919
178 920
178 921
178 923
178 941
178 947
178 968
178 973
178 981
178 1004
178 1007
178 1020
178 1033
178 1065
178 1116
178 1268
179 61
179 62
179 139
179 145
179 342
179 343
179 421
179 422
179 423
179 424
179 425
179 443
179 449
179 456
179 461
179 481
179 490
179 494
179 498
179 527
179 541
179 545
179 548
179 552
179 573
179 577
179 586
179 587
179 593
179 604
179 605
179 606
179 610
179 618
179 625
179 825
179 835
179 842
179 843
179 844
179 888
179 902
179 906
179 923
179 941
179 947
179 969
179 970
179 971
179 972
179 973
179 982
179 983
179 984
179 985
179 986
179 987
179 988
179 989
179 990
179 1004
179 1007
179 1033
179 1065
179 1116
179 1268
180 62
180 139
180 145
180 344
180 443
180 449
180 456
180 461
180 481
180 490
180 494
180 498
180 527
180 541
180 545
180 548
180 552
180 573
180 577
180 584
180 585
180 586
180 594
180 602
180 603
180 609
180 610
180 618
180 623
180 625
180 825
180 836
180 837
180 844
180 888
180 902
180 906
180 923
180 941
180 947
180 969
180 973
180 982
180 991
180 992
180 993
180 994
180 995
180 996
180 997
180 998
180 999
180 1000
180 1001
180 1002
180 1003
180 1004
180 1008
180 1009
180 1010
180 1011
180 1012
180 1013
180 1014
180 1015
180 1016
180 1017
180 1018
180 1019
180 1020
180 1035
180 1036
180 1037
180 1038
180 1039
180 1040
180 1041
180 1065
180 1116
180 1268
181 62
181 139
181 145
181 344
181 443
181 450
181 456
181 461
181 481
181 490
181 494
181 498
181 527
181 541
181 545
181 548
181 552
181 573
181 577
181 583
181 594
181 600
181 601
181 604
181 605
181 619
181 620
181 621
181 622
181 623
181 625
181 824
181 825
181 836
181 844
181 888
181 902
181 906
181 923
181 941
181 949
181 950
181 951
181 952
181 953
181 954
181 955
181 956
181 957
181 958
181 959
181 960
181 961
181 962
181 963
181 964
181 968
181 973
181 981
181 1004
181 1008
181 1020
181 1034
181 1042
181 1043
181 1044
181 1045
181 1046
181 1047
181 1048
181 1049
181 1050
181 1051
181 1052
181 1053
181 1054
181 1055
181 1056
181 1065
181 1116
181 1268
182 62
182 139
182 145
182 344
182 443
182 450
182 456
182 461
182 481
182 491
182 494
182 498
182 527
182 541
182 545
182 548
182 552
182 573
182 577
182 582
182 595
182 597
182 598
182 599
182 600
182 626
182 627
182 825
182 835
182 844
182 888
182 902
182 906
182 923
182 927
182 928
182 929
182 930
182 931
182 932
182 933
182 934
182 935
182 936
182 948
182 965
182 968
182 973
182 981
182 1004
182 1007
182 1020
182 1033
182 1057
182 1058
182 1059
182 1060
182 1061
182 1062
182 1063
182 1064
182 1116
182 1268
183 60
183 61
183 62
183 139
183 145
183 344
183 443
183 450
183 456
183 462
183 481
183 491
183 494
183 498
183 527
183 541
183 545
183 548
183 552
183 573
183 577
183 582
183 595
183 596
183 599
183 628
183 629
183 630
183 825
183 835
183 844
183 888
183 902
183 906
183 923
183 926
183 937
183 938
183 939
183 940
183 941
183 947
183 965
183 968
183 973
183 981
183 1004
183 1007
183 1020
183 1033
183 1065
183 1116
183 1268
184 56
184 57
184 58
184 59
184 139
184 145
184 337
184 338
184 339
184 340
184 341
184 342
184 343
184 344
184 443
184 450
184 456
184 462
184 481
184 491
184 494
184 498
184 526
184 527
184 541
184 545
184 548
184 552
184 573
184 577
184 582
184 631
184 632
184 826
184 835
184 845
184 847
184 850
184 851
184 852
184 853
184 854
184 855
184 856
184 857
184 858
184 859
184 860
184 861
184 862
184 863
184 864
184 865
184 866
184 867
184 868
184 869
184 872
184 875
184 876
184 877
184 878
184 879
184 880
184 881
184 882
184 883
184 884
184 885
184 888
184 902
184 906
184 923
184 925
184 937
184 947
184 965
184 968
184 973
184 981
184 1004
184 1007
184 1020
184 1033
184 1065
184 1118
184 1268
185 52
185 53
185 54
185 55
185 139
185 145
185 335
185 336
185 443
185 451
185 456
185 462
185 481
185 491
185 494
185 498
185 524
185 525
185 541
185 545
185 548
185 552
185 573
185 577
185 582
185 633
185 634
185 635
185 636
185 637
185 638
185 655
185 656
185 657
185 658
185 659
185 826
185 835
185 845
185 846
185 848
185 849
185 870
185 871
185 873
185 874
185 886
185 902
185 906
185 947
185 965
185 968
185 973
185 981
185 1004
185 1007
185 1020
185 1033
185 1066
185 1117
185 1119
185 1120
185 1121
185 1122
185 1123
185 1124
185 1125
185 1126
185 1127
185 1128
185 1129
185 1130
185 1131
185 1132
185 1133
185 1134
185 1135
185 1136
185 1137
185 1138
185 1139
185 1140
185 1141
185 1142
185 1143
185 1269
186 50
186 51
186 139
186 145
186 334
186 335
186 443
186 451
186 456
186 462
186 481
186 491
186 494
186 498
186 523
186 541
186 545
186 548
186 552
186 573
186 577
186 582
186 612
186 639
186 640
186 641
186 642
186 643
186 644
186 645
186 646
186 647
186 648
186 649
186 650
186 651
186 652
186 653
186 654
186 660
186 665
186 666
186 667
186 826
186 835
186 845
186 848
186 870
186 873
186 886
186 947
186 965
186 968
186 973
186 981
186 1004
186 1007
186 1020
186 1033
186 1066
186 1116
186 1144
186 1145
186 1146
186 1147
186 1148
186 1149
186 1150
186 1151
186 1152
186 1153
186 1154
186 1155
186 1156
186 1157
186 1158
186 1159
186 1160
186 1161
186 1162
186 1163
186 1164
186 1165
186 1166
186 1167
186 1168
186 1169
186 1170
186 1171
186 1172
186 1269
187 32
187 33
187 34
187 35
187 36
187 37
187 38
187 39
187 40
187 41
187 42
187 43
187 44
187 45
187 46
187 47
187 48
187 49
187 139
187 145
187 333
187 334
187 442
187 451
187 457
187 462
187 481
187 491
187 494
187 498
187 522
187 541
187 545
187 548
187 552
187 573
187 580
187 581
187 582
187 611
187 660
187 664
187 668
187 826
187 835
187 947
187 965
187 968
187 973
187 981
187 1004
187 1007
187 1020
187 1034
187 1066
187 1116
187 1173
187 1174
187 1175
187 1176
187 1177
187 1178
187 1179
187 1180
187 1181
187 1182
187 1183
187 1184
187 1185
187 1186
187 1187
187 1188
187 1189
187 1190
187 1191
187 1192
187 1193
187 1194
187 1195
187 1196
187 1197
187 1198
187 1199
187 1200
187 1201
187 1270
188 27
188 28
188 29
188 30
188 31
188 139
188 145
188 332
188 333
188 442
188 451
188 457
188 462
188 481
188 491
188 494
188 498
188 522
188 540
188 544
188 548
188 552
188 573
188 579
188 607
188 608
188 609
188 610
188 611
188 636
188 637
188 638
188 655
188 656
188 657
188 658
188 661
188 663
188 668
188 826
188 835
188 947
188 965
188 968
188 973
188 981
188 1004
188 1007
188 1020
188 1034
188 1066
188 1116
188 1202
188 1203
188 1204
188 1205
188 1206
188 1207
188 1208
188 1209
188 1210
188 1211
188 1212
188 1213
188 1214
188 1215
188 1216
188 1217
188 1218
188 1219
188 1220
188 1221
188 1222
188 1223
188 1224
188 1225
188 1226
188 1227
188 1228
188 1229
188 1230
188 1231
188 1232
188 1270
189 21
189 22
189 23
189 24
189 25
189 26
189 139
189 145
189 332
189 443
189 452
189 457
189 462
189 481
189 491
189 494
189 498
189 522
189 540
189 544
189 548
189 552
189 569
189 570
189 571
189 572
189 573
189 578
189 613
189 614
189 615
189 616
189 617
189 618
189 619
189 620
189 621
189 622
189 623
189 624
189 625
189 626
189 627
189 628
189 629
189 630
189 631
189 632
189 633
189 634
189 635
189 661
189 662
189 664
189 669
189 670
189 826
189 835
189 947
189 966
189 973
189 981
189 1004
189 1007
189 1020
189 1034
189 1066
189 1116
189 1233
189 1234
189 1235
189 1236
189 1237
189 1238
189 1239
189 1240
189 1241
189 1242
189 1243
189 1244
189 1245
189 1246
189 1247
189 1248
189 1249
189 1250
189 1251
189 1252
189 1253
189 1254
189 1255
189 1256
189 1257
189 1258
189 1259
189 1260
189 1261
189 1262
189 1263
190 5
190 6
190 7
190 8
190 9
190 10
190 11
190 12
190 13
190 14
190 15
190 16
190 17
190 18
190 19
190 20
190 139
190 145
190 331
190 443
190 444
190 452
190 457
190 462
190 469
190 470
190 471
190 481
190 491
190 494
190 540
190 544
190 548
190 552
190 573
190 574
190 578
190 610
190 660
190 662
190 664
190 671
190 672
190 826
190 836
190 947
190 967
190 973
190 981
190 1005
190 1020
190 1034
190 1066
190 1116
190 1264
190 1265
190 1266
190 1267
190 1268
190 1269
190 1270
191 0
191 1
191 2
191 3
191 4
191 139
191 145
191 290
191 291
191 330
191 331
191 445
191 452
191 457
191 462
191 467
191 468
191 472
191 473
191 474
191 475
191 482
191 491
191 494
191 496
191 497
191 547
191 548
191 553
191 574
191 578
191 607
191 608
191 609
191 672
191 679
191 690
191 691
191 692
191 693
191 694
191 703
191 826
191 836
191 941
191 947
191 973
191 981
191 1006
191 1020
191 1034
191 1066
191 1116
191 1226
191 1227
191 1228
191 1229
191 1271
191 1272
192 66
192 67
192 68
192 69
192 140
192 145
192 289
192 292
192 327
192 328
192 329
192 445
192 452
192 458
192 459
192 460
192 461
192 462
192 463
192 464
192 465
192 466
192 476
192 477
192 482
192 491
192 494
192 496
192 545
192 546
192 548
192 553
192 574
192 578
192 605
192 606
192 672
192 678
192 680
192 681
192 688
192 689
192 695
192 702
192 826
192 836
192 941
192 947
192 973
192 981
192 1020
192 1034
192 1066
192 1116
192 1225
192 1230
192 1272
192 1273
193 66
193 69
193 140
193 145
193 289
193 292
193 325
193 326
193 412
193 413
193 414
193 415
193 416
193 417
193 418
193 419
193 420
193 421
193 422
193 423
193 424
193 425
193 426
193 427
193 428
193 429
193 430
193 438
193 439
193 440
193 441
193 442
193 443
193 452
193 456
193 457
193 478
193 482
193 491
193 545
193 548
193 553
193 574
193 578
193 604
193 605
193 672
193 677
193 682
193 688
193 695
193 702
193 826
193 836
193 941
193 947
193 973
193 981
193 1020
193 1034
193 1066
193 1116
193 1224
193 1230
193 1273
193 1274
193 1275
194 65
194 70
194 140
194 145
194 289
194 293
194 294
194 324
194 325
194 410
194 411
194 436
194 437
194 444
194 454
194 455
194 478
194 482
194 483
194 484
194 491
194 495
194 548
194 553
194 574
194 578
194 603
194 604
194 664
194 672
194 677
194 682
194 687
194 695
194 702
194 826
194 836
194 941
194 947
194 973
194 981
194 1020
194 1034
194 1066
194 1116
194 1224
194 1230
195 65
195 70
195 71
195 140
195 145
195 289
195 295
195 296
195 297
195 298
195 299
195 324
195 376
195 377
195 378
195 379
195 380
195 381
195 382
195 383
195 384
195 385
195 386
195 387
195 388
195 389
195 390
195 391
195 392
195 393
195 394
195 395
195 396
195 397
195 408
195 409
195 430
195 431
195 432
195 433
195 434
195 435
195 436
195 445
195 446
195 447
195 448
195 454
195 478
195 481
195 482
195 485
195 486
195 487
195 491
195 495
195 548
195 553
195 574
195 578
195 603
195 664
195 672
195 677
195 682
195 687
195 695
195 702
195 826
195 836
195 941
195 947
195 973
195 981
195 1020
195 1034
195 1066
195 1116
195 1224
195 1230
195 1275
195 1276
195 1277
195 1278
195 1279
196 64
196 71
196 140
196 145
196 290
196 300
196 301
196 302
196 303
196 304
196 305
196 306
196 307
196 323
196 328
196 329
196 330
196 331
196 332
196 333
196 334
196 335
196 336
196 337
196 338
196 339
196 340
196 341
196 342
196 343
196 344
196 345
196 346
196 347
196 348
196 349
196 350
196 351
196 352
196 353
196 354
196 355
196 356
196 357
196 358
196 359
196 360
196 361
196 362
196 363
196 364
196 365
196 366
196 367
196 368
196 369
196 370
196 371
196 372
196 373
196 374
196 375
196 398
196 399
196 400
196 401
196 402
196 403
196 404
196 405
196 406
196 407
196 408
196 411
196 412
196 413
196 414
196 415
196 416
196 449
196 450
196 451
196 452
196 453
196 478
196 479
196 488
196 491
196 495
196 548
196 553
196 574
196 578
196 602
196 665
196 677
196 682
196 687
196 695
196 702
196 826
196 836
196 941
196 947
196 973
196 981
196 1020
196 1034
196 1066
196 1116
196 1224
196 1230
197 63
197 64
197 72
197 140
197 145
197 290
197 308
197 323
197 327
197 398
197 417
197 418
197 478
197 489
197 491
197 495
197 548
197 553
197 578
197 602
197 665
197 678
197 682
197 687
197 695
197 702
197 826
197 836
197 941
197 947
197 973
197 981
197 1020
197 1034
197 1066
197 1116
197 1224
197 1230
198 63
198 72
198 73
198 140
198 146
198 290
198 309
198 323
198 326
198 394
198 395
198 419
198 420
198 478
198 489
198 493
198 494
198 548
198 553
198 601
198 666
198 682
198 687
198 695
198 702
198 826
198 836
198 941
198 947
198 973
198 981
198 1020
198 1034
198 1066
198 1116
198 1224
198 1230
199 62
199 73
199 140
199 146
199 290
199 309
199 310
199 322
199 326
199 327
199 328
199 329
199 330
199 331
199 332
199 333
199 334
199 335
199 336
199 337
199 338
199 339
199 340
199 341
199 342
199 343
199 344
199 345
199 346
199 347
199 348
199 349
199 350
199 351
199 352
199 353
199 354
199 355
199 356
199 357
199 358
199 393
199 394
199 421
199 422
199 478
199 492
199 495
199 548
199 553
199 601
199 666
199 682
199 688
199 695
199 702
199 826
199 836
199 941
199 947
199 973
199 981
199 1020
199 1034
199 1066
199 1116
199 1224
199 1230
199 1278
199 1279
200 61
200 62
200 74
200 140
200 146
200 290
200 310
200 324
200 325
200 326
200 359
200 360
200 393
200 422
200 478
200 492
200 600
200 667
200 688
200 695
200 702
200 826
200 836
200 941
200 947
200 973
200 981
200 1020
200 1034
200 1048
200 1049
200 1050
200 1066
200 1116
200 1224
200 1230
200 1276
200 1277
201 61
201 74
201 140
201 146
201 290
201 311
201 321
201 322
201 323
201 361
201 362
201 392
201 423
201 474
201 477
201 478
201 492
201 600
201 667
201 688
201 696
201 702
201 826
201 836
201 941
201 947
201 973
201 981
201 1020
201 1034
201 1047
201 1050
201 1066
201 1116
201 1224
201 1230
201 1274
201 1275
202 60
202 75
202 140
202 146
202 291
202 311
202 312
202 318
202 319
202 320
202 363
202 364
202 391
202 392
202 423
202 474
202 475
202 477
202 492
202 599
202 668
202 696
202 702
202 826
202 836
202 941
202 947
202 973
202 981
202 1020
202 1034
202 1046
202 1050
202 1066
202 1116
202 1224
202 1230
202 1272
202 1273
203 60
203 75
203 76
203 140
203 146
203 233
203 234
203 235
203 236
203 237
203 238
203 239
203 240
203 241
203 242
203 243
203 244
203 245
203 246
203 247
203 248
203 249
203 292
203 293
203 315
203 316
203 317
203 364
203 365
203 391
203 424
203 475
203 476
203 491
203 599
203 668
203 696
203 702
203 826
203 836
203 941
203 947
203 973
203 981
203 1020
203 1034
203 1046
203 1050
203 1066
203 1116
203 1224
203 1230
203 1270
203 1271
204 59
204 76
204 140
204 146
204 231
204 232
204 250
204 256
204 257
204 258
204 259
204 260
204 261
204 262
204 263
204 264
204 265
204 266
204 267
204 268
204 269
204 270
204 271
204 272
204 273
204 274
204 275
204 276
204 277
204 294
204 295
204 296
204 312
204 313
204 314
204 366
204 367
204 390
204 424
204 476
204 489
204 491
204 598
204 669
204 703
204 826
204 836
204 941
204 947
204 973
204 981
204 1020
204 1034
204 1046
204 1050
204 1066
204 1116
204 1224
204 1230
204 1268
204 1269
205 58
205 59
205 77
205 140
205 146
205 231
205 251
205 252
205 253
205 254
205 255
205 278
205 279
205 297
205 298
205 311
205 312
205 367
205 368
205 389
205 390
205 425
205 477
205 489
205 491
205 591
205 592
205 593
205 594
205 595
205 596
205 597
205 598
205 669
205 703
205 826
205 836
205 941
205 947
205 973
205 981
205 1018
205 1019
205 1020
205 1034
205 1046
205 1050
205 1066
205 1116
205 1224
205 1230
205 1266
205 1267
206 58
206 77
206 78
206 140
206 146
206 180
206 181
206 182
206 183
206 184
206 185
206 186
206 187
206 188
206 189
206 190
206 191
206 192
206 193
206 194
206 195
206 196
206 197
206 198
206 199
206 200
206 201
206 202
206 203
206 204
206 205
206 206
206 207
206 208
206 209
206 210
206 211
206 212
206 213
206 214
206 215
206 216
206 217
206 218
206 230
206 241
206 242
206 243
206 244
206 245
206 246
206 247
206 280
206 281
206 299
206 300
206 310
206 311
206 368
206 369
206 370
206 389
206 477
206 478
206 489
206 491
206 590
206 670
206 703
206 826
206 836
206 941
206 947
206 973
206 981
206 1017
206 1018
206 1022
206 1023
206 1034
206 1046
206 1050
206 1066
206 1116
206 1224
206 1230
206 1264
206 1265
207 57
207 78
207 140
207 146
207 179
207 219
207 230
207 239
207 240
207 282
207 283
207 301
207 302
207 303
207 304
207 309
207 310
207 371
207 372
207 388
207 478
207 479
207 488
207 489
207 491
207 589
207 670
207 826
207 836
207 941
207 947
207 973
207 981
207 1016
207 1017
207 1023
207 1034
207 1046
207 1050
207 1066
207 1116
207 1224
207 1230
207 1263
207 1264
208 57
208 79
208 140
208 146
208 178
208 219
208 229
208 230
208 239
208 283
208 284
208 305
208 306
208 308
208 309
208 372
208 373
208 388
208 479
208 480
208 481
208 487
208 488
208 492
208 589
208 671
208 826
208 836
208 941
208 947
208 973
208 981
208 1015
208 1016
208 1023
208 1034
208 1046
208 1050
208 1066
208 1116
208 1224
208 1230
208 1261
208 1262
209 56
209 67
209 68
209 69
209 77
209 113
209 114
209 115
209 116
209 117
209 118
209 119
209 120
209 121
209 122
209 123
209 124
209 125
209 126
209 127
209 128
209 129
209 130
209 131
209 132
209 133
209 134
209 135
209 136
209 137
209 138
209 139
209 140
209 146
209 220
209 221
209 222
209 223
209 224
209 225
209 226
209 227
209 228
209 238
209 285
209 286
209 307
209 308
209 373
209 374
209 387
209 482
209 484
209 485
209 486
209 492
209 590
209 671
209 826
209 836
209 941
209 947
209 973
209 981
209 1015
209 1024
209 1034
209 1046
209 1050
209 1066
209 1116
209 1224
209 1230
209 1259
209 1260
210 56
210 58
210 59
210 60
210 61
210 62
210 63
210 64
210 66
210 70
210 72
210 73
210 74
210 75
210 76
210 146
210 178
210 220
210 235
210 236
210 237
210 287
210 288
210 289
210 290
210 306
210 307
210 374
210 387
210 483
210 492
210 590
210 672
210 826
210 836
210 941
210 947
210 973
210 981
210 1014
210 1024
210 1034
210 1046
210 1050
210 1066
210 1116
210 1224
210 1230
210 1257
210 1258
211 65
211 71
211 108
211 109
211 112
211 113
211 114
211 115
211 116
211 117
211 118
211 119
211 120
211 121
211 122
211 123
211 124
211 125
211 126
211 127
211 128
211 129
211 130
211 131
211 132
211 133
211 134
211 135
211 136
211 146
211 152
211 153
211 154
211 155
211 156
211 157
211 158
211 159
211 166
211 167
211 168
211 169
211 170
211 171
211 172
211 173
211 174
211 175
211 176
211 178
211 219
211 233
211 234
211 291
211 292
211 305
211 374
211 386
211 482
211 492
211 590
211 672
211 826
211 836
211 941
211 947
211 973
211 981
211 1014
211 1024
211 1034
211 1046
211 1050
211 1066
211 1116
211 1224
211 1230
211 1255
211 1256
212 65
212 70
212 76
212 77
212 78
212 79
212 80
212 81
212 82
212 83
212 84
212 85
212 86
212 87
212 88
212 89
212 90
212 91
212 92
212 93
212 94
212 95
212 96
212 97
212 98
212 99
212 100
212 101
212 102
212 103
212 104
212 105
212 106
212 107
212 110
212 111
212 137
212 138
212 139
212 140
212 147
212 148
212 149
212 150
212 151
212 160
212 161
212 164
212 165
212 178
212 219
212 232
212 233
212 293
212 304
212 375
212 386
212 482
212 492
212 590
212 672
212 826
212 836
212 941
212 947
212 973
212 981
212 1013
212 1024
212 1034
212 1046
212 1050
212 1066
212 1116
212 1224
212 1230
212 1253
212 1254
213 65
213 70
213 75
213 141
213 147
213 162
213 163
213 178
213 219
213 231
213 293
213 303
213 375
213 385
213 482
213 492
213 590
213 672
213 826
213 836
213 941
213 947
213 973
213 981
213 1013
213 1024
213 1034
213 1046
213 1050
213 1066
213 1116
213 1224
213 1230
213 1252
214 65
214 70
214 74
214 142
214 143
214 146
214 178
214 219
214 230
214 294
214 295
214 296
214 297
214 302
214 376
214 482
214 492
214 591
214 592
214 672
214 826
214 836
214 941
214 947
214 973
214 981
214 1013
214 1025
214 1034
214 1046
214 1050
214 1066
214 1116
214 1224
214 1230
214 1251
215 52
215 53
215 54
215 55
215 56
215 57
215 58
215 71
215 72
215 73
215 144
215 145
215 146
215 178
215 219
215 228
215 229
215 298
215 299
215 300
215 301
215 302
215 376
215 482
215 492
215 593
215 594
215 673
215 826
215 836
215 941
215 947
215 973
215 981
215 1013
215 1025
215 1034
215 1046
215 1050
215 1066
215 1117
215 1224
215 1230
215 1247
215 1248
215 1249
215 1250
216 31
216 32
216 33
216 34
216 35
216 36
216 37
216 38
216 39
216 40
216 41
216 42
216 68
216 69
216 70
216 71
216 178
216 219
216 226
216 227
216 376
216 482
216 492
216 595
216 674
216 826
216 836
216 941
216 947
216 973
216 981
216 1013
216 1025
216 1034
216 1046
216 1050
216 1066
216 1117
216 1224
216 1230
216 1241
216 1242
216 1243
216 1244
216 1245
216 1246
217 12
217 13
217 14
217 15
217 16
217 17
217 18
217 19
217 20
217 21
217 22
217 23
217 24
217 25
217 51
217 52
217 53
217 54
217 55
217 56
217 57
217 58
217 59
217 60
217 61
217 62
217 63
217 64
217 65
217 66
217 67
217 149
217 150
217 178
217 219
217 223
217 224
217 225
217 294
217 595
217 674
217 826
217 837
217 941
217 947
217 973
217 981
217 1013
217 1025
217 1034
217 1046
217 1050
217 1066
217 1117
217 1224
217 1230
217 1235
217 1236
217 1237
217 1238
217 1239
217 1240
218 0
218 1
218 2
218 3
218 4
218 5
218 6
218 7
218 8
218 9
218 30
218 31
218 32
218 33
218 34
218 35
218 36
218 37
218 38
218 39
218 40
218 41
218 42
218 43
218 44
218 45
218 46
218 47
218 48
218 49
218 50
218 150
218 151
218 178
218 220
218 222
218 294
218 298
218 299
218 595
218 674
218 826
218 837
218 941
218 947
218 973
218 981
218 1013
218 1025
218 1034
218 1046
218 1050
218 1066
218 1117
218 1224
218 1229
218 1230
218 1232
218 1233
218 1234
219 11
219 12
219 13
219 14
219 15
219 16
219 17
219 18
219 19
219 20
219 21
219 22
219 23
219 24
219 25
219 26
219 27
219 28
219 29
219 61
219 62
219 63
219 151
219 152
219 178
219 219
219 295
219 296
219 297
219 375
219 594
219 675
219 941
219 947
219 973
219 981
219 1013
219 1025
219 1034
219 1046
219 1050
219 1066
219 1117
219 1223
219 1225
219 1226
219 1227
219 1228
220 0
220 1
220 2
220 3
220 4
220 5
220 6
220 7
220 8
220 9
220 10
220 58
220 59
220 60
220 152
220 153
220 178
220 218
220 219
220 375
220 594
220 675
220 941
220 947
220 973
220 981
220 1013
220 1025
220 1034
220 1046
220 1050
220 1066
220 1117
220 1217
220 1218
220 1219
220 1220
220 1221
220 1222
221 56
221 57
221 154
221 155
221 158
221 178
221 218
221 292
221 293
221 375
221 594
221 675
221 941
221 947
221 973
221 981
221 1013
221 1025
221 1034
221 1046
221 1050
221 1066
221 1117
221 1210
221 1211
221 1212
221 1213
221 1214
221 1215
221 1216
222 53
222 54
222 55
222 155
222 156
222 157
222 177
222 217
222 291
222 292
222 375
222 594
222 675
222 941
222 947
222 973
222 981
222 1013
222 1025
222 1034
222 1046
222 1050
222 1066
222 1117
222 1204
222 1205
222 1206
222 1207
222 1208
222 1209
223 50
223 51
223 52
223 177
223 216
223 217
223 291
223 593
223 676
223 941
223 947
223 973
223 981
223 1013
223 1025
223 1034
223 1047
223 1048
223 1049
223 1050
223 1066
223 1117
223 1198
223 1199
223 1200
223 1201
223 1202
223 1203
224 48
224 49
224 157
224 158
224 177
224 215
224 216
224 290
224 593
224 676
224 941
224 947
224 973
224 981
224 1013
224 1025
224 1034
224 1066
224 1117
224 1194
224 1195
224 1196
224 1197
225 45
225 46
225 47
225 158
225 159
225 177
225 215
225 290
225 593
225 676
225 941
225 947
225 973
225 981
225 1013
225 1025
225 1034
225 1066
225 1117
225 1192
225 1193
226 42
226 43
226 44
226 159
226 177
226 214
226 289
226 593
226 676
226 941
226 947
226 973
226 981
226 1013
226 1025
226 1034
226 1066
226 1117
226 1192
227 39
227 40
227 41
227 159
227 177
227 214
227 289
227 593
227 677
227 942
227 947
227 973
227 981
227 1013
227 1025
227 1034
227 1066
227 1117
227 1191
228 37
228 38
228 160
228 289
228 592
228 677
228 942
228 947
228 973
228 981
228 1014
228 1025
228 1034
228 1066
228 1117
228 1191
229 33
229 34
229 35
229 36
229 160
229 289
229 592
229 677
229 942
229 947
229 973
229 981
229 1014
229 1025
229 1034
229 1067
229 1117
229 1190
230 31
230 32
230 160
230 289
230 592
230 677
230 942
230 947
230 973
230 981
230 1014
230 1025
230 1034
230 1067
230 1117
230 1190
231 29
231 30
231 160
231 592
231 677
231 942
231 947
231 973
231 981
231 1014
231 1025
231 1034
231 1067
231 1117
231 1189
232 27
232 28
232 161
232 592
232 677
232 942
232 947
232 973
232 981
232 1014
232 1025
232 1034
232 1067
232 1117
232 1189
233 25
233 26
233 161
233 592
233 677
233 942
233 947
233 973
233 981
233 1015
233 1025
233 1034
233 1067
233 1117
233 1188
234 23
234 24
234 161
234 592
234 677
234 942
234 947
234 959
234 960
234 961
234 962
234 963
234 973
234 981
234 1015
234 1025
234 1034
234 1067
234 1117
234 1186
234 1187
235 21
235 22
235 161
235 592
235 677
235 942
235 947
235 958
235 964
235 965
235 966
235 967
235 968
235 969
235 970
235 971
235 972
235 973
235 974
235 975
235 976
235 977
235 981
235 1015
235 1025
235 1034
235 1067
235 1117
235 1185
236 19
236 20
236 162
236 592
236 677
236 942
236 947
236 957
236 978
236 979
236 980
236 981
236 982
236 983
236 984
236 985
236 986
236 987
236 988
236 989
236 990
236 1016
236 1024
236 1025
236 1034
236 1067
236 1117
236 1185
237 17
237 18
237 162
237 592
237 677
237 942
237 947
237 957
237 991
237 992
237 993
237 994
237 995
237 996
237 997
237 1017
237 1018
237 1022
237 1023
237 1035
237 1067
237 1117
237 1185
237 1186
238 15
238 16
238 162
238 592
238 677
238 942
238 947
238 957
238 998
238 1019
238 1020
238 1035
238 1067
238 1117
238 1187
239 13
239 14
239 162
239 592
239 677
239 942
239 947
239 957
239 998
239 1020
239 1035
239 1067
239 1117
239 1187
240 11
240 12
240 162
240 592
240 677
240 942
240 947
240 957
240 998
240 1020
240 1035
240 1067
240 1117
240 1187
241 9
241 10
241 162
241 592
241 677
241 942
241 947
241 957
241 998
241 1020
241 1035
241 1067
241 1117
241 1186
242 7
242 8
242 162
242 592
242 677
242 942
242 947
242 957
242 998
242 1020
242 1035
242 1067
242 1117
242 1187
243 5
243 6
243 592
243 677
243 942
243 947
243 957
243 998
243 1020
243 1035
243 1067
243 1117
243 1188
243 1189
244 3
244 4
244 592
244 677
244 942
244 947
244 957
244 998
244 1020
244 1035
244 1067
244 1117
244 1189
244 1190
245 0
245 1
245 2
245 592
245 677
245 942
245 947
245 957
245 998
245 1020
245 1035
245 1067
245 1117
245 1190
246 592
246 677
246 942
246 947
246 957
246 998
246 1020
246 1035
246 1067
246 1117
246 1190
247 592
247 677
247 942
247 947
247 957
247 998
247 1020
247 1035
247 1067
247 1117
248 592
248 677
248 942
248 947
248 957
248 998
248 1020
248 1035
248 1067
248 1117
249 592
249 677
249 943
249 947
249 957
249 998
249 1020
249 1035
249 1067
249 1117
250 592
250 677
250 944
250 947
250 957
250 998
250 1020
250 1035
250 1067
250 1117
251 944
251 947
251 957
251 998
251 1020
251 1035
251 1067
251 1117
252 944
252 947
252 957
252 998
252 1035
252 1067
252 1117
253 944
253 947
253 957
253 998
253 1035
253 1067
253 1117
254 957
254 999
254 1067
254 1117
255 999
255 1067
255 1117
255 1278
255 1279
256 999
256 1067
256 1117
257 999
257 1067
257 1117
258 1067
258 1117
259 1067
259 1117
260 1067
260 1117
261 1067
261 1117
262 1067
262 1117
263 1067
263 1117
264 1067
264 1117
265 1067
265 1117
266 1067
266 1117
267 1067
267 1117
268 1067
268 1117
269 1067
269 1117
270 1067
270 1117
271 1067
271 1117
272 1067
272 1117
273 1068
273 1117
274 1068
274 1117
275 1068
275 1117
276 1068
276 1117
277 1068
277 1117
278 1068
278 1117
279 1068
279 1117
280 1068
280 1117
281 1068
281 1117
282 1068
282 1117
283 1068
283 1117
284 1068
284 1117
285 1068
285 1117
286 1068
286 1117
287 1068
287 1117
288 1068
288 1117
289 1068
289 1117
290 1068
290 1117
291 1068
291 1117
292 1068
292 1117
293 1068
293 1117
294 1068
294 1117
295 1068
295 1117
296 1068
296 1117
297 1068
297 1117
298 1068
298 1117
299 1068
299 1117
300 1068
300 1117
301 1068
301 1117
302 1068
302 1117
303 1068
303 1117
304 1068
304 1117
305 1068
305 1117
306 1068
306 1117
307 1068
307 1117
308 1068
308 1117
309 1068
309 1117
310 1068
310 1117
311 1068
311 1117
312 1068
312 1117
313 1068
313 1117
314 1068
314 1117
315 1068
315 1117
316 1068
316 1117
317 1069
317 1117
318 1069
318 1117
319 1069
319 1117
320 1069
320 1117
321 1069
321 1117
322 1069
322 1117
323 1069
323 1117
324 1069
324 1117
325 1069
325 1117
326 1069
326 1117
327 1069
327 1117
328 1069
328 1117
329 1069
329 1117
330 1069
330 1117
331 1069
331 1117
332 1069
332 1117
333 1069
333 1117
334 1069
334 1117
335 1069
335 1117
336 1069
336 1117
337 1069
337 1117
338 1069
338 1117
339 1069
339 1117
340 1069
340 1117
341 1069
341 1117
342 1069
342 1118
343 1069
343 1118
344 1069
344 1118
345 1069
345 1118
346 1069
346 1118
347 1069
347 1118
348 1069
348 1118
349 1069
349 1118
350 1069
350 1119
351 1069
351 1119
352 1069
352 1119
353 1069
353 1119
354 1069
354 1119
355 1069
355 1119
356 1069
356 1119
357 1069
357 1120
358 1069
358 1120
359 1069
359 1120
360 1069
360 1120
361 1070
361 1120
362 1070
362 1120
363 1070
363 1120
364 1070
364 1121
365 1070
365 1121
366 1070
366 1121
367 1070
367 1121
368 1070
368 1121
369 1070
369 1121
370 1070
370 1121
371 1070
371 1121
372 1070
372 1122
373 1070
373 1122
374 1070
374 1122
375 1070
375 1122
376 1070
376 1122
377 1070
377 1122
378 1070
378 1122
379 1070
379 1123
380 1070
380 1123
381 1070
381 1123
382 1021
382 1035
382 1070
382 1123
383 1021
383 1035
383 1070
383 1123
