0 253
0 262
0 421
0 532
0 554
0 1048
1 254
1 262
1 404
1 405
1 406
1 421
1 532
1 554
1 1048
2 254
2 262
2 400
2 401
2 402
2 403
2 407
2 421
2 532
2 554
2 1045
2 1046
2 1047
3 254
3 263
3 399
3 408
3 421
3 532
3 553
3 1042
3 1043
3 1044
4 253
4 263
4 398
4 408
4 409
4 420
4 421
4 532
4 553
4 1040
4 1041
5 251
5 252
5 263
5 398
5 409
5 413
5 414
5 415
5 416
5 417
5 418
5 419
5 532
5 553
5 1038
5 1039
6 249
6 250
6 263
6 398
6 410
6 412
6 413
6 532
6 553
6 554
6 1037
7 248
7 264
7 395
7 396
7 397
7 410
7 411
7 412
7 432
7 433
7 434
7 435
7 533
7 554
7 1036
8 247
8 264
8 394
8 398
8 400
8 401
8 402
8 403
8 404
8 405
8 424
8 425
8 426
8 427
8 428
8 429
8 430
8 431
8 435
8 441
8 442
8 443
8 533
8 554
8 1036
9 247
9 264
9 394
9 396
9 397
9 406
9 407
9 422
9 423
9 436
9 437
9 438
9 439
9 440
9 444
9 445
9 534
9 554
9 1036
10 247
10 265
10 408
10 409
10 421
10 445
10 446
10 534
10 554
10 1036
11 241
11 242
11 247
11 265
11 410
11 411
11 421
11 447
11 535
11 554
11 1036
12 241
12 243
12 247
12 252
12 253
12 254
12 265
12 411
12 412
12 421
12 448
12 524
12 535
12 536
12 554
12 555
12 556
12 557
12 558
12 1037
13 241
13 243
13 244
13 245
13 246
13 247
13 250
13 251
13 255
13 256
13 265
13 413
13 414
13 422
13 449
13 523
13 525
13 526
13 536
13 537
13 559
13 560
13 1037
14 241
14 249
14 250
14 256
14 265
14 414
14 422
14 450
14 522
14 526
14 527
14 537
14 560
14 1037
15 241
15 249
15 257
15 258
15 259
15 260
15 261
15 262
15 265
15 415
15 423
15 450
15 522
15 527
15 537
15 560
15 1037
16 240
16 241
16 247
16 248
16 263
16 264
16 416
16 417
16 423
16 450
16 521
16 528
16 534
16 535
16 536
16 537
16 560
16 1037
17 240
17 245
17 246
17 264
17 418
17 419
17 423
17 451
17 452
17 453
17 519
17 528
17 529
17 533
17 560
17 1037
18 240
18 241
18 242
18 243
18 244
18 420
18 421
18 422
18 423
18 454
18 518
18 520
18 522
18 530
18 531
18 532
18 560
18 1036
18 1037
19 454
19 517
19 521
19 523
19 560
19 1034
19 1035
20 454
20 517
20 521
20 524
20 559
20 562
20 563
20 1032
20 1033
21 454
21 517
21 522
21 525
21 559
21 561
21 563
21 1030
21 1031
22 454
22 517
22 526
22 527
22 559
22 563
22 1028
22 1029
23 454
23 510
23 511
23 512
23 517
23 523
23 527
23 563
23 1025
23 1026
23 1027
24 455
24 510
24 512
24 513
24 517
24 524
24 527
24 564
24 1023
24 1024
25 455
25 510
25 514
25 515
25 517
25 524
25 525
25 527
25 564
25 565
25 1021
25 1022
26 455
26 510
26 515
26 516
26 517
26 525
26 526
26 565
26 569
26 570
26 571
26 572
26 1019
26 1020
27 455
27 511
27 526
27 528
27 529
27 530
27 531
27 565
27 568
27 569
27 573
27 1017
27 1018
28 449
28 450
28 451
28 452
28 453
28 454
28 506
28 511
28 526
28 531
28 566
28 567
28 568
28 573
28 1014
28 1015
28 1016
29 448
29 505
29 507
29 508
29 511
29 528
29 529
29 530
29 531
29 533
29 534
29 573
29 1011
29 1012
29 1013
30 447
30 504
30 509
30 510
30 511
30 573
30 599
30 600
30 601
30 1009
30 1010
31 447
31 504
31 533
31 534
31 573
31 598
31 602
31 1007
31 1008
32 447
32 503
32 573
32 597
32 603
32 1005
32 1006
33 447
33 503
33 573
33 597
33 603
33 1003
33 1004
34 447
34 448
34 449
34 450
34 451
34 503
34 573
34 597
34 603
34 1000
34 1001
34 1002
35 451
35 503
35 573
35 597
35 598
35 604
35 998
35 999
36 451
36 503
36 573
36 598
36 604
36 605
36 996
36 997
37 450
37 504
37 573
37 598
37 605
37 994
37 995
38 450
38 504
38 505
38 574
38 598
38 605
38 992
38 993
39 450
39 506
39 574
39 597
39 598
39 605
39 606
39 607
39 989
39 990
39 991
40 450
40 451
40 506
40 574
40 597
40 608
40 987
40 988
41 451
41 452
41 505
41 506
41 574
41 579
41 590
41 591
41 592
41 593
41 594
41 597
41 608
41 985
41 986
42 452
42 504
42 574
42 578
42 580
42 590
42 595
42 606
42 984
43 452
43 501
43 502
43 503
43 569
43 570
43 571
43 572
43 573
43 578
43 580
43 589
43 597
43 605
43 983
44 452
44 455
44 456
44 457
44 458
44 500
44 569
44 575
44 576
44 577
44 580
44 589
44 605
44 981
44 982
45 454
45 459
45 499
45 569
45 570
45 571
45 572
45 573
45 580
45 589
45 604
45 979
45 980
46 451
46 453
46 459
46 500
46 580
46 589
46 605
46 975
46 976
46 977
46 978
47 451
47 453
47 459
47 500
47 580
47 590
47 605
47 973
47 974
48 448
48 449
48 450
48 453
48 459
48 501
48 502
48 579
48 590
48 606
48 971
48 972
49 447
49 453
49 459
49 580
49 581
49 582
49 583
49 584
49 585
49 591
49 607
49 612
49 613
49 969
49 970
50 446
50 453
50 459
50 497
50 498
50 499
50 501
50 502
50 586
50 592
50 608
50 609
50 610
50 611
50 967
50 968
51 446
51 453
51 459
51 497
51 586
51 593
51 613
51 964
51 965
51 966
52 446
52 453
52 459
52 497
52 498
52 586
52 593
52 612
52 962
52 963
53 446
53 453
53 459
53 499
53 586
53 593
53 613
53 618
53 620
53 960
53 961
54 446
54 453
54 459
54 499
54 585
54 594
54 614
54 615
54 616
54 617
54 935
54 936
54 937
54 958
54 959
55 447
55 453
55 460
55 499
55 586
55 594
55 620
55 934
55 938
55 956
55 957
56 448
56 453
56 460
56 499
56 587
56 588
56 595
56 618
56 619
56 933
56 938
56 954
56 955
57 448
57 454
57 460
57 499
57 500
57 589
57 590
57 595
57 596
57 617
57 618
57 933
57 938
57 951
57 952
57 953
58 448
58 454
58 460
58 500
58 590
58 591
58 596
58 620
58 622
58 933
58 938
58 949
58 950
59 448
59 454
59 460
59 500
59 592
59 593
59 594
59 595
59 596
59 617
59 619
59 934
59 939
59 947
59 948
60 448
60 454
60 460
60 501
60 621
60 622
60 934
60 939
60 944
60 945
60 946
61 448
61 454
61 460
61 501
61 502
61 620
61 621
61 934
61 939
61 942
61 943
62 448
62 454
62 460
62 503
62 504
62 505
62 620
62 934
62 939
62 941
63 448
63 454
63 460
63 506
63 507
63 619
63 932
63 933
63 934
64 448
64 454
64 460
64 508
64 618
64 619
64 626
64 627
64 931
65 448
65 454
65 460
65 500
65 501
65 502
65 503
65 504
65 505
65 506
65 508
65 618
65 623
65 624
65 625
65 930
66 445
66 446
66 447
66 448
66 454
66 460
66 498
66 499
66 618
66 621
66 622
66 627
66 930
67 445
67 454
67 460
67 498
67 619
67 620
67 621
67 627
67 929
67 930
68 445
68 446
68 454
68 460
68 498
68 499
68 626
68 627
68 927
68 928
69 447
69 448
69 449
69 454
69 460
69 499
69 500
69 626
69 924
69 925
69 926
70 449
70 454
70 460
70 501
70 502
70 625
70 628
70 629
70 630
70 631
70 922
70 923
71 449
71 454
71 460
71 503
71 626
71 627
71 628
71 632
71 633
71 920
71 921
72 449
72 454
72 460
72 498
72 499
72 500
72 504
72 633
72 918
72 919
73 449
73 454
73 460
73 497
73 500
73 501
73 504
73 633
73 915
73 916
73 917
74 449
74 454
74 460
74 494
74 495
74 496
74 497
74 501
74 502
74 503
74 504
74 632
74 913
74 914
75 449
75 454
75 460
75 493
75 632
75 910
75 911
75 912
76 449
76 454
76 461
76 492
76 631
76 907
76 908
76 909
77 449
77 454
77 461
77 493
77 631
77 905
77 906
78 445
78 446
78 447
78 449
78 454
78 461
78 493
78 494
78 629
78 630
78 870
78 903
78 904
79 445
79 448
79 449
79 454
79 461
79 495
79 628
79 869
79 871
79 872
79 901
79 902
80 450
80 451
80 452
80 453
80 454
80 461
80 495
80 625
80 626
80 868
80 872
80 873
80 900
81 448
81 454
81 461
81 495
81 625
81 631
81 868
81 873
81 899
82 454
82 461
82 494
82 625
82 629
82 630
82 632
82 633
82 867
82 874
82 875
82 876
82 877
82 878
82 879
82 880
82 899
83 455
83 461
83 493
83 494
83 625
83 628
83 629
83 633
83 838
83 839
83 840
83 867
83 880
83 899
84 455
84 461
84 493
84 623
84 624
84 627
84 628
84 633
84 837
84 840
84 841
84 842
84 866
84 881
84 899
85 455
85 461
85 492
85 623
85 627
85 633
85 837
85 843
85 866
85 881
85 899
86 455
86 461
86 493
86 622
86 626
86 634
86 836
86 844
86 849
86 865
86 881
86 899
87 455
87 462
87 493
87 494
87 622
87 625
87 626
87 634
87 845
87 846
87 847
87 848
87 850
87 851
87 865
87 881
87 899
88 455
88 462
88 495
88 496
88 622
88 623
88 624
88 625
88 634
88 837
88 838
88 851
88 865
88 882
88 899
88 1278
88 1279
89 455
89 462
89 493
89 497
89 498
89 634
89 836
89 839
89 851
89 866
89 882
89 894
89 895
89 896
89 899
89 1243
89 1244
89 1245
89 1246
89 1247
89 1248
89 1249
89 1250
89 1251
89 1252
89 1277
89 1278
90 455
90 461
90 492
90 496
90 500
90 633
90 634
90 836
90 839
90 851
90 866
90 882
90 894
90 896
90 897
90 899
90 1242
90 1253
90 1254
90 1273
90 1274
90 1275
90 1276
90 1277
91 455
91 461
91 491
91 497
91 498
91 633
91 836
91 839
91 852
91 854
91 855
91 866
91 882
91 893
91 897
91 1241
91 1254
91 1255
91 1256
91 1257
91 1258
91 1259
91 1260
91 1261
91 1262
91 1263
91 1264
91 1265
91 1266
91 1267
91 1268
91 1269
91 1270
91 1271
91 1272
92 455
92 462
92 491
92 498
92 634
92 641
92 834
92 836
92 839
92 852
92 856
92 866
92 881
92 892
92 893
92 896
92 897
92 898
92 1240
92 1241
93 455
93 462
93 492
93 635
93 636
93 637
93 638
93 639
93 640
93 642
93 834
93 836
93 839
93 856
93 865
93 881
93 891
93 892
93 895
93 1238
93 1239
94 455
94 462
94 492
94 643
94 833
94 834
94 836
94 839
94 857
94 865
94 881
94 891
94 894
94 1237
94 1238
95 455
95 461
95 493
95 643
95 830
95 831
95 832
95 836
95 839
95 858
95 859
95 865
95 881
95 884
95 890
95 893
95 899
95 900
95 1236
95 1237
96 455
96 462
96 493
96 494
96 641
96 642
96 643
96 829
96 836
96 839
96 860
96 861
96 866
96 881
96 883
96 885
96 886
96 889
96 890
96 892
96 893
96 900
96 913
96 914
96 915
96 1222
96 1223
96 1224
96 1225
96 1226
96 1227
96 1228
96 1229
96 1230
96 1231
96 1232
96 1233
96 1234
96 1235
97 455
97 462
97 464
97 465
97 494
97 495
97 639
97 640
97 828
97 836
97 839
97 861
97 866
97 867
97 868
97 886
97 888
97 889
97 900
97 912
97 913
97 916
97 1219
97 1220
97 1221
98 455
98 462
98 466
98 495
98 496
98 638
98 639
98 829
98 836
98 839
98 862
98 887
98 888
98 901
98 908
98 909
98 910
98 911
98 916
98 1211
98 1212
98 1213
98 1214
98 1215
98 1216
98 1217
98 1218
99 455
99 462
99 466
99 497
99 498
99 637
99 638
99 829
99 836
99 839
99 863
99 864
99 868
99 887
99 890
99 901
99 906
99 907
99 916
99 1195
99 1196
99 1197
99 1198
99 1199
99 1200
99 1201
99 1202
99 1203
99 1204
99 1205
99 1206
99 1207
99 1208
99 1209
99 1210
100 455
100 462
100 466
100 499
100 500
100 636
100 637
100 829
100 836
100 839
100 865
100 866
100 886
100 887
100 889
100 901
100 905
100 916
100 1171
100 1172
100 1173
100 1174
100 1175
100 1193
100 1194
101 455
101 463
101 465
101 500
101 501
101 635
101 829
101 836
101 839
101 866
101 885
101 886
101 888
101 901
101 904
101 917
101 1170
101 1176
101 1192
101 1193
102 455
102 463
102 490
102 491
102 492
102 493
102 494
102 501
102 502
102 634
102 829
102 836
102 839
102 884
102 885
102 888
102 902
102 904
102 917
102 1169
102 1176
102 1191
102 1192
103 455
103 463
103 467
103 490
103 495
103 496
103 632
103 633
103 828
103 836
103 839
103 883
103 884
103 887
103 888
103 902
103 918
103 1157
103 1158
103 1159
103 1160
103 1168
103 1169
103 1177
103 1178
103 1179
103 1180
103 1181
103 1182
103 1183
103 1184
103 1185
103 1186
103 1187
103 1188
103 1189
103 1190
104 455
104 463
104 465
104 466
104 468
104 490
104 491
104 496
104 497
104 498
104 499
104 500
104 631
104 643
104 644
104 645
104 828
104 836
104 840
104 882
104 883
104 886
104 902
104 918
104 1155
104 1156
104 1161
104 1162
104 1163
104 1164
104 1165
104 1166
104 1167
105 455
105 463
105 468
105 491
105 492
105 631
105 633
105 642
105 643
105 645
105 646
105 828
105 836
105 840
105 881
105 882
105 885
105 902
105 918
105 1153
105 1154
106 455
106 462
106 468
106 492
106 493
106 634
106 635
106 636
106 637
106 638
106 639
106 640
106 641
106 642
106 647
106 828
106 836
106 840
106 880
106 881
106 884
106 885
106 902
106 918
106 1149
106 1150
106 1151
106 1152
106 1153
107 455
107 462
107 468
107 493
107 494
107 648
107 828
107 836
107 840
107 879
107 880
107 884
107 902
107 918
107 1146
107 1147
107 1148
108 455
108 462
108 468
108 491
108 495
108 648
108 828
108 836
108 840
108 878
108 879
108 883
108 903
108 918
108 1144
108 1145
109 455
109 462
109 468
109 472
109 473
109 474
109 477
109 478
109 479
109 489
109 490
109 492
109 495
109 648
109 828
109 836
109 840
109 877
109 878
109 883
109 903
109 905
109 918
109 1143
110 456
110 463
110 465
110 466
110 467
110 468
110 471
110 474
110 476
110 479
110 489
110 494
110 647
110 648
110 827
110 836
110 840
110 876
110 877
110 883
110 903
110 905
110 918
110 1142
111 456
111 463
111 470
111 480
111 481
111 482
111 483
111 489
111 644
111 645
111 646
111 827
111 836
111 840
111 874
111 875
111 882
111 903
111 905
111 918
111 1142
112 456
112 463
112 469
112 470
112 484
112 489
112 490
112 642
112 643
112 827
112 836
112 840
112 873
112 874
112 882
112 903
112 905
112 918
112 1142
113 456
113 463
113 469
113 484
113 490
113 491
113 642
113 827
113 836
113 840
113 872
113 873
113 882
113 903
113 905
113 919
113 1142
114 456
114 462
114 468
114 484
114 491
114 492
114 639
114 640
114 641
114 827
114 836
114 840
114 871
114 872
114 882
114 903
114 904
114 905
114 919
114 1142
115 456
115 462
115 468
115 484
115 492
115 493
115 639
115 649
115 650
115 827
115 836
115 840
115 869
115 870
115 882
115 920
115 1142
116 456
116 462
116 467
116 484
116 494
116 495
116 639
116 640
116 642
116 647
116 648
116 651
116 824
116 825
116 826
116 827
116 836
116 840
116 868
116 869
116 881
116 920
116 1142
117 456
117 462
117 466
117 467
117 484
117 495
117 496
117 643
117 644
117 645
117 646
117 652
117 653
117 654
117 655
117 823
117 836
117 840
117 867
117 868
117 881
117 920
117 1141
118 456
118 462
118 465
118 466
118 484
118 496
118 497
118 656
118 823
118 836
118 840
118 866
118 867
118 881
118 921
118 1141
119 456
119 462
119 465
119 485
119 497
119 498
119 656
119 823
119 836
119 840
119 865
119 866
119 881
119 921
119 1141
120 456
120 463
120 485
120 492
120 498
120 657
120 662
120 663
120 664
120 665
120 824
120 836
120 840
120 864
120 865
120 881
120 921
120 1141
121 456
121 463
121 464
121 486
121 490
121 491
121 493
121 494
121 495
121 496
121 497
121 498
121 658
121 659
121 660
121 661
121 662
121 665
121 820
121 821
121 822
121 836
121 840
121 863
121 864
121 880
121 920
121 1140
122 456
122 463
122 486
122 487
122 490
122 665
122 744
122 745
122 746
122 747
122 748
122 749
122 750
122 751
122 752
122 753
122 754
122 755
122 756
122 819
122 836
122 840
122 862
122 863
122 880
122 920
122 1140
123 456
123 463
123 487
123 488
123 489
123 666
123 741
123 742
123 743
123 757
123 758
123 818
123 836
123 840
123 861
123 862
123 880
123 921
123 1139
124 454
124 455
124 456
124 463
124 666
124 667
124 673
124 674
124 740
124 758
124 819
124 836
124 840
124 860
124 861
124 881
124 921
124 1138
124 1139
125 451
125 452
125 453
125 456
125 463
125 668
125 669
125 670
125 671
125 672
125 675
125 739
125 758
125 819
125 836
125 840
125 859
125 860
125 881
125 921
125 1138
126 449
126 450
126 456
126 463
126 676
126 739
126 758
126 820
126 836
126 840
126 858
126 859
126 881
126 921
126 1137
127 447
127 448
127 452
127 453
127 456
127 463
127 676
127 677
127 739
127 758
127 821
127 822
127 823
127 824
127 825
127 836
127 840
127 857
127 858
127 880
127 881
127 921
127 1137
128 447
128 451
128 456
128 463
128 677
128 739
128 757
128 779
128 780
128 815
128 816
128 826
128 836
128 840
128 857
128 880
128 921
128 1137
129 446
129 450
129 456
129 463
129 677
129 740
129 757
129 778
129 781
129 782
129 814
129 817
129 826
129 836
129 840
129 856
129 879
129 921
129 1138
130 447
130 448
130 449
130 450
130 456
130 463
130 678
130 740
130 741
130 757
130 778
130 781
130 783
130 784
130 785
130 813
130 817
130 818
130 819
130 820
130 821
130 822
130 823
130 836
130 840
130 856
130 880
130 921
130 1138
131 456
131 463
131 678
131 742
131 756
131 777
131 781
131 783
131 785
131 812
131 824
131 825
131 826
131 827
131 828
131 829
131 830
131 831
131 832
131 833
131 834
131 835
131 836
131 841
131 842
131 856
131 880
131 921
131 1138
132 456
132 463
132 678
132 741
132 742
132 743
132 744
132 756
132 777
132 785
132 812
132 818
132 843
132 844
132 845
132 846
132 847
132 848
132 849
132 850
132 851
132 856
132 880
132 921
132 1138
133 456
133 463
133 680
133 681
133 682
133 683
133 684
133 685
133 686
133 687
133 688
133 689
133 690
133 691
133 692
133 693
133 694
133 695
133 696
133 697
133 740
133 744
133 745
133 755
133 777
133 785
133 812
133 817
133 824
133 825
133 826
133 827
133 828
133 852
133 856
133 880
133 921
133 1138
134 456
134 463
134 679
134 698
134 699
134 700
134 701
134 702
134 703
134 704
134 705
134 706
134 707
134 708
134 709
134 710
134 711
134 712
134 713
134 714
134 715
134 716
134 717
134 718
134 719
134 720
134 721
134 722
134 723
134 724
134 739
134 745
134 755
134 774
134 775
134 786
134 812
134 816
134 829
134 830
134 836
134 841
134 843
134 844
134 852
134 856
134 880
134 921
134 1138
135 456
135 463
135 678
135 725
135 726
135 727
135 728
135 729
135 730
135 731
135 732
135 733
135 734
135 735
135 736
135 737
135 738
135 739
135 745
135 746
135 754
135 772
135 773
135 776
135 778
135 786
135 812
135 816
135 836
135 840
135 856
135 880
135 921
135 1138
136 457
136 463
136 678
136 746
136 748
136 754
136 770
136 771
136 776
136 778
136 786
136 813
136 814
136 815
136 816
136 824
136 829
136 836
136 840
136 856
136 880
136 921
136 1138
137 457
137 463
137 678
137 746
137 754
137 770
137 786
137 822
137 823
137 825
137 826
137 827
137 828
137 837
137 841
137 856
137 880
137 921
137 1138
138 457
138 463
138 678
138 746
138 747
138 754
138 769
138 776
138 786
138 811
138 821
138 837
138 841
138 856
138 880
138 922
138 1138
139 457
139 463
139 679
139 680
139 747
139 748
139 754
139 769
139 787
139 788
139 789
139 810
139 816
139 817
139 820
139 837
139 841
139 856
139 880
139 922
139 1138
140 457
140 463
140 680
140 748
140 753
140 768
140 790
140 809
140 817
140 820
140 837
140 841
140 856
140 881
140 922
140 1138
141 457
141 463
141 680
141 748
141 753
141 767
141 790
141 809
141 817
141 819
141 837
141 841
141 856
141 881
141 922
141 1138
142 457
142 464
142 487
142 488
142 489
142 490
142 491
142 681
142 748
142 753
142 767
142 790
142 795
142 796
142 797
142 798
142 809
142 837
142 841
142 857
142 881
142 922
142 1138
143 457
143 464
143 487
143 492
143 493
143 681
143 748
143 754
143 755
143 756
143 757
143 767
143 791
143 792
143 793
143 794
143 795
143 798
143 799
143 809
143 837
143 841
143 857
143 881
143 922
143 1137
143 1138
144 457
144 464
144 487
144 488
144 493
144 494
144 681
144 748
144 754
144 758
144 759
144 760
144 761
144 767
144 799
144 800
144 801
144 806
144 807
144 808
144 809
144 837
144 841
144 857
144 881
144 922
144 1137
145 457
145 464
145 488
145 489
145 495
145 496
145 681
145 748
145 753
145 762
145 767
145 802
145 805
145 837
145 841
145 857
145 881
145 922
145 1136
146 457
146 464
146 489
146 496
146 497
146 681
146 748
146 754
146 762
146 767
146 803
146 804
146 837
146 841
146 857
146 873
146 881
146 922
146 1136
147 457
147 464
147 490
147 498
147 681
147 748
147 754
147 762
147 766
147 837
147 841
147 857
147 871
147 872
147 874
147 881
147 922
147 1135
148 457
148 464
148 490
148 491
148 492
148 493
148 494
148 495
148 499
148 680
148 738
148 739
148 740
148 741
148 742
148 743
148 744
148 745
148 746
148 747
148 748
148 755
148 756
148 757
148 758
148 759
148 760
148 761
148 762
148 763
148 764
148 765
148 766
148 837
148 841
148 857
148 870
148 871
148 874
148 881
148 922
148 1135
149 457
149 464
149 497
149 500
149 680
149 736
149 737
149 766
149 767
149 837
149 841
149 857
149 862
149 863
149 864
149 865
149 867
149 869
149 870
149 874
149 881
149 904
149 905
149 906
149 922
149 1135
150 457
150 464
150 501
150 502
150 680
150 735
150 736
150 767
150 768
150 837
150 841
150 857
150 860
150 861
150 866
150 868
150 874
150 881
150 904
150 906
150 907
150 908
150 909
150 922
150 1135
151 457
151 464
151 497
151 502
151 503
151 680
151 734
151 735
151 768
151 837
151 841
151 857
151 859
151 866
151 868
151 874
151 881
151 904
151 905
151 906
151 910
151 911
151 922
151 1135
152 457
152 464
152 496
152 504
152 680
152 733
152 734
152 768
152 837
152 841
152 875
152 881
152 902
152 903
152 911
152 923
152 1135
153 457
153 464
153 497
153 498
153 499
153 500
153 501
153 505
153 680
153 733
153 768
153 837
153 841
153 876
153 877
153 881
153 900
153 901
153 911
153 923
153 1135
154 457
154 464
154 502
154 506
154 507
154 680
154 732
154 769
154 837
154 841
154 878
154 879
154 881
154 900
154 911
154 923
154 982
154 1134
155 457
155 464
155 503
155 508
155 509
155 680
155 731
155 732
155 769
155 837
155 841
155 879
155 899
155 911
155 924
155 955
155 956
155 970
155 971
155 972
155 973
155 974
155 975
155 976
155 977
155 978
155 979
155 980
155 981
155 983
155 984
155 985
155 986
155 987
155 988
155 989
155 1134
156 457
156 464
156 502
156 509
156 510
156 680
156 730
156 731
156 769
156 837
156 841
156 899
156 911
156 924
156 953
156 954
156 957
156 958
156 959
156 960
156 961
156 962
156 963
156 964
156 965
156 966
156 967
156 968
156 969
156 990
156 991
156 992
156 1133
157 457
157 464
157 500
157 501
157 510
157 511
157 680
157 729
157 730
157 769
157 837
157 841
157 900
157 911
157 924
157 940
157 952
157 953
157 993
157 994
157 1133
158 457
158 464
158 500
158 511
158 512
158 680
158 729
158 769
158 837
158 841
158 900
158 901
158 911
158 925
158 932
158 933
158 934
158 935
158 936
158 937
158 938
158 939
158 941
158 942
158 948
158 949
158 950
158 951
158 994
158 995
158 1133
159 457
159 464
159 500
159 512
159 513
159 680
159 728
159 769
159 837
159 841
159 901
159 902
159 910
159 925
159 926
159 927
159 928
159 929
159 930
159 931
159 932
159 942
159 943
159 944
159 945
159 946
159 947
159 995
159 1133
160 457
160 464
160 500
160 514
160 515
160 680
160 728
160 769
160 837
160 841
160 908
160 909
160 996
160 1133
161 457
161 464
161 501
161 515
161 516
161 517
161 518
161 680
161 728
161 770
161 837
161 841
161 881
161 882
161 883
161 884
161 885
161 886
161 887
161 888
161 889
161 890
161 891
161 892
161 893
161 894
161 895
161 896
161 897
161 898
161 899
161 900
161 904
161 906
161 996
161 997
161 1104
161 1105
161 1106
161 1107
161 1108
161 1109
161 1133
162 458
162 464
162 501
162 519
162 680
162 728
162 770
162 837
162 841
162 880
162 901
162 906
162 997
162 998
162 1103
162 1110
162 1111
162 1112
162 1113
162 1114
162 1115
162 1116
162 1117
162 1118
162 1119
162 1120
162 1121
162 1122
162 1123
162 1124
162 1125
162 1133
163 458
163 465
163 502
163 520
163 680
163 728
163 770
163 837
163 841
163 879
163 901
163 906
163 998
163 1102
163 1126
163 1127
163 1128
163 1129
163 1130
163 1131
163 1132
163 1133
164 458
164 465
164 502
164 520
164 679
164 680
164 728
164 770
164 837
164 841
164 879
164 901
164 906
164 998
164 1102
164 1133
165 458
165 465
165 502
165 520
165 677
165 678
165 728
165 770
165 837
165 841
165 879
165 901
165 906
165 998
165 1054
165 1055
165 1056
165 1057
165 1058
165 1059
165 1060
165 1061
165 1062
165 1063
165 1064
165 1065
165 1066
165 1102
165 1133
166 458
166 465
166 502
166 519
166 520
166 671
166 672
166 673
166 674
166 675
166 676
166 728
166 770
166 837
166 841
166 879
166 901
166 906
166 999
166 1053
166 1067
166 1102
166 1133
167 458
167 465
167 501
167 518
167 669
167 670
167 728
167 770
167 837
167 841
167 879
167 901
167 906
167 999
167 1052
167 1067
167 1102
167 1133
168 458
168 465
168 501
168 517
168 668
168 728
168 770
168 837
168 842
168 879
168 901
168 904
168 907
168 999
168 1052
168 1067
168 1102
168 1133
169 458
169 465
169 501
169 517
169 667
169 728
169 770
169 835
169 836
169 843
169 879
169 901
169 904
169 907
169 1000
169 1052
169 1067
169 1102
169 1133
170 458
170 465
170 501
170 517
170 667
170 728
170 770
170 834
170 837
170 843
170 879
170 901
170 904
170 907
170 1000
170 1052
170 1067
170 1102
170 1133
171 458
171 462
171 463
171 464
171 465
171 501
171 517
171 667
171 728
171 770
171 773
171 774
171 775
171 776
171 777
171 778
171 779
171 783
171 784
171 833
171 837
171 843
171 879
171 901
171 904
171 907
171 1001
171 1052
171 1067
171 1102
171 1133
172 459
172 460
172 461
172 501
172 517
172 667
172 728
172 770
172 771
172 780
172 781
172 782
172 785
172 786
172 787
172 788
172 789
172 790
172 791
172 792
172 833
172 837
172 843
172 879
172 901
172 904
172 907
172 1001
172 1052
172 1067
172 1102
172 1133
173 501
173 517
173 667
173 728
173 770
173 793
173 833
173 837
173 843
173 879
173 901
173 904
173 907
173 1002
173 1052
173 1067
173 1102
173 1133
174 501
174 517
174 667
174 728
174 770
174 833
174 837
174 843
174 879
174 901
174 904
174 907
174 1002
174 1003
174 1052
174 1067
174 1102
174 1133
175 501
175 517
175 667
175 728
175 770
175 833
175 837
175 843
175 879
175 901
175 904
175 907
175 1003
175 1052
175 1067
175 1102
175 1133
176 501
176 517
176 652
176 653
176 654
176 655
176 656
176 657
176 658
176 659
176 660
176 661
176 662
176 663
176 664
176 665
176 666
176 667
176 726
176 727
176 728
176 770
176 833
176 837
176 843
176 879
176 901
176 904
176 907
176 1003
176 1052
176 1067
176 1102
176 1133
177 502
177 503
177 517
177 577
177 578
177 579
177 580
177 581
177 582
177 583
177 584
177 585
177 586
177 587
177 588
177 589
177 590
177 591
177 592
177 593
177 594
177 617
177 618
177 619
177 620
177 621
177 622
177 623
177 624
177 625
177 626
177 627
177 628
177 629
177 630
177 631
177 632
177 633
177 634
177 635
177 636
177 637
177 638
177 639
177 640
177 641
177 642
177 643
177 644
177 645
177 646
177 647
177 648
177 649
177 650
177 651
177 667
177 770
177 833
177 837
177 843
177 879
177 901
177 904
177 907
177 1003
177 1052
177 1067
177 1102
177 1133
178 504
178 517
178 557
178 558
178 559
178 560
178 561
178 562
178 563
178 564
178 565
178 566
178 567
178 568
178 569
178 570
178 571
178 572
178 573
178 574
178 575
178 576
178 595
178 596
178 597
178 598
178 599
178 600
178 601
178 602
178 603
178 604
178 605
178 606
178 607
178 608
178 609
178 610
178 611
178 612
178 613
178 614
178 615
178 616
178 667
178 728
178 771
178 772
178 773
178 833
178 837
178 843
178 879
178 901
178 904
178 907
178 1003
178 1052
178 1067
178 1101
178 1134
179 445
179 446
179 504
179 517
179 544
179 545
179 546
179 547
179 548
179 549
179 556
179 728
179 843
179 879
179 901
179 904
179 907
179 1003
179 1052
179 1067
179 1101
179 1134
180 444
180 447
180 448
180 504
180 517
180 534
180 535
180 536
180 537
180 538
180 539
180 540
180 541
180 542
180 543
180 550
180 551
180 555
180 631
180 632
180 633
180 634
180 635
180 636
180 637
180 638
180 639
180 640
180 641
180 642
180 643
180 644
180 645
180 646
180 647
180 648
180 649
180 650
180 651
180 652
180 653
180 654
180 655
180 656
180 657
180 658
180 659
180 660
180 661
180 662
180 663
180 664
180 665
180 666
180 667
180 668
180 728
180 770
180 879
180 901
180 904
180 907
180 1003
180 1052
180 1067
180 1101
180 1134
181 443
181 448
181 505
181 506
181 507
181 508
181 509
181 510
181 511
181 512
181 513
181 514
181 515
181 516
181 518
181 519
181 520
181 521
181 522
181 523
181 524
181 525
181 532
181 533
181 551
181 555
181 629
181 630
181 668
181 669
181 670
181 671
181 672
181 673
181 729
181 770
181 879
181 901
181 904
181 907
181 1003
181 1052
181 1067
181 1101
181 1134
182 443
182 448
182 505
182 526
182 531
182 532
182 551
182 554
182 555
182 629
182 729
182 770
182 879
182 901
182 904
182 907
182 1003
182 1052
182 1067
182 1101
182 1134
183 442
183 448
183 526
183 530
183 531
183 552
183 553
183 554
183 628
183 729
183 770
183 901
183 904
183 907
183 1003
183 1052
183 1067
183 1101
183 1134
184 442
184 448
184 526
184 529
184 627
184 628
184 672
184 729
184 770
184 878
184 879
184 880
184 902
184 907
184 1003
184 1052
184 1067
184 1101
184 1134
185 442
185 448
185 526
185 626
185 627
185 672
185 730
185 770
185 880
185 902
185 907
185 1101
185 1135
186 442
186 448
186 527
186 528
186 625
186 626
186 673
186 730
186 731
186 769
186 880
186 902
186 907
186 1101
186 1135
187 441
187 442
187 449
187 623
187 624
187 674
187 769
187 880
187 902
187 905
187 1101
187 1135
188 441
188 449
188 675
188 880
188 902
188 1135
189 440
189 450
189 675
189 880
189 903
189 904
189 905
189 1135
190 440
190 450
190 624
190 676
190 880
190 903
190 1134
191 440
191 451
191 623
191 676
191 880
191 902
191 1135
192 439
192 451
192 623
192 677
192 880
192 902
192 1135
193 439
193 451
193 622
193 677
193 880
193 902
193 1135
194 439
194 451
194 622
194 678
194 880
194 902
194 1134
194 1135
195 438
195 452
195 622
195 678
195 679
195 680
195 681
195 863
195 864
195 865
195 866
195 867
195 868
195 869
195 870
195 880
195 902
196 439
196 441
196 442
196 452
196 619
196 620
196 621
196 682
196 683
196 857
196 858
196 859
196 860
196 861
196 862
196 871
196 872
196 873
196 874
196 875
196 876
196 877
196 878
196 902
197 439
197 440
197 441
197 443
197 452
197 616
197 617
197 618
197 684
197 685
197 853
197 854
197 855
197 856
197 879
197 881
197 902
198 443
198 451
198 452
198 614
198 615
198 685
198 852
198 879
198 881
198 902
199 443
199 450
199 451
199 613
199 685
199 851
199 879
199 881
199 902
200 443
200 612
200 685
200 851
200 879
200 881
200 902
201 613
201 685
201 851
201 879
201 881
201 902
202 613
202 614
202 684
202 685
202 851
202 879
202 881
202 902
203 614
203 615
203 616
203 681
203 682
203 683
203 684
203 851
203 879
203 881
203 902
204 617
204 681
204 851
204 879
204 881
204 902
205 617
205 681
205 851
205 879
205 881
205 902
206 617
206 681
206 851
206 879
206 881
206 902
207 617
207 682
207 851
207 879
207 881
207 902
208 617
208 682
208 851
208 879
208 881
208 902
209 617
209 682
209 851
209 879
209 881
209 902
210 617
210 682
210 851
210 879
210 881
210 902
211 617
211 682
211 851
211 879
211 881
211 902
211 1278
211 1279
212 617
212 682
212 851
212 879
212 881
212 902
213 617
213 682
213 851
213 879
213 881
213 902
214 617
214 683
214 851
214 879
214 881
214 902
215 617
215 683
215 851
215 879
215 881
215 902
216 617
216 683
216 851
216 879
216 881
216 902
217 617
217 683
217 851
217 879
217 881
217 902
218 617
218 683
218 852
218 879
218 881
218 902
219 616
219 683
219 852
219 879
219 880
219 881
219 902
220 616
220 683
220 852
220 902
221 616
221 683
221 852
221 902
222 616
222 683
222 852
222 902
223 616
223 683
223 852
223 902
224 616
224 683
224 852
224 902
225 616
225 683
225 852
225 902
226 616
226 683
226 852
226 881
226 902
227 616
227 683
227 852
227 880
227 882
227 903
228 852
228 880
228 882
228 903
229 852
229 880
229 882
229 903
230 852
230 880
230 882
230 903
231 852
231 880
231 882
231 903
232 852
232 880
232 882
232 903
233 880
233 882
233 903
234 903
