0 160
0 182
0 193
0 318
0 322
0 326
0 333
0 342
0 349
0 358
0 372
0 383
0 385
0 392
0 399
0 448
0 452
0 467
0 814
0 878
0 959
0 982
0 1163
0 1179
0 1199
0 1215
0 1243
1 160
1 181
1 182
1 194
1 315
1 316
1 317
1 318
1 323
1 326
1 334
1 342
1 349
1 358
1 372
1 383
1 384
1 385
1 393
1 399
1 449
1 452
1 468
1 814
1 879
1 959
1 982
1 1163
1 1179
1 1199
1 1216
1 1217
1 1243
2 160
2 180
2 194
2 313
2 314
2 323
2 324
2 325
2 326
2 334
2 342
2 349
2 356
2 357
2 373
2 374
2 394
2 395
2 396
2 397
2 398
2 399
2 449
2 450
2 452
2 469
2 470
2 471
2 472
2 814
2 879
2 880
2 960
2 983
2 1163
2 1179
2 1199
2 1243
3 160
3 179
3 313
3 335
3 342
3 349
3 356
3 450
3 451
3 453
3 461
3 462
3 473
3 474
3 475
3 815
3 880
3 960
3 983
3 1163
3 1179
3 1199
3 1242
3 1243
4 160
4 161
4 162
4 163
4 179
4 194
4 196
4 197
4 309
4 310
4 311
4 312
4 335
4 340
4 341
4 349
4 355
4 451
4 454
4 459
4 460
4 463
4 464
4 476
4 815
4 880
4 961
4 984
4 1163
4 1180
4 1181
4 1182
4 1183
4 1199
4 1242
5 164
5 165
5 166
5 167
5 168
5 169
5 170
5 178
5 198
5 307
5 308
5 336
5 338
5 339
5 340
5 349
5 353
5 354
5 452
5 455
5 456
5 457
5 458
5 464
5 465
5 477
5 815
5 880
5 961
5 984
5 1163
5 1180
5 1184
5 1185
5 1196
5 1197
5 1198
5 1241
6 171
6 172
6 178
6 198
6 306
6 337
6 339
6 349
6 352
6 353
6 452
6 466
6 467
6 477
6 815
6 880
6 962
6 985
6 1163
6 1179
6 1185
6 1186
6 1191
6 1192
6 1195
6 1242
6 1243
6 1244
6 1245
6 1246
7 172
7 179
7 197
7 198
7 305
7 337
7 339
7 349
7 351
7 452
7 478
7 814
7 880
7 962
7 985
7 1163
7 1179
7 1186
7 1187
7 1188
7 1189
7 1190
7 1193
7 1195
7 1247
7 1248
8 173
8 175
8 176
8 177
8 180
8 197
8 305
8 453
8 462
8 463
8 464
8 465
8 478
8 479
8 814
8 879
8 963
8 986
8 1163
8 1179
8 1193
8 1195
8 1248
9 173
9 174
9 178
9 181
9 196
9 200
9 305
9 453
9 461
9 479
9 814
9 879
9 963
9 986
9 1163
9 1180
9 1249
9 1250
9 1251
9 1252
10 174
10 176
10 179
10 181
10 195
10 196
10 198
10 199
10 201
10 202
10 305
10 453
10 456
10 457
10 458
10 461
10 480
10 814
10 878
10 963
10 987
10 1163
10 1180
10 1253
11 174
11 176
11 179
11 181
11 198
11 203
11 305
11 453
11 455
11 459
11 460
11 480
11 814
11 878
11 963
11 987
11 1164
11 1180
11 1181
11 1183
11 1253
12 175
12 177
12 193
12 203
12 306
12 461
12 462
12 480
12 812
12 813
12 814
12 878
12 963
12 988
12 1050
12 1051
12 1052
12 1053
12 1054
12 1055
12 1056
12 1057
12 1058
12 1059
12 1060
12 1061
12 1062
12 1063
12 1064
12 1065
12 1066
12 1067
12 1068
12 1069
12 1070
12 1164
12 1180
12 1184
12 1185
12 1254
13 175
13 177
13 203
13 306
13 307
13 308
13 480
13 812
13 877
13 963
13 988
13 1026
13 1027
13 1028
13 1029
13 1030
13 1031
13 1032
13 1033
13 1034
13 1035
13 1036
13 1037
13 1038
13 1039
13 1040
13 1041
13 1042
13 1043
13 1044
13 1045
13 1046
13 1047
13 1048
13 1049
13 1071
13 1164
13 1181
13 1182
13 1183
13 1184
13 1254
14 203
14 309
14 310
14 476
14 477
14 478
14 479
14 812
14 813
14 877
14 964
14 989
14 1024
14 1025
14 1071
14 1157
14 1158
14 1159
14 1160
14 1161
14 1162
14 1163
14 1164
14 1254
15 203
15 311
15 475
15 563
15 564
15 565
15 813
15 877
15 964
15 989
15 1022
15 1023
15 1070
15 1071
15 1142
15 1143
15 1144
15 1145
15 1146
15 1147
15 1148
15 1149
15 1150
15 1151
15 1152
15 1153
15 1154
15 1155
15 1156
15 1180
15 1184
15 1253
16 203
16 311
16 474
16 561
16 562
16 566
16 813
16 876
16 964
16 989
16 1020
16 1021
16 1068
16 1069
16 1128
16 1129
16 1130
16 1131
16 1132
16 1133
16 1134
16 1135
16 1136
16 1137
16 1138
16 1139
16 1140
16 1141
16 1164
16 1180
16 1185
16 1253
17 203
17 311
17 473
17 561
17 567
17 813
17 876
17 964
17 989
17 1018
17 1019
17 1067
17 1068
17 1111
17 1112
17 1113
17 1114
17 1115
17 1116
17 1117
17 1118
17 1119
17 1120
17 1121
17 1122
17 1123
17 1124
17 1125
17 1126
17 1127
17 1164
17 1180
17 1185
17 1253
18 203
18 311
18 473
18 560
18 567
18 568
18 813
18 816
18 817
18 876
18 964
18 989
18 1016
18 1017
18 1067
18 1095
18 1096
18 1097
18 1098
18 1099
18 1100
18 1101
18 1102
18 1103
18 1104
18 1105
18 1106
18 1107
18 1108
18 1109
18 1110
18 1164
18 1180
18 1186
18 1253
19 204
19 309
19 310
19 473
19 474
19 559
19 568
19 813
19 817
19 875
19 965
19 989
19 1015
19 1016
19 1066
19 1077
19 1078
19 1079
19 1080
19 1081
19 1082
19 1083
19 1084
19 1085
19 1086
19 1087
19 1088
19 1089
19 1090
19 1091
19 1092
19 1093
19 1094
19 1164
19 1180
19 1186
19 1252
19 1253
20 204
20 308
20 309
20 474
20 475
20 558
20 568
20 813
20 816
20 817
20 874
20 965
20 989
20 1013
20 1014
20 1067
20 1068
20 1069
20 1070
20 1071
20 1072
20 1073
20 1074
20 1075
20 1076
20 1164
20 1180
20 1187
20 1247
20 1248
20 1249
20 1250
20 1251
20 1252
21 204
21 307
21 308
21 475
21 476
21 555
21 556
21 557
21 568
21 813
21 875
21 965
21 989
21 1010
21 1011
21 1012
21 1164
21 1180
21 1187
21 1188
21 1246
22 203
22 210
22 211
22 212
22 306
22 476
22 477
22 554
22 557
22 569
22 570
22 813
22 876
22 877
22 965
22 989
22 1008
22 1009
22 1164
22 1180
22 1189
22 1190
22 1245
23 203
23 209
23 210
23 212
23 305
23 477
23 554
23 571
23 572
23 813
23 877
23 965
23 990
23 1006
23 1007
23 1164
23 1180
23 1191
23 1192
23 1206
23 1207
23 1208
23 1209
23 1245
24 203
24 206
24 207
24 208
24 212
24 305
24 476
24 477
24 555
24 573
24 814
24 876
24 877
24 965
24 990
24 994
24 995
24 996
24 997
24 998
24 999
24 1000
24 1001
24 1002
24 1003
24 1004
24 1005
24 1164
24 1180
24 1193
24 1204
24 1205
24 1210
24 1211
24 1212
24 1213
24 1244
25 205
25 212
25 304
25 475
25 476
25 555
25 573
25 814
25 815
25 875
25 966
25 992
25 993
25 1164
25 1180
25 1193
25 1201
25 1202
25 1206
25 1207
25 1208
25 1209
25 1213
25 1243
25 1244
26 211
26 304
26 475
26 555
26 573
26 815
26 871
26 872
26 873
26 874
26 966
26 991
26 1164
26 1180
26 1193
26 1196
26 1197
26 1198
26 1199
26 1200
26 1204
26 1205
26 1210
26 1211
26 1212
26 1213
26 1241
26 1242
27 201
27 211
27 304
27 474
27 555
27 573
27 816
27 871
27 966
27 990
27 1164
27 1181
27 1193
27 1202
27 1240
27 1241
28 200
28 210
28 301
28 302
28 303
28 304
28 473
28 474
28 554
28 572
28 816
28 817
28 870
28 966
28 990
28 1164
28 1181
28 1193
28 1202
28 1203
28 1204
28 1214
28 1215
28 1216
28 1217
28 1235
28 1236
28 1237
28 1238
28 1239
28 1240
29 209
29 235
29 236
29 237
29 238
29 239
29 240
29 241
29 299
29 300
29 471
29 472
29 473
29 554
29 572
29 817
29 871
29 966
29 990
29 1164
29 1181
29 1193
29 1205
29 1206
29 1213
29 1219
29 1235
29 1243
30 211
30 212
30 234
30 242
30 243
30 298
30 299
30 470
30 554
30 573
30 817
30 871
30 966
30 991
30 1164
30 1181
30 1193
30 1207
30 1208
30 1214
30 1215
30 1216
30 1235
30 1236
30 1241
30 1242
30 1244
31 209
31 212
31 233
31 243
31 298
31 471
31 472
31 554
31 573
31 817
31 868
31 869
31 870
31 871
31 966
31 991
31 1164
31 1181
31 1193
31 1208
31 1236
31 1239
31 1240
31 1245
32 213
32 214
32 229
32 230
32 231
32 232
32 233
32 243
32 297
32 472
32 555
32 556
32 573
32 817
32 867
32 991
32 1164
32 1181
32 1193
32 1208
32 1236
32 1238
32 1245
32 1246
33 215
33 216
33 228
33 244
33 297
33 470
33 471
33 573
33 816
33 866
33 964
33 965
33 966
33 967
33 991
33 1165
33 1181
33 1193
33 1197
33 1198
33 1205
33 1209
33 1247
34 216
34 217
34 227
34 244
34 295
34 296
34 470
34 556
34 573
34 576
34 577
34 816
34 866
34 962
34 963
34 967
34 991
34 1165
34 1181
34 1193
34 1196
34 1199
34 1200
34 1201
34 1202
34 1203
34 1204
34 1206
34 1207
34 1247
35 210
35 211
35 212
35 217
35 227
35 245
35 291
35 292
35 293
35 294
35 469
35 547
35 548
35 549
35 556
35 573
35 575
35 578
35 816
35 866
35 960
35 961
35 962
35 967
35 991
35 1165
35 1181
35 1193
35 1246
35 1247
36 209
36 217
36 227
36 245
36 246
36 247
36 289
36 290
36 470
36 547
36 549
36 550
36 556
36 557
36 558
36 578
36 814
36 815
36 865
36 866
36 957
36 958
36 959
36 967
36 991
36 1165
36 1181
36 1193
36 1245
37 209
37 211
37 216
37 228
37 248
37 249
37 250
37 288
37 470
37 471
37 472
37 547
37 550
37 551
37 578
37 814
37 864
37 955
37 956
37 967
37 992
37 1165
37 1181
37 1193
37 1196
37 1246
37 1247
37 1248
38 217
38 228
38 251
38 287
38 473
38 474
38 475
38 476
38 477
38 478
38 547
38 551
38 552
38 556
38 557
38 558
38 578
38 813
38 863
38 953
38 954
38 967
38 992
38 1165
38 1181
38 1193
38 1196
38 1248
38 1254
38 1255
38 1273
38 1274
39 217
39 229
39 252
39 288
39 479
39 480
39 553
39 554
39 555
39 578
39 813
39 864
39 953
39 967
39 992
39 1165
39 1181
39 1193
39 1197
39 1249
39 1252
39 1253
39 1256
39 1270
39 1271
39 1272
39 1275
40 217
40 229
40 230
40 252
40 289
40 480
40 544
40 545
40 547
40 578
40 580
40 581
40 814
40 816
40 864
40 952
40 967
40 992
40 1165
40 1181
40 1185
40 1186
40 1187
40 1188
40 1193
40 1197
40 1249
40 1250
40 1251
40 1256
40 1268
40 1269
40 1275
41 217
41 231
41 252
41 253
41 254
41 255
41 289
41 481
41 482
41 543
41 546
41 548
41 578
41 580
41 814
41 815
41 864
41 952
41 968
41 992
41 1165
41 1181
41 1183
41 1184
41 1189
41 1193
41 1198
41 1257
41 1268
41 1275
42 218
42 231
42 255
42 289
42 483
42 543
42 546
42 581
42 815
42 864
42 952
42 968
42 992
42 1165
42 1181
42 1183
42 1189
42 1193
42 1198
42 1257
42 1267
42 1275
43 218
43 232
43 255
43 289
43 484
43 543
43 581
43 815
43 864
43 952
43 968
43 993
43 1165
43 1181
43 1183
43 1190
43 1191
43 1192
43 1193
43 1195
43 1196
43 1197
43 1198
43 1258
43 1267
43 1274
44 218
44 255
44 289
44 485
44 543
44 550
44 582
44 815
44 864
44 952
44 968
44 993
44 1165
44 1181
44 1182
44 1183
44 1258
44 1259
44 1260
44 1265
44 1266
44 1275
45 218
45 230
45 255
45 289
45 486
45 537
45 538
45 539
45 543
45 548
45 582
45 816
45 864
45 952
45 968
45 993
45 1165
45 1261
45 1262
45 1263
45 1264
45 1275
46 217
46 229
46 255
46 289
46 487
46 488
46 536
46 540
46 541
46 549
46 551
46 583
46 587
46 588
46 611
46 612
46 613
46 816
46 864
46 951
46 968
46 993
46 1165
46 1275
47 217
47 226
47 227
47 228
47 229
47 255
47 289
47 489
47 490
47 535
47 541
47 549
47 552
47 553
47 583
47 586
47 589
47 610
47 611
47 613
47 816
47 864
47 951
47 968
47 993
47 1165
47 1182
47 1275
48 217
48 224
48 225
48 255
48 289
48 490
48 535
48 550
48 554
48 583
48 585
48 589
48 609
48 610
48 614
48 816
48 864
48 951
48 968
48 993
48 1165
48 1182
48 1214
48 1217
48 1218
48 1219
48 1275
49 217
49 224
49 255
49 256
49 257
49 289
49 490
49 536
49 551
49 554
49 583
49 584
49 585
49 589
49 609
49 614
49 615
49 616
49 816
49 864
49 951
49 968
49 993
49 1165
49 1182
49 1211
49 1212
49 1213
49 1217
49 1219
49 1275
50 216
50 223
50 258
50 259
50 289
50 490
50 536
50 589
50 609
50 617
50 618
50 619
50 816
50 864
50 865
50 951
50 969
50 993
50 1165
50 1182
50 1210
50 1217
50 1218
50 1219
50 1275
51 216
51 223
51 259
51 289
51 491
51 492
51 534
51 535
51 536
51 589
51 609
51 816
51 865
51 949
51 950
51 969
51 993
51 1165
51 1182
51 1210
51 1212
51 1213
51 1275
51 1276
52 216
52 222
52 260
52 289
52 493
52 494
52 495
52 496
52 497
52 498
52 499
52 532
52 533
52 589
52 609
52 619
52 815
52 865
52 947
52 948
52 969
52 993
52 1165
52 1182
52 1207
52 1208
52 1209
52 1212
52 1277
52 1278
52 1279
53 216
53 220
53 221
53 261
53 290
53 500
53 501
53 532
53 589
53 609
53 619
53 815
53 865
53 944
53 945
53 946
53 969
53 994
53 1165
53 1182
53 1207
53 1213
53 1214
53 1215
53 1216
53 1217
53 1218
53 1219
53 1220
54 216
54 220
54 261
54 291
54 292
54 501
54 502
54 531
54 589
54 603
54 604
54 605
54 606
54 609
54 619
54 816
54 866
54 942
54 943
54 969
54 994
54 1165
54 1182
54 1207
54 1221
55 216
55 219
55 262
55 292
55 293
55 503
55 504
55 532
55 589
55 603
55 607
55 619
55 816
55 817
55 866
55 940
55 941
55 969
55 994
55 1165
55 1182
55 1207
55 1221
56 217
56 218
56 219
56 262
56 272
56 273
56 274
56 293
56 504
56 505
56 533
56 589
56 601
56 602
56 603
56 618
56 817
56 818
56 819
56 866
56 938
56 939
56 969
56 994
56 1165
56 1182
56 1202
56 1203
56 1204
56 1205
56 1206
56 1221
57 261
57 262
57 269
57 270
57 271
57 275
57 276
57 293
57 506
57 533
57 589
57 590
57 601
57 616
57 617
57 618
57 866
57 936
57 937
57 969
57 994
57 1165
57 1182
57 1200
57 1201
57 1212
57 1213
57 1214
57 1215
57 1216
57 1217
57 1218
57 1221
58 260
58 261
58 267
58 268
58 276
58 291
58 292
58 507
58 533
58 590
58 601
58 615
58 818
58 819
58 866
58 934
58 935
58 970
58 994
58 1165
58 1183
58 1199
58 1200
58 1210
58 1211
58 1219
59 260
59 265
59 266
59 267
59 277
59 287
59 288
59 289
59 290
59 291
59 507
59 532
59 590
59 592
59 593
59 594
59 602
59 616
59 617
59 618
59 817
59 818
59 865
59 932
59 933
59 970
59 994
59 1165
59 1184
59 1185
59 1186
59 1187
59 1188
59 1189
59 1190
59 1198
59 1199
59 1210
60 261
60 264
60 278
60 279
60 285
60 286
60 507
60 532
60 590
60 592
60 594
60 602
60 618
60 816
60 817
60 865
60 930
60 931
60 970
60 994
60 1165
60 1182
60 1190
60 1191
60 1196
60 1197
60 1209
61 261
61 279
61 280
61 281
61 282
61 283
61 284
61 508
61 530
61 531
61 532
61 587
61 588
61 594
61 603
61 618
61 621
61 816
61 865
61 928
61 929
61 970
61 994
61 1165
61 1182
61 1192
61 1193
61 1194
61 1209
62 262
62 263
62 508
62 529
62 587
62 589
62 594
62 603
62 604
62 618
62 620
62 622
62 816
62 865
62 926
62 927
62 970
62 994
62 1166
62 1183
62 1194
62 1209
63 508
63 528
63 587
63 588
63 589
63 594
63 604
63 622
63 816
63 865
63 924
63 925
63 970
63 994
63 1166
63 1183
63 1194
63 1210
63 1211
63 1212
64 508
64 528
64 594
64 604
64 622
64 815
64 865
64 922
64 923
64 970
64 994
64 1166
64 1183
64 1194
64 1213
64 1214
64 1215
65 261
65 262
65 263
65 509
65 528
65 594
65 597
65 598
65 599
65 605
65 623
65 627
65 629
65 815
65 866
65 920
65 921
65 970
65 994
65 1166
65 1183
65 1194
65 1206
65 1207
65 1208
65 1213
65 1273
65 1274
65 1275
65 1276
65 1277
65 1278
65 1279
66 261
66 264
66 509
66 527
66 528
66 594
66 596
66 597
66 600
66 605
66 623
66 624
66 625
66 626
66 815
66 866
66 918
66 919
66 971
66 994
66 1166
66 1183
66 1194
66 1204
66 1205
66 1209
66 1210
66 1214
66 1215
66 1258
66 1259
66 1260
66 1263
66 1264
66 1265
66 1266
66 1267
66 1268
66 1269
66 1270
66 1271
66 1272
67 261
67 262
67 505
67 506
67 507
67 508
67 509
67 526
67 594
67 596
67 601
67 606
67 628
67 815
67 866
67 916
67 917
67 971
67 994
67 1166
67 1183
67 1194
67 1202
67 1203
67 1211
67 1212
67 1213
67 1250
67 1251
67 1252
67 1253
67 1256
67 1257
67 1261
68 503
68 504
68 526
68 601
68 602
68 607
68 627
68 630
68 815
68 866
68 898
68 899
68 914
68 915
68 971
68 994
68 1166
68 1183
68 1194
68 1202
68 1215
68 1250
68 1254
68 1255
68 1262
69 503
69 526
69 603
69 604
69 605
69 607
69 627
69 629
69 815
69 865
69 866
69 897
69 900
69 912
69 913
69 971
69 994
69 1166
69 1183
69 1194
69 1201
69 1214
69 1216
69 1250
69 1254
69 1262
69 1277
69 1278
69 1279
70 502
70 527
70 630
70 816
70 865
70 896
70 900
70 909
70 910
70 911
70 971
70 994
70 1166
70 1183
70 1194
70 1201
70 1214
70 1253
70 1263
70 1269
70 1270
70 1271
70 1272
70 1273
70 1274
70 1275
70 1276
71 502
71 527
71 630
71 816
71 865
71 896
71 900
71 907
71 908
71 971
71 995
71 1166
71 1183
71 1194
71 1201
71 1248
71 1251
71 1252
71 1263
71 1264
71 1265
71 1266
71 1267
71 1268
72 503
72 527
72 629
72 630
72 816
72 865
72 896
72 900
72 905
72 906
72 971
72 995
72 1162
72 1163
72 1164
72 1165
72 1166
72 1183
72 1194
72 1201
72 1250
72 1251
73 503
73 504
73 527
73 628
73 629
73 634
73 635
73 816
73 866
73 896
73 900
73 903
73 904
73 972
73 995
73 1157
73 1158
73 1159
73 1160
73 1161
73 1183
73 1194
73 1199
73 1200
73 1201
73 1249
73 1250
74 504
74 528
74 628
74 633
74 634
74 816
74 817
74 866
74 896
74 900
74 902
74 972
74 995
74 1156
74 1166
74 1184
74 1191
74 1192
74 1193
74 1194
74 1196
74 1197
74 1198
74 1248
75 505
75 506
75 528
75 627
75 632
75 633
75 635
75 866
75 895
75 972
75 995
75 1155
75 1166
75 1184
75 1185
75 1186
75 1187
75 1188
75 1189
75 1190
75 1246
75 1247
76 507
76 528
76 627
76 631
76 632
76 635
76 816
76 866
76 895
76 972
76 995
76 1155
76 1166
76 1183
76 1243
76 1244
76 1245
77 507
77 529
77 628
77 629
77 630
77 631
77 635
77 816
77 866
77 894
77 972
77 995
77 1156
77 1166
77 1183
77 1241
77 1242
78 507
78 529
78 635
78 817
78 866
78 893
78 972
78 995
78 1081
78 1082
78 1083
78 1156
78 1157
78 1166
78 1183
78 1239
78 1240
78 1262
78 1263
78 1264
78 1265
79 507
79 530
79 531
79 532
79 533
79 634
79 635
79 640
79 641
79 817
79 866
79 891
79 892
79 972
79 995
79 1081
79 1084
79 1158
79 1159
79 1166
79 1183
79 1239
79 1262
79 1265
80 507
80 527
80 528
80 533
80 633
80 637
80 638
80 639
80 642
80 643
80 818
80 819
80 865
80 889
80 890
80 972
80 995
80 1080
80 1084
80 1159
80 1166
80 1184
80 1238
80 1258
80 1261
80 1266
81 506
81 507
81 526
81 530
81 531
81 532
81 533
81 632
81 636
81 643
81 644
81 820
81 865
81 887
81 888
81 973
81 995
81 1080
81 1085
81 1159
81 1166
81 1184
81 1238
81 1257
81 1259
81 1260
81 1261
81 1266
81 1268
81 1269
81 1274
81 1275
81 1276
81 1277
81 1278
81 1279
82 505
82 525
82 630
82 634
82 644
82 820
82 865
82 885
82 886
82 973
82 995
82 1079
82 1085
82 1157
82 1158
82 1166
82 1184
82 1238
82 1256
82 1266
82 1268
82 1272
82 1273
83 504
83 526
83 527
83 628
83 629
83 633
83 643
83 644
83 820
83 865
83 883
83 884
83 973
83 995
83 1079
83 1086
83 1156
83 1157
83 1166
83 1184
83 1239
83 1256
83 1266
83 1268
83 1270
83 1272
84 504
84 528
84 627
84 632
84 641
84 642
84 820
84 865
84 881
84 882
84 973
84 995
84 1079
84 1086
84 1087
84 1088
84 1156
84 1166
84 1184
84 1239
84 1255
84 1270
85 504
85 528
85 628
85 629
85 631
85 640
85 820
85 865
85 880
85 973
85 995
85 1079
85 1089
85 1155
85 1166
85 1184
85 1239
85 1255
86 504
86 528
86 629
86 631
86 639
86 820
86 865
86 879
86 973
86 995
86 1079
86 1089
86 1155
86 1166
86 1184
86 1239
86 1254
87 504
87 529
87 530
87 639
87 819
87 820
87 865
87 876
87 877
87 878
87 973
87 995
87 1079
87 1089
87 1155
87 1166
87 1184
87 1239
87 1254
88 504
88 523
88 524
88 525
88 526
88 527
88 531
88 532
88 637
88 638
88 818
88 819
88 865
88 874
88 875
88 973
88 995
88 1079
88 1089
88 1152
88 1153
88 1154
88 1166
88 1184
88 1240
88 1241
88 1242
88 1243
88 1244
88 1245
88 1246
88 1247
88 1248
88 1249
88 1250
88 1251
88 1252
88 1253
88 1254
89 504
89 522
89 528
89 634
89 635
89 636
89 817
89 818
89 865
89 872
89 873
89 973
89 996
89 1067
89 1068
89 1069
89 1079
89 1089
89 1150
89 1151
89 1166
89 1184
90 504
90 521
90 634
90 638
90 639
90 816
90 817
90 865
90 870
90 871
90 974
90 996
90 1067
90 1070
90 1076
90 1077
90 1078
90 1089
90 1146
90 1147
90 1148
90 1149
90 1166
90 1184
91 504
91 522
91 634
91 637
91 640
91 816
91 865
91 868
91 869
91 974
91 996
91 1066
91 1070
91 1074
91 1075
91 1089
91 1141
91 1142
91 1143
91 1144
91 1145
91 1166
91 1184
92 504
92 523
92 524
92 635
92 636
92 637
92 641
92 815
92 865
92 868
92 974
92 996
92 1066
92 1070
92 1073
92 1074
92 1089
92 1139
92 1140
92 1166
92 1184
93 504
93 524
93 642
93 816
93 817
93 865
93 867
93 974
93 996
93 1065
93 1070
93 1072
93 1073
93 1088
93 1138
93 1139
93 1166
93 1184
94 504
94 522
94 523
94 524
94 642
94 865
94 867
94 974
94 996
94 1064
94 1065
94 1070
94 1072
94 1088
94 1138
94 1166
94 1184
95 503
95 522
95 643
95 817
95 865
95 867
95 974
95 996
95 1064
95 1070
95 1072
95 1088
95 1113
95 1114
95 1115
95 1134
95 1137
95 1166
95 1184
96 503
96 522
96 643
96 817
96 867
96 974
96 996
96 1063
96 1070
96 1072
96 1088
96 1113
96 1116
96 1117
96 1132
96 1133
96 1135
96 1136
96 1137
96 1166
96 1185
97 503
97 522
97 643
97 867
97 974
97 996
97 1063
97 1070
97 1072
97 1088
97 1112
97 1117
97 1118
97 1130
97 1131
97 1166
97 1185
98 503
98 522
98 642
98 643
98 816
98 867
98 975
98 996
98 1062
98 1070
98 1072
98 1088
98 1111
98 1119
98 1120
98 1121
98 1128
98 1129
98 1167
98 1185
99 503
99 522
99 642
99 646
99 647
99 815
99 868
99 975
99 996
99 1061
99 1062
99 1070
99 1071
99 1072
99 1088
99 1110
99 1122
99 1123
99 1124
99 1125
99 1126
99 1127
99 1167
99 1185
100 503
100 523
100 524
100 642
100 643
100 644
100 645
100 648
100 649
100 815
100 868
100 869
100 975
100 996
100 1061
100 1088
100 1108
100 1109
100 1167
100 1185
101 503
101 525
101 526
101 649
101 814
101 869
101 975
101 996
101 1060
101 1088
101 1106
101 1107
101 1167
101 1185
102 504
102 505
102 521
102 523
102 524
102 528
102 529
102 649
102 814
102 869
102 975
102 996
102 1060
102 1088
102 1094
102 1095
102 1105
102 1106
102 1167
102 1185
103 506
103 521
103 525
103 526
103 529
103 648
103 649
103 814
103 867
103 869
103 975
103 996
103 1059
103 1088
103 1093
103 1096
103 1105
103 1167
103 1185
104 507
104 521
104 522
104 527
104 528
104 529
104 646
104 647
104 814
104 867
104 870
104 974
104 996
104 1058
104 1059
104 1088
104 1092
104 1097
104 1102
104 1103
104 1104
104 1167
104 1185
105 507
105 508
105 523
105 524
105 645
105 646
105 815
105 867
105 870
105 871
105 974
105 996
105 1058
105 1087
105 1092
105 1097
105 1098
105 1099
105 1100
105 1101
105 1167
105 1185
106 508
106 509
106 524
106 644
106 645
106 815
106 867
106 871
106 974
106 996
106 1057
106 1087
106 1092
106 1167
106 1185
107 509
107 525
107 643
107 644
107 815
107 867
107 872
107 974
107 997
107 1057
107 1087
107 1092
107 1167
107 1185
108 510
108 511
108 525
108 526
108 642
108 643
108 815
108 867
108 872
108 873
108 975
108 997
108 1056
108 1087
108 1092
108 1167
108 1185
109 512
109 513
109 526
109 638
109 639
109 642
109 650
109 651
109 652
109 815
109 867
109 873
109 975
109 997
109 1041
109 1042
109 1055
109 1056
109 1087
109 1091
109 1167
109 1185
110 514
110 515
110 527
110 638
110 642
110 649
110 650
110 653
110 654
110 815
110 867
110 873
110 975
110 997
110 1028
110 1029
110 1030
110 1031
110 1032
110 1034
110 1036
110 1037
110 1038
110 1039
110 1040
110 1043
110 1054
110 1055
110 1087
110 1091
110 1167
110 1186
111 515
111 520
111 527
111 638
111 639
111 640
111 643
111 644
111 645
111 646
111 647
111 648
111 649
111 654
111 655
111 815
111 867
111 873
111 975
111 997
111 1026
111 1027
111 1033
111 1035
111 1043
111 1053
111 1054
111 1088
111 1090
111 1167
111 1186
112 515
112 519
112 521
112 522
112 523
112 524
112 527
112 655
112 815
112 867
112 873
112 975
112 997
112 1024
112 1025
112 1033
112 1035
112 1044
112 1052
112 1053
112 1088
112 1089
112 1090
112 1167
112 1186
113 515
113 518
113 525
113 526
113 527
113 655
113 815
113 816
113 867
113 873
113 975
113 997
113 1022
113 1023
113 1045
113 1051
113 1052
113 1167
113 1186
114 515
114 519
114 655
114 816
114 867
114 873
114 975
114 997
114 1021
114 1046
114 1050
114 1051
114 1167
114 1186
115 515
115 519
115 520
115 654
115 816
115 867
115 873
115 975
115 997
115 1020
115 1046
115 1047
115 1048
115 1049
115 1050
115 1167
115 1186
116 515
116 520
116 521
116 522
116 652
116 653
116 654
116 816
116 868
116 873
116 975
116 997
116 1020
116 1167
116 1186
117 506
117 515
117 650
117 651
117 816
117 868
117 874
117 975
117 997
117 1020
117 1167
117 1186
118 504
118 505
118 507
118 515
118 519
118 521
118 522
118 650
118 811
118 812
118 813
118 814
118 815
118 816
118 868
118 874
118 976
118 997
118 1021
118 1167
118 1186
119 504
119 508
119 516
119 650
119 651
119 652
119 658
119 659
119 660
119 661
119 676
119 677
119 810
119 811
119 868
119 875
119 977
119 997
119 1021
119 1167
119 1186
120 503
120 508
120 517
120 519
120 653
120 654
120 655
120 656
120 657
120 662
120 672
120 673
120 674
120 675
120 676
120 810
120 868
120 876
120 977
120 997
120 1002
120 1003
120 1004
120 1021
120 1167
120 1186
121 503
121 508
121 518
121 520
121 663
121 670
121 671
121 678
121 810
121 868
121 876
121 977
121 997
121 1000
121 1001
121 1005
121 1020
121 1021
121 1167
121 1186
122 503
122 508
122 518
122 663
122 664
122 667
122 668
122 678
122 811
122 868
122 876
122 977
122 997
122 999
122 1006
122 1017
122 1018
122 1019
122 1167
122 1186
123 503
123 508
123 520
123 665
123 666
123 672
123 673
123 674
123 675
123 676
123 677
123 678
123 806
123 807
123 808
123 809
123 868
123 876
123 977
123 997
123 1007
123 1008
123 1009
123 1010
123 1011
123 1012
123 1013
123 1014
123 1015
123 1016
123 1167
123 1187
124 503
124 508
124 662
124 663
124 671
124 805
124 868
124 876
124 977
124 997
124 1167
124 1187
125 503
125 508
125 523
125 524
125 660
125 661
125 667
125 668
125 671
125 804
125 868
125 876
125 977
125 997
125 1167
125 1187
126 503
126 508
126 522
126 524
126 658
126 659
126 664
126 665
126 666
126 671
126 677
126 678
126 805
126 868
126 876
126 977
126 998
126 1167
126 1187
127 503
127 508
127 522
127 523
127 524
127 657
127 658
127 662
127 663
127 672
127 673
127 674
127 675
127 676
127 679
127 680
127 681
127 682
127 780
127 781
127 782
127 783
127 784
127 786
127 805
127 868
127 876
127 977
127 998
127 1167
127 1187
128 503
128 508
128 657
128 661
128 683
128 779
128 783
128 785
128 787
128 805
128 868
128 876
128 977
128 998
128 1167
128 1187
129 503
129 508
129 656
129 660
129 684
129 778
129 783
129 785
129 787
129 806
129 868
129 876
129 978
129 998
129 1167
129 1187
130 503
130 508
130 655
130 656
130 659
130 684
130 685
130 778
130 787
130 807
130 808
130 809
130 810
130 811
130 868
130 876
130 978
130 998
130 1167
130 1187
131 503
131 508
131 655
131 658
131 685
131 688
131 689
131 690
131 691
131 692
131 693
131 694
131 695
131 696
131 697
131 698
131 699
131 700
131 701
131 778
131 787
131 812
131 868
131 876
131 978
131 998
131 1167
131 1187
132 503
132 508
132 654
132 658
132 686
132 687
132 702
132 703
132 704
132 705
132 706
132 707
132 708
132 709
132 710
132 711
132 712
132 713
132 714
132 715
132 716
132 717
132 718
132 719
132 720
132 721
132 722
132 723
132 724
132 745
132 746
132 747
132 778
132 788
132 812
132 868
132 876
132 978
132 998
132 1167
132 1187
133 503
133 508
133 654
133 657
133 686
133 725
133 726
133 727
133 728
133 729
133 743
133 744
133 748
133 778
133 788
133 812
133 868
133 876
133 978
133 999
133 1167
133 1187
134 503
134 508
134 654
134 657
134 686
134 730
134 731
134 732
134 733
134 734
134 735
134 736
134 737
134 738
134 739
134 740
134 741
134 742
134 743
134 749
134 777
134 789
134 813
134 814
134 815
134 868
134 876
134 978
134 999
134 1168
134 1187
135 503
135 508
135 654
135 657
135 685
135 749
135 777
135 789
135 868
135 876
135 978
135 999
135 1168
135 1187
136 503
136 508
136 654
136 657
136 685
136 749
136 770
136 771
136 772
136 773
136 774
136 775
136 776
136 790
136 812
136 813
136 814
136 815
136 868
136 877
136 978
136 999
136 1168
136 1187
137 503
137 508
137 654
137 657
137 685
137 750
137 769
137 790
137 791
137 808
137 809
137 810
137 811
137 815
137 868
137 877
137 978
137 999
137 1168
137 1187
138 503
138 508
138 654
138 657
138 685
138 750
138 768
138 791
138 792
138 807
138 815
138 868
138 877
138 978
138 999
138 1168
138 1187
139 503
139 508
139 654
139 657
139 685
139 751
139 768
139 792
139 793
139 799
139 800
139 801
139 806
139 815
139 868
139 877
139 979
139 999
139 1168
139 1187
140 503
140 508
140 654
140 657
140 684
140 751
140 768
140 793
140 794
140 797
140 798
140 802
140 806
140 815
140 868
140 877
140 979
140 1000
140 1168
140 1187
141 503
141 508
141 655
141 657
141 684
141 752
141 753
141 754
141 755
141 756
141 757
141 758
141 759
141 760
141 761
141 762
141 763
141 764
141 765
141 766
141 767
141 794
141 795
141 796
141 797
141 803
141 806
141 815
141 868
141 877
141 979
141 1000
141 1168
141 1187
142 503
142 508
142 516
142 517
142 518
142 655
142 684
142 768
142 804
142 805
142 806
142 815
142 869
142 877
142 979
142 1000
142 1168
142 1188
143 503
143 508
143 515
143 516
143 518
143 519
143 655
143 658
143 684
143 768
143 815
143 869
143 878
143 979
143 1000
143 1168
143 1188
144 503
144 508
144 514
144 515
144 520
144 521
144 655
144 658
144 686
144 768
144 815
144 869
144 878
144 979
144 1000
144 1168
144 1188
145 503
145 508
145 513
145 514
145 521
145 522
145 655
145 658
145 686
145 768
145 815
145 869
145 878
145 979
145 1000
145 1168
145 1188
146 503
146 508
146 512
146 513
146 522
146 523
146 655
146 658
146 686
146 768
146 815
146 869
146 878
146 979
146 1000
146 1168
146 1188
147 503
147 508
147 512
147 524
147 525
147 655
147 658
147 685
147 767
147 815
147 869
147 878
147 979
147 1001
147 1168
147 1188
148 503
148 508
148 511
148 525
148 526
148 655
148 658
148 685
148 767
148 815
148 869
148 878
148 979
148 1001
148 1168
148 1188
149 503
149 508
149 510
149 511
149 526
149 527
149 655
149 658
149 685
149 767
149 815
149 869
149 878
149 979
149 1001
149 1168
149 1188
150 503
150 509
150 510
150 528
150 529
150 655
150 658
150 685
150 768
150 815
150 869
150 878
150 979
150 1001
150 1168
150 1188
151 503
151 509
151 529
151 530
151 655
151 658
151 685
151 768
151 815
151 869
151 878
151 980
151 1001
151 1168
151 1188
152 503
152 508
152 530
152 531
152 655
152 658
152 685
152 768
152 815
152 869
152 878
152 980
152 1001
152 1168
152 1188
153 503
153 508
153 532
153 533
153 655
153 658
153 685
153 769
153 815
153 869
153 878
153 980
153 1001
153 1168
153 1188
154 503
154 508
154 533
154 534
154 655
154 658
154 684
154 723
154 724
154 725
154 726
154 727
154 728
154 729
154 730
154 731
154 732
154 769
154 815
154 869
154 879
154 926
154 980
154 1002
154 1168
154 1188
155 503
155 509
155 534
155 535
155 655
155 658
155 684
155 722
155 733
155 734
155 735
155 736
155 737
155 738
155 739
155 740
155 741
155 742
155 743
155 770
155 816
155 869
155 879
155 905
155 906
155 907
155 908
155 909
155 910
155 911
155 912
155 913
155 914
155 915
155 916
155 917
155 918
155 919
155 920
155 921
155 922
155 923
155 924
155 925
155 927
155 980
155 1002
155 1168
155 1188
156 502
156 509
156 535
156 536
156 655
156 658
156 684
156 721
156 744
156 745
156 770
156 816
156 869
156 879
156 903
156 904
156 928
156 980
156 1002
156 1168
156 1188
157 501
157 502
157 509
157 537
157 538
157 655
157 658
157 684
157 721
157 746
157 747
157 748
157 749
157 750
157 751
157 752
157 753
157 754
157 755
157 756
157 757
157 758
157 759
157 760
157 761
157 762
157 763
157 764
157 765
157 766
157 770
157 816
157 869
157 880
157 891
157 892
157 893
157 894
157 895
157 896
157 897
157 898
157 899
157 900
157 901
157 902
157 928
157 980
157 1002
157 1168
157 1188
158 500
158 501
158 503
158 509
158 539
158 540
158 655
158 658
158 684
158 720
158 767
158 768
158 816
158 869
158 880
158 881
158 882
158 883
158 884
158 885
158 886
158 887
158 888
158 889
158 890
158 928
158 980
158 1002
158 1168
158 1188
159 500
159 503
159 509
159 540
159 541
159 655
159 658
159 684
159 720
159 769
159 770
159 816
159 869
159 928
159 980
159 1002
159 1168
159 1188
160 499
160 503
160 509
160 542
160 543
160 655
160 658
160 684
160 720
160 770
160 771
160 816
160 869
160 928
160 980
160 1002
160 1168
160 1188
161 498
161 499
161 503
161 509
161 543
161 544
161 656
161 658
161 684
161 720
161 771
161 816
161 869
161 929
161 930
161 931
161 932
161 980
161 1003
161 1168
161 1188
162 497
162 498
162 503
162 509
162 544
162 545
162 656
162 683
162 684
162 720
162 771
162 816
162 869
162 933
162 934
162 980
162 1003
162 1168
162 1188
163 496
163 497
163 503
163 509
163 546
163 547
163 656
163 659
163 682
163 683
163 720
163 771
163 816
163 869
163 934
163 959
163 960
163 961
163 962
163 980
163 1003
163 1168
163 1188
164 495
164 496
164 503
164 509
164 547
164 548
164 656
164 659
164 682
164 720
164 766
164 767
164 768
164 769
164 770
164 771
164 772
164 816
164 869
164 935
164 958
164 963
164 964
164 965
164 966
164 967
164 981
164 1003
164 1168
164 1189
165 495
165 497
165 498
165 499
165 500
165 501
165 502
165 503
165 509
165 548
165 656
165 659
165 681
165 720
165 764
165 765
165 772
165 816
165 869
165 935
165 957
165 968
165 981
165 1003
165 1168
165 1189
166 510
166 511
166 512
166 513
166 514
166 515
166 516
166 517
166 518
166 519
166 520
166 521
166 522
166 523
166 524
166 547
166 548
166 656
166 659
166 677
166 678
166 679
166 680
166 681
166 720
166 763
166 772
166 773
166 816
166 869
166 935
166 957
166 968
166 981
166 1003
166 1168
166 1189
167 503
167 525
167 526
167 527
167 528
167 529
167 530
167 531
167 532
167 533
167 547
167 656
167 659
167 676
167 720
167 762
167 773
167 774
167 816
167 870
167 935
167 957
167 968
167 981
167 1003
167 1168
167 1189
168 504
168 509
168 534
168 541
168 542
168 546
168 656
168 659
168 676
168 720
168 762
168 774
168 798
168 816
168 870
168 935
168 957
168 968
168 981
168 1004
168 1169
168 1189
169 504
169 509
169 534
169 540
169 546
169 656
169 659
169 676
169 720
169 762
169 773
169 797
169 799
169 800
169 801
169 816
169 870
169 935
169 957
169 968
169 981
169 1004
169 1169
169 1189
170 504
170 509
170 534
170 540
170 546
170 656
170 659
170 676
170 720
170 762
170 773
170 816
170 870
170 935
170 957
170 968
170 981
170 1004
170 1169
170 1189
171 504
171 509
171 534
171 540
171 546
171 656
171 659
171 676
171 721
171 762
171 773
171 816
171 870
171 935
171 957
171 968
171 981
171 1004
171 1169
171 1189
172 504
172 509
172 534
172 540
172 546
172 639
172 640
172 641
172 642
172 643
172 644
172 645
172 646
172 647
172 648
172 649
172 650
172 651
172 652
172 656
172 659
172 676
172 721
172 762
172 774
172 775
172 816
172 870
172 935
172 957
172 968
172 981
172 1004
172 1169
172 1189
173 504
173 509
173 535
173 540
173 546
173 630
173 631
173 632
173 633
173 634
173 635
173 636
173 637
173 638
173 653
173 654
173 655
173 656
173 657
173 660
173 661
173 662
173 663
173 664
173 665
173 666
173 667
173 668
173 669
173 670
173 671
173 672
173 673
173 674
173 676
173 719
173 720
173 721
173 762
173 774
173 816
173 870
173 935
173 958
173 969
173 981
173 1004
173 1169
173 1189
174 505
174 506
174 507
174 508
174 509
174 535
174 540
174 543
174 546
174 619
174 620
174 621
174 622
174 623
174 624
174 625
174 626
174 627
174 628
174 629
174 675
174 676
174 762
174 773
174 870
174 935
174 958
174 969
174 981
174 1004
174 1169
174 1189
175 535
175 539
175 543
175 546
175 603
175 604
175 605
175 606
175 607
175 608
175 609
175 610
175 611
175 612
175 613
175 614
175 615
175 616
175 617
175 618
175 721
175 762
175 773
175 870
175 935
175 958
175 969
175 981
175 1005
175 1169
175 1189
176 535
176 539
176 543
176 546
176 577
176 578
176 579
176 580
176 581
176 582
176 583
176 584
176 585
176 586
176 587
176 588
176 589
176 590
176 591
176 592
176 593
176 594
176 595
176 596
176 597
176 598
176 599
176 600
176 601
176 602
176 721
176 762
176 773
176 870
176 935
176 958
176 969
176 981
176 1005
176 1169
176 1189
177 504
177 505
177 506
177 507
177 535
177 539
177 543
177 546
177 550
177 551
177 552
177 553
177 554
177 555
177 556
177 557
177 558
177 559
177 560
177 561
177 562
177 563
177 564
177 565
177 566
177 567
177 568
177 569
177 570
177 571
177 572
177 573
177 574
177 575
177 576
177 721
177 763
177 773
177 815
177 870
177 935
177 981
177 1005
177 1169
177 1189
178 504
178 507
178 508
178 536
178 537
178 538
178 540
178 541
178 542
178 543
178 545
178 547
178 549
178 635
178 636
178 637
178 638
178 639
178 640
178 641
178 642
178 643
178 644
178 645
178 646
178 647
178 648
178 649
178 650
178 651
178 652
178 653
178 654
178 655
178 656
178 657
178 721
178 763
178 774
178 815
178 870
178 935
178 982
178 1005
178 1169
178 1189
179 503
179 508
179 631
179 632
179 633
179 634
179 658
179 659
179 660
179 661
179 662
179 663
179 664
179 665
179 666
179 667
179 761
179 763
179 775
179 816
179 870
179 1005
179 1169
179 1189
180 503
180 508
180 627
180 628
180 629
180 630
180 763
180 775
180 816
180 817
180 818
180 819
180 979
180 980
180 981
180 1005
180 1169
180 1189
181 503
181 509
181 625
181 626
181 763
181 775
181 982
181 1005
181 1169
181 1189
182 502
182 509
182 625
182 668
182 669
182 763
182 775
182 819
182 869
182 870
182 982
182 1006
182 1169
182 1189
183 502
183 510
183 624
183 669
183 759
183 760
183 761
183 762
183 763
183 775
183 818
183 869
183 982
183 1006
183 1169
183 1189
184 501
184 510
184 621
184 622
184 623
184 624
184 670
184 758
184 775
184 818
184 869
184 982
184 1006
184 1169
184 1189
185 501
185 510
185 670
185 671
185 757
185 775
185 817
185 869
185 982
185 1006
185 1169
185 1189
186 501
186 510
186 671
186 672
186 757
186 775
186 817
186 869
186 982
186 1006
186 1169
186 1189
187 502
187 510
187 622
187 672
187 673
187 757
187 775
187 818
187 868
187 869
187 982
187 1006
187 1169
187 1189
188 503
188 510
188 622
188 674
188 757
188 775
188 818
188 868
188 982
188 1006
188 1169
188 1190
189 503
189 510
189 621
189 675
189 757
189 775
189 818
189 868
189 982
189 1007
189 1169
189 1190
190 503
190 510
190 621
190 675
190 757
190 775
190 818
190 868
190 982
190 1007
190 1169
190 1190
191 503
191 510
191 621
191 676
191 757
191 775
191 817
191 868
191 983
191 1007
191 1169
191 1190
192 620
192 676
192 757
192 775
192 817
192 868
192 983
192 1007
192 1008
192 1009
192 1010
192 1011
192 1012
192 1013
192 1014
192 1015
192 1016
192 1017
192 1018
192 1019
192 1169
192 1190
193 620
193 677
193 678
193 679
193 680
193 681
193 757
193 775
193 817
193 867
193 868
193 983
193 1007
193 1023
193 1025
193 1026
193 1027
193 1028
193 1169
193 1190
194 619
194 682
194 683
194 757
194 775
194 817
194 867
194 983
194 1006
194 1019
194 1062
194 1063
194 1064
194 1169
194 1190
195 615
195 616
195 617
195 618
195 619
195 683
195 684
195 757
195 775
195 818
195 866
195 983
195 1006
195 1018
195 1025
195 1026
195 1027
195 1029
195 1062
195 1064
195 1169
195 1190
196 613
196 614
196 684
196 758
196 775
196 818
196 866
196 983
196 1006
196 1018
196 1062
196 1063
196 1064
196 1150
196 1151
196 1152
196 1153
196 1154
196 1155
196 1156
196 1157
196 1158
196 1159
196 1160
196 1169
196 1190
197 612
197 685
197 758
197 775
197 819
197 867
197 983
197 1006
197 1016
197 1017
197 1149
197 1161
197 1169
197 1191
197 1192
197 1193
198 611
198 685
198 758
198 776
198 819
198 820
198 867
198 983
198 1006
198 1014
198 1015
198 1150
198 1151
198 1152
198 1153
198 1154
198 1155
198 1156
198 1157
198 1158
198 1159
198 1169
198 1191
198 1194
198 1195
198 1196
198 1197
198 1198
198 1199
198 1200
198 1201
198 1202
198 1203
198 1204
198 1205
198 1206
198 1207
198 1208
198 1209
198 1210
198 1211
198 1212
198 1213
198 1214
198 1215
198 1216
198 1217
198 1218
198 1219
198 1220
198 1221
198 1222
198 1223
198 1224
198 1225
198 1226
198 1227
199 611
199 685
199 758
199 776
199 820
199 868
199 983
199 1007
199 1014
199 1169
199 1190
199 1228
199 1229
199 1230
199 1231
199 1232
199 1233
199 1234
199 1235
199 1236
199 1237
199 1238
199 1239
199 1240
199 1241
199 1242
199 1243
199 1244
199 1245
199 1246
199 1247
199 1248
199 1249
199 1250
199 1251
199 1252
199 1253
199 1254
199 1255
199 1256
199 1257
199 1258
199 1259
199 1260
199 1261
200 610
200 684
200 685
200 758
200 776
200 821
200 869
200 870
200 983
200 1007
200 1013
200 1169
200 1190
200 1210
200 1211
200 1212
200 1213
200 1214
200 1215
200 1262
200 1263
200 1264
200 1265
200 1266
200 1267
200 1268
200 1269
200 1270
200 1271
200 1272
200 1273
200 1274
200 1275
200 1276
200 1277
200 1278
200 1279
201 611
201 612
201 613
201 614
201 615
201 616
201 682
201 683
201 684
201 758
201 776
201 821
201 870
201 871
201 983
201 1007
201 1169
201 1190
201 1203
201 1204
201 1205
201 1206
201 1207
201 1215
201 1216
201 1229
201 1230
201 1231
201 1232
201 1233
201 1234
201 1235
202 617
202 681
202 821
202 871
202 983
202 1007
202 1169
202 1190
202 1198
202 1199
202 1200
202 1201
202 1202
202 1216
202 1217
202 1224
202 1225
202 1229
202 1235
202 1236
202 1237
202 1238
202 1239
202 1240
202 1241
202 1242
202 1243
202 1244
202 1245
202 1246
202 1249
202 1250
202 1252
202 1253
203 617
203 680
203 821
203 872
203 983
203 1007
203 1169
203 1190
203 1196
203 1197
203 1217
203 1222
203 1223
203 1226
203 1227
203 1228
203 1247
203 1248
203 1249
203 1254
203 1255
203 1276
203 1277
204 617
204 680
204 821
204 872
204 984
204 1007
204 1170
204 1190
204 1195
204 1196
204 1217
204 1221
204 1222
204 1256
204 1257
204 1273
204 1274
204 1275
204 1276
205 617
205 680
205 821
205 872
205 984
205 1007
205 1170
205 1191
205 1192
205 1193
205 1194
205 1195
205 1217
205 1219
205 1220
205 1257
205 1258
205 1271
205 1272
206 617
206 680
206 820
206 871
206 984
206 1007
206 1170
206 1191
206 1217
206 1219
206 1258
206 1265
206 1266
206 1267
206 1268
206 1269
206 1270
207 617
207 680
207 820
207 871
207 984
207 1007
207 1170
207 1190
207 1258
207 1262
207 1263
207 1264
208 616
208 681
208 820
208 871
208 984
208 1007
208 1009
208 1170
208 1190
208 1259
208 1260
208 1261
209 616
209 681
209 820
209 872
209 984
209 1007
209 1009
209 1170
209 1190
210 616
210 681
210 820
210 873
210 874
210 984
210 1007
210 1170
210 1191
211 616
211 681
211 874
211 984
211 1007
211 1170
211 1191
212 616
212 681
212 875
212 984
212 1007
212 1170
212 1191
213 616
213 681
213 876
213 984
213 1007
213 1170
213 1191
214 616
214 681
214 877
214 984
214 1007
214 1170
214 1191
215 616
215 681
215 877
215 984
215 1008
215 1170
215 1191
216 616
216 682
216 873
216 874
216 875
216 876
216 877
216 984
216 1008
216 1191
217 616
217 682
217 872
217 984
217 1008
217 1191
218 616
218 682
218 985
218 1008
219 616
219 682
219 985
219 1008
220 615
220 682
220 985
220 1008
221 615
221 682
221 985
221 1008
222 615
222 682
222 985
222 1008
223 615
223 682
223 985
223 1008
224 615
224 682
224 985
224 1008
225 615
225 682
225 985
225 1008
226 615
226 985
226 1008
227 985
227 1008
228 985
228 1008
229 985
229 1008
230 985
230 1009
231 986
231 1009
232 986
232 1009
233 986
233 1009
234 986
234 1009
235 986
235 1009
235 1278
235 1279
236 986
236 1009
237 986
237 1009
238 986
238 1009
239 986
239 1009
240 986
240 1009
241 986
241 1009
242 986
242 1009
243 986
243 1009
244 987
244 1009
245 987
245 1010
246 987
246 1011
247 987
247 1011
248 987
248 1011
249 987
249 1011
250 0
250 987
250 1011
251 987
251 1011
252 987
252 1011
253 987
253 1011
254 987
254 1011
255 987
255 1011
256 987
256 1011
257 987
257 1011
258 988
258 1011
259 988
259 1011
260 988
260 1011
261 988
261 1012
262 988
262 1012
263 988
263 1012
264 988
264 1012
265 988
265 1012
266 988
266 1012
267 988
267 1012
268 988
268 1012
269 1012
