0 302
0 338
0 346
0 425
0 532
0 629
0 663
0 849
0 865
0 914
0 924
0 939
0 954
0 1016
0 1041
1 302
1 338
1 346
1 426
1 533
1 534
1 535
1 536
1 537
1 538
1 539
1 540
1 541
1 542
1 543
1 544
1 545
1 546
1 547
1 548
1 549
1 550
1 551
1 552
1 553
1 554
1 555
1 556
1 557
1 558
1 559
1 560
1 561
1 562
1 563
1 564
1 565
1 566
1 567
1 568
1 569
1 570
1 571
1 572
1 573
1 574
1 575
1 576
1 577
1 578
1 579
1 580
1 581
1 582
1 583
1 584
1 585
1 586
1 587
1 588
1 589
1 590
1 591
1 592
1 593
1 594
1 595
1 596
1 597
1 598
1 599
1 600
1 601
1 602
1 603
1 604
1 605
1 606
1 607
1 608
1 609
1 610
1 611
1 612
1 613
1 614
1 615
1 616
1 617
1 618
1 619
1 620
1 621
1 622
1 623
1 624
1 625
1 626
1 627
1 628
1 629
1 662
1 663
1 849
1 865
1 914
1 925
1 939
1 954
1 1015
1 1016
1 1041
2 302
2 338
2 346
2 427
2 428
2 429
2 430
2 431
2 659
2 660
2 661
2 849
2 865
2 914
2 926
2 927
2 939
2 954
2 1010
2 1011
2 1012
2 1013
2 1014
2 1039
2 1040
3 302
3 338
3 346
3 432
3 657
3 658
3 849
3 865
3 915
3 927
3 928
3 939
3 954
3 1007
3 1008
3 1009
3 1036
3 1037
3 1038
4 301
4 338
4 346
4 433
4 434
4 655
4 656
4 849
4 865
4 915
4 928
4 929
4 939
4 955
4 1004
4 1005
4 1006
4 1034
4 1035
5 302
5 338
5 346
5 435
5 436
5 437
5 438
5 654
5 655
5 849
5 865
5 915
5 930
5 931
5 939
5 955
5 1001
5 1002
5 1003
5 1032
5 1033
6 302
6 338
6 346
6 439
6 440
6 629
6 630
6 631
6 632
6 633
6 634
6 635
6 636
6 637
6 638
6 653
6 654
6 849
6 865
6 915
6 931
6 932
6 939
6 955
6 997
6 998
6 999
6 1000
6 1029
6 1030
6 1031
7 303
7 338
7 346
7 441
7 442
7 627
7 628
7 639
7 640
7 652
7 653
7 849
7 865
7 916
7 932
7 933
7 939
7 955
7 994
7 995
7 996
7 1027
7 1028
8 304
8 338
8 346
8 443
8 444
8 625
8 626
8 641
8 651
8 652
8 849
8 865
8 916
8 934
8 935
8 939
8 955
8 991
8 992
8 993
8 1024
8 1025
8 1026
9 295
9 296
9 304
9 339
9 346
9 444
9 624
9 625
9 642
9 650
9 651
9 849
9 865
9 917
9 935
9 936
9 939
9 955
9 988
9 989
9 990
9 1022
9 1023
10 293
10 294
10 297
10 298
10 299
10 300
10 304
10 339
10 347
10 444
10 624
10 642
10 643
10 644
10 645
10 646
10 647
10 648
10 649
10 650
10 849
10 865
10 917
10 918
10 936
10 937
10 955
10 984
10 985
10 986
10 987
10 1020
10 1021
11 291
11 292
11 301
11 302
11 303
11 304
11 339
11 347
11 444
11 623
11 849
11 865
11 918
11 919
11 938
11 955
11 981
11 982
11 983
11 1017
11 1018
11 1019
12 287
12 288
12 289
12 290
12 339
12 347
12 356
12 357
12 444
12 623
12 849
12 866
12 919
12 920
12 956
12 977
12 978
12 979
12 980
12 1015
12 1016
13 286
13 339
13 347
13 354
13 355
13 358
13 359
13 444
13 621
13 622
13 849
13 866
13 920
13 921
13 956
13 974
13 975
13 976
13 1011
13 1012
13 1013
13 1014
14 285
14 339
14 347
14 353
14 354
14 360
14 444
14 619
14 620
14 849
14 866
14 921
14 922
14 956
14 970
14 971
14 972
14 973
14 1002
14 1003
14 1004
14 1005
14 1006
14 1007
14 1008
14 1009
14 1010
15 285
15 339
15 347
15 352
15 353
15 361
15 444
15 619
15 849
15 866
15 922
15 923
15 956
15 967
15 968
15 969
15 998
15 999
15 1000
15 1001
16 285
16 339
16 347
16 352
16 361
16 381
16 382
16 444
16 618
16 849
16 866
16 923
16 924
16 956
16 964
16 965
16 966
16 995
16 996
16 997
17 285
17 339
17 347
17 351
17 361
17 379
17 380
17 383
17 384
17 444
17 617
17 618
17 849
17 866
17 924
17 925
17 956
17 961
17 962
17 963
17 992
17 993
17 994
18 285
18 339
18 347
18 351
18 362
18 377
18 378
18 384
18 444
18 617
18 849
18 866
18 925
18 926
18 958
18 959
18 960
18 988
18 989
18 990
18 991
19 285
19 339
19 347
19 352
19 362
19 377
19 384
19 444
19 614
19 615
19 616
19 849
19 866
19 926
19 927
19 957
19 985
19 986
19 987
20 285
20 339
20 347
20 352
20 353
20 362
20 377
20 383
20 444
20 613
20 849
20 866
20 927
20 928
20 957
20 982
20 983
20 984
21 285
21 339
21 347
21 353
21 354
21 355
21 356
21 357
21 358
21 359
21 360
21 361
21 362
21 378
21 379
21 383
21 443
21 612
21 849
21 866
21 928
21 929
21 957
21 977
21 978
21 979
21 980
21 981
22 285
22 339
22 347
22 379
22 380
22 382
22 430
22 443
22 611
22 612
22 849
22 866
22 929
22 957
22 974
22 975
22 976
23 265
23 266
23 267
23 268
23 269
23 285
23 339
23 347
23 380
23 429
23 442
23 443
23 611
23 849
23 866
23 930
23 957
23 971
23 972
23 973
24 263
24 264
24 270
24 271
24 272
24 273
24 274
24 285
24 339
24 347
24 380
24 383
24 430
24 432
24 441
24 611
24 849
24 866
24 930
24 931
24 957
24 967
24 968
24 969
24 970
25 262
25 275
25 276
25 285
25 339
25 347
25 380
25 383
25 384
25 430
25 432
25 440
25 611
25 849
25 866
25 931
25 957
25 964
25 965
25 966
26 261
26 277
26 278
26 285
26 340
26 347
26 381
26 382
26 430
26 433
26 440
26 612
26 850
26 866
26 930
26 931
26 933
26 957
26 960
26 961
26 962
26 963
27 261
27 279
27 280
27 281
27 282
27 283
27 284
27 285
27 340
27 347
27 431
27 439
27 612
27 850
27 866
27 927
27 928
27 929
27 933
27 959
27 1106
27 1107
27 1108
27 1109
27 1110
27 1111
27 1151
28 261
28 340
28 347
28 431
28 433
28 439
28 613
28 850
28 866
28 924
28 925
28 926
28 933
28 934
28 1104
28 1105
28 1112
28 1113
28 1123
28 1146
28 1147
28 1148
28 1149
28 1150
28 1152
28 1153
29 261
29 340
29 347
29 435
29 436
29 439
29 613
29 614
29 850
29 866
29 920
29 921
29 922
29 923
29 934
29 935
29 1101
29 1102
29 1103
29 1113
29 1120
29 1121
29 1122
29 1124
29 1144
29 1145
29 1153
30 261
30 340
30 348
30 433
30 437
30 438
30 615
30 616
30 850
30 866
30 917
30 918
30 919
30 935
30 936
30 958
30 1099
30 1100
30 1113
30 1118
30 1119
30 1125
30 1143
30 1144
30 1154
31 261
31 340
31 348
31 435
31 617
31 618
31 619
31 850
31 866
31 914
31 915
31 916
31 936
31 958
31 1097
31 1098
31 1114
31 1115
31 1116
31 1117
31 1125
31 1126
31 1141
31 1142
31 1154
31 1155
31 1198
31 1199
31 1200
32 261
32 340
32 348
32 437
32 438
32 620
32 621
32 622
32 623
32 624
32 625
32 850
32 866
32 910
32 911
32 912
32 913
32 937
32 958
32 1082
32 1083
32 1084
32 1085
32 1086
32 1087
32 1088
32 1095
32 1096
32 1126
32 1141
32 1155
32 1156
32 1196
32 1197
32 1201
33 260
33 340
33 348
33 438
33 626
33 627
33 628
33 850
33 866
33 906
33 907
33 908
33 909
33 936
33 937
33 958
33 1080
33 1081
33 1089
33 1090
33 1091
33 1092
33 1093
33 1094
33 1127
33 1128
33 1129
33 1140
33 1156
33 1194
33 1195
33 1202
33 1203
34 23
34 24
34 25
34 26
34 27
34 28
34 29
34 30
34 31
34 32
34 33
34 34
34 35
34 260
34 340
34 348
34 438
34 629
34 630
34 631
34 632
34 633
34 634
34 635
34 636
34 850
34 866
34 903
34 904
34 905
34 933
34 934
34 935
34 939
34 958
34 1058
34 1080
34 1130
34 1131
34 1139
34 1140
34 1157
34 1193
34 1194
34 1204
35 20
35 21
35 22
35 36
35 259
35 340
35 348
35 439
35 637
35 638
35 867
35 891
35 892
35 900
35 901
35 902
35 929
35 930
35 931
35 932
35 939
35 958
35 1056
35 1057
35 1059
35 1060
35 1079
35 1131
35 1132
35 1137
35 1138
35 1158
35 1159
35 1160
35 1161
35 1162
35 1163
35 1164
35 1192
35 1193
35 1205
36 18
36 19
36 37
36 259
36 340
36 348
36 439
36 638
36 849
36 851
36 867
36 890
36 897
36 898
36 899
36 926
36 927
36 928
36 940
36 959
36 1045
36 1046
36 1055
36 1056
36 1060
36 1079
36 1132
36 1133
36 1134
36 1135
36 1136
36 1165
36 1166
36 1190
36 1191
36 1205
36 1206
36 1207
36 1208
36 1209
36 1210
37 17
37 37
37 259
37 340
37 348
37 439
37 638
37 851
37 867
37 889
37 893
37 894
37 895
37 896
37 922
37 923
37 924
37 925
37 940
37 941
37 959
37 1043
37 1044
37 1047
37 1055
37 1060
37 1079
37 1166
37 1188
37 1189
37 1210
37 1211
38 16
38 37
38 259
38 340
38 348
38 439
38 638
38 867
38 889
38 890
38 891
38 892
38 919
38 920
38 921
38 941
38 959
38 1043
38 1048
38 1054
38 1060
38 1078
38 1079
38 1167
38 1187
38 1188
38 1211
39 16
39 37
39 259
39 340
39 348
39 439
39 638
39 848
39 850
39 867
39 888
39 889
39 916
39 917
39 918
39 941
39 959
39 1042
39 1048
39 1054
39 1061
39 1076
39 1077
39 1168
39 1169
39 1186
39 1187
39 1211
40 15
40 38
40 259
40 340
40 348
40 439
40 638
40 848
40 850
40 867
40 887
40 912
40 913
40 914
40 915
40 941
40 959
40 1042
40 1049
40 1050
40 1051
40 1052
40 1053
40 1054
40 1061
40 1062
40 1070
40 1071
40 1072
40 1076
40 1169
40 1185
40 1186
40 1212
41 15
41 38
41 259
41 340
41 348
41 439
41 638
41 847
41 850
41 867
41 886
41 908
41 909
41 910
41 911
41 941
41 959
41 1042
41 1062
41 1068
41 1069
41 1073
41 1074
41 1075
41 1169
41 1184
41 1185
41 1213
41 1214
42 14
42 38
42 258
42 340
42 348
42 439
42 638
42 847
42 850
42 867
42 886
42 907
42 941
42 959
42 1041
42 1062
42 1067
42 1168
42 1184
42 1214
43 14
43 38
43 258
43 340
43 348
43 439
43 637
43 846
43 850
43 867
43 886
43 905
43 906
43 941
43 959
43 1041
43 1063
43 1064
43 1065
43 1066
43 1168
43 1183
43 1214
44 9
44 10
44 11
44 12
44 13
44 14
44 38
44 258
44 341
44 348
44 439
44 637
44 846
44 850
44 867
44 887
44 901
44 902
44 903
44 904
44 941
44 960
44 1033
44 1034
44 1035
44 1036
44 1041
44 1168
44 1183
44 1214
45 0
45 1
45 2
45 3
45 4
45 5
45 6
45 7
45 8
45 39
45 259
45 341
45 348
45 410
45 439
45 443
45 444
45 445
45 637
45 846
45 850
45 867
45 887
45 898
45 899
45 900
45 941
45 960
45 1033
45 1036
45 1037
45 1041
45 1168
45 1183
45 1214
46 39
46 40
46 41
46 42
46 43
46 44
46 45
46 46
46 47
46 259
46 260
46 341
46 348
46 408
46 409
46 411
46 412
46 435
46 436
46 437
46 438
46 439
46 441
46 442
46 446
46 447
46 636
46 846
46 850
46 867
46 887
46 895
46 896
46 897
46 941
46 961
46 962
46 963
46 1032
46 1037
46 1038
46 1039
46 1040
46 1041
46 1167
46 1168
46 1182
46 1215
46 1216
46 1217
47 48
47 49
47 50
47 260
47 261
47 341
47 348
47 407
47 412
47 434
47 441
47 448
47 449
47 635
47 636
47 845
47 850
47 867
47 887
47 891
47 892
47 893
47 894
47 941
47 964
47 1029
47 1030
47 1031
47 1032
47 1166
47 1171
47 1172
47 1173
47 1174
47 1175
47 1176
47 1182
47 1218
47 1219
48 51
48 261
48 262
48 263
48 341
48 348
48 406
48 413
48 434
48 439
48 440
48 450
48 451
48 635
48 846
48 850
48 867
48 888
48 889
48 890
48 941
48 964
48 1027
48 1028
48 1166
48 1168
48 1169
48 1170
48 1177
48 1178
48 1179
48 1180
48 1181
48 1219
48 1273
48 1274
48 1275
48 1276
49 52
49 53
49 54
49 264
49 265
49 341
49 348
49 407
49 413
49 452
49 453
49 634
49 846
49 850
49 867
49 894
49 941
49 964
49 1026
49 1027
49 1219
49 1273
49 1276
50 55
50 56
50 57
50 58
50 59
50 60
50 61
50 62
50 63
50 64
50 65
50 66
50 67
50 68
50 69
50 70
50 71
50 72
50 73
50 74
50 75
50 76
50 77
50 266
50 267
50 341
50 348
50 408
50 409
50 413
50 454
50 455
50 456
50 635
50 643
50 644
50 645
50 646
50 847
50 850
50 867
50 889
50 894
50 941
50 963
50 964
50 1025
50 1026
50 1220
50 1272
50 1277
51 78
51 267
51 268
51 341
51 349
51 409
51 412
51 413
51 457
51 458
51 635
51 642
51 847
51 850
51 867
51 889
51 894
51 941
51 963
51 1024
51 1025
51 1220
51 1272
51 1277
52 78
52 268
52 341
52 349
52 409
52 412
52 459
52 460
52 636
52 639
52 640
52 641
52 645
52 848
52 850
52 867
52 890
52 894
52 941
52 962
52 1023
52 1221
52 1272
52 1278
53 78
53 268
53 341
53 349
53 409
53 460
53 461
53 636
53 637
53 638
53 643
53 848
53 850
53 867
53 890
53 894
53 941
53 962
53 1022
53 1221
53 1271
53 1272
53 1278
53 1279
54 78
54 268
54 341
54 349
54 407
54 408
54 411
54 461
54 462
54 640
54 641
54 848
54 850
54 867
54 890
54 894
54 941
54 962
54 1022
54 1221
54 1271
55 78
55 248
55 249
55 250
55 251
55 252
55 253
55 254
55 255
55 256
55 257
55 258
55 259
55 260
55 261
55 262
55 263
55 264
55 265
55 266
55 267
55 341
55 349
55 407
55 412
55 462
55 463
55 637
55 638
55 848
55 850
55 867
55 890
55 894
55 940
55 963
55 1022
55 1221
55 1270
56 78
56 243
56 244
56 245
56 246
56 247
56 341
56 349
56 407
56 408
56 412
56 464
56 636
56 848
56 850
56 867
56 890
56 894
56 940
56 963
56 1022
56 1221
56 1270
57 78
57 242
57 341
57 349
57 408
57 409
57 412
57 464
57 635
57 848
57 850
57 867
57 890
57 894
57 940
57 963
57 1022
57 1222
57 1259
57 1260
57 1261
57 1270
58 77
58 78
58 241
58 341
58 349
58 409
58 410
58 411
58 412
58 464
58 635
58 846
58 847
58 848
58 850
58 867
58 890
58 894
58 941
58 963
58 1015
58 1016
58 1017
58 1018
58 1022
58 1222
58 1223
58 1258
58 1259
58 1262
58 1270
59 76
59 77
59 241
59 341
59 349
59 464
59 634
59 842
59 843
59 844
59 845
59 850
59 868
59 890
59 894
59 941
59 942
59 963
59 1015
59 1018
59 1019
59 1022
59 1223
59 1257
59 1258
59 1263
59 1264
59 1270
60 75
60 76
60 240
60 341
60 349
60 464
60 634
60 840
60 841
60 850
60 868
60 890
60 894
60 942
60 962
60 1014
60 1019
60 1020
60 1021
60 1223
60 1255
60 1256
60 1264
60 1265
60 1269
61 74
61 75
61 239
61 240
61 342
61 349
61 463
61 464
61 634
61 837
61 838
61 839
61 850
61 868
61 890
61 894
61 942
61 962
61 1014
61 1223
61 1255
61 1265
61 1269
62 73
62 74
62 239
62 342
62 349
62 463
62 635
62 636
62 637
62 638
62 834
62 835
62 836
62 850
62 868
62 890
62 894
62 942
62 962
62 1014
62 1223
62 1254
62 1266
62 1267
62 1268
63 72
63 73
63 240
63 342
63 349
63 462
63 639
63 640
63 641
63 832
63 833
63 850
63 868
63 890
63 894
63 942
63 962
63 1014
63 1224
63 1254
64 66
64 67
64 68
64 69
64 70
64 71
64 72
64 240
64 342
64 349
64 462
64 642
64 832
64 850
64 868
64 890
64 894
64 942
64 962
64 1014
64 1225
64 1253
65 64
65 65
65 240
65 342
65 349
65 462
65 642
65 831
65 850
65 868
65 890
65 894
65 942
65 962
65 1014
65 1225
65 1253
66 63
66 240
66 342
66 349
66 463
66 643
66 786
66 787
66 830
66 831
66 850
66 868
66 890
66 894
66 941
66 962
66 1014
66 1225
66 1252
67 62
67 209
67 210
67 211
67 212
67 213
67 214
67 240
67 342
67 349
67 463
67 643
67 752
67 753
67 754
67 786
67 828
67 829
67 850
67 868
67 890
67 894
67 940
67 941
67 962
67 1014
67 1225
67 1252
68 62
68 208
68 215
68 216
68 240
68 342
68 349
68 463
68 643
68 752
68 755
68 756
68 763
68 785
68 823
68 824
68 825
68 826
68 827
68 828
68 850
68 868
68 890
68 895
68 940
68 963
68 1014
68 1225
68 1252
69 62
69 207
69 217
69 218
69 240
69 342
69 349
69 464
69 643
69 751
69 757
69 763
69 784
69 785
69 787
69 819
69 820
69 821
69 822
69 850
69 868
69 890
69 895
69 939
69 963
69 1014
69 1225
69 1253
70 61
70 207
70 219
70 220
70 240
70 342
70 349
70 464
70 644
70 750
70 751
70 757
70 763
70 784
70 787
70 818
70 850
70 868
70 890
70 895
70 940
70 963
70 1013
70 1014
70 1225
70 1254
71 61
71 206
71 220
71 221
71 240
71 269
71 342
71 350
71 465
71 644
71 749
71 750
71 757
71 763
71 784
71 787
71 817
71 850
71 868
71 890
71 895
71 940
71 963
71 1010
71 1011
71 1012
71 1225
71 1255
72 61
72 206
72 221
72 222
72 239
72 240
72 267
72 268
72 270
72 271
72 342
72 350
72 465
72 466
72 467
72 468
72 644
72 749
72 757
72 763
72 784
72 787
72 817
72 850
72 868
72 890
72 895
72 940
72 963
72 1008
72 1009
72 1226
72 1255
73 61
73 205
73 222
73 223
73 226
73 227
73 235
73 236
73 237
73 238
73 265
73 266
73 271
73 342
73 350
73 469
73 470
73 645
73 737
73 748
73 757
73 763
73 785
73 787
73 809
73 810
73 811
73 812
73 813
73 814
73 815
73 816
73 850
73 868
73 890
73 895
73 940
73 963
73 1008
73 1227
73 1255
74 61
74 205
74 223
74 224
74 225
74 228
74 229
74 230
74 231
74 232
74 233
74 234
74 265
74 272
74 342
74 350
74 470
74 471
74 472
74 645
74 735
74 736
74 738
74 748
74 757
74 763
74 785
74 807
74 808
74 850
74 868
74 890
74 895
74 941
74 963
74 1007
74 1228
74 1250
74 1251
74 1252
74 1255
75 61
75 204
75 264
75 272
75 273
75 342
75 350
75 473
75 474
75 646
75 647
75 648
75 649
75 650
75 733
75 734
75 738
75 748
75 757
75 763
75 786
75 804
75 805
75 806
75 850
75 868
75 890
75 895
75 942
75 963
75 1007
75 1228
75 1246
75 1247
75 1248
75 1249
75 1253
75 1254
75 1255
76 60
76 204
76 264
76 273
76 342
76 350
76 474
76 475
76 651
76 733
76 738
76 748
76 757
76 763
76 786
76 802
76 803
76 850
76 868
76 890
76 895
76 942
76 963
76 1007
76 1229
76 1245
77 60
77 204
77 263
77 264
77 274
77 342
77 350
77 475
77 476
77 477
77 651
77 733
77 737
77 748
77 757
77 763
77 797
77 798
77 799
77 800
77 801
77 851
77 868
77 890
77 895
77 943
77 944
77 963
77 1006
77 1229
77 1230
77 1231
77 1232
77 1244
78 60
78 204
78 263
78 274
78 343
78 350
78 478
78 651
78 733
78 737
78 747
78 757
78 763
78 795
78 796
78 851
78 868
78 890
78 895
78 942
78 963
78 1006
78 1233
78 1234
78 1245
79 60
79 204
79 262
79 274
79 343
79 350
79 478
79 547
79 548
79 549
79 550
79 551
79 552
79 553
79 554
79 651
79 734
79 736
79 737
79 747
79 757
79 763
79 795
79 851
79 868
79 890
79 895
79 943
79 944
79 963
79 996
79 997
79 998
79 999
79 1000
79 1001
79 1002
79 1003
79 1004
79 1005
79 1006
79 1234
79 1238
79 1239
79 1240
79 1241
79 1242
79 1243
80 60
80 204
80 262
80 272
80 273
80 274
80 343
80 350
80 479
80 545
80 546
80 555
80 556
80 652
80 734
80 735
80 736
80 747
80 756
80 763
80 795
80 796
80 797
80 851
80 868
80 890
80 895
80 942
80 963
80 996
80 1235
80 1236
80 1237
81 60
81 204
81 261
81 269
81 270
81 271
81 343
81 350
81 480
81 481
81 544
81 545
81 557
81 558
81 652
81 747
81 755
81 756
81 763
81 795
81 798
81 799
81 851
81 868
81 890
81 895
81 941
81 942
81 963
81 973
81 974
81 995
82 60
82 205
82 261
82 267
82 268
82 343
82 350
82 481
82 482
82 543
82 544
82 559
82 560
82 652
82 747
82 755
82 763
82 795
82 799
82 851
82 869
82 890
82 895
82 939
82 940
82 942
82 963
82 971
82 972
82 975
82 976
82 995
83 61
83 205
83 261
83 267
83 343
83 350
83 482
83 541
83 542
83 561
83 653
83 746
83 747
83 754
83 763
83 795
83 799
83 851
83 869
83 890
83 895
83 939
83 942
83 963
83 971
83 977
83 994
83 995
84 61
84 205
84 261
84 266
84 343
84 350
84 483
84 539
84 540
84 561
84 653
84 654
84 746
84 754
84 763
84 795
84 799
84 851
84 869
84 891
84 895
84 938
84 942
84 963
84 970
84 977
84 991
84 992
84 993
85 61
85 205
85 261
85 266
85 343
85 350
85 483
85 538
85 561
85 655
85 745
85 754
85 763
85 795
85 799
85 851
85 869
85 891
85 895
85 938
85 942
85 962
85 963
85 965
85 966
85 970
85 977
85 990
86 61
86 205
86 261
86 266
86 343
86 350
86 405
86 406
86 483
86 537
86 562
86 656
86 657
86 658
86 719
86 720
86 721
86 722
86 723
86 745
86 754
86 763
86 795
86 799
86 851
86 869
86 891
86 895
86 937
86 942
86 962
86 963
86 965
86 967
86 970
86 977
86 989
87 61
87 205
87 262
87 266
87 343
87 350
87 403
87 404
87 407
87 484
87 526
87 527
87 536
87 537
87 562
87 563
87 659
87 660
87 661
87 662
87 718
87 724
87 744
87 745
87 754
87 763
87 785
87 796
87 799
87 851
87 869
87 891
87 895
87 938
87 942
87 962
87 967
87 970
87 976
87 979
87 980
87 981
87 982
87 986
87 987
87 988
88 62
88 205
88 262
88 263
88 265
88 343
88 350
88 401
88 402
88 407
88 484
88 515
88 516
88 525
88 528
88 529
88 530
88 531
88 532
88 533
88 534
88 535
88 536
88 563
88 564
88 565
88 663
88 664
88 665
88 666
88 717
88 725
88 744
88 754
88 763
88 785
88 796
88 799
88 851
88 869
88 891
88 895
88 910
88 911
88 912
88 938
88 941
88 962
88 967
88 970
88 975
88 979
88 983
88 984
88 985
89 62
89 205
89 263
89 264
89 343
89 350
89 399
89 400
89 407
89 485
89 512
89 513
89 514
89 517
89 518
89 524
89 566
89 567
89 667
89 668
89 717
89 725
89 743
89 755
89 763
89 785
89 796
89 798
89 851
89 869
89 891
89 893
89 895
89 908
89 909
89 913
89 938
89 941
89 962
89 968
89 969
89 970
89 975
89 978
90 63
90 64
90 205
90 264
90 343
90 350
90 399
90 407
90 485
90 510
90 511
90 519
90 520
90 521
90 522
90 523
90 524
90 568
90 569
90 570
90 571
90 572
90 573
90 668
90 716
90 725
90 743
90 755
90 756
90 763
90 785
90 796
90 798
90 851
90 869
90 890
90 891
90 896
90 904
90 908
90 914
90 938
90 941
90 962
90 975
90 978
91 65
91 205
91 343
91 350
91 398
91 403
91 404
91 405
91 406
91 486
91 508
91 509
91 574
91 575
91 576
91 577
91 578
91 579
91 580
91 668
91 685
91 686
91 716
91 725
91 743
91 756
91 763
91 785
91 796
91 797
91 851
91 869
91 879
91 880
91 881
91 882
91 883
91 884
91 885
91 886
91 887
91 888
91 889
91 890
91 896
91 897
91 902
91 903
91 905
91 906
91 907
91 914
91 934
91 935
91 936
91 937
91 938
91 941
91 961
91 976
91 977
92 65
92 205
92 343
92 351
92 399
92 400
92 401
92 402
92 486
92 505
92 506
92 507
92 669
92 683
92 684
92 687
92 688
92 716
92 725
92 743
92 748
92 749
92 750
92 751
92 756
92 763
92 785
92 796
92 797
92 851
92 869
92 878
92 879
92 898
92 899
92 900
92 901
92 914
92 934
92 941
92 961
93 66
93 67
93 205
93 343
93 351
93 486
93 502
93 503
93 504
93 579
93 580
93 669
93 681
93 682
93 689
93 690
93 691
93 692
93 693
93 694
93 695
93 696
93 697
93 716
93 726
93 742
93 746
93 747
93 752
93 756
93 763
93 785
93 796
93 798
93 851
93 869
93 878
93 914
93 933
93 941
93 961
94 68
94 69
94 200
94 201
94 202
94 203
94 204
94 343
94 351
94 487
94 500
94 501
94 578
94 669
94 679
94 680
94 698
94 699
94 715
94 726
94 742
94 744
94 745
94 753
94 756
94 763
94 786
94 796
94 798
94 851
94 869
94 877
94 914
94 934
94 941
94 961
95 70
95 71
95 198
95 199
95 343
95 351
95 487
95 498
95 499
95 578
95 579
95 580
95 670
95 677
95 678
95 700
95 701
95 702
95 703
95 704
95 715
95 726
95 742
95 744
95 753
95 756
95 763
95 786
95 796
95 799
95 851
95 869
95 877
95 915
95 934
95 935
95 941
95 961
96 71
96 196
96 197
96 344
96 351
96 488
96 497
96 581
96 671
96 672
96 673
96 674
96 675
96 676
96 688
96 689
96 690
96 705
96 706
96 707
96 708
96 709
96 710
96 711
96 712
96 713
96 714
96 726
96 742
96 744
96 753
96 756
96 763
96 779
96 780
96 781
96 782
96 786
96 796
96 799
96 851
96 869
96 877
96 915
96 916
96 935
96 936
96 941
96 961
97 71
97 190
97 191
97 192
97 193
97 194
97 195
97 344
97 351
97 488
97 497
97 582
97 686
97 687
97 691
97 692
97 726
97 741
97 754
97 755
97 756
97 763
97 778
97 783
97 786
97 796
97 799
97 850
97 851
97 869
97 878
97 916
97 936
97 941
97 961
98 71
98 187
98 188
98 189
98 344
98 351
98 488
98 497
98 583
98 584
98 585
98 586
98 587
98 588
98 589
98 686
98 692
98 693
98 726
98 740
98 744
98 754
98 755
98 763
98 777
98 783
98 786
98 796
98 799
98 849
98 869
98 878
98 879
98 916
98 936
98 941
98 961
99 72
99 184
99 185
99 186
99 344
99 351
99 488
99 497
99 590
99 685
99 693
99 726
99 740
99 744
99 745
99 746
99 755
99 763
99 777
99 783
99 786
99 796
99 799
99 848
99 851
99 869
99 879
99 880
99 916
99 923
99 924
99 936
99 941
99 961
100 72
100 181
100 182
100 183
100 344
100 351
100 488
100 497
100 591
100 685
100 693
100 726
100 740
100 755
100 763
100 777
100 783
100 786
100 797
100 799
100 848
100 851
100 869
100 880
100 881
100 916
100 921
100 922
100 925
100 926
100 936
100 941
100 961
101 73
101 74
101 75
101 76
101 178
101 179
101 180
101 344
101 351
101 488
101 497
101 591
101 592
101 675
101 676
101 677
101 685
101 693
101 726
101 740
101 746
101 755
101 763
101 777
101 783
101 786
101 797
101 799
101 848
101 851
101 869
101 881
101 882
101 916
101 917
101 919
101 920
101 926
101 935
101 941
101 961
102 34
102 35
102 77
102 78
102 79
102 80
102 81
102 175
102 176
102 177
102 344
102 351
102 488
102 496
102 592
102 593
102 674
102 677
102 684
102 693
102 726
102 739
102 746
102 747
102 755
102 763
102 777
102 783
102 786
102 797
102 800
102 848
102 851
102 869
102 883
102 884
102 917
102 918
102 919
102 927
102 928
102 929
102 936
102 941
102 961
103 22
103 23
103 24
103 25
103 26
103 27
103 28
103 29
103 30
103 31
103 32
103 33
103 36
103 37
103 82
103 83
103 172
103 173
103 174
103 344
103 351
103 488
103 496
103 593
103 594
103 674
103 677
103 684
103 693
103 726
103 739
103 748
103 755
103 763
103 777
103 783
103 786
103 797
103 800
103 848
103 851
103 870
103 884
103 885
103 930
103 936
103 941
103 961
104 21
104 37
104 38
104 39
104 40
104 83
104 169
104 170
104 171
104 344
104 351
104 488
104 494
104 495
104 496
104 594
104 659
104 674
104 677
104 683
104 693
104 726
104 739
104 748
104 755
104 763
104 777
104 783
104 786
104 797
104 800
104 848
104 851
104 870
104 871
104 885
104 931
104 936
104 940
104 961
105 20
105 41
105 42
105 84
105 167
105 168
105 344
105 351
105 488
105 491
105 492
105 493
105 594
105 654
105 655
105 656
105 657
105 658
105 660
105 661
105 662
105 663
105 674
105 678
105 683
105 694
105 726
105 739
105 748
105 755
105 763
105 777
105 783
105 786
105 797
105 800
105 848
105 851
105 869
105 871
105 872
105 885
105 931
105 935
105 940
105 962
106 20
106 28
106 29
106 30
106 31
106 42
106 84
106 85
106 167
106 344
106 351
106 488
106 490
106 594
106 653
106 664
106 665
106 674
106 678
106 683
106 694
106 726
106 739
106 747
106 755
106 763
106 777
106 783
106 786
106 797
106 800
106 847
106 848
106 851
106 873
106 874
106 875
106 885
106 932
106 934
106 940
106 962
107 20
107 26
107 27
107 32
107 33
107 42
107 85
107 86
107 159
107 160
107 161
107 162
107 163
107 164
107 165
107 166
107 344
107 351
107 594
107 653
107 666
107 674
107 678
107 683
107 694
107 726
107 739
107 748
107 749
107 750
107 751
107 752
107 753
107 755
107 763
107 777
107 783
107 787
107 797
107 800
107 845
107 846
107 851
107 876
107 877
107 885
107 932
107 933
107 940
107 962
108 20
108 21
108 22
108 23
108 24
108 25
108 26
108 34
108 41
108 42
108 86
108 99
108 100
108 101
108 102
108 103
108 104
108 105
108 106
108 107
108 108
108 109
108 110
108 111
108 157
108 158
108 344
108 351
108 595
108 652
108 666
108 674
108 678
108 683
108 694
108 726
108 739
108 754
108 755
108 763
108 777
108 783
108 787
108 797
108 800
108 844
108 845
108 851
108 870
108 877
108 878
108 886
108 933
108 934
108 935
108 936
108 940
108 962
109 35
109 41
109 87
109 97
109 98
109 111
109 154
109 155
109 156
109 344
109 351
109 595
109 596
109 652
109 667
109 674
109 678
109 684
109 694
109 726
109 739
109 754
109 755
109 763
109 778
109 784
109 787
109 797
109 800
109 842
109 843
109 844
109 851
109 870
109 879
109 880
109 887
109 888
109 889
109 934
109 936
109 940
109 962
110 35
110 40
110 87
110 88
110 89
110 95
110 96
110 111
110 152
110 153
110 344
110 351
110 596
110 651
110 652
110 667
110 674
110 678
110 684
110 685
110 694
110 726
110 739
110 754
110 755
110 763
110 778
110 784
110 787
110 797
110 801
110 840
110 841
110 851
110 870
110 880
110 881
110 934
110 935
110 936
110 940
110 962
111 35
111 40
111 90
111 91
111 92
111 93
111 94
111 95
111 111
111 151
111 152
111 344
111 351
111 597
111 649
111 650
111 667
111 674
111 678
111 685
111 694
111 726
111 739
111 752
111 753
111 754
111 755
111 763
111 778
111 784
111 787
111 797
111 801
111 802
111 803
111 839
111 840
111 851
111 870
111 882
111 883
111 889
111 940
111 962
112 36
112 40
112 111
112 151
112 344
112 352
112 597
112 598
112 643
112 644
112 645
112 646
112 647
112 648
112 667
112 674
112 679
112 685
112 694
112 726
112 738
112 750
112 751
112 755
112 763
112 778
112 784
112 787
112 797
112 804
112 805
112 838
112 839
112 851
112 870
112 883
112 884
112 888
112 940
112 962
113 36
113 40
113 111
113 150
113 345
113 352
113 598
113 599
113 640
113 641
113 642
113 668
113 674
113 679
113 680
113 681
113 685
113 694
113 726
113 738
113 750
113 755
113 763
113 778
113 784
113 787
113 797
113 805
113 806
113 837
113 838
113 851
113 870
113 885
113 886
113 940
113 962
114 36
114 40
114 112
114 113
114 114
114 115
114 116
114 150
114 345
114 352
114 600
114 638
114 639
114 668
114 674
114 682
114 683
114 686
114 695
114 706
114 707
114 708
114 726
114 738
114 749
114 755
114 763
114 778
114 784
114 787
114 798
114 802
114 806
114 807
114 836
114 837
114 851
114 870
114 887
114 888
114 940
114 962
115 36
115 40
115 117
115 118
115 150
115 345
115 352
115 600
115 637
115 638
115 669
115 674
115 683
115 684
115 686
115 695
115 696
115 697
115 698
115 699
115 700
115 701
115 702
115 703
115 704
115 705
115 709
115 710
115 726
115 738
115 750
115 755
115 763
115 778
115 784
115 787
115 798
115 802
115 807
115 808
115 834
115 835
115 851
115 870
115 888
115 940
115 962
116 36
116 40
116 118
116 119
116 150
116 345
116 352
116 600
116 637
116 669
116 670
116 672
116 673
116 685
116 711
116 726
116 738
116 750
116 751
116 752
116 753
116 754
116 755
116 763
116 778
116 784
116 787
116 798
116 802
116 809
116 810
116 833
116 834
116 851
116 870
116 888
116 940
116 962
116 1235
116 1236
116 1237
116 1238
116 1239
116 1240
116 1241
116 1242
116 1243
116 1244
116 1245
116 1246
116 1247
117 36
117 40
117 120
117 150
117 345
117 352
117 600
117 635
117 636
117 670
117 671
117 672
117 712
117 726
117 738
117 740
117 741
117 742
117 743
117 744
117 745
117 746
117 747
117 748
117 749
117 755
117 764
117 778
117 784
117 787
117 798
117 802
117 810
117 811
117 832
117 833
117 851
117 870
117 888
117 940
117 962
117 1221
117 1222
117 1223
117 1224
117 1225
117 1226
117 1227
117 1228
117 1229
117 1230
117 1231
117 1232
117 1233
117 1234
117 1248
117 1249
117 1250
117 1251
117 1252
117 1253
117 1254
117 1255
117 1256
118 36
118 37
118 38
118 39
118 40
118 120
118 150
118 345
118 352
118 601
118 634
118 712
118 726
118 738
118 740
118 751
118 752
118 753
118 755
118 764
118 778
118 784
118 787
118 798
118 802
118 812
118 813
118 831
118 832
118 851
118 870
118 887
118 940
118 962
118 1213
118 1214
118 1215
118 1216
118 1217
118 1218
118 1219
118 1220
118 1257
118 1258
118 1259
118 1260
118 1261
118 1262
118 1263
118 1264
119 120
119 150
119 345
119 352
119 601
119 602
119 633
119 712
119 726
119 738
119 740
119 753
119 754
119 755
119 764
119 778
119 784
119 787
119 798
119 802
119 813
119 814
119 830
119 831
119 842
119 843
119 851
119 871
119 886
119 940
119 962
119 1208
119 1209
119 1210
119 1211
119 1212
119 1265
119 1266
119 1267
119 1268
119 1269
119 1270
120 120
120 150
120 345
120 352
120 602
120 603
120 631
120 632
120 712
120 726
120 738
120 740
120 755
120 764
120 778
120 784
120 787
120 798
120 802
120 814
120 815
120 828
120 829
120 840
120 841
120 844
120 851
120 872
120 886
120 940
120 962
120 1204
120 1205
120 1206
120 1207
120 1271
120 1272
120 1273
121 120
121 148
121 149
121 150
121 345
121 352
121 604
121 630
121 712
121 726
121 738
121 740
121 755
121 764
121 778
121 784
121 788
121 798
121 802
121 815
121 816
121 827
121 828
121 838
121 839
121 845
121 851
121 870
121 872
121 887
121 940
121 963
121 1201
121 1202
121 1203
121 1274
121 1275
121 1276
122 120
122 135
122 136
122 142
122 143
122 144
122 145
122 146
122 147
122 345
122 352
122 605
122 629
122 713
122 726
122 737
122 755
122 764
122 778
122 784
122 788
122 798
122 803
122 816
122 817
122 826
122 827
122 838
122 845
122 851
122 870
122 872
122 887
122 888
122 889
122 890
122 891
122 892
122 893
122 894
122 895
122 940
122 963
122 1197
122 1198
122 1199
122 1200
122 1277
122 1278
122 1279
123 120
123 133
123 134
123 137
123 138
123 141
123 345
123 352
123 605
123 629
123 713
123 726
123 737
123 740
123 755
123 764
123 778
123 784
123 788
123 798
123 803
123 817
123 818
123 822
123 823
123 824
123 825
123 837
123 846
123 851
123 870
123 872
123 896
123 940
123 963
123 1195
123 1196
124 119
124 131
124 132
124 139
124 345
124 352
124 606
124 628
124 629
124 714
124 726
124 737
124 740
124 755
124 764
124 778
124 784
124 788
124 798
124 804
124 818
124 819
124 820
124 821
124 837
124 847
124 851
124 870
124 872
124 888
124 889
124 890
124 891
124 896
124 941
124 963
124 1193
124 1194
125 118
125 130
125 131
125 345
125 352
125 607
125 628
125 714
125 726
125 737
125 740
125 755
125 764
125 778
125 784
125 788
125 798
125 804
125 835
125 836
125 848
125 851
125 870
125 872
125 873
125 888
125 891
125 896
125 941
125 963
125 1191
125 1192
126 118
126 130
126 345
126 352
126 608
126 609
126 610
126 611
126 612
126 627
126 715
126 725
126 726
126 737
126 741
126 747
126 748
126 755
126 764
126 778
126 784
126 788
126 798
126 805
126 833
126 834
126 848
126 851
126 870
126 873
126 874
126 887
126 892
126 893
126 894
126 895
126 896
126 941
126 963
126 1189
126 1190
127 117
127 129
127 345
127 352
127 613
127 627
127 715
127 724
127 725
127 737
127 742
127 743
127 744
127 745
127 755
127 764
127 778
127 784
127 788
127 799
127 805
127 806
127 832
127 833
127 849
127 850
127 851
127 870
127 874
127 887
127 941
127 963
127 1187
127 1188
128 117
128 129
128 345
128 352
128 613
128 626
128 715
128 723
128 737
128 748
128 750
128 751
128 755
128 764
128 778
128 784
128 788
128 799
128 806
128 832
128 849
128 851
128 870
128 874
128 887
128 941
128 963
128 1187
129 116
129 129
129 345
129 352
129 613
129 626
129 716
129 722
129 725
129 738
129 748
129 750
129 755
129 764
129 778
129 784
129 788
129 799
129 807
129 831
129 849
129 852
129 870
129 874
129 887
129 941
129 963
129 1186
130 116
130 127
130 128
130 345
130 352
130 613
130 625
130 626
130 716
130 720
130 721
130 725
130 738
130 751
130 755
130 764
130 778
130 784
130 788
130 799
130 807
130 808
130 830
130 831
130 852
130 871
130 875
130 887
130 941
130 963
130 1184
130 1185
131 116
131 125
131 126
131 346
131 352
131 613
131 625
131 716
131 719
131 720
131 725
131 738
131 751
131 755
131 764
131 778
131 784
131 788
131 799
131 809
131 810
131 827
131 828
131 829
131 852
131 871
131 876
131 877
131 886
131 887
131 941
131 963
131 1182
131 1183
132 115
132 125
132 346
132 353
132 613
132 624
132 717
132 719
132 725
132 738
132 751
132 755
132 764
132 778
132 784
132 788
132 799
132 811
132 812
132 825
132 826
132 852
132 871
132 877
132 878
132 879
132 880
132 881
132 882
132 883
132 884
132 885
132 941
132 963
132 1180
132 1181
133 115
133 117
133 118
133 119
133 120
133 121
133 122
133 123
133 124
133 346
133 353
133 613
133 623
133 717
133 725
133 738
133 751
133 755
133 764
133 778
133 784
133 788
133 799
133 812
133 825
133 852
133 871
133 941
133 963
133 1178
133 1179
133 1180
134 346
134 353
134 614
134 622
134 725
134 738
134 752
134 753
134 754
134 755
134 764
134 779
134 785
134 789
134 799
134 813
134 823
134 824
134 852
134 871
134 941
134 963
134 1176
134 1177
135 346
135 353
135 614
135 615
135 622
135 725
135 738
135 755
135 764
135 779
135 785
135 789
135 799
135 813
135 821
135 822
135 852
135 871
135 941
135 963
135 1174
135 1175
136 346
136 353
136 615
136 616
136 623
136 725
136 738
136 755
136 764
136 779
136 785
136 789
136 799
136 813
136 821
136 852
136 871
136 941
136 963
136 1172
136 1173
137 346
137 353
137 616
137 617
137 623
137 725
137 739
137 751
137 752
137 753
137 755
137 764
137 779
137 785
137 789
137 799
137 813
137 820
137 852
137 871
137 941
137 964
137 1171
137 1172
138 346
138 353
138 617
138 618
138 623
138 725
138 739
138 751
138 755
138 764
138 779
138 785
138 789
138 799
138 812
138 820
138 852
138 871
138 941
138 964
138 1171
139 346
139 353
139 618
139 619
139 623
139 725
139 739
139 750
139 755
139 764
139 779
139 785
139 789
139 799
139 811
139 812
139 819
139 852
139 871
139 941
139 964
139 1170
140 346
140 353
140 619
140 623
140 725
140 740
140 741
140 742
140 743
140 744
140 745
140 746
140 749
140 750
140 755
140 764
140 779
140 785
140 789
140 800
140 811
140 819
140 852
140 871
140 942
140 964
140 1170
141 346
141 353
141 620
141 623
141 725
141 747
141 748
141 755
141 764
141 779
141 785
141 789
141 800
141 810
141 818
141 852
141 871
141 942
141 964
141 1170
142 346
142 353
142 620
142 621
142 622
142 623
142 725
142 739
142 748
142 755
142 764
142 779
142 785
142 789
142 800
142 809
142 810
142 818
142 852
142 871
142 942
142 964
142 1170
143 346
143 353
143 725
143 739
143 748
143 755
143 764
143 779
143 785
143 789
143 800
143 807
143 808
143 818
143 852
143 871
143 942
143 964
143 1169
144 346
144 353
144 725
144 739
144 751
144 755
144 764
144 779
144 785
144 789
144 800
144 806
144 807
144 818
144 852
144 871
144 942
144 964
144 1169
144 1265
144 1266
144 1267
144 1268
144 1269
144 1270
144 1271
144 1272
144 1273
144 1274
144 1275
144 1276
144 1277
144 1278
144 1279
145 346
145 353
145 725
145 739
145 750
145 755
145 764
145 779
145 785
145 789
145 800
145 804
145 805
145 818
145 852
145 871
145 942
145 964
145 1169
145 1232
145 1233
145 1234
145 1235
145 1236
145 1237
145 1238
145 1239
145 1240
145 1241
145 1242
145 1243
145 1244
145 1245
145 1246
145 1247
145 1248
145 1249
145 1250
145 1251
145 1252
145 1253
145 1254
145 1255
145 1256
145 1257
145 1258
145 1259
145 1260
145 1261
145 1262
145 1263
145 1264
146 346
146 353
146 725
146 739
146 749
146 755
146 764
146 779
146 785
146 789
146 800
146 803
146 804
146 816
146 817
146 852
146 871
146 942
146 964
146 1169
146 1208
146 1209
146 1210
146 1211
146 1212
146 1213
146 1214
146 1215
146 1216
146 1217
146 1218
146 1219
146 1220
146 1221
146 1222
146 1223
146 1224
146 1225
146 1226
146 1227
146 1228
146 1229
146 1230
146 1231
147 346
147 353
147 725
147 739
147 749
147 755
147 764
147 779
147 785
147 790
147 802
147 803
147 816
147 852
147 871
147 942
147 964
147 1169
147 1194
147 1195
147 1196
147 1197
147 1198
147 1199
147 1200
147 1201
147 1202
147 1203
147 1204
147 1205
147 1206
147 1207
148 347
148 353
148 725
148 739
148 749
148 755
148 764
148 779
148 785
148 790
148 802
148 815
148 852
148 871
148 943
148 965
148 1168
148 1178
148 1179
148 1180
148 1181
148 1184
148 1185
148 1186
148 1187
148 1188
148 1189
148 1190
148 1191
148 1192
148 1193
149 347
149 353
149 725
149 739
149 749
149 755
149 764
149 779
149 785
149 790
149 801
149 813
149 814
149 852
149 871
149 943
149 965
149 1169
149 1170
149 1171
149 1172
149 1173
149 1174
149 1176
149 1177
149 1182
149 1183
150 347
150 353
150 725
150 739
150 749
150 755
150 764
150 779
150 785
150 790
150 801
150 813
150 852
150 871
150 943
150 965
150 1175
150 1182
151 347
151 353
151 725
151 739
151 749
151 755
151 764
151 779
151 785
151 790
151 801
151 812
151 852
151 871
151 943
151 965
151 1175
151 1182
152 347
152 354
152 725
152 739
152 748
152 755
152 764
152 779
152 785
152 790
152 801
152 812
152 852
152 871
152 943
152 965
152 1175
152 1182
153 347
153 354
153 725
153 739
153 747
153 748
153 755
153 764
153 779
153 785
153 790
153 801
153 813
153 852
153 872
153 943
153 965
153 1175
153 1182
154 347
154 354
154 725
154 739
154 745
154 746
154 755
154 764
154 779
154 785
154 801
154 813
154 852
154 872
154 943
154 966
154 1175
154 1182
155 347
155 354
155 726
155 739
155 745
155 755
155 764
155 779
155 785
155 801
155 813
155 852
155 872
155 943
155 966
155 1175
155 1182
156 347
156 354
156 726
156 739
156 744
156 755
156 764
156 779
156 785
156 801
156 813
156 852
156 872
156 944
156 966
156 1175
156 1183
157 347
157 354
157 726
157 739
157 744
157 755
157 764
157 779
157 785
157 801
157 812
157 852
157 872
157 944
157 966
157 1175
157 1183
158 347
158 354
158 726
158 739
158 745
158 755
158 764
158 779
158 785
158 801
158 812
158 852
158 872
158 944
158 966
158 1175
158 1183
159 347
159 354
159 726
159 739
159 745
159 746
159 755
159 764
159 780
159 786
159 791
159 802
159 811
159 852
159 872
159 944
159 966
159 1175
159 1183
160 347
160 354
160 726
160 739
160 746
160 755
160 764
160 780
160 786
160 802
160 811
160 852
160 872
160 944
160 967
160 1175
160 1183
161 347
161 354
161 726
161 739
161 747
161 755
161 764
161 780
161 786
161 802
161 811
161 852
161 872
161 944
161 967
161 1175
161 1183
162 347
162 354
162 726
162 739
162 747
162 755
162 764
162 780
162 786
162 791
162 802
162 811
162 852
162 872
162 944
162 967
162 1176
162 1183
163 347
163 354
163 704
163 726
163 739
163 748
163 755
163 764
163 780
163 786
163 791
163 802
163 811
163 852
163 872
163 944
163 967
163 1176
163 1183
164 347
164 354
164 702
164 703
164 705
164 726
164 739
164 748
164 749
164 755
164 764
164 780
164 791
164 802
164 808
164 809
164 810
164 852
164 872
164 944
164 967
164 1176
164 1183
165 348
165 354
165 701
165 705
165 725
165 726
165 739
165 750
165 751
165 755
165 762
165 763
165 764
165 765
165 780
165 791
165 802
165 806
165 807
165 852
165 872
165 945
165 967
165 1176
165 1183
166 348
166 354
166 700
166 705
166 725
166 726
166 739
166 752
166 753
166 754
166 755
166 762
166 780
166 786
166 791
166 802
166 804
166 805
166 852
166 872
166 945
166 968
166 1176
166 1183
167 348
167 354
167 695
167 696
167 697
167 698
167 699
167 705
167 724
167 726
167 739
167 762
167 780
167 786
167 791
167 802
167 804
167 852
167 872
167 945
167 968
167 1176
167 1183
168 348
168 354
168 694
168 705
168 724
168 726
168 739
168 755
168 763
168 780
168 786
168 791
168 852
168 872
168 945
168 968
168 1176
168 1183
169 348
169 354
169 683
169 689
169 693
169 705
169 724
169 726
169 739
169 755
169 763
169 780
169 786
169 791
169 852
169 872
169 945
169 968
169 1176
169 1183
170 348
170 354
170 682
170 684
170 688
170 690
170 693
170 704
170 724
170 726
170 739
170 755
170 763
170 780
170 786
170 791
170 852
170 872
170 945
170 968
170 1176
170 1183
171 348
171 354
171 682
171 684
171 688
171 690
171 693
171 704
171 724
171 726
171 739
171 755
171 763
171 780
171 786
171 791
171 849
171 850
171 851
171 852
171 872
171 945
171 968
171 1176
171 1183
172 348
172 354
172 682
172 685
172 686
172 689
172 693
172 704
172 724
172 726
172 739
172 756
172 763
172 780
172 786
172 791
172 845
172 846
172 847
172 848
172 852
172 873
172 874
172 875
172 876
172 877
172 945
172 968
172 1176
172 1183
173 348
173 355
173 682
173 687
173 688
173 689
173 693
173 704
173 713
173 714
173 715
173 724
173 726
173 739
173 756
173 763
173 780
173 786
173 791
173 844
173 852
173 873
173 878
173 946
173 969
173 1176
173 1183
174 348
174 355
174 682
174 690
174 693
174 704
174 712
174 716
174 717
174 724
174 726
174 739
174 756
174 763
174 786
174 843
174 852
174 872
174 878
174 946
174 969
174 1176
174 1183
175 348
175 355
175 683
175 690
175 693
175 704
175 711
175 717
175 724
175 726
175 739
175 755
175 756
175 763
175 787
175 843
175 852
175 872
175 878
175 946
175 969
175 1176
175 1183
176 348
176 355
176 651
176 683
176 690
176 693
176 704
176 711
176 717
176 724
176 726
176 739
176 753
176 754
176 764
176 824
176 825
176 826
176 827
176 828
176 829
176 830
176 831
176 832
176 833
176 834
176 835
176 836
176 837
176 838
176 839
176 843
176 852
176 872
176 878
176 946
176 969
176 1176
176 1183
177 348
177 355
177 650
177 652
177 656
177 664
177 671
177 683
177 690
177 693
177 704
177 711
177 717
177 724
177 726
177 739
177 753
177 764
177 765
177 780
177 786
177 817
177 818
177 819
177 820
177 821
177 822
177 823
177 840
177 841
177 843
177 852
177 873
177 878
177 946
177 969
177 1176
177 1183
178 348
178 355
178 650
178 652
178 655
178 657
178 663
178 665
178 670
178 672
178 683
178 690
178 693
178 704
178 711
178 717
178 724
178 726
178 739
178 780
178 786
178 816
178 841
178 844
178 852
178 873
178 878
178 946
178 969
178 1176
178 1183
179 348
179 355
179 650
179 652
179 655
179 657
179 663
179 665
179 670
179 672
179 683
179 690
179 693
179 704
179 711
179 717
179 724
179 726
179 739
179 780
179 786
179 805
179 815
179 844
179 852
179 873
179 879
179 880
179 881
179 882
179 883
179 884
179 885
179 886
179 887
179 888
179 889
179 890
179 891
179 892
179 893
179 894
179 895
179 946
179 969
179 1176
179 1183
179 1199
179 1200
179 1201
179 1202
179 1203
179 1204
179 1205
179 1206
179 1207
179 1208
179 1209
179 1210
179 1211
179 1212
179 1213
179 1214
179 1215
179 1216
179 1217
179 1218
179 1219
179 1220
179 1221
179 1222
179 1223
179 1224
179 1225
179 1226
179 1227
179 1228
179 1229
179 1230
179 1231
179 1232
179 1233
179 1234
179 1235
179 1236
179 1237
179 1238
179 1239
179 1240
179 1241
179 1242
179 1243
179 1244
179 1245
179 1246
179 1247
179 1248
179 1249
179 1250
179 1251
179 1252
179 1253
179 1254
179 1255
179 1256
179 1257
179 1258
179 1259
179 1260
179 1261
179 1262
179 1263
179 1264
179 1265
179 1266
179 1267
179 1268
179 1269
180 348
180 355
180 650
180 652
180 655
180 657
180 663
180 665
180 670
180 672
180 683
180 690
180 693
180 704
180 711
180 717
180 724
180 726
180 780
180 786
180 804
180 806
180 807
180 815
180 845
180 853
180 873
180 896
180 946
180 970
180 1176
180 1183
180 1198
180 1270
180 1271
181 348
181 355
181 650
181 652
181 655
181 656
181 657
181 663
181 665
181 670
181 672
181 683
181 690
181 693
181 704
181 711
181 717
181 724
181 726
181 780
181 786
181 791
181 792
181 804
181 807
181 815
181 845
181 853
181 873
181 897
181 946
181 970
181 1176
181 1184
181 1197
181 1272
181 1273
182 348
182 355
182 650
182 652
182 663
182 665
182 670
182 672
182 683
182 690
182 693
182 704
182 711
182 717
182 723
182 726
182 780
182 786
182 804
182 808
182 815
182 844
182 853
182 873
182 897
182 947
182 970
182 1176
182 1184
182 1197
182 1274
182 1275
183 349
183 355
183 650
183 652
183 663
183 665
183 670
183 672
183 683
183 690
183 693
183 704
183 711
183 717
183 723
183 726
183 780
183 786
183 804
183 809
183 815
183 844
183 853
183 873
183 897
183 947
183 970
183 1176
183 1184
183 1197
183 1275
184 349
184 355
184 593
184 594
184 598
184 599
184 600
184 601
184 602
184 637
184 638
184 639
184 640
184 641
184 642
184 650
184 651
184 652
184 663
184 665
184 670
184 683
184 690
184 693
184 704
184 717
184 723
184 726
184 781
184 804
184 810
184 811
184 812
184 813
184 814
184 815
184 844
184 853
184 873
184 898
184 947
184 970
184 1176
184 1184
184 1197
184 1275
185 349
185 355
185 589
185 590
185 591
185 592
185 595
185 596
185 597
185 603
185 604
185 635
185 636
185 643
185 653
185 654
185 655
185 664
185 684
185 690
185 693
185 704
185 712
185 713
185 717
185 723
185 726
185 792
185 804
185 815
185 844
185 853
185 873
185 898
185 947
185 970
185 1176
185 1184
185 1197
185 1275
186 349
186 355
186 587
186 588
186 604
186 635
186 644
186 653
186 655
186 657
186 664
186 671
186 690
186 694
186 711
186 714
186 723
186 726
186 787
186 792
186 804
186 815
186 844
186 853
186 873
186 898
186 947
186 970
186 1176
186 1184
186 1197
186 1275
187 349
187 355
187 379
187 586
187 587
187 596
187 603
187 604
187 605
187 606
187 607
187 608
187 609
187 610
187 611
187 612
187 613
187 614
187 615
187 616
187 617
187 618
187 619
187 620
187 621
187 622
187 623
187 624
187 625
187 626
187 627
187 628
187 629
187 630
187 631
187 632
187 633
187 634
187 644
187 645
187 653
187 654
187 656
187 658
187 664
187 666
187 671
187 673
187 684
187 685
187 686
187 687
187 688
187 689
187 696
187 697
187 698
187 699
187 700
187 701
187 702
187 703
187 704
187 711
187 715
187 716
187 723
187 726
187 780
187 781
187 787
187 792
187 804
187 815
187 844
187 853
187 873
187 898
187 947
187 971
187 1176
187 1184
187 1197
187 1275
187 1276
187 1277
187 1278
187 1279
188 349
188 355
188 378
188 380
188 598
188 599
188 600
188 601
188 602
188 645
188 656
188 658
188 664
188 666
188 671
188 673
188 684
188 690
188 691
188 695
188 704
188 711
188 717
188 779
188 781
188 787
188 792
188 804
188 853
188 873
188 896
188 897
188 947
188 971
188 1176
188 1184
188 1197
189 349
189 355
189 377
189 380
189 596
189 597
189 646
189 656
189 657
189 658
189 664
189 666
189 671
189 673
189 684
189 691
189 694
189 704
189 711
189 717
189 724
189 725
189 726
189 763
189 764
189 765
189 781
189 787
189 792
189 804
189 853
189 873
189 894
189 895
189 947
189 971
189 1176
189 1184
189 1197
190 349
190 355
190 377
190 380
190 595
190 596
190 631
190 633
190 664
190 666
190 671
190 673
190 684
190 691
190 694
190 704
190 711
190 717
190 723
190 726
190 763
190 765
190 780
190 781
190 787
190 792
190 804
190 853
190 873
190 893
190 948
190 971
190 1176
190 1184
190 1197
191 349
191 355
191 377
191 380
191 527
191 528
191 595
191 634
191 684
191 691
191 694
191 704
191 711
191 717
191 723
191 726
191 740
191 753
191 754
191 755
191 763
191 779
191 781
191 791
191 792
191 805
191 853
191 873
191 892
191 948
191 971
191 1176
191 1184
191 1197
192 349
192 355
192 377
192 380
192 499
192 525
192 526
192 529
192 530
192 591
192 592
192 593
192 632
192 634
192 684
192 691
192 694
192 704
192 710
192 717
192 723
192 726
192 739
192 756
192 763
192 781
192 792
192 805
192 806
192 852
192 853
192 873
192 892
192 948
192 971
192 1176
192 1184
192 1197
193 349
193 356
193 377
193 380
193 498
193 500
193 503
193 504
193 505
193 506
193 507
193 508
193 509
193 510
193 511
193 512
193 513
193 514
193 515
193 516
193 517
193 518
193 519
193 520
193 521
193 522
193 523
193 524
193 525
193 531
193 532
193 593
193 635
193 684
193 691
193 694
193 704
193 710
193 717
193 723
193 726
193 739
193 756
193 764
193 792
193 852
193 874
193 875
193 892
193 948
193 972
193 1176
193 1184
193 1197
194 349
194 356
194 377
194 380
194 497
194 500
194 502
194 532
194 533
194 534
194 535
194 536
194 593
194 633
194 691
194 694
194 704
194 710
194 717
194 723
194 726
194 739
194 756
194 764
194 792
194 851
194 874
194 876
194 892
194 948
194 972
194 1176
194 1184
194 1197
195 349
195 356
195 377
195 380
195 497
195 534
195 593
195 633
195 691
195 694
195 704
195 710
195 717
195 723
195 726
195 739
195 756
195 764
195 792
195 806
195 851
195 873
195 891
195 948
195 972
195 1176
195 1184
195 1197
196 349
196 356
196 377
196 380
196 496
196 497
196 592
196 634
196 694
196 704
196 710
196 717
196 723
196 726
196 739
196 756
196 764
196 792
196 805
196 851
196 852
196 853
196 873
196 891
196 948
196 972
196 1176
196 1184
196 1197
197 349
197 356
197 377
197 380
197 494
197 495
197 535
197 591
197 592
197 634
197 704
197 710
197 717
197 723
197 726
197 739
197 756
197 764
197 792
197 805
197 853
197 873
197 891
197 895
197 948
197 972
197 1176
197 1184
197 1197
198 349
198 356
198 377
198 380
198 493
198 494
198 536
198 591
198 634
198 704
198 710
198 717
198 723
198 726
198 739
198 756
198 764
198 792
198 805
198 853
198 873
198 891
198 892
198 894
198 896
198 897
198 949
198 972
198 1176
198 1184
198 1197
199 349
199 356
199 377
199 380
199 493
199 536
199 587
199 588
199 589
199 590
199 635
199 638
199 704
199 710
199 717
199 723
199 726
199 739
199 756
199 764
199 792
199 805
199 853
199 873
199 892
199 897
199 949
199 972
199 1177
199 1184
199 1197
200 350
200 356
200 377
200 380
200 492
200 537
200 585
200 586
200 635
200 636
200 637
200 639
200 640
200 710
200 717
200 723
200 726
200 739
200 756
200 764
200 792
200 805
200 853
200 874
200 898
200 942
200 943
200 944
200 945
200 946
200 949
200 973
200 1177
200 1184
200 1197
201 350
201 356
201 377
201 380
201 489
201 490
201 491
201 537
201 538
201 585
201 641
201 710
201 717
201 723
201 726
201 739
201 756
201 764
201 792
201 805
201 853
201 874
201 898
201 899
201 900
201 901
201 902
201 903
201 938
201 939
201 940
201 941
201 947
201 948
201 949
201 973
201 1177
201 1184
201 1197
202 350
202 356
202 377
202 380
202 539
202 584
202 641
202 717
202 723
202 726
202 739
202 756
202 764
202 792
202 806
202 853
202 874
202 904
202 905
202 936
202 937
202 949
202 950
202 973
202 1177
202 1184
202 1196
203 350
203 356
203 377
203 380
203 491
203 540
203 585
203 641
203 717
203 722
203 727
203 739
203 756
203 764
203 793
203 806
203 853
203 874
203 905
203 906
203 907
203 915
203 916
203 917
203 918
203 919
203 920
203 930
203 931
203 932
203 933
203 934
203 935
203 950
203 973
203 974
203 1177
203 1184
203 1196
204 350
204 356
204 377
204 380
204 490
204 540
204 585
204 641
204 722
204 727
204 739
204 756
204 764
204 793
204 806
204 853
204 874
204 908
204 909
204 910
204 911
204 912
204 913
204 914
204 920
204 921
204 922
204 923
204 924
204 925
204 926
204 927
204 928
204 929
204 950
204 973
204 1177
204 1184
204 1196
205 350
205 356
205 377
205 380
205 489
205 541
205 586
205 587
205 641
205 722
205 727
205 739
205 756
205 764
205 793
205 806
205 853
205 874
205 950
205 972
205 1177
205 1185
205 1196
206 334
206 335
206 336
206 337
206 338
206 339
206 340
206 341
206 342
206 343
206 344
206 345
206 346
206 347
206 348
206 349
206 350
206 351
206 352
206 353
206 354
206 377
206 380
206 489
206 541
206 542
206 588
206 638
206 639
206 640
206 641
206 727
206 739
206 756
206 764
206 793
206 806
206 853
206 874
206 950
206 972
206 1177
206 1185
206 1196
207 311
207 312
207 313
207 314
207 315
207 316
207 317
207 318
207 319
207 320
207 321
207 322
207 323
207 324
207 325
207 326
207 327
207 328
207 329
207 330
207 331
207 332
207 333
207 355
207 356
207 357
207 358
207 377
207 380
207 483
207 484
207 485
207 486
207 487
207 488
207 542
207 588
207 637
207 739
207 756
207 764
207 793
207 806
207 853
207 874
207 951
207 972
207 1177
207 1185
207 1196
208 307
208 308
208 309
208 310
208 359
208 360
208 377
208 380
208 481
208 482
208 542
208 588
208 636
208 739
208 756
208 764
208 793
208 806
208 853
208 874
208 951
208 973
208 1177
208 1185
208 1196
209 302
209 303
209 304
209 305
209 306
209 361
209 362
209 377
209 380
209 480
209 481
209 542
209 588
209 637
209 739
209 756
209 764
209 793
209 806
209 853
209 874
209 951
209 973
209 1177
209 1185
210 298
210 299
210 300
210 301
210 362
210 377
210 380
210 480
210 542
210 587
210 637
210 739
210 756
210 764
210 793
210 806
210 853
210 874
210 951
210 973
210 1177
210 1185
211 294
211 295
211 296
211 297
211 363
211 377
211 380
211 480
211 542
211 587
211 637
211 756
211 764
211 793
211 806
211 853
211 874
211 951
211 973
211 1177
211 1181
211 1182
211 1183
212 292
212 293
212 363
212 364
212 378
212 380
212 480
212 481
212 482
212 542
212 587
212 637
212 756
212 764
212 793
212 807
212 853
212 874
212 952
212 973
212 1179
212 1180
212 1183
212 1184
213 291
213 364
213 378
213 483
213 542
213 586
213 637
213 756
213 764
213 793
213 807
213 853
213 874
213 952
213 973
213 1178
213 1185
214 290
214 365
214 378
214 483
214 542
214 586
214 637
214 756
214 764
214 793
214 807
214 853
214 874
214 952
214 973
214 1177
215 289
215 290
215 365
215 366
215 378
215 483
215 542
215 587
215 637
215 756
215 764
215 793
215 807
215 853
215 874
215 952
215 973
215 1177
216 288
216 289
216 366
216 378
216 482
216 542
216 587
216 637
216 756
216 764
216 793
216 807
216 853
216 874
216 952
216 974
217 287
217 288
217 367
217 378
217 482
217 542
217 587
217 637
217 765
217 793
217 807
217 853
217 874
217 953
217 974
218 285
218 286
218 367
218 368
218 375
218 376
218 377
218 378
218 481
218 542
218 587
218 637
218 793
218 807
218 853
218 874
218 953
218 974
219 284
219 285
219 368
219 369
219 370
219 371
219 372
219 373
219 374
219 378
219 481
219 542
219 587
219 637
219 793
219 807
219 853
219 874
219 953
219 974
220 283
220 284
220 378
220 480
220 587
220 637
220 793
220 807
220 853
220 874
220 953
220 974
221 282
221 283
221 374
221 378
221 480
221 587
221 637
221 793
221 807
221 853
221 874
221 953
221 974
222 281
222 282
222 375
222 376
222 378
222 480
222 793
222 807
222 853
222 874
222 953
222 974
222 1278
222 1279
223 280
223 281
223 376
223 378
223 480
223 793
223 807
223 853
223 874
223 953
223 975
224 279
224 280
224 379
224 479
224 793
224 808
224 853
224 875
224 954
224 975
225 278
225 279
225 379
225 479
225 793
225 809
225 853
225 876
225 954
225 975
226 278
226 379
226 479
226 793
226 809
226 853
226 876
226 954
226 975
227 277
227 379
227 793
227 853
227 876
227 954
227 975
228 268
228 269
228 270
228 271
228 272
228 276
228 277
228 379
228 853
228 876
228 954
228 975
229 266
229 267
229 273
229 274
229 275
229 276
229 379
229 853
229 876
229 954
229 975
230 266
230 379
230 853
230 876
230 954
230 976
231 265
231 379
231 854
231 876
231 954
231 977
232 265
232 379
232 854
232 876
232 954
232 977
233 265
233 379
233 854
233 876
233 955
233 977
234 265
234 379
234 854
234 876
234 955
234 977
235 258
235 259
235 260
235 261
235 262
235 263
235 264
235 379
235 380
235 854
235 876
235 955
235 977
236 257
236 854
236 876
236 955
236 977
237 381
237 854
237 876
237 955
237 978
238 260
238 261
238 381
238 854
238 876
238 955
238 978
239 259
239 260
239 381
239 854
239 876
239 955
239 978
240 257
240 258
240 381
240 955
240 978
241 256
241 257
241 381
241 955
241 978
242 255
242 256
242 381
242 955
242 978
243 253
243 254
243 381
243 956
243 978
244 252
244 253
244 956
244 979
245 252
245 956
245 979
246 251
246 956
246 979
247 251
247 956
247 979
248 251
248 956
248 979
249 250
249 956
249 979
250 250
250 956
250 979
251 250
251 956
251 980
252 250
252 957
252 980
253 250
253 957
253 980
254 250
254 957
254 980
255 249
255 957
255 980
256 249
256 957
256 980
257 249
257 957
257 980
258 249
258 957
258 980
259 248
259 957
259 980
260 247
260 957
260 981
261 248
261 957
261 981
262 248
262 958
263 958
