0 617
0 649
0 758
0 777
0 852
0 857
1 617
1 649
1 758
1 777
1 852
1 857
2 617
2 650
2 651
2 652
2 653
2 654
2 655
2 656
2 657
2 658
2 659
2 660
2 661
2 662
2 663
2 664
2 665
2 666
2 667
2 668
2 669
2 670
2 671
2 672
2 673
2 674
2 675
2 676
2 677
2 678
2 679
2 680
2 681
2 682
2 683
2 684
2 685
2 686
2 687
2 688
2 758
2 777
2 852
2 857
3 617
3 689
3 690
3 691
3 692
3 693
3 694
3 695
3 696
3 697
3 698
3 699
3 700
3 701
3 702
3 703
3 704
3 705
3 706
3 707
3 708
3 709
3 710
3 711
3 712
3 713
3 714
3 715
3 716
3 717
3 718
3 719
3 720
3 721
3 722
3 723
3 724
3 725
3 726
3 727
3 728
3 729
3 730
3 731
3 732
3 733
3 734
3 735
3 758
3 777
3 852
3 857
4 617
4 736
4 737
4 738
4 739
4 740
4 741
4 742
4 743
4 744
4 745
4 746
4 747
4 748
4 749
4 750
4 758
4 777
4 852
4 857
5 617
5 751
5 752
5 753
5 754
5 755
5 756
5 757
5 758
5 777
5 852
5 857
6 617
6 758
6 777
6 852
6 857
7 617
7 652
7 653
7 654
7 655
7 656
7 657
7 658
7 659
7 660
7 661
7 662
7 663
7 664
7 665
7 666
7 758
7 777
7 852
7 857
8 617
8 651
8 667
8 668
8 669
8 670
8 671
8 672
8 673
8 674
8 675
8 676
8 677
8 678
8 679
8 680
8 681
8 682
8 683
8 684
8 685
8 686
8 687
8 688
8 689
8 690
8 691
8 692
8 693
8 694
8 695
8 696
8 697
8 698
8 699
8 700
8 701
8 702
8 703
8 758
8 778
8 852
8 857
9 617
9 650
9 704
9 705
9 706
9 707
9 708
9 709
9 710
9 711
9 712
9 713
9 714
9 715
9 716
9 717
9 718
9 719
9 720
9 721
9 722
9 723
9 724
9 725
9 726
9 727
9 728
9 729
9 730
9 731
9 732
9 733
9 734
9 735
9 736
9 737
9 738
9 739
9 758
9 778
9 852
9 857
10 617
10 650
10 740
10 741
10 742
10 743
10 744
10 745
10 746
10 747
10 748
10 749
10 750
10 751
10 752
10 753
10 754
10 755
10 756
10 757
10 758
10 759
10 760
10 778
10 852
10 857
11 617
11 650
11 761
11 778
11 852
11 857
12 617
12 650
12 761
12 776
12 777
12 852
12 857
13 13
13 617
13 650
13 761
13 776
13 852
13 857
14 11
14 12
14 14
14 15
14 16
14 617
14 650
14 761
14 775
14 852
14 857
15 9
15 10
15 17
15 18
15 618
15 650
15 761
15 775
15 852
15 857
16 8
16 19
16 20
16 618
16 650
16 761
16 775
16 852
16 857
17 7
17 20
17 21
17 618
17 650
17 761
17 775
17 852
17 857
18 8
18 22
18 23
18 618
18 650
18 761
18 775
18 852
18 857
19 8
19 9
19 23
19 24
19 618
19 650
19 761
19 775
19 852
19 857
20 9
20 10
20 25
20 26
20 618
20 650
20 761
20 775
20 852
20 857
21 10
21 11
21 27
21 28
21 618
21 650
21 761
21 775
21 852
21 857
22 11
22 12
22 28
22 29
22 618
22 650
22 761
22 775
22 852
22 857
23 13
23 14
23 30
23 31
23 618
23 650
23 761
23 775
23 852
23 857
24 15
24 16
24 31
24 32
24 33
24 618
24 650
24 761
24 775
24 852
24 857
25 16
25 17
25 34
25 35
25 618
25 650
25 761
25 775
25 852
25 857
26 18
26 19
26 35
26 36
26 618
26 650
26 761
26 775
26 852
26 857
27 20
27 21
27 22
27 23
27 24
27 25
27 26
27 27
27 28
27 34
27 37
27 38
27 618
27 650
27 761
27 775
27 852
27 857
28 29
28 30
28 33
28 39
28 40
28 618
28 650
28 761
28 775
28 852
28 857
29 31
29 32
29 33
29 41
29 42
29 619
29 650
29 761
29 775
29 852
29 857
30 34
30 35
30 42
30 43
30 74
30 75
30 76
30 77
30 78
30 79
30 80
30 81
30 619
30 620
30 650
30 761
30 775
30 852
30 857
31 36
31 37
31 44
31 45
31 70
31 71
31 72
31 73
31 82
31 83
31 620
31 621
31 649
31 761
31 776
31 852
31 857
32 38
32 39
32 46
32 47
32 59
32 60
32 61
32 62
32 63
32 64
32 65
32 68
32 69
32 83
32 621
32 622
32 648
32 649
32 761
32 776
32 852
32 857
33 40
33 41
33 48
33 49
33 50
33 51
33 52
33 53
33 54
33 55
33 56
33 57
33 58
33 66
33 67
33 83
33 622
33 623
33 624
33 625
33 626
33 627
33 628
33 629
33 630
33 631
33 632
33 633
33 634
33 635
33 636
33 637
33 638
33 639
33 640
33 641
33 642
33 643
33 644
33 645
33 646
33 647
33 761
33 776
33 852
33 857
34 41
34 42
34 66
34 83
34 761
34 776
34 852
34 857
35 43
35 44
35 64
35 66
35 83
35 761
35 776
35 852
35 857
36 45
36 46
36 56
36 57
36 58
36 59
36 60
36 61
36 62
36 63
36 65
36 66
36 67
36 83
36 762
36 776
36 852
36 857
37 47
37 53
37 54
37 55
37 68
37 69
37 79
37 80
37 81
37 82
37 83
37 762
37 776
37 852
37 858
38 47
38 52
38 70
38 71
38 72
38 73
38 74
38 75
38 76
38 77
38 78
38 762
38 776
38 852
38 858
39 47
39 51
39 762
39 776
39 852
39 858
40 47
40 51
40 762
40 776
40 852
40 858
41 47
41 51
41 542
41 543
41 762
41 776
41 852
41 858
42 47
42 51
42 541
42 544
42 762
42 776
42 852
42 858
43 47
43 52
43 538
43 539
43 540
43 544
43 762
43 776
43 852
43 858
44 47
44 52
44 536
44 537
44 545
44 762
44 776
44 852
44 858
45 48
45 52
45 534
45 535
45 545
45 762
45 776
45 852
45 858
46 48
46 52
46 532
46 533
46 545
46 762
46 776
46 852
46 858
47 48
47 52
47 484
47 485
47 486
47 487
47 488
47 489
47 490
47 530
47 531
47 545
47 762
47 776
47 852
47 858
48 48
48 52
48 482
48 483
48 491
48 492
48 493
48 527
48 528
48 529
48 530
48 541
48 542
48 543
48 544
48 545
48 762
48 776
48 852
48 858
49 48
49 52
49 482
49 494
49 495
49 496
49 499
49 524
49 525
49 526
49 531
49 533
49 534
49 535
49 536
49 537
49 538
49 539
49 540
49 762
49 776
49 852
49 858
50 48
50 52
50 481
50 497
50 498
50 500
50 501
50 502
50 503
50 504
50 505
50 506
50 521
50 522
50 523
50 531
50 532
50 762
50 776
50 852
50 858
51 48
51 52
51 482
51 507
51 508
51 509
51 510
51 511
51 518
51 519
51 520
51 528
51 529
51 530
51 762
51 770
51 771
51 772
51 776
51 852
51 858
52 48
52 52
52 482
52 483
52 484
52 485
52 486
52 487
52 488
52 489
52 494
52 495
52 496
52 497
52 512
52 513
52 514
52 515
52 516
52 517
52 525
52 526
52 527
52 762
52 769
52 770
52 772
52 773
52 776
52 852
52 858
53 48
53 52
53 490
53 491
53 492
53 493
53 498
53 522
53 523
53 524
53 762
53 768
53 769
53 773
53 774
53 776
53 852
53 858
54 48
54 53
54 499
54 500
54 501
54 502
54 503
54 519
54 520
54 521
54 762
54 767
54 768
54 776
54 852
54 858
55 48
55 53
55 504
55 505
55 506
55 507
55 508
55 509
55 517
55 518
55 762
55 766
55 767
55 776
55 852
55 858
56 48
56 53
56 510
56 511
56 517
56 762
56 765
56 766
56 777
56 852
56 858
57 48
57 53
57 512
57 516
57 762
57 765
57 777
57 778
57 852
57 858
58 48
58 53
58 512
58 516
58 762
58 763
58 778
58 779
58 852
58 858
59 49
59 53
59 512
59 516
59 665
59 666
59 667
59 668
59 669
59 670
59 671
59 762
59 779
59 780
59 852
59 858
60 49
60 53
60 512
60 516
60 665
60 761
60 762
60 780
60 781
60 852
60 858
61 49
61 53
61 512
61 516
61 662
61 663
61 671
61 759
61 760
61 781
61 782
61 852
61 858
62 49
62 53
62 512
62 516
62 655
62 656
62 657
62 658
62 659
62 660
62 661
62 662
62 670
62 758
62 759
62 782
62 783
62 852
62 858
63 49
63 53
63 512
63 517
63 654
63 671
63 672
63 673
63 674
63 757
63 758
63 783
63 784
63 852
63 858
64 49
64 53
64 512
64 517
64 653
64 756
64 757
64 784
64 785
64 852
64 858
65 49
65 54
65 513
65 517
65 653
65 673
65 674
65 677
65 755
65 756
65 785
65 852
65 858
66 49
66 54
66 513
66 517
66 672
66 675
66 676
66 678
66 754
66 755
66 786
66 852
66 858
67 49
67 54
67 513
67 517
67 651
67 652
67 672
67 674
67 675
67 678
67 753
67 754
67 786
67 787
67 852
67 858
68 49
68 54
68 513
68 517
68 650
68 678
68 752
68 753
68 787
68 788
68 852
68 858
69 49
69 54
69 513
69 517
69 650
69 678
69 751
69 752
69 788
69 789
69 852
69 858
70 49
70 54
70 513
70 517
70 650
70 677
70 751
70 789
70 852
70 858
71 49
71 54
71 513
71 517
71 650
71 677
71 751
71 752
71 788
71 789
71 852
71 858
72 49
72 54
72 513
72 517
72 645
72 646
72 647
72 651
72 677
72 752
72 753
72 787
72 788
72 795
72 796
72 797
72 798
72 852
72 858
73 49
73 54
73 513
73 517
73 644
73 647
73 648
73 652
73 676
73 753
73 754
73 786
73 787
73 794
73 799
73 852
73 858
74 50
74 54
74 513
74 517
74 645
74 649
74 650
74 653
74 679
74 680
74 681
74 754
74 755
74 785
74 786
74 793
74 799
74 800
74 801
74 802
74 803
74 804
74 852
74 858
75 50
75 54
75 513
75 517
75 646
75 647
75 650
75 654
75 655
75 675
75 678
75 681
75 756
75 757
75 784
75 785
75 793
75 805
75 852
75 858
76 50
76 55
76 513
76 517
76 647
76 648
76 651
76 652
76 655
76 677
76 681
76 757
76 758
76 783
76 784
76 793
76 806
76 852
76 858
76 1272
76 1273
76 1274
76 1275
76 1276
76 1277
76 1279
77 50
77 55
77 513
77 517
77 648
77 652
77 653
77 655
77 673
77 674
77 682
77 758
77 759
77 782
77 783
77 793
77 806
77 852
77 858
77 1255
77 1256
77 1257
77 1258
77 1259
77 1260
77 1261
77 1262
77 1263
77 1264
77 1265
77 1266
77 1267
77 1268
77 1269
77 1270
77 1271
78 50
78 55
78 513
78 517
78 647
78 648
78 653
78 654
78 655
78 672
78 675
78 676
78 682
78 683
78 759
78 760
78 781
78 782
78 793
78 805
78 806
78 852
78 858
78 1237
78 1238
78 1239
78 1240
78 1241
78 1242
78 1243
78 1244
78 1245
78 1246
78 1247
78 1248
78 1249
78 1250
78 1251
78 1252
78 1253
78 1254
78 1273
78 1274
78 1275
78 1276
78 1277
79 50
79 55
79 513
79 517
79 642
79 643
79 644
79 646
79 673
79 674
79 684
79 760
79 761
79 780
79 781
79 793
79 804
79 852
79 858
79 980
79 981
79 1220
79 1221
79 1222
79 1223
79 1224
79 1225
79 1226
79 1227
79 1228
79 1229
79 1230
79 1231
79 1232
79 1233
79 1234
79 1235
79 1236
79 1271
79 1272
80 50
80 55
80 513
80 517
80 641
80 644
80 684
80 761
80 762
80 778
80 779
80 793
80 802
80 803
80 852
80 858
80 975
80 976
80 977
80 978
80 979
80 982
80 1202
80 1203
80 1204
80 1205
80 1206
80 1207
80 1208
80 1209
80 1210
80 1211
80 1212
80 1213
80 1214
80 1215
80 1216
80 1217
80 1218
80 1219
80 1269
80 1270
81 50
81 55
81 513
81 518
81 641
81 683
81 684
81 762
81 763
81 778
81 793
81 801
81 852
81 858
81 974
81 982
81 1184
81 1185
81 1186
81 1187
81 1188
81 1189
81 1190
81 1191
81 1192
81 1193
81 1194
81 1195
81 1196
81 1197
81 1198
81 1199
81 1200
81 1201
81 1268
81 1269
82 50
82 55
82 513
82 518
82 641
82 682
82 683
82 763
82 777
82 793
82 802
82 803
82 804
82 805
82 852
82 858
82 973
82 982
82 1166
82 1167
82 1168
82 1169
82 1170
82 1171
82 1172
82 1173
82 1174
82 1175
82 1176
82 1177
82 1178
82 1179
82 1180
82 1181
82 1182
82 1183
82 1267
82 1268
83 50
83 55
83 513
83 518
83 641
83 682
83 763
83 764
83 775
83 777
83 793
83 805
83 852
83 858
83 974
83 983
83 1149
83 1150
83 1151
83 1152
83 1153
83 1154
83 1155
83 1156
83 1157
83 1158
83 1159
83 1160
83 1161
83 1162
83 1163
83 1164
83 1165
83 1266
83 1267
84 50
84 55
84 513
84 518
84 641
84 681
84 763
84 766
84 767
84 773
84 774
84 777
84 793
84 805
84 852
84 858
84 974
84 983
84 1131
84 1132
84 1133
84 1134
84 1135
84 1136
84 1137
84 1138
84 1139
84 1140
84 1141
84 1142
84 1143
84 1144
84 1145
84 1146
84 1147
84 1148
84 1265
84 1266
85 50
85 55
85 513
85 518
85 640
85 681
85 763
85 767
85 773
85 777
85 793
85 805
85 852
85 858
85 974
85 983
85 1130
85 1265
86 50
86 55
86 514
86 518
86 639
86 681
86 763
86 768
86 772
86 777
86 793
86 805
86 852
86 858
86 969
86 974
86 983
86 1114
86 1115
86 1116
86 1117
86 1118
86 1119
86 1120
86 1121
86 1122
86 1123
86 1124
86 1125
86 1126
86 1127
86 1128
86 1129
86 1264
87 50
87 55
87 514
87 518
87 640
87 681
87 763
87 768
87 769
87 771
87 772
87 777
87 793
87 805
87 852
87 858
87 968
87 970
87 971
87 972
87 973
87 974
87 983
87 1104
87 1105
87 1106
87 1107
87 1108
87 1109
87 1110
87 1111
87 1112
87 1113
87 1263
87 1264
88 50
88 55
88 514
88 518
88 641
88 642
88 682
88 763
88 769
88 770
88 771
88 777
88 793
88 804
88 852
88 858
88 964
88 965
88 966
88 967
88 970
88 983
88 1102
88 1103
88 1261
88 1262
89 51
89 56
89 307
89 308
89 309
89 514
89 518
89 642
89 682
89 763
89 777
89 792
89 803
89 804
89 852
89 858
89 961
89 962
89 963
89 964
89 984
89 1102
89 1260
89 1261
90 51
90 56
90 306
90 310
90 311
90 312
90 313
90 314
90 514
90 518
90 642
90 683
90 686
90 763
90 767
90 768
90 772
90 773
90 774
90 775
90 777
90 792
90 802
90 852
90 858
90 960
90 961
90 984
90 997
90 1101
90 1260
91 49
91 51
91 56
91 299
91 305
91 314
91 514
91 518
91 641
91 683
91 684
91 685
91 687
91 688
91 756
91 757
91 758
91 759
91 760
91 761
91 762
91 763
91 766
91 778
91 792
91 802
91 804
91 852
91 858
91 958
91 959
91 984
91 986
91 987
91 988
91 989
91 990
91 991
91 992
91 995
91 996
91 998
91 999
91 1004
91 1005
91 1006
91 1101
91 1259
92 51
92 56
92 298
92 300
92 301
92 305
92 314
92 514
92 518
92 642
92 689
92 755
92 778
92 792
92 805
92 852
92 858
92 956
92 957
92 960
92 993
92 994
92 995
92 1000
92 1001
92 1002
92 1003
92 1007
92 1100
92 1258
92 1259
93 51
93 56
93 297
93 301
93 302
93 305
93 315
93 514
93 518
93 643
93 644
93 690
93 691
93 692
93 693
93 694
93 754
93 778
93 792
93 805
93 852
93 858
93 954
93 955
93 960
93 984
93 1007
93 1100
93 1257
93 1258
94 51
94 56
94 297
94 302
94 303
94 304
94 305
94 315
94 514
94 518
94 694
94 730
94 754
94 778
94 792
94 805
94 852
94 858
94 953
94 954
94 960
94 984
94 1008
94 1099
94 1257
95 51
95 56
95 297
95 316
95 514
95 518
95 577
95 578
95 579
95 641
95 642
95 694
95 728
95 729
95 731
95 732
95 754
95 778
95 792
95 805
95 852
95 858
95 951
95 952
95 960
95 984
95 1009
95 1099
95 1256
96 51
96 56
96 295
96 296
96 316
96 514
96 518
96 575
96 576
96 580
96 640
96 693
96 694
96 718
96 719
96 720
96 721
96 723
96 725
96 726
96 727
96 728
96 732
96 733
96 754
96 778
96 792
96 804
96 805
96 852
96 858
96 950
96 951
96 960
96 984
96 1009
96 1098
96 1255
96 1256
97 51
97 56
97 295
97 317
97 514
97 518
97 542
97 543
97 544
97 545
97 546
97 572
97 573
97 574
97 580
97 638
97 639
97 692
97 693
97 717
97 722
97 724
97 733
97 734
97 754
97 778
97 792
97 803
97 804
97 852
97 858
97 949
97 950
97 960
97 984
97 1009
97 1098
97 1253
97 1254
98 51
98 56
98 294
98 317
98 318
98 514
98 518
98 541
98 547
98 548
98 549
98 550
98 551
98 552
98 553
98 568
98 570
98 571
98 580
98 637
98 692
98 713
98 717
98 722
98 724
98 735
98 736
98 755
98 778
98 792
98 802
98 803
98 852
98 858
98 948
98 961
98 984
98 1009
98 1097
98 1253
99 51
99 56
99 294
99 318
99 319
99 409
99 410
99 411
99 412
99 413
99 414
99 415
99 416
99 514
99 519
99 540
99 554
99 555
99 556
99 557
99 564
99 565
99 566
99 567
99 570
99 577
99 578
99 579
99 580
99 636
99 692
99 712
99 714
99 716
99 737
99 738
99 755
99 778
99 792
99 801
99 802
99 852
99 858
99 947
99 951
99 952
99 961
99 984
99 1009
99 1096
99 1097
99 1252
100 51
100 57
100 295
100 319
100 320
100 407
100 408
100 417
100 514
100 519
100 541
100 542
100 543
100 544
100 545
100 546
100 548
100 558
100 559
100 560
100 561
100 562
100 563
100 570
100 571
100 572
100 573
100 574
100 575
100 576
100 636
100 692
100 714
100 716
100 738
100 755
100 778
100 792
100 799
100 800
100 852
100 858
100 946
100 947
100 950
100 961
100 984
100 1009
100 1096
100 1252
101 51
101 57
101 295
101 296
101 320
101 321
101 407
101 417
101 514
101 519
101 523
101 524
101 525
101 526
101 527
101 528
101 529
101 530
101 531
101 532
101 547
101 548
101 549
101 567
101 568
101 637
101 638
101 692
101 693
101 706
101 707
101 708
101 709
101 710
101 714
101 716
101 738
101 755
101 778
101 792
101 798
101 852
101 858
101 945
101 946
101 949
101 952
101 961
101 984
101 1010
101 1095
101 1252
102 51
102 57
102 296
102 321
102 322
102 406
102 417
102 498
102 499
102 500
102 501
102 502
102 503
102 504
102 505
102 506
102 507
102 508
102 509
102 510
102 511
102 512
102 513
102 514
102 515
102 516
102 517
102 518
102 519
102 520
102 521
102 522
102 533
102 550
102 551
102 552
102 553
102 554
102 555
102 564
102 565
102 566
102 639
102 693
102 704
102 705
102 738
102 755
102 778
102 793
102 794
102 795
102 796
102 797
102 852
102 858
102 945
102 949
102 952
102 961
102 984
102 1011
102 1095
102 1251
103 51
103 57
103 292
103 296
103 322
103 406
103 417
103 486
103 487
103 488
103 489
103 490
103 491
103 492
103 493
103 494
103 495
103 496
103 497
103 533
103 556
103 557
103 562
103 563
103 639
103 694
103 695
103 696
103 697
103 698
103 699
103 700
103 701
103 702
103 703
103 704
103 738
103 755
103 778
103 852
103 858
103 944
103 949
103 952
103 961
103 985
103 1011
103 1094
103 1251
104 52
104 57
104 290
104 291
104 293
104 295
104 322
104 355
104 356
104 357
104 358
104 406
104 417
104 485
104 533
104 558
104 562
104 638
104 639
104 737
104 755
104 778
104 852
104 858
104 942
104 943
104 949
104 952
104 961
104 985
104 1011
104 1094
104 1250
105 52
105 57
105 252
105 253
105 254
105 255
105 290
105 293
105 295
105 323
105 354
105 359
105 406
105 417
105 484
105 533
105 558
105 561
105 637
105 737
105 742
105 743
105 744
105 745
105 746
105 755
105 778
105 852
105 858
105 924
105 925
105 941
105 942
105 949
105 952
105 961
105 985
105 1012
105 1093
105 1250
106 52
106 57
106 251
106 256
106 290
106 323
106 354
106 360
106 406
106 417
106 484
106 533
106 558
106 561
106 637
106 737
106 738
106 739
106 740
106 741
106 747
106 748
106 749
106 750
106 751
106 752
106 753
106 754
106 755
106 778
106 801
106 852
106 858
106 895
106 923
106 940
106 941
106 949
106 952
106 961
106 985
106 1012
106 1093
106 1249
107 52
107 57
107 250
107 256
107 290
107 291
107 323
107 355
107 360
107 361
107 362
107 406
107 417
107 484
107 533
107 558
107 561
107 637
107 638
107 755
107 778
107 800
107 802
107 803
107 804
107 805
107 852
107 858
107 894
107 896
107 923
107 939
107 940
107 949
107 952
107 961
107 985
107 1012
107 1092
107 1249
108 52
108 57
108 250
108 256
108 292
108 324
108 355
108 363
108 368
108 369
108 370
108 371
108 406
108 417
108 484
108 533
108 558
108 561
108 639
108 640
108 755
108 778
108 786
108 787
108 788
108 789
108 799
108 806
108 852
108 858
108 893
108 896
108 923
108 939
108 949
108 952
108 961
108 985
108 1013
108 1092
108 1248
109 52
109 57
109 250
109 256
109 290
109 292
109 325
109 355
109 364
109 365
109 366
109 367
109 372
109 406
109 417
109 484
109 533
109 558
109 561
109 641
109 642
109 755
109 778
109 784
109 785
109 789
109 790
109 791
109 792
109 793
109 799
109 807
109 852
109 858
109 893
109 896
109 923
109 938
109 949
109 952
109 961
109 985
109 1013
109 1091
109 1248
110 52
110 57
110 250
110 256
110 288
110 289
110 325
110 355
110 361
110 372
110 406
110 417
110 484
110 533
110 558
110 561
110 642
110 643
110 755
110 776
110 778
110 779
110 782
110 783
110 794
110 798
110 799
110 807
110 808
110 811
110 812
110 852
110 858
110 893
110 896
110 923
110 938
110 949
110 952
110 961
110 985
110 989
110 990
110 991
110 992
110 993
110 994
110 1013
110 1091
110 1247
111 52
111 58
111 250
111 256
111 288
111 325
111 353
111 354
111 360
111 372
111 406
111 417
111 484
111 533
111 558
111 561
111 643
111 756
111 776
111 779
111 781
111 782
111 794
111 797
111 809
111 810
111 811
111 852
111 858
111 893
111 896
111 910
111 911
111 912
111 913
111 914
111 915
111 916
111 917
111 918
111 919
111 923
111 939
111 949
111 952
111 961
111 986
111 987
111 988
111 994
111 1013
111 1090
111 1246
112 52
112 58
112 247
112 248
112 250
112 257
112 287
112 325
112 352
112 360
112 372
112 407
112 409
112 410
112 411
112 412
112 413
112 414
112 415
112 416
112 417
112 418
112 419
112 420
112 421
112 422
112 423
112 424
112 425
112 426
112 427
112 428
112 429
112 430
112 431
112 432
112 433
112 434
112 435
112 436
112 437
112 438
112 439
112 440
112 441
112 442
112 443
112 444
112 445
112 446
112 447
112 448
112 449
112 450
112 451
112 452
112 453
112 454
112 455
112 456
112 457
112 458
112 459
112 460
112 461
112 462
112 463
112 464
112 465
112 466
112 467
112 468
112 469
112 470
112 471
112 472
112 473
112 474
112 475
112 476
112 477
112 478
112 479
112 480
112 481
112 482
112 483
112 485
112 486
112 487
112 488
112 489
112 490
112 491
112 492
112 493
112 494
112 495
112 496
112 497
112 498
112 499
112 500
112 501
112 502
112 503
112 504
112 505
112 506
112 507
112 508
112 509
112 510
112 511
112 512
112 513
112 514
112 515
112 516
112 517
112 518
112 519
112 520
112 521
112 533
112 558
112 561
112 643
112 756
112 776
112 778
112 794
112 810
112 813
112 815
112 816
112 817
112 818
112 819
112 820
112 821
112 822
112 823
112 824
112 825
112 826
112 827
112 828
112 829
112 830
112 831
112 832
112 833
112 834
112 835
112 836
112 837
112 838
112 839
112 852
112 859
112 866
112 867
112 890
112 891
112 892
112 893
112 897
112 898
112 899
112 900
112 901
112 902
112 903
112 904
112 905
112 906
112 907
112 908
112 909
112 920
112 923
112 939
112 949
112 952
112 961
112 995
112 1013
112 1091
112 1092
112 1093
112 1094
112 1095
112 1245
113 52
113 58
113 250
113 257
113 288
113 289
113 290
113 310
113 311
113 312
113 313
113 325
113 351
113 360
113 372
113 407
113 521
113 534
113 558
113 561
113 641
113 642
113 643
113 756
113 776
113 778
113 795
113 810
113 813
113 814
113 837
113 840
113 853
113 859
113 865
113 879
113 880
113 881
113 882
113 883
113 884
113 885
113 886
113 887
113 888
113 889
113 921
113 922
113 923
113 939
113 949
113 952
113 961
113 996
113 997
113 998
113 999
113 1013
113 1096
113 1245
114 52
114 58
114 114
114 115
114 116
114 250
114 258
114 259
114 260
114 261
114 262
114 291
114 292
114 309
114 314
114 315
114 316
114 317
114 318
114 325
114 351
114 360
114 372
114 407
114 521
114 534
114 558
114 561
114 640
114 756
114 776
114 778
114 786
114 787
114 788
114 795
114 810
114 813
114 837
114 840
114 853
114 859
114 864
114 867
114 873
114 874
114 875
114 876
114 877
114 878
114 893
114 896
114 926
114 940
114 949
114 952
114 961
114 1000
114 1001
114 1002
114 1003
114 1013
114 1096
114 1245
115 52
115 58
115 113
115 117
115 250
115 258
115 292
115 293
115 308
115 319
115 325
115 352
115 360
115 372
115 407
115 521
115 534
115 558
115 561
115 640
115 756
115 776
115 778
115 785
115 788
115 789
115 810
115 813
115 837
115 840
115 853
115 859
115 864
115 868
115 869
115 870
115 871
115 872
115 893
115 896
115 923
115 926
115 940
115 949
115 952
115 962
115 1004
115 1005
115 1013
115 1096
115 1189
115 1190
115 1191
115 1245
116 52
116 58
116 112
116 118
116 119
116 120
116 121
116 122
116 123
116 124
116 125
116 126
116 127
116 128
116 129
116 130
116 131
116 132
116 133
116 134
116 135
116 136
116 137
116 138
116 139
116 140
116 141
116 250
116 259
116 260
116 261
116 262
116 263
116 264
116 293
116 308
116 319
116 326
116 327
116 328
116 329
116 330
116 352
116 360
116 372
116 406
116 409
116 410
116 411
116 412
116 413
116 414
116 415
116 416
116 417
116 420
116 421
116 422
116 423
116 424
116 425
116 426
116 427
116 428
116 429
116 430
116 431
116 432
116 433
116 434
116 435
116 436
116 437
116 438
116 439
116 440
116 441
116 442
116 443
116 444
116 445
116 446
116 447
116 448
116 449
116 450
116 451
116 452
116 453
116 454
116 455
116 456
116 457
116 458
116 459
116 460
116 461
116 462
116 463
116 464
116 465
116 466
116 467
116 468
116 469
116 470
116 471
116 472
116 473
116 474
116 475
116 476
116 477
116 478
116 479
116 480
116 481
116 482
116 483
116 484
116 487
116 488
116 489
116 490
116 491
116 492
116 493
116 494
116 495
116 496
116 497
116 498
116 499
116 500
116 501
116 502
116 503
116 504
116 505
116 506
116 507
116 508
116 509
116 510
116 511
116 512
116 513
116 514
116 515
116 516
116 521
116 534
116 558
116 561
116 756
116 776
116 778
116 785
116 789
116 810
116 813
116 837
116 840
116 853
116 859
116 864
116 893
116 896
116 923
116 926
116 941
116 949
116 952
116 962
116 1006
116 1014
116 1015
116 1016
116 1017
116 1018
116 1096
116 1188
116 1189
116 1191
116 1192
116 1245
117 52
117 58
117 107
117 108
117 109
117 110
117 111
117 112
117 142
117 143
117 243
117 244
117 245
117 246
117 247
117 248
117 249
117 250
117 251
117 252
117 253
117 254
117 255
117 256
117 257
117 258
117 265
117 293
117 308
117 319
117 331
117 332
117 360
117 372
117 406
117 418
117 419
117 486
117 517
117 521
117 534
117 558
117 561
117 568
117 591
117 592
117 593
117 594
117 639
117 640
117 641
117 756
117 776
117 778
117 785
117 790
117 810
117 813
117 837
117 840
117 853
117 859
117 862
117 863
117 867
117 893
117 896
117 923
117 926
117 941
117 942
117 949
117 952
117 962
117 1006
117 1018
117 1096
117 1187
117 1188
117 1192
117 1193
117 1245
118 53
118 58
118 107
118 143
118 144
118 234
118 235
118 236
118 237
118 238
118 239
118 240
118 241
118 242
118 265
118 288
118 289
118 290
118 291
118 292
118 293
118 308
118 319
118 332
118 333
118 350
118 351
118 360
118 372
118 406
118 418
118 485
118 517
118 521
118 534
118 558
118 562
118 566
118 567
118 569
118 570
118 588
118 589
118 590
118 594
118 596
118 597
118 598
118 599
118 600
118 601
118 602
118 603
118 604
118 605
118 606
118 607
118 608
118 609
118 610
118 611
118 612
118 613
118 614
118 615
118 616
118 638
118 756
118 776
118 778
118 785
118 790
118 810
118 813
118 837
118 853
118 860
118 861
118 867
118 894
118 896
118 923
118 926
118 942
118 949
118 953
118 962
118 1006
118 1018
118 1096
118 1178
118 1179
118 1186
118 1187
118 1193
118 1194
118 1246
119 53
119 58
119 107
119 144
119 233
119 265
119 288
119 308
119 319
119 333
119 334
119 349
119 360
119 372
119 406
119 418
119 485
119 517
119 521
119 534
119 558
119 562
119 566
119 570
119 571
119 572
119 573
119 583
119 584
119 585
119 586
119 587
119 593
119 594
119 617
119 618
119 619
119 620
119 621
119 622
119 623
119 624
119 625
119 626
119 627
119 628
119 629
119 630
119 631
119 632
119 633
119 634
119 635
119 636
119 637
119 638
119 756
119 776
119 778
119 785
119 791
119 810
119 813
119 837
119 853
119 860
119 864
119 867
119 894
119 923
119 926
119 942
119 949
119 953
119 962
119 1006
119 1018
119 1096
119 1156
119 1157
119 1158
119 1159
119 1160
119 1161
119 1176
119 1177
119 1180
119 1181
119 1182
119 1183
119 1184
119 1185
119 1194
119 1195
119 1247
120 53
120 58
120 108
120 145
120 232
120 265
120 287
120 308
120 320
120 334
120 335
120 349
120 361
120 373
120 374
120 406
120 418
120 485
120 517
120 521
120 534
120 558
120 562
120 565
120 570
120 574
120 575
120 576
120 577
120 578
120 579
120 580
120 581
120 582
120 589
120 590
120 591
120 592
120 756
120 776
120 778
120 785
120 791
120 810
120 813
120 837
120 842
120 853
120 859
120 864
120 867
120 894
120 923
120 926
120 942
120 949
120 953
120 962
120 1005
120 1018
120 1096
120 1154
120 1155
120 1162
120 1163
120 1164
120 1165
120 1166
120 1174
120 1175
120 1195
120 1248
121 53
121 58
121 109
121 110
121 111
121 145
121 146
121 232
121 265
121 287
121 308
121 320
121 335
121 350
121 361
121 375
121 406
121 418
121 485
121 517
121 521
121 534
121 558
121 562
121 566
121 567
121 568
121 569
121 570
121 587
121 756
121 776
121 778
121 785
121 791
121 810
121 813
121 837
121 843
121 853
121 859
121 864
121 867
121 894
121 923
121 926
121 942
121 949
121 953
121 962
121 1005
121 1018
121 1096
121 1154
121 1167
121 1168
121 1169
121 1170
121 1171
121 1172
121 1173
121 1174
121 1195
121 1248
122 53
122 59
122 146
122 147
122 232
122 265
122 288
122 308
122 320
122 335
122 351
122 352
122 353
122 354
122 355
122 356
122 357
122 358
122 359
122 360
122 361
122 372
122 376
122 407
122 418
122 485
122 517
122 521
122 534
122 554
122 555
122 556
122 557
122 558
122 563
122 564
122 571
122 572
122 573
122 574
122 583
122 584
122 585
122 586
122 756
122 776
122 778
122 785
122 792
122 810
122 813
122 837
122 844
122 853
122 859
122 864
122 867
122 894
122 923
122 926
122 943
122 949
122 953
122 962
122 1004
122 1005
122 1018
122 1096
122 1153
122 1196
122 1197
122 1198
122 1249
123 53
123 59
123 111
123 147
123 148
123 232
123 265
123 289
123 308
123 320
123 335
123 343
123 344
123 345
123 346
123 347
123 348
123 349
123 350
123 351
123 374
123 407
123 408
123 409
123 410
123 411
123 412
123 413
123 414
123 415
123 416
123 417
123 418
123 485
123 517
123 521
123 534
123 550
123 551
123 552
123 553
123 558
123 563
123 576
123 577
123 581
123 582
123 756
123 776
123 778
123 785
123 792
123 810
123 813
123 837
123 840
123 844
123 853
123 859
123 864
123 868
123 894
123 924
123 926
123 944
123 945
123 946
123 947
123 949
123 953
123 962
123 1002
123 1003
123 1018
123 1096
123 1153
123 1199
123 1200
123 1249
124 53
124 59
124 110
124 148
124 149
124 232
124 265
124 289
124 308
124 320
124 333
124 334
124 335
124 336
124 337
124 338
124 339
124 340
124 341
124 342
124 361
124 373
124 485
124 517
124 521
124 524
124 525
124 526
124 527
124 528
124 529
124 530
124 531
124 532
124 533
124 534
124 546
124 547
124 548
124 549
124 558
124 562
124 577
124 581
124 756
124 776
124 778
124 785
124 792
124 810
124 813
124 837
124 840
124 845
124 853
124 859
124 864
124 868
124 894
124 897
124 924
124 926
124 949
124 953
124 962
124 1000
124 1001
124 1018
124 1096
124 1152
124 1201
124 1202
124 1250
125 53
125 59
125 111
125 149
125 232
125 265
125 288
125 308
125 320
125 323
125 324
125 325
125 326
125 327
125 328
125 329
125 330
125 331
125 332
125 356
125 357
125 358
125 359
125 360
125 372
125 485
125 499
125 500
125 501
125 502
125 508
125 509
125 510
125 511
125 512
125 513
125 514
125 517
125 522
125 523
125 542
125 543
125 544
125 545
125 559
125 562
125 577
125 580
125 757
125 776
125 778
125 785
125 793
125 810
125 813
125 837
125 840
125 845
125 853
125 859
125 864
125 868
125 894
125 897
125 924
125 926
125 930
125 931
125 949
125 953
125 962
125 999
125 1018
125 1096
125 1152
125 1202
125 1203
125 1250
125 1251
126 53
126 59
126 111
126 150
126 232
126 265
126 321
126 322
126 349
126 350
126 351
126 352
126 353
126 354
126 355
126 361
126 372
126 486
126 487
126 488
126 489
126 490
126 491
126 492
126 493
126 494
126 495
126 496
126 497
126 498
126 503
126 504
126 505
126 506
126 507
126 515
126 516
126 522
126 538
126 539
126 540
126 541
126 559
126 562
126 577
126 580
126 757
126 776
126 778
126 785
126 793
126 810
126 813
126 837
126 840
126 846
126 853
126 859
126 864
126 868
126 894
126 897
126 924
126 927
126 929
126 932
126 933
126 934
126 949
126 953
126 962
126 999
126 1001
126 1002
126 1003
126 1004
126 1018
126 1058
126 1059
126 1060
126 1061
126 1072
126 1073
126 1074
126 1075
126 1090
126 1091
126 1096
126 1152
126 1203
126 1204
126 1251
127 53
127 59
127 112
127 150
127 151
127 233
127 265
127 304
127 305
127 306
127 307
127 308
127 309
127 321
127 340
127 341
127 342
127 343
127 344
127 345
127 346
127 347
127 348
127 361
127 373
127 516
127 522
127 534
127 535
127 536
127 537
127 559
127 562
127 577
127 580
127 757
127 776
127 778
127 785
127 793
127 810
127 813
127 837
127 840
127 847
127 848
127 849
127 850
127 851
127 852
127 853
127 859
127 864
127 868
127 894
127 897
127 924
127 927
127 935
127 936
127 937
127 949
127 953
127 962
127 1005
127 1006
127 1019
127 1055
127 1056
127 1057
127 1062
127 1063
127 1070
127 1071
127 1076
127 1088
127 1089
127 1092
127 1093
127 1096
127 1153
127 1204
127 1251
128 53
128 59
128 113
128 151
128 233
128 265
128 303
128 320
128 339
128 361
128 373
128 374
128 484
128 503
128 516
128 522
128 533
128 559
128 562
128 577
128 580
128 598
128 599
128 757
128 776
128 778
128 785
128 793
128 810
128 813
128 837
128 840
128 853
128 859
128 864
128 868
128 894
128 897
128 924
128 938
128 949
128 953
128 962
128 1006
128 1019
128 1054
128 1063
128 1069
128 1076
128 1087
128 1093
128 1096
128 1153
128 1204
128 1251
129 53
129 59
129 114
129 152
129 233
129 265
129 294
129 295
129 296
129 297
129 298
129 299
129 300
129 301
129 302
129 309
129 320
129 334
129 335
129 336
129 337
129 338
129 348
129 361
129 372
129 375
129 484
129 502
129 516
129 522
129 531
129 532
129 559
129 562
129 577
129 581
129 597
129 600
129 757
129 776
129 778
129 785
129 794
129 810
129 813
129 833
129 834
129 835
129 836
129 837
129 839
129 840
129 853
129 860
129 864
129 868
129 894
129 897
129 924
129 938
129 947
129 948
129 949
129 953
129 962
129 1007
129 1020
129 1053
129 1064
129 1068
129 1076
129 1084
129 1085
129 1086
129 1094
129 1096
129 1153
129 1204
129 1251
130 53
130 59
130 115
130 116
130 152
130 153
130 233
130 265
130 285
130 286
130 287
130 288
130 289
130 290
130 291
130 292
130 293
130 309
130 320
130 323
130 324
130 325
130 326
130 327
130 328
130 329
130 330
130 331
130 332
130 333
130 361
130 372
130 376
130 377
130 392
130 393
130 442
130 443
130 444
130 445
130 446
130 447
130 448
130 449
130 484
130 503
130 504
130 505
130 510
130 511
130 512
130 516
130 522
130 528
130 529
130 530
130 559
130 562
130 577
130 582
130 594
130 595
130 596
130 597
130 600
130 757
130 776
130 778
130 785
130 794
130 810
130 813
130 832
130 841
130 842
130 843
130 844
130 845
130 846
130 847
130 848
130 849
130 850
130 853
130 861
130 868
130 886
130 887
130 888
130 889
130 894
130 898
130 923
130 924
130 939
130 946
130 949
130 953
130 962
130 1007
130 1020
130 1051
130 1052
130 1065
130 1066
130 1067
130 1076
130 1082
130 1083
130 1094
130 1096
130 1153
130 1204
130 1251
131 53
131 59
131 117
131 153
131 233
131 265
131 276
131 277
131 278
131 279
131 280
131 281
131 282
131 283
131 284
131 309
131 321
131 322
131 332
131 346
131 362
131 363
131 364
131 365
131 372
131 377
131 378
131 388
131 389
131 390
131 391
131 394
131 395
131 396
131 397
131 437
131 438
131 439
131 440
131 441
131 450
131 451
131 452
131 453
131 454
131 455
131 485
131 506
131 509
131 512
131 513
131 514
131 515
131 516
131 522
131 526
131 527
131 559
131 562
131 577
131 580
131 583
131 584
131 585
131 586
131 587
131 588
131 589
131 590
131 591
131 592
131 593
131 599
131 600
131 757
131 776
131 778
131 786
131 795
131 810
131 813
131 831
131 851
131 853
131 859
131 862
131 863
131 866
131 868
131 872
131 880
131 881
131 882
131 883
131 884
131 885
131 890
131 891
131 892
131 893
131 894
131 899
131 900
131 901
131 902
131 923
131 939
131 945
131 949
131 953
131 962
131 1007
131 1021
131 1050
131 1051
131 1077
131 1081
131 1082
131 1096
131 1153
131 1204
131 1251
132 53
132 59
132 117
132 154
132 233
132 266
132 267
132 268
132 269
132 270
132 271
132 272
132 273
132 274
132 275
132 306
132 307
132 308
132 321
132 332
132 345
132 366
132 367
132 368
132 369
132 370
132 371
132 372
132 379
132 380
132 381
132 382
132 383
132 384
132 385
132 386
132 387
132 398
132 399
132 434
132 435
132 436
132 456
132 457
132 458
132 459
132 460
132 461
132 462
132 463
132 464
132 465
132 466
132 467
132 468
132 469
132 470
132 471
132 472
132 473
132 474
132 475
132 476
132 486
132 506
132 508
132 511
132 516
132 523
132 525
132 559
132 562
132 577
132 581
132 596
132 597
132 598
132 757
132 776
132 778
132 786
132 795
132 810
132 813
132 831
132 851
132 853
132 859
132 864
132 865
132 866
132 869
132 870
132 871
132 873
132 874
132 875
132 876
132 877
132 878
132 879
132 897
132 903
132 904
132 923
132 939
132 945
132 949
132 953
132 962
132 1007
132 1021
132 1022
132 1050
132 1078
132 1080
132 1081
132 1096
132 1152
132 1153
132 1204
132 1251
133 54
133 59
133 117
133 154
133 155
133 233
133 266
133 297
133 298
133 299
133 300
133 301
133 302
133 303
133 304
133 305
133 309
133 321
133 331
133 332
133 346
133 400
133 401
133 402
133 403
133 404
133 405
133 406
133 407
133 408
133 409
133 410
133 411
133 412
133 413
133 414
133 415
133 416
133 417
133 418
133 419
133 420
133 421
133 422
133 423
133 424
133 425
133 426
133 427
133 428
133 429
133 430
133 431
133 432
133 433
133 477
133 478
133 479
133 480
133 481
133 482
133 483
133 484
133 486
133 509
133 511
133 516
133 523
133 559
133 562
133 577
133 582
133 583
133 584
133 585
133 594
133 595
133 757
133 776
133 778
133 786
133 796
133 810
133 813
133 831
133 851
133 853
133 859
133 865
133 894
133 897
133 904
133 905
133 923
133 927
133 940
133 941
133 942
133 943
133 944
133 945
133 949
133 953
133 963
133 1007
133 1022
133 1023
133 1024
133 1025
133 1026
133 1027
133 1028
133 1029
133 1033
133 1034
133 1035
133 1036
133 1049
133 1078
133 1080
133 1096
133 1151
133 1152
133 1204
133 1251
134 54
134 59
134 117
134 155
134 156
134 233
134 265
134 289
134 290
134 291
134 292
134 293
134 294
134 295
134 296
134 309
134 321
134 331
134 333
134 334
134 335
134 336
134 343
134 344
134 345
134 516
134 522
134 559
134 562
134 577
134 580
134 586
134 587
134 592
134 593
134 757
134 776
134 778
134 786
134 796
134 810
134 813
134 831
134 851
134 853
134 859
134 865
134 868
134 894
134 897
134 905
134 923
134 927
134 949
134 953
134 963
134 1006
134 1029
134 1030
134 1031
134 1032
134 1036
134 1037
134 1048
134 1049
134 1078
134 1080
134 1096
134 1149
134 1150
134 1204
134 1212
134 1213
134 1214
134 1215
134 1216
134 1217
134 1218
134 1250
135 54
135 60
135 117
135 156
135 157
135 233
135 253
135 254
135 255
135 256
135 257
135 258
135 259
135 260
135 261
135 262
135 263
135 264
135 265
135 281
135 282
135 283
135 284
135 285
135 286
135 287
135 288
135 309
135 321
135 337
135 338
135 339
135 340
135 341
135 342
135 346
135 516
135 522
135 559
135 562
135 578
135 581
135 588
135 592
135 757
135 776
135 778
135 786
135 797
135 810
135 813
135 831
135 850
135 851
135 853
135 859
135 865
135 868
135 894
135 897
135 906
135 907
135 921
135 922
135 923
135 927
135 949
135 953
135 963
135 1006
135 1037
135 1038
135 1039
135 1040
135 1041
135 1042
135 1043
135 1044
135 1045
135 1046
135 1047
135 1096
135 1148
135 1149
135 1204
135 1206
135 1207
135 1208
135 1209
135 1210
135 1211
135 1219
135 1220
135 1250
136 54
136 60
136 118
136 157
136 234
136 235
136 236
136 237
136 238
136 239
136 240
136 241
136 242
136 243
136 244
136 245
136 246
136 247
136 248
136 249
136 250
136 251
136 252
136 273
136 274
136 275
136 276
136 277
136 278
136 279
136 280
136 309
136 321
136 516
136 522
136 559
136 562
136 578
136 581
136 588
136 591
136 757
136 776
136 778
136 786
136 797
136 810
136 813
136 831
136 849
136 850
136 853
136 859
136 865
136 868
136 894
136 897
136 908
136 909
136 910
136 911
136 920
136 927
136 949
136 953
136 963
136 1005
136 1006
136 1096
136 1147
136 1148
136 1220
136 1221
136 1249
137 54
137 60
137 118
137 158
137 267
137 268
137 269
137 270
137 271
137 272
137 309
137 321
137 516
137 522
137 559
137 562
137 578
137 581
137 588
137 591
137 757
137 776
137 778
137 786
137 797
137 810
137 813
137 831
137 848
137 849
137 853
137 859
137 865
137 868
137 894
137 897
137 912
137 913
137 919
137 924
137 927
137 949
137 953
137 963
137 1002
137 1003
137 1004
137 1096
137 1147
137 1221
137 1222
137 1249
138 54
138 60
138 119
138 158
138 159
138 251
138 260
138 261
138 262
138 263
138 309
138 317
138 318
138 319
138 320
138 321
138 516
138 522
138 559
138 562
138 578
138 581
138 588
138 591
138 757
138 776
138 778
138 786
138 797
138 810
138 813
138 832
138 846
138 847
138 853
138 859
138 865
138 868
138 894
138 897
138 914
138 915
138 919
138 924
138 927
138 949
138 953
138 963
138 1000
138 1001
138 1096
138 1146
138 1222
138 1248
139 54
139 60
139 119
139 120
139 159
139 160
139 251
139 259
139 310
139 311
139 312
139 313
139 314
139 315
139 316
139 516
139 522
139 559
139 562
139 578
139 581
139 588
139 591
139 758
139 776
139 778
139 786
139 797
139 810
139 813
139 832
139 844
139 845
139 853
139 859
139 865
139 868
139 894
139 897
139 915
139 916
139 917
139 918
139 919
139 924
139 927
139 950
139 953
139 963
139 999
139 1096
139 1147
139 1223
139 1247
139 1248
140 54
140 60
140 120
140 121
140 160
140 161
140 251
140 258
140 516
140 522
140 559
140 562
140 578
140 581
140 588
140 591
140 758
140 776
140 778
140 786
140 797
140 810
140 813
140 832
140 844
140 847
140 848
140 849
140 853
140 859
140 865
140 868
140 894
140 897
140 924
140 927
140 950
140 953
140 963
140 999
140 1096
140 1147
140 1223
140 1224
140 1245
140 1246
141 54
141 60
141 121
141 161
141 162
141 251
141 258
141 516
141 522
141 559
141 562
141 578
141 581
141 588
141 591
141 758
141 776
141 779
141 780
141 781
141 782
141 783
141 784
141 785
141 786
141 797
141 810
141 813
141 832
141 850
141 851
141 853
141 859
141 865
141 868
141 894
141 897
141 924
141 927
141 950
141 953
141 963
141 977
141 978
141 979
141 980
141 981
141 982
141 1096
141 1147
141 1224
141 1243
141 1244
142 54
142 60
142 122
142 162
142 251
142 259
142 516
142 522
142 559
142 562
142 578
142 581
142 588
142 591
142 758
142 776
142 779
142 786
142 797
142 810
142 813
142 832
142 851
142 853
142 859
142 865
142 868
142 894
142 897
142 924
142 927
142 950
142 953
142 964
142 965
142 966
142 967
142 968
142 969
142 970
142 971
142 972
142 973
142 974
142 975
142 984
142 985
142 986
142 987
142 988
142 989
142 990
142 996
142 997
142 998
142 1096
142 1147
142 1224
142 1241
142 1242
143 54
143 60
143 122
143 163
143 251
143 259
143 516
143 522
143 559
143 562
143 578
143 581
143 588
143 591
143 758
143 776
143 786
143 797
143 810
143 813
143 832
143 859
143 865
143 868
143 895
143 897
143 924
143 927
143 950
143 953
143 975
143 984
143 991
143 992
143 993
143 994
143 995
143 1008
143 1009
143 1010
143 1011
143 1012
143 1013
143 1014
143 1015
143 1016
143 1017
143 1018
143 1019
143 1020
143 1021
143 1022
143 1023
143 1024
143 1025
143 1026
143 1027
143 1096
143 1147
143 1224
143 1240
143 1241
144 54
144 60
144 122
144 163
144 164
144 251
144 259
144 516
144 522
144 559
144 562
144 578
144 581
144 588
144 591
144 758
144 773
144 774
144 775
144 776
144 786
144 797
144 810
144 813
144 829
144 830
144 832
144 852
144 854
144 859
144 865
144 868
144 895
144 924
144 927
144 950
144 953
144 975
144 983
144 999
144 1000
144 1001
144 1002
144 1003
144 1004
144 1005
144 1006
144 1007
144 1096
144 1147
144 1224
144 1239
144 1240
145 54
145 60
145 122
145 164
145 251
145 259
145 516
145 522
145 559
145 562
145 578
145 581
145 588
145 591
145 758
145 766
145 767
145 768
145 769
145 770
145 771
145 772
145 778
145 786
145 797
145 810
145 813
145 825
145 826
145 827
145 828
145 859
145 865
145 868
145 895
145 902
145 903
145 904
145 905
145 906
145 907
145 908
145 909
145 910
145 911
145 912
145 913
145 914
145 915
145 916
145 917
145 918
145 919
145 924
145 927
145 950
145 953
145 975
145 983
145 986
145 1027
145 1096
145 1146
145 1224
145 1237
145 1238
146 55
146 60
146 122
146 164
146 251
146 259
146 517
146 522
146 559
146 562
146 578
146 581
146 588
146 591
146 759
146 760
146 761
146 762
146 764
146 778
146 787
146 797
146 810
146 813
146 824
146 829
146 830
146 851
146 853
146 859
146 865
146 868
146 883
146 884
146 885
146 886
146 887
146 888
146 889
146 890
146 891
146 892
146 893
146 894
146 895
146 896
146 897
146 898
146 899
146 900
146 901
146 920
146 924
146 927
146 950
146 953
146 975
146 983
146 986
146 1026
146 1096
146 1146
146 1224
146 1236
146 1237
147 55
147 60
147 122
147 251
147 259
147 517
147 522
147 559
147 562
147 578
147 581
147 588
147 591
147 764
147 778
147 787
147 796
147 797
147 810
147 813
147 817
147 818
147 819
147 820
147 821
147 822
147 823
147 828
147 846
147 847
147 848
147 849
147 853
147 859
147 865
147 869
147 882
147 920
147 924
147 927
147 950
147 953
147 975
147 983
147 987
147 1026
147 1096
147 1146
147 1224
147 1234
147 1235
148 55
148 61
148 122
148 251
148 259
148 517
148 522
148 559
148 562
148 578
148 581
148 588
148 591
148 764
148 778
148 788
148 791
148 792
148 793
148 794
148 795
148 796
148 810
148 813
148 816
148 828
148 859
148 865
148 869
148 881
148 920
148 924
148 927
148 950
148 953
148 975
148 983
148 987
148 1025
148 1096
148 1146
148 1225
148 1226
148 1227
148 1228
148 1229
148 1230
148 1231
148 1232
148 1233
149 55
149 61
149 121
149 122
149 252
149 259
149 517
149 522
149 559
149 563
149 578
149 581
149 588
149 591
149 764
149 779
149 789
149 790
149 810
149 813
149 815
149 828
149 846
149 847
149 848
149 849
149 850
149 851
149 852
149 853
149 859
149 865
149 869
149 881
149 920
149 924
149 927
149 950
149 953
149 975
149 983
149 988
149 1024
149 1025
149 1096
149 1146
149 1235
149 1236
149 1237
149 1238
149 1239
149 1240
149 1241
149 1242
149 1243
149 1244
149 1245
149 1246
149 1247
149 1248
149 1249
149 1250
149 1251
149 1252
149 1253
149 1254
149 1255
149 1256
149 1257
149 1258
149 1259
149 1260
149 1261
149 1262
149 1263
149 1264
149 1265
149 1266
149 1267
149 1268
149 1269
149 1270
149 1271
149 1272
149 1273
149 1274
149 1275
149 1276
149 1277
149 1278
149 1279
150 55
150 61
150 118
150 119
150 120
150 121
150 252
150 259
150 517
150 522
150 559
150 563
150 578
150 581
150 588
150 591
150 764
150 779
150 785
150 787
150 789
150 810
150 813
150 815
150 828
150 845
150 854
150 859
150 865
150 869
150 881
150 920
150 924
150 927
150 950
150 953
150 975
150 983
150 988
150 989
150 1024
150 1096
150 1143
150 1144
150 1145
150 1147
150 1148
150 1149
150 1150
150 1151
150 1152
150 1153
150 1154
150 1155
150 1156
150 1157
150 1158
150 1159
150 1160
150 1161
150 1162
150 1163
150 1164
150 1165
150 1166
150 1167
150 1168
150 1169
150 1170
150 1171
150 1172
150 1173
150 1174
150 1175
150 1176
150 1177
150 1178
150 1179
150 1180
150 1181
150 1182
150 1183
150 1184
150 1185
150 1186
150 1187
150 1188
150 1189
150 1190
150 1191
150 1192
150 1193
150 1194
150 1195
150 1196
150 1197
150 1198
150 1199
150 1200
150 1201
150 1202
150 1203
150 1204
150 1205
150 1206
150 1207
150 1208
150 1209
150 1210
150 1211
150 1212
150 1213
150 1214
150 1215
150 1216
150 1217
150 1218
150 1219
150 1220
150 1221
150 1222
150 1223
150 1224
150 1233
150 1234
151 55
151 61
151 116
151 117
151 252
151 259
151 517
151 522
151 559
151 563
151 578
151 581
151 588
151 591
151 764
151 779
151 785
151 787
151 789
151 809
151 813
151 816
151 828
151 845
151 854
151 859
151 865
151 869
151 881
151 920
151 924
151 928
151 950
151 953
151 975
151 983
151 989
151 1023
151 1096
151 1098
151 1099
151 1100
151 1101
151 1102
151 1103
151 1104
151 1105
151 1106
151 1107
151 1108
151 1109
151 1110
151 1111
151 1112
151 1113
151 1114
151 1115
151 1116
151 1117
151 1118
151 1119
151 1120
151 1121
151 1122
151 1123
151 1124
151 1125
151 1126
151 1127
151 1128
151 1129
151 1130
151 1131
151 1132
151 1133
151 1134
151 1135
151 1136
151 1137
151 1138
151 1139
151 1140
151 1141
151 1142
152 55
152 61
152 116
152 252
152 259
152 517
152 522
152 559
152 563
152 578
152 581
152 588
152 591
152 765
152 779
152 787
152 789
152 809
152 813
152 816
152 828
152 850
152 851
152 854
152 859
152 865
152 869
152 881
152 920
152 924
152 928
152 950
152 953
152 975
152 984
152 990
152 1023
152 1096
153 55
153 61
153 252
153 259
153 517
153 523
153 559
153 563
153 578
153 581
153 588
153 591
153 765
153 779
153 790
153 809
153 813
153 816
153 828
153 851
153 854
153 859
153 865
153 869
153 881
153 920
153 924
153 928
153 950
153 953
153 975
153 984
153 990
153 991
153 1022
153 1095
154 55
154 61
154 252
154 259
154 517
154 523
154 559
154 563
154 578
154 581
154 588
154 591
154 765
154 779
154 790
154 809
154 813
154 816
154 828
154 851
154 854
154 859
154 865
154 869
154 881
154 920
154 924
154 928
154 950
154 953
154 975
154 984
154 991
154 1021
154 1022
154 1095
155 55
155 61
155 252
155 259
155 517
155 523
155 559
155 563
155 578
155 581
155 588
155 591
155 765
155 779
155 790
155 809
155 813
155 816
155 827
155 851
155 854
155 859
155 865
155 869
155 881
155 920
155 924
155 928
155 950
155 953
155 975
155 984
155 992
155 1021
155 1095
156 61
156 252
156 259
156 517
156 523
156 559
156 563
156 578
156 581
156 588
156 591
156 765
156 779
156 789
156 809
156 813
156 816
156 827
156 851
156 854
156 859
156 865
156 869
156 881
156 920
156 924
156 928
156 950
156 953
156 975
156 984
156 992
156 1020
156 1095
157 61
157 252
157 259
157 517
157 523
157 559
157 563
157 579
157 582
157 588
157 591
157 765
157 779
157 787
157 789
157 809
157 813
157 816
157 827
157 850
157 853
157 859
157 865
157 869
157 881
157 920
157 924
157 928
157 950
157 953
157 975
157 984
157 993
157 1020
157 1095
158 45
158 46
158 47
158 48
158 49
158 50
158 51
158 52
158 53
158 54
158 61
158 252
158 259
158 517
158 523
158 559
158 563
158 579
158 582
158 588
158 591
158 765
158 779
158 787
158 789
158 809
158 813
158 816
158 827
158 847
158 848
158 849
158 853
158 859
158 865
158 869
158 881
158 920
158 924
158 928
158 950
158 954
158 975
158 984
158 993
158 994
158 1019
158 1095
159 44
159 61
159 252
159 260
159 517
159 523
159 559
159 563
159 579
159 582
159 588
159 591
159 765
159 779
159 787
159 789
159 809
159 813
159 816
159 827
159 845
159 846
159 853
159 859
159 865
159 869
159 881
159 920
159 924
159 928
159 950
159 954
159 975
159 984
159 994
159 1018
159 1019
159 1095
160 43
160 62
160 252
160 260
160 517
160 523
160 559
160 563
160 579
160 582
160 588
160 592
160 765
160 779
160 789
160 809
160 813
160 816
160 827
160 844
160 853
160 859
160 865
160 869
160 881
160 920
160 925
160 928
160 950
160 954
160 975
160 984
160 995
160 1018
160 1095
161 43
161 62
161 252
161 260
161 508
161 509
161 510
161 511
161 512
161 513
161 514
161 515
161 516
161 517
161 524
161 529
161 530
161 531
161 532
161 533
161 559
161 563
161 579
161 582
161 588
161 592
161 765
161 779
161 789
161 809
161 813
161 816
161 827
161 843
161 853
161 859
161 865
161 869
161 881
161 920
161 925
161 928
161 950
161 954
161 975
161 984
161 995
161 996
161 1017
161 1095
162 43
162 62
162 252
162 260
162 461
162 462
162 463
162 464
162 465
162 466
162 467
162 468
162 469
162 470
162 471
162 472
162 473
162 474
162 475
162 476
162 477
162 507
162 524
162 527
162 528
162 534
162 559
162 563
162 579
162 582
162 588
162 592
162 765
162 779
162 789
162 809
162 813
162 816
162 828
162 829
162 830
162 831
162 832
162 840
162 841
162 842
162 843
162 853
162 859
162 865
162 869
162 881
162 920
162 925
162 928
162 950
162 954
162 975
162 984
162 996
162 1017
162 1095
163 43
163 62
163 252
163 260
163 440
163 441
163 442
163 443
163 444
163 445
163 446
163 447
163 448
163 449
163 450
163 451
163 452
163 453
163 454
163 455
163 456
163 457
163 458
163 459
163 460
163 478
163 479
163 480
163 481
163 482
163 483
163 484
163 485
163 506
163 517
163 523
163 525
163 527
163 534
163 559
163 563
163 579
163 582
163 588
163 592
163 615
163 616
163 617
163 618
163 619
163 620
163 621
163 622
163 765
163 779
163 787
163 789
163 809
163 813
163 816
163 833
163 834
163 835
163 836
163 837
163 838
163 839
163 853
163 859
163 866
163 869
163 882
163 921
163 925
163 928
163 950
163 954
163 975
163 984
163 997
163 1016
163 1096
164 43
164 62
164 252
164 260
164 389
164 390
164 391
164 392
164 393
164 394
164 395
164 396
164 397
164 398
164 399
164 439
164 486
164 487
164 488
164 489
164 490
164 491
164 492
164 493
164 494
164 495
164 505
164 517
164 523
164 525
164 527
164 534
164 559
164 563
164 579
164 582
164 588
164 592
164 613
164 614
164 623
164 765
164 779
164 785
164 787
164 789
164 809
164 813
164 816
164 853
164 859
164 866
164 869
164 882
164 921
164 925
164 928
164 950
164 954
164 975
164 984
164 997
164 1016
164 1096
165 43
165 62
165 252
165 260
165 341
165 342
165 343
165 388
165 400
165 438
165 496
165 497
165 504
165 517
165 523
165 525
165 527
165 535
165 559
165 563
165 579
165 582
165 588
165 592
165 610
165 611
165 612
165 623
165 765
165 779
165 785
165 787
165 789
165 809
165 813
165 816
165 831
165 853
165 859
165 866
165 869
165 882
165 921
165 925
165 928
165 950
165 954
165 975
165 984
165 998
165 1015
165 1096
166 44
166 62
166 252
166 260
166 341
166 343
166 387
166 401
166 402
166 403
166 404
166 405
166 406
166 407
166 408
166 409
166 410
166 411
166 412
166 413
166 414
166 415
166 438
166 498
166 504
166 518
166 523
166 525
166 527
166 535
166 559
166 563
166 579
166 582
166 588
166 592
166 607
166 608
166 609
166 619
166 624
166 765
166 779
166 785
166 787
166 789
166 809
166 813
166 817
166 830
166 832
166 853
166 859
166 866
166 869
166 882
166 921
166 925
166 928
166 950
166 954
166 975
166 984
166 998
166 999
166 1014
166 1015
166 1096
167 44
167 62
167 252
167 260
167 341
167 344
167 387
167 416
167 417
167 418
167 419
167 420
167 421
167 422
167 423
167 424
167 425
167 426
167 427
167 428
167 429
167 430
167 438
167 498
167 504
167 518
167 523
167 525
167 527
167 535
167 559
167 563
167 579
167 582
167 588
167 592
167 604
167 605
167 606
167 618
167 622
167 624
167 625
167 765
167 779
167 784
167 785
167 787
167 809
167 813
167 817
167 829
167 832
167 852
167 859
167 882
167 921
167 925
167 928
167 950
167 954
167 975
167 984
167 999
167 1014
167 1096
168 44
168 62
168 252
168 260
168 341
168 344
168 387
168 431
168 432
168 438
168 498
168 504
168 518
168 523
168 525
168 527
168 535
168 559
168 563
168 579
168 582
168 588
168 592
168 602
168 603
168 614
168 615
168 616
168 619
168 625
168 765
168 780
168 781
168 782
168 783
168 787
168 809
168 813
168 817
168 828
168 832
168 852
168 859
168 921
168 925
168 928
168 950
168 954
168 975
168 984
168 1000
168 1013
168 1096
169 44
169 62
169 252
169 260
169 341
169 345
169 386
169 433
169 434
169 435
169 436
169 437
169 498
169 504
169 518
169 523
169 525
169 527
169 535
169 559
169 563
169 579
169 582
169 588
169 592
169 600
169 601
169 612
169 613
169 617
169 625
169 765
169 780
169 787
169 809
169 813
169 817
169 827
169 832
169 852
169 860
169 861
169 921
169 925
169 929
169 950
169 954
169 976
169 984
169 1000
169 1001
169 1013
169 1096
170 44
170 62
170 252
170 260
170 341
170 345
170 386
170 498
170 504
170 518
170 523
170 525
170 527
170 535
170 559
170 563
170 579
170 582
170 588
170 592
170 599
170 612
170 625
170 765
170 779
170 787
170 809
170 813
170 817
170 827
170 832
170 852
170 860
170 977
170 984
170 1001
170 1012
170 1096
171 44
171 62
171 252
171 260
171 341
171 345
171 386
171 498
171 504
171 518
171 523
171 525
171 527
171 535
171 559
171 563
171 579
171 582
171 588
171 592
171 598
171 607
171 608
171 609
171 626
171 765
171 779
171 787
171 827
171 832
171 852
171 859
171 977
171 984
171 1001
171 1012
171 1096
172 44
172 62
172 252
172 260
172 341
172 345
172 386
172 499
172 504
172 518
172 523
172 525
172 527
172 536
172 560
172 563
172 579
172 582
172 588
172 592
172 596
172 597
172 605
172 606
172 627
172 628
172 765
172 779
172 827
172 832
172 852
172 859
172 977
172 984
172 1002
172 1011
172 1012
172 1096
173 44
173 62
173 252
173 260
173 341
173 345
173 386
173 499
173 504
173 518
173 523
173 525
173 527
173 536
173 560
173 563
173 579
173 582
173 588
173 593
173 594
173 595
173 605
173 629
173 765
173 779
173 850
173 851
173 859
173 974
173 975
173 976
173 977
173 985
173 986
173 1096
174 44
174 63
174 252
174 260
174 341
174 345
174 386
174 499
174 504
174 518
174 524
174 527
174 536
174 560
174 563
174 579
174 582
174 587
174 588
174 593
174 617
174 629
174 765
174 779
174 825
174 826
174 827
174 833
174 850
174 859
174 977
174 985
174 1000
174 1001
174 1002
174 1010
174 1011
174 1096
174 1146
174 1147
174 1148
174 1149
174 1150
174 1151
174 1152
174 1153
174 1154
174 1155
174 1156
174 1157
174 1158
175 44
175 63
175 252
175 260
175 340
175 346
175 386
175 499
175 504
175 518
175 524
175 527
175 534
175 535
175 536
175 560
175 563
175 579
175 583
175 584
175 585
175 586
175 588
175 593
175 594
175 597
175 598
175 629
175 765
175 779
175 832
175 850
175 859
175 977
175 985
175 1003
175 1004
175 1009
175 1096
175 1135
175 1136
175 1137
175 1138
175 1139
175 1140
175 1141
175 1142
175 1143
175 1144
175 1145
175 1159
175 1160
175 1161
175 1162
175 1163
175 1164
175 1165
175 1166
175 1167
175 1168
175 1169
175 1170
175 1171
175 1172
176 44
176 63
176 252
176 260
176 340
176 346
176 385
176 386
176 499
176 504
176 518
176 523
176 528
176 531
176 532
176 533
176 560
176 563
176 578
176 579
176 583
176 588
176 592
176 598
176 629
176 765
176 780
176 827
176 832
176 850
176 859
176 977
176 985
176 1004
176 1008
176 1090
176 1091
176 1092
176 1093
176 1094
176 1095
176 1096
176 1125
176 1126
176 1127
176 1128
176 1129
176 1130
176 1131
176 1132
176 1133
176 1134
176 1173
176 1174
176 1175
176 1176
176 1177
176 1178
176 1179
176 1180
177 44
177 63
177 252
177 261
177 340
177 346
177 384
177 385
177 499
177 504
177 518
177 523
177 528
177 529
177 530
177 560
177 563
177 573
177 574
177 575
177 576
177 577
177 579
177 582
177 588
177 592
177 630
177 763
177 764
177 765
177 780
177 827
177 832
177 850
177 859
177 977
177 985
177 1005
177 1007
177 1008
177 1096
177 1097
177 1103
177 1104
177 1105
177 1106
177 1107
177 1108
177 1109
177 1110
177 1111
177 1112
177 1113
177 1116
177 1117
177 1118
177 1119
177 1120
177 1121
177 1122
177 1123
177 1124
177 1181
177 1182
177 1183
178 44
178 63
178 253
178 261
178 340
178 346
178 357
178 358
178 378
178 379
178 380
178 381
178 382
178 383
178 384
178 499
178 505
178 518
178 523
178 527
178 560
178 563
178 568
178 569
178 570
178 571
178 572
178 579
178 582
178 585
178 588
178 592
178 630
178 765
178 779
178 827
178 832
178 850
178 859
178 977
178 985
178 1005
178 1006
178 1007
178 1010
178 1011
178 1012
178 1013
178 1014
178 1015
178 1016
178 1017
178 1018
178 1019
178 1020
178 1021
178 1022
178 1023
178 1024
178 1025
178 1026
178 1027
178 1028
178 1029
178 1030
178 1031
178 1032
178 1033
178 1034
178 1035
178 1036
178 1037
178 1038
178 1039
178 1040
178 1041
178 1042
178 1043
178 1044
178 1045
178 1046
178 1047
178 1048
178 1049
178 1050
178 1051
178 1052
178 1053
178 1054
178 1055
178 1056
178 1098
178 1099
178 1100
178 1101
178 1102
178 1114
178 1115
178 1184
178 1185
178 1186
178 1278
178 1279
179 44
179 63
179 253
179 261
179 339
179 340
179 347
179 355
179 356
179 359
179 375
179 376
179 377
179 499
179 506
179 518
179 523
179 527
179 546
179 547
179 548
179 549
179 550
179 551
179 564
179 565
179 566
179 567
179 579
179 582
179 585
179 588
179 592
179 630
179 765
179 779
179 827
179 832
179 850
179 859
179 977
179 985
179 1001
179 1002
179 1003
179 1009
179 1057
179 1084
179 1085
179 1086
179 1087
179 1088
179 1089
179 1090
179 1091
179 1092
179 1093
179 1094
179 1095
179 1187
179 1188
180 44
180 63
180 253
180 261
180 336
180 337
180 338
180 348
180 349
180 350
180 351
180 352
180 353
180 354
180 359
180 365
180 366
180 367
180 368
180 369
180 370
180 371
180 372
180 373
180 374
180 499
180 506
180 518
180 524
180 527
180 544
180 545
180 552
180 553
180 554
180 555
180 556
180 557
180 558
180 559
180 560
180 564
180 580
180 583
180 585
180 588
180 592
180 630
180 765
180 779
180 827
180 832
180 850
180 859
180 977
180 985
180 999
180 1000
180 1006
180 1057
180 1082
180 1083
180 1189
180 1190
181 44
181 63
181 253
181 261
181 329
181 330
181 331
181 332
181 333
181 334
181 335
181 359
181 365
181 499
181 506
181 518
181 524
181 527
181 543
181 544
181 560
181 564
181 580
181 583
181 586
181 588
181 630
181 703
181 704
181 705
181 706
181 707
181 708
181 765
181 779
181 827
181 832
181 850
181 859
181 977
181 985
181 997
181 998
181 1058
181 1080
181 1081
182 44
182 63
182 253
182 261
182 328
182 359
182 365
182 499
182 506
182 518
182 524
182 527
182 534
182 535
182 536
182 537
182 538
182 539
182 540
182 543
182 553
182 554
182 555
182 560
182 564
182 580
182 583
182 587
182 588
182 593
182 598
182 599
182 600
182 601
182 602
182 630
182 689
182 690
182 691
182 692
182 693
182 694
182 695
182 696
182 697
182 698
182 699
182 700
182 701
182 702
182 765
182 779
182 827
182 832
182 851
182 852
182 859
182 977
182 985
182 995
182 996
182 1058
182 1059
182 1060
182 1061
182 1062
182 1079
182 1080
182 1191
182 1192
182 1193
182 1194
182 1195
182 1196
183 45
183 63
183 253
183 261
183 329
183 330
183 331
183 332
183 359
183 365
183 485
183 486
183 487
183 488
183 500
183 501
183 502
183 506
183 525
183 526
183 527
183 530
183 531
183 532
183 533
183 541
183 556
183 560
183 564
183 580
183 583
183 588
183 592
183 631
183 632
183 633
183 634
183 635
183 636
183 637
183 638
183 639
183 640
183 641
183 642
183 643
183 644
183 645
183 646
183 647
183 648
183 649
183 650
183 651
183 652
183 653
183 654
183 655
183 656
183 657
183 658
183 659
183 660
183 661
183 662
183 663
183 664
183 665
183 666
183 667
183 668
183 669
183 670
183 671
183 672
183 673
183 674
183 675
183 676
183 677
183 678
183 679
183 680
183 681
183 682
183 683
183 684
183 685
183 686
183 687
183 688
183 765
183 779
183 827
183 832
183 853
183 859
183 977
183 985
183 993
183 994
183 1063
183 1064
183 1065
183 1066
183 1067
183 1068
183 1069
183 1070
183 1071
183 1077
183 1078
183 1079
183 1197
183 1198
183 1199
183 1200
183 1201
184 45
184 63
184 199
184 200
184 253
184 261
184 333
184 359
184 365
184 430
184 431
184 432
184 433
184 434
184 435
184 436
184 437
184 438
184 439
184 440
184 441
184 442
184 443
184 444
184 445
184 446
184 447
184 448
184 449
184 450
184 451
184 452
184 453
184 454
184 455
184 456
184 479
184 480
184 481
184 482
184 483
184 484
184 489
184 490
184 495
184 496
184 497
184 498
184 499
184 500
184 503
184 504
184 505
184 506
184 517
184 518
184 525
184 527
184 530
184 541
184 556
184 560
184 564
184 580
184 583
184 588
184 592
184 603
184 604
184 605
184 606
184 607
184 608
184 609
184 610
184 611
184 612
184 613
184 614
184 615
184 616
184 617
184 618
184 619
184 620
184 621
184 622
184 623
184 624
184 625
184 626
184 627
184 628
184 629
184 704
184 705
184 765
184 779
184 827
184 832
184 853
184 859
184 977
184 985
184 991
184 992
184 1058
184 1072
184 1073
184 1074
184 1075
184 1076
184 1202
184 1203
184 1204
184 1205
184 1206
184 1207
185 45
185 63
185 197
185 198
185 201
185 253
185 261
185 334
185 360
185 366
185 428
185 429
185 457
185 474
185 475
185 476
185 477
185 478
185 491
185 492
185 493
185 494
185 506
185 507
185 516
185 517
185 525
185 527
185 541
185 556
185 560
185 564
185 580
185 583
185 589
185 590
185 591
185 592
185 594
185 595
185 596
185 597
185 598
185 705
185 706
185 707
185 708
185 765
185 779
185 827
185 832
185 853
185 859
185 977
185 985
185 988
185 989
185 990
185 1054
185 1055
185 1056
185 1057
185 1208
185 1209
185 1210
186 45
186 63
186 196
186 197
186 202
186 253
186 261
186 334
186 360
186 366
186 426
186 427
186 428
186 458
186 459
186 460
186 461
186 462
186 463
186 464
186 465
186 466
186 467
186 472
186 473
186 491
186 507
186 508
186 515
186 516
186 518
186 525
186 527
186 540
186 556
186 560
186 564
186 580
186 584
186 585
186 586
186 587
186 709
186 710
186 711
186 712
186 713
186 765
186 779
186 827
186 832
186 853
186 860
186 977
186 985
186 1044
186 1045
186 1046
186 1047
186 1048
186 1049
186 1050
186 1051
186 1052
186 1053
186 1071
186 1072
186 1073
186 1211
186 1212
187 45
187 63
187 196
187 203
187 253
187 261
187 334
187 360
187 366
187 414
187 415
187 416
187 417
187 418
187 419
187 420
187 421
187 422
187 423
187 424
187 425
187 450
187 451
187 468
187 469
187 470
187 471
187 491
187 508
187 515
187 519
187 525
187 527
187 541
187 542
187 543
187 544
187 545
187 546
187 547
187 548
187 549
187 550
187 551
187 552
187 553
187 554
187 555
187 556
187 558
187 560
187 564
187 581
187 582
187 583
187 714
187 715
187 716
187 765
187 779
187 827
187 832
187 853
187 860
187 977
187 985
187 1035
187 1036
187 1037
187 1038
187 1039
187 1040
187 1041
187 1042
187 1043
187 1069
187 1070
187 1213
187 1214
188 45
188 64
188 195
188 204
188 253
188 261
188 334
188 360
188 366
188 413
188 449
188 450
188 471
188 490
188 509
188 511
188 512
188 513
188 519
188 525
188 528
188 529
188 535
188 536
188 537
188 538
188 539
188 561
188 562
188 563
188 564
188 566
188 567
188 568
188 569
188 570
188 571
188 572
188 573
188 574
188 575
188 579
188 717
188 718
188 765
188 780
188 827
188 832
188 853
188 860
188 977
188 985
188 1030
188 1031
188 1032
188 1033
188 1034
188 1068
188 1069
188 1215
188 1216
189 45
189 64
189 195
189 204
189 253
189 261
189 334
189 360
189 366
189 396
189 397
189 398
189 400
189 401
189 402
189 403
189 404
189 405
189 406
189 407
189 408
189 409
189 410
189 411
189 412
189 413
189 414
189 415
189 416
189 417
189 418
189 419
189 420
189 421
189 422
189 448
189 449
189 473
189 474
189 488
189 489
189 510
189 514
189 519
189 525
189 531
189 532
189 533
189 534
189 576
189 577
189 578
189 718
189 719
189 765
189 780
189 827
189 832
189 853
189 860
189 977
189 985
189 1028
189 1029
189 1068
189 1216
189 1217
190 45
190 54
190 55
190 56
190 64
190 194
190 205
190 253
190 261
190 334
190 360
190 366
190 373
190 374
190 375
190 376
190 377
190 378
190 392
190 393
190 394
190 395
190 400
190 423
190 424
190 448
190 474
190 475
190 487
190 488
190 509
190 514
190 520
190 521
190 522
190 523
190 524
190 525
190 577
190 719
190 720
190 766
190 780
190 827
190 832
190 853
190 860
190 976
190 977
190 985
190 1027
190 1028
190 1067
190 1217
190 1218
191 46
191 47
191 48
191 49
191 50
191 51
191 52
191 53
191 57
191 64
191 193
191 194
191 205
191 253
191 261
191 335
191 336
191 337
191 338
191 339
191 340
191 361
191 362
191 363
191 364
191 365
191 366
191 367
191 368
191 369
191 370
191 371
191 372
191 379
191 380
191 390
191 391
191 399
191 400
191 424
191 425
191 447
191 476
191 477
191 486
191 487
191 509
191 515
191 516
191 517
191 518
191 519
191 577
191 720
191 721
191 766
191 780
191 827
191 832
191 853
191 860
191 974
191 975
191 977
191 985
191 1026
191 1027
191 1065
191 1066
191 1219
191 1220
192 57
192 64
192 193
192 206
192 253
192 261
192 334
192 341
192 342
192 358
192 359
192 360
192 361
192 380
192 388
192 389
192 398
192 399
192 425
192 426
192 446
192 447
192 477
192 486
192 509
192 512
192 513
192 576
192 721
192 722
192 766
192 780
192 827
192 832
192 853
192 860
192 972
192 973
192 977
192 985
192 1025
192 1026
192 1065
192 1220
192 1221
193 57
193 64
193 192
193 206
193 253
193 261
193 333
193 343
193 356
193 357
193 381
193 387
193 388
193 398
193 427
193 428
193 444
193 445
193 477
193 485
193 509
193 576
193 722
193 723
193 766
193 780
193 827
193 832
193 853
193 860
193 970
193 971
193 977
193 985
193 1024
193 1025
193 1064
193 1221
193 1222
194 58
194 64
194 192
194 194
194 195
194 196
194 207
194 253
194 262
194 333
194 344
194 354
194 355
194 381
194 382
194 385
194 386
194 397
194 428
194 429
194 443
194 444
194 477
194 483
194 509
194 575
194 723
194 766
194 780
194 827
194 832
194 853
194 860
194 968
194 969
194 977
194 985
194 1021
194 1022
194 1023
194 1024
194 1063
194 1222
194 1223
195 58
195 64
195 197
195 198
195 200
195 203
195 204
195 205
195 253
195 262
195 333
195 344
195 353
195 354
195 382
195 383
195 384
195 396
195 397
195 429
195 430
195 442
195 443
195 478
195 479
195 480
195 481
195 482
195 484
195 485
195 508
195 575
195 724
195 766
195 780
195 827
195 831
195 853
195 860
195 966
195 967
195 977
195 985
195 1017
195 1018
195 1019
195 1020
195 1062
195 1224
195 1225
196 58
196 64
196 197
196 201
196 253
196 262
196 333
196 344
196 353
196 383
196 395
196 396
196 430
196 442
196 478
196 504
196 505
196 508
196 575
196 724
196 766
196 780
196 827
196 831
196 853
196 860
196 964
196 965
196 977
196 986
196 1015
196 1016
196 1062
196 1225
196 1226
197 58
197 64
197 197
197 201
197 253
197 262
197 333
197 344
197 352
197 384
197 394
197 395
197 430
197 441
197 506
197 507
197 508
197 574
197 725
197 766
197 780
197 827
197 831
197 853
197 860
197 963
197 977
197 986
197 1015
197 1061
197 1226
197 1227
198 58
198 64
198 195
198 196
198 197
198 201
198 253
198 263
198 264
198 344
198 350
198 351
198 352
198 384
198 393
198 394
198 430
198 441
198 574
198 725
198 766
198 780
198 827
198 831
198 853
198 860
198 962
198 977
198 986
198 1014
198 1061
198 1228
198 1229
199 58
199 64
199 186
199 187
199 188
199 189
199 190
199 191
199 192
199 193
199 194
199 197
199 202
199 203
199 204
199 263
199 265
199 345
199 346
199 347
199 348
199 349
199 385
199 391
199 392
199 430
199 440
199 507
199 573
199 725
199 766
199 780
199 827
199 831
199 853
199 860
199 962
199 977
199 986
199 1011
199 1012
199 1013
199 1014
199 1061
199 1229
199 1230
199 1231
199 1232
199 1233
199 1234
199 1235
200 58
200 64
200 184
200 185
200 197
200 202
200 205
200 206
200 244
200 245
200 246
200 247
200 248
200 249
200 250
200 251
200 252
200 253
200 262
200 385
200 390
200 391
200 430
200 440
200 506
200 572
200 726
200 766
200 780
200 827
200 831
200 853
200 860
200 961
200 977
200 986
200 1003
200 1004
200 1005
200 1006
200 1007
200 1008
200 1009
200 1010
200 1060
200 1236
200 1237
201 58
201 64
201 182
201 183
201 197
201 201
201 206
201 207
201 226
201 227
201 228
201 229
201 230
201 231
201 232
201 233
201 234
201 235
201 236
201 237
201 238
201 239
201 240
201 241
201 242
201 243
201 253
201 262
201 341
201 342
201 343
201 344
201 349
201 385
201 389
201 390
201 430
201 505
201 571
201 726
201 766
201 780
201 827
201 831
201 853
201 860
201 961
201 977
201 986
201 995
201 996
201 997
201 998
201 999
201 1000
201 1001
201 1002
201 1060
201 1238
201 1239
201 1240
201 1241
202 58
202 65
202 182
202 197
202 201
202 208
202 209
202 219
202 220
202 221
202 222
202 223
202 224
202 225
202 253
202 262
202 347
202 385
202 389
202 504
202 571
202 727
202 766
202 780
202 827
202 831
202 853
202 860
202 961
202 977
202 986
202 989
202 990
202 991
202 992
202 993
202 994
202 1059
202 1242
202 1243
202 1244
203 58
203 65
203 181
203 197
203 201
203 209
203 210
203 218
203 253
203 262
203 346
203 385
203 388
203 504
203 571
203 727
203 766
203 780
203 827
203 831
203 853
203 860
203 961
203 977
203 986
203 1059
203 1245
203 1246
203 1247
204 58
204 65
204 181
204 197
204 201
204 210
204 217
204 253
204 262
204 345
204 385
204 388
204 503
204 570
204 727
204 766
204 780
204 827
204 831
204 853
204 860
204 960
204 977
204 986
204 1059
204 1248
204 1249
204 1250
204 1251
204 1252
205 58
205 65
205 210
205 217
205 253
205 262
205 345
205 385
205 502
205 503
205 570
205 728
205 766
205 780
205 827
205 831
205 853
205 860
205 960
205 977
205 986
205 1058
205 1253
205 1254
205 1255
205 1256
206 0
206 1
206 2
206 3
206 4
206 5
206 6
206 7
206 8
206 9
206 10
206 11
206 12
206 13
206 14
206 15
206 16
206 58
206 65
206 210
206 218
206 254
206 262
206 345
206 502
206 569
206 728
206 766
206 780
206 827
206 831
206 853
206 860
206 960
206 977
206 986
206 1058
206 1257
206 1258
207 17
207 18
207 19
207 20
207 21
207 58
207 65
207 211
207 218
207 254
207 262
207 501
207 569
207 729
207 766
207 780
207 827
207 831
207 853
207 860
207 960
207 977
207 986
207 1058
207 1258
208 22
208 23
208 58
208 65
208 211
208 218
208 254
208 262
208 501
208 569
208 729
208 766
208 780
208 827
208 831
208 853
208 860
208 977
208 986
208 1057
208 1259
209 24
209 25
209 26
209 58
209 65
209 211
209 218
209 254
209 262
209 500
209 568
209 729
209 766
209 780
209 808
209 809
209 810
209 811
209 812
209 813
209 814
209 815
209 816
209 817
209 818
209 819
209 820
209 821
209 822
209 823
209 824
209 825
209 826
209 827
209 829
209 830
209 832
209 833
209 834
209 835
209 836
209 837
209 838
209 839
209 840
209 841
209 842
209 843
209 853
209 860
209 977
209 986
209 1057
209 1259
210 27
210 28
210 58
210 65
210 212
210 218
210 254
210 262
210 500
210 568
210 730
210 766
210 780
210 807
210 844
210 853
210 860
210 977
210 986
210 1057
210 1260
211 29
211 30
211 31
211 58
211 65
211 208
211 212
211 218
211 254
211 263
211 499
211 567
211 730
211 766
211 780
211 806
211 844
211 853
211 860
211 977
211 986
211 1057
211 1260
211 1261
212 32
212 33
212 34
212 58
212 65
212 208
212 209
212 211
212 218
212 254
212 263
212 499
212 567
212 731
212 766
212 780
212 806
212 844
212 853
212 860
212 977
212 986
212 1056
212 1261
213 35
213 58
213 65
213 211
213 498
213 567
213 731
213 766
213 780
213 806
213 844
213 853
213 860
213 977
213 986
213 1056
213 1261
214 36
214 37
214 58
214 65
214 211
214 498
214 566
214 731
214 766
214 780
214 806
214 844
214 853
214 860
214 974
214 975
214 976
214 977
214 986
214 1055
214 1262
215 38
215 39
215 58
215 65
215 498
215 566
215 731
215 766
215 780
215 806
215 844
215 977
215 986
215 1055
215 1263
215 1264
216 40
216 41
216 42
216 58
216 65
216 497
216 566
216 732
216 766
216 780
216 806
216 844
216 977
216 986
216 1055
216 1265
216 1266
217 43
217 44
217 58
217 66
217 497
217 565
217 732
217 766
217 780
217 806
217 844
217 977
217 987
217 988
217 1052
217 1053
217 1054
217 1055
217 1267
218 45
218 46
218 58
218 66
218 496
218 565
218 733
218 766
218 780
218 804
218 805
218 806
218 844
218 977
218 987
218 1278
218 1279
219 47
219 48
219 49
219 50
219 51
219 52
219 53
219 58
219 66
219 496
219 564
219 733
219 766
219 780
219 844
219 974
219 975
219 976
219 977
219 987
219 988
219 1052
219 1053
219 1054
219 1268
219 1269
220 54
220 58
220 66
220 495
220 564
220 733
220 766
220 780
220 806
220 845
220 989
220 1055
220 1268
221 54
221 55
221 66
221 495
221 564
221 734
221 766
221 780
221 806
221 977
221 987
221 1055
221 1268
222 56
222 57
222 58
222 59
222 60
222 61
222 66
222 495
222 563
222 734
222 766
222 780
222 806
222 844
222 977
222 987
222 1055
222 1268
223 62
223 63
223 64
223 495
223 563
223 734
223 766
223 780
223 806
223 844
223 977
223 987
223 1055
223 1268
224 65
224 66
224 67
224 68
224 69
224 495
224 562
224 735
224 766
224 780
224 806
224 844
224 977
224 987
224 1055
224 1268
225 70
225 71
225 72
225 496
225 562
225 735
225 766
225 780
225 806
225 844
225 978
225 987
225 1055
225 1268
226 73
226 74
226 75
226 76
226 77
226 496
226 562
226 736
226 766
226 780
226 806
226 844
226 978
226 987
226 1055
226 1268
227 496
227 561
227 736
227 766
227 781
227 806
227 978
227 987
227 1268
228 561
228 736
228 766
228 781
228 804
228 805
228 845
228 975
228 976
228 977
228 989
228 990
228 1268
229 78
229 79
229 560
229 737
229 767
229 781
229 806
229 844
229 978
229 988
229 1269
229 1278
229 1279
230 80
230 81
230 560
230 737
230 767
230 781
230 806
230 844
230 978
230 987
231 81
231 82
231 560
231 737
231 767
231 781
231 806
231 844
231 978
231 987
231 1268
232 82
232 83
232 559
232 738
232 767
232 781
232 806
232 844
232 978
232 987
232 1268
233 83
233 559
233 738
233 767
233 781
233 806
233 844
233 978
233 987
234 84
234 558
234 739
234 767
234 781
234 806
234 844
234 978
234 987
235 84
235 85
235 558
235 739
235 767
235 781
235 806
235 844
235 978
235 987
236 85
236 555
236 739
236 767
236 781
236 806
236 845
236 978
236 987
237 85
237 556
237 558
237 740
237 767
237 806
237 845
237 978
237 987
238 85
238 740
238 806
238 845
238 978
238 987
239 85
239 556
239 740
239 806
239 845
239 978
239 987
240 86
240 556
240 741
240 806
240 845
240 978
240 988
241 86
241 555
241 742
241 806
241 845
241 978
241 988
242 86
242 555
242 743
242 806
242 845
242 978
242 988
243 86
243 555
243 743
243 806
243 845
244 554
244 743
244 806
244 845
245 554
245 744
245 806
245 845
246 553
246 744
246 806
246 845
247 553
247 745
247 806
247 845
248 553
248 745
248 806
248 845
249 552
249 745
249 806
249 845
250 552
250 746
250 806
250 845
251 552
251 746
251 806
251 845
252 551
252 746
252 806
252 845
253 551
253 747
253 806
253 845
254 550
254 747
254 806
254 845
255 550
255 748
255 806
255 845
256 550
256 748
256 806
256 845
257 549
257 748
257 806
257 845
258 549
258 748
258 806
258 845
259 547
259 548
259 749
259 806
259 845
260 547
260 749
261 546
261 749
262 546
262 750
263 546
263 750
264 546
264 751
265 545
265 751
266 545
266 751
267 545
267 751
268 545
268 752
269 545
269 752
270 545
270 752
271 545
271 752
272 545
272 752
273 545
273 753
274 545
274 753
275 545
275 753
276 545
276 753
277 545
277 753
278 545
278 754
279 545
279 754
280 545
280 754
281 545
281 754
282 544
282 754
283 544
283 755
284 544
284 755
285 544
285 755
286 544
286 755
287 544
287 755
288 544
288 755
289 543
289 755
290 543
290 756
291 543
291 756
292 543
292 756
293 543
293 756
294 543
294 756
295 543
295 756
296 543
296 756
297 543
297 756
298 543
298 756
299 543
299 756
300 543
300 756
301 543
301 757
302 543
302 757
303 543
303 757
304 543
304 757
305 543
305 757
306 543
306 757
307 543
307 757
308 543
308 757
309 543
309 757
310 543
310 757
311 543
311 758
312 543
312 758
313 543
313 758
314 543
314 758
315 543
315 758
316 543
316 758
317 543
317 758
318 543
318 758
319 543
319 758
320 543
320 758
321 543
321 758
322 543
322 758
323 543
323 758
324 543
324 758
325 543
325 758
326 543
326 758
327 543
327 757
328 543
328 757
329 543
329 757
330 543
330 757
331 543
331 757
332 543
332 757
333 543
333 757
334 543
334 757
335 543
335 757
336 543
336 757
337 543
337 757
338 543
338 756
339 543
339 756
340 543
340 756
341 543
341 756
342 543
342 756
343 543
343 756
344 543
344 755
345 755
346 755
347 755
382 553
382 554
382 555
382 569
382 570
382 571
382 719
382 747
383 556
383 568
383 719
383 746
