0 161
0 263
0 283
0 312
0 360
0 385
0 394
0 780
0 926
0 1020
1 161
1 263
1 284
1 312
1 361
1 385
1 394
1 780
1 879
1 926
1 1020
2 161
2 263
2 284
2 311
2 312
2 361
2 385
2 394
2 779
2 780
2 878
2 926
2 1020
3 161
3 263
3 285
3 286
3 287
3 311
3 362
3 385
3 394
3 778
3 779
3 877
3 926
3 1020
4 161
4 263
4 288
4 289
4 310
4 363
4 385
4 394
4 778
4 876
4 926
4 1020
5 161
5 263
5 289
5 310
5 363
5 385
5 394
5 777
5 875
5 926
5 1020
6 161
6 263
6 289
6 310
6 363
6 385
6 394
6 776
6 777
6 873
6 874
6 926
6 1020
7 161
7 263
7 289
7 308
7 309
7 310
7 364
7 385
7 394
7 775
7 776
7 872
7 926
7 1021
8 161
8 263
8 289
8 306
8 307
8 364
8 365
8 366
8 367
8 385
8 394
8 773
8 774
8 871
8 926
8 1021
9 161
9 263
9 289
9 294
9 295
9 306
9 368
9 369
9 370
9 371
9 385
9 394
9 772
9 773
9 870
9 926
9 1021
10 161
10 264
10 288
10 292
10 293
10 296
10 297
10 305
10 372
10 373
10 385
10 394
10 771
10 772
10 869
10 926
10 1021
11 161
11 264
11 291
11 292
11 297
11 305
11 373
11 385
11 395
11 770
11 771
11 868
11 926
11 1021
12 162
12 264
12 288
12 290
12 298
12 299
12 300
12 301
12 302
12 303
12 304
12 305
12 373
12 385
12 395
12 770
12 868
12 927
12 1021
13 162
13 264
13 373
13 386
13 395
13 769
13 868
13 927
13 1021
14 162
14 264
14 373
14 386
14 395
14 768
14 769
14 868
14 927
14 1021
15 162
15 264
15 373
15 386
15 395
15 767
15 768
15 868
15 927
15 1021
16 162
16 264
16 374
16 386
16 395
16 766
16 767
16 868
16 927
16 1021
17 162
17 264
17 374
17 375
17 386
17 395
17 765
17 766
17 869
17 927
17 1021
18 162
18 264
18 376
18 377
18 386
18 395
18 764
18 765
18 869
18 927
18 1021
19 162
19 264
19 377
19 378
19 386
19 395
19 764
19 869
19 927
19 1022
20 162
20 264
20 379
20 380
20 386
20 395
20 763
20 869
20 927
20 1022
21 162
21 264
21 380
21 381
21 386
21 395
21 762
21 763
21 869
21 927
21 1022
22 162
22 264
22 381
22 386
22 395
22 761
22 762
22 868
22 927
22 1022
23 162
23 264
23 381
23 386
23 395
23 761
23 867
23 927
23 1022
24 162
24 264
24 381
24 386
24 395
24 761
24 762
24 867
24 927
24 1022
25 162
25 264
25 381
25 386
25 395
25 762
25 763
25 866
25 927
25 1022
26 162
26 264
26 381
26 386
26 395
26 763
26 764
26 765
26 865
26 927
26 1022
27 162
27 264
27 381
27 386
27 395
27 766
27 767
27 864
27 927
27 1022
28 162
28 264
28 381
28 386
28 395
28 768
28 863
28 927
28 1022
29 162
29 264
29 382
29 386
29 395
29 768
29 862
29 927
29 1022
30 162
30 265
30 382
30 383
30 386
30 395
30 768
30 862
30 927
30 1022
31 162
31 265
31 383
31 386
31 395
31 768
31 861
31 927
31 1023
32 116
32 162
32 265
32 383
32 386
32 395
32 768
32 855
32 856
32 857
32 858
32 859
32 860
32 927
32 1023
33 115
33 117
33 162
33 265
33 383
33 386
33 396
33 768
33 845
33 846
33 847
33 848
33 849
33 850
33 851
33 852
33 853
33 854
33 927
33 1023
34 114
34 117
34 163
34 265
34 384
34 386
34 396
34 768
34 839
34 840
34 841
34 842
34 843
34 844
34 927
34 1023
35 113
35 114
35 116
35 163
35 265
35 384
35 386
35 396
35 768
35 838
35 928
35 1023
36 112
36 116
36 163
36 265
36 386
36 396
36 769
36 838
36 928
36 1023
37 111
37 116
37 163
37 265
37 386
37 396
37 769
37 837
37 928
37 1023
38 111
38 116
38 163
38 265
38 387
38 396
38 769
38 836
38 928
38 1023
39 111
39 117
39 163
39 265
39 387
39 396
39 769
39 836
39 928
39 1023
40 112
40 117
40 118
40 163
40 265
40 387
40 396
40 769
40 835
40 928
40 1023
41 112
41 119
41 120
41 163
41 265
41 387
41 397
41 769
41 928
41 1023
42 112
42 121
42 163
42 265
42 387
42 397
42 769
42 928
42 1023
43 112
43 122
43 142
43 163
43 265
43 387
43 397
43 552
43 769
43 928
43 1023
44 101
44 113
44 123
44 124
44 125
44 139
44 140
44 141
44 143
44 144
44 163
44 265
44 387
44 397
44 399
44 550
44 551
44 553
44 554
44 769
44 928
44 1024
45 97
45 98
45 99
45 100
45 102
45 103
45 113
45 126
45 127
45 128
45 129
45 130
45 131
45 132
45 133
45 134
45 135
45 136
45 137
45 138
45 144
45 163
45 265
45 387
45 396
45 399
45 400
45 548
45 549
45 554
45 555
45 769
45 928
45 1024
46 82
46 83
46 84
46 93
46 94
46 95
46 96
46 103
46 104
46 113
46 141
46 142
46 143
46 144
46 163
46 265
46 387
46 396
46 400
46 401
46 526
46 542
46 543
46 544
46 545
46 546
46 547
46 555
46 556
46 769
46 928
46 1024
47 81
47 85
47 86
47 87
47 88
47 89
47 90
47 91
47 92
47 105
47 106
47 112
47 113
47 135
47 136
47 137
47 163
47 265
47 387
47 396
47 401
47 402
47 501
47 502
47 503
47 504
47 505
47 525
47 527
47 528
47 539
47 540
47 541
47 556
47 557
47 769
47 928
47 1024
48 82
48 83
48 106
48 107
48 108
48 109
48 110
48 111
48 112
48 133
48 163
48 265
48 387
48 396
48 402
48 499
48 500
48 506
48 507
48 508
48 509
48 524
48 528
48 537
48 538
48 558
48 559
48 769
48 928
48 1024
49 85
49 86
49 134
49 135
49 136
49 163
49 265
49 387
49 396
49 403
49 497
49 498
49 510
49 511
49 512
49 513
49 524
49 528
49 535
49 536
49 559
49 769
49 928
49 1024
50 86
50 87
50 88
50 89
50 136
50 137
50 163
50 265
50 387
50 396
50 403
50 496
50 514
50 515
50 516
50 524
50 529
50 530
50 531
50 532
50 533
50 534
50 535
50 559
50 769
50 928
50 1024
51 90
51 137
51 138
51 163
51 266
51 387
51 396
51 403
51 495
51 517
51 518
51 519
51 520
51 521
51 522
51 523
51 538
51 539
51 540
51 541
51 542
51 559
51 769
51 928
51 1024
52 91
52 139
52 140
52 163
52 266
52 387
52 396
52 403
52 495
52 536
52 537
52 542
52 543
52 558
52 559
52 769
52 928
52 1024
53 91
53 92
53 141
53 163
53 266
53 387
53 396
53 403
53 494
53 535
53 536
53 544
53 545
53 546
53 557
53 558
53 769
53 928
53 1024
54 92
54 141
54 163
54 266
54 387
54 396
54 403
54 495
54 513
54 514
54 515
54 516
54 534
54 535
54 547
54 548
54 549
54 550
54 551
54 552
54 553
54 554
54 555
54 556
54 557
54 769
54 928
54 1024
55 92
55 140
55 141
55 163
55 266
55 387
55 397
55 403
55 495
55 496
55 511
55 512
55 517
55 518
55 532
55 533
55 770
55 928
55 1024
56 92
56 140
56 163
56 266
56 387
56 397
56 402
56 497
56 498
56 509
56 510
56 519
56 520
56 531
56 532
56 770
56 928
56 1025
57 92
57 139
57 164
57 266
57 387
57 397
57 402
57 498
57 499
57 500
57 501
57 502
57 503
57 504
57 505
57 506
57 507
57 508
57 521
57 522
57 530
57 531
57 770
57 928
57 1025
58 92
58 138
58 139
58 164
58 266
58 293
58 294
58 295
58 296
58 387
58 397
58 401
58 523
58 524
58 526
58 527
58 528
58 529
58 770
58 929
58 1025
59 92
59 138
59 164
59 266
59 293
59 296
59 387
59 397
59 402
59 524
59 525
59 528
59 770
59 929
59 1025
60 92
60 137
60 164
60 266
60 292
60 296
60 387
60 397
60 402
60 403
60 524
60 529
60 770
60 929
60 1025
61 92
61 138
61 164
61 266
61 292
61 296
61 387
61 397
61 403
61 524
61 529
61 770
61 929
61 1025
62 91
62 138
62 164
62 266
62 292
62 296
62 387
62 397
62 403
62 524
62 529
62 770
62 929
62 1025
63 92
63 139
63 164
63 266
63 292
63 296
63 387
63 397
63 403
63 524
63 529
63 770
63 929
63 1025
64 93
64 94
64 140
64 164
64 266
64 292
64 296
64 387
64 397
64 403
64 524
64 529
64 770
64 929
64 1026
65 95
65 96
65 141
65 164
65 265
65 292
65 296
65 388
65 397
65 403
65 524
65 529
65 769
65 770
65 929
65 1026
66 96
66 97
66 141
66 164
66 265
66 292
66 296
66 388
66 397
66 403
66 525
66 529
66 768
66 769
66 929
66 1026
67 97
67 98
67 140
67 141
67 164
67 264
67 292
67 296
67 388
67 397
67 402
67 403
67 525
67 529
67 767
67 768
67 929
67 1026
68 98
68 139
68 140
68 164
68 247
68 248
68 249
68 250
68 251
68 252
68 253
68 254
68 255
68 256
68 257
68 258
68 259
68 260
68 261
68 262
68 263
68 292
68 296
68 388
68 398
68 399
68 400
68 401
68 525
68 529
68 766
68 767
68 929
68 1025
69 98
69 138
69 139
69 165
69 217
69 218
69 219
69 220
69 221
69 222
69 223
69 226
69 227
69 228
69 229
69 230
69 231
69 232
69 233
69 234
69 235
69 236
69 237
69 238
69 239
69 240
69 241
69 242
69 243
69 244
69 245
69 246
69 292
69 296
69 388
69 398
69 525
69 529
69 765
69 766
69 929
69 1011
69 1012
69 1013
69 1014
69 1015
69 1016
69 1017
69 1018
69 1019
69 1020
69 1021
69 1022
69 1023
69 1024
70 98
70 137
70 138
70 165
70 166
70 187
70 188
70 189
70 190
70 191
70 192
70 193
70 194
70 195
70 196
70 197
70 198
70 199
70 200
70 201
70 202
70 203
70 204
70 205
70 206
70 207
70 208
70 209
70 210
70 211
70 212
70 215
70 216
70 224
70 292
70 297
70 388
70 398
70 399
70 400
70 401
70 402
70 403
70 404
70 405
70 406
70 407
70 408
70 409
70 410
70 411
70 412
70 413
70 414
70 415
70 416
70 417
70 418
70 525
70 529
70 764
70 765
70 930
70 991
70 992
70 993
70 994
70 995
70 996
70 997
70 998
70 999
70 1000
70 1001
70 1002
70 1003
70 1004
70 1005
70 1006
70 1007
70 1008
70 1009
70 1010
71 97
71 98
71 136
71 139
71 166
71 167
71 168
71 169
71 170
71 171
71 172
71 173
71 174
71 175
71 176
71 177
71 178
71 179
71 180
71 181
71 182
71 183
71 184
71 185
71 186
71 214
71 224
71 292
71 297
71 388
71 397
71 419
71 420
71 421
71 422
71 423
71 424
71 425
71 426
71 427
71 428
71 429
71 430
71 525
71 529
71 763
71 764
71 930
71 931
71 971
71 972
71 973
71 974
71 975
71 976
71 977
71 978
71 979
71 982
71 983
71 984
71 985
71 986
71 987
71 988
71 989
71 990
72 96
72 136
72 140
72 141
72 142
72 143
72 213
72 224
72 292
72 297
72 388
72 397
72 431
72 432
72 525
72 530
72 762
72 763
72 931
72 932
72 950
72 951
72 952
72 953
72 954
72 955
72 956
72 957
72 958
72 959
72 960
72 961
72 962
72 963
72 964
72 965
72 966
72 967
72 968
72 969
72 970
72 980
72 981
73 95
73 144
73 145
73 146
73 147
73 213
73 224
73 293
73 297
73 388
73 397
73 433
73 434
73 435
73 436
73 437
73 438
73 439
73 440
73 441
73 525
73 530
73 761
73 762
73 933
73 934
73 935
73 936
73 937
73 938
73 939
73 940
73 941
73 942
73 943
73 944
73 945
73 946
73 947
73 948
73 949
73 980
74 95
74 134
74 135
74 148
74 149
74 150
74 151
74 213
74 225
74 293
74 297
74 388
74 397
74 442
74 443
74 444
74 445
74 446
74 447
74 448
74 449
74 450
74 451
74 525
74 530
74 760
74 761
74 969
74 980
75 95
75 133
75 152
75 153
75 154
75 155
75 156
75 213
75 225
75 293
75 297
75 388
75 397
75 452
75 453
75 454
75 455
75 456
75 457
75 525
75 530
75 759
75 760
75 969
75 980
76 95
76 123
76 124
76 125
76 126
76 127
76 128
76 129
76 130
76 131
76 132
76 133
76 135
76 141
76 157
76 158
76 159
76 160
76 214
76 225
76 293
76 297
76 388
76 398
76 458
76 459
76 460
76 525
76 530
76 759
76 969
76 980
77 95
77 122
77 136
77 137
77 138
77 139
77 140
77 142
77 143
77 144
77 145
77 161
77 162
77 163
77 164
77 214
77 225
77 293
77 297
77 388
77 398
77 461
77 462
77 463
77 464
77 465
77 466
77 467
77 468
77 469
77 470
77 471
77 472
77 473
77 474
77 475
77 476
77 477
77 478
77 479
77 480
77 481
77 525
77 530
77 758
77 969
77 980
78 95
78 97
78 121
78 146
78 147
78 148
78 165
78 166
78 167
78 168
78 169
78 214
78 225
78 293
78 297
78 388
78 398
78 482
78 483
78 525
78 530
78 757
78 758
78 969
78 980
79 98
79 99
79 121
79 142
79 149
79 150
79 151
79 152
79 170
79 171
79 172
79 173
79 214
79 225
79 293
79 297
79 388
79 398
79 484
79 485
79 486
79 487
79 488
79 489
79 525
79 530
79 756
79 757
79 969
79 980
80 99
80 121
80 145
80 153
80 154
80 155
80 174
80 175
80 176
80 177
80 214
80 225
80 293
80 297
80 388
80 398
80 490
80 491
80 525
80 530
80 755
80 756
80 969
80 980
81 99
81 121
81 147
81 156
81 157
81 158
81 159
81 178
81 179
81 180
81 214
81 225
81 293
81 297
81 388
81 398
81 410
81 411
81 412
81 413
81 414
81 415
81 416
81 417
81 418
81 492
81 493
81 494
81 503
81 504
81 505
81 506
81 507
81 525
81 530
81 754
81 755
81 969
81 980
82 99
82 121
82 147
82 160
82 161
82 162
82 163
82 181
82 182
82 183
82 184
82 214
82 225
82 293
82 297
82 388
82 399
82 400
82 401
82 402
82 403
82 404
82 405
82 406
82 407
82 408
82 409
82 419
82 420
82 495
82 496
82 497
82 498
82 499
82 500
82 501
82 502
82 508
82 509
82 525
82 530
82 753
82 754
82 969
82 980
82 1208
82 1209
82 1210
83 99
83 121
83 147
83 164
83 165
83 166
83 185
83 186
83 187
83 214
83 225
83 293
83 297
83 374
83 375
83 376
83 377
83 378
83 379
83 380
83 381
83 382
83 383
83 384
83 385
83 386
83 388
83 399
83 420
83 510
83 511
83 512
83 513
83 514
83 515
83 516
83 517
83 518
83 525
83 530
83 752
83 753
83 969
83 980
83 1206
83 1207
83 1211
84 99
84 121
84 147
84 167
84 168
84 169
84 170
84 171
84 188
84 189
84 190
84 214
84 225
84 293
84 297
84 372
84 373
84 388
84 398
84 420
84 519
84 520
84 521
84 522
84 526
84 530
84 730
84 731
84 732
84 733
84 746
84 751
84 752
84 969
84 980
84 1206
84 1211
85 99
85 121
85 147
85 172
85 191
85 214
85 225
85 293
85 297
85 372
85 388
85 398
85 420
85 523
85 526
85 530
85 729
85 733
85 745
85 747
85 751
85 969
85 980
85 1205
85 1211
86 99
86 121
86 147
86 173
86 174
86 192
86 193
86 194
86 214
86 225
86 293
86 297
86 371
86 388
86 398
86 420
86 524
86 526
86 530
86 728
86 733
86 741
86 742
86 743
86 744
86 747
86 750
86 969
86 981
86 1205
86 1211
87 100
87 121
87 147
87 175
87 176
87 177
87 178
87 195
87 196
87 197
87 214
87 225
87 293
87 297
87 371
87 388
87 398
87 420
87 526
87 531
87 728
87 734
87 740
87 747
87 749
87 750
87 969
87 981
87 1205
87 1211
88 100
88 121
88 147
88 179
88 180
88 181
88 198
88 199
88 200
88 214
88 225
88 293
88 297
88 371
88 388
88 398
88 420
88 526
88 531
88 533
88 534
88 535
88 728
88 734
88 740
88 747
88 749
88 969
88 981
88 1205
88 1211
89 101
89 121
89 147
89 182
89 183
89 184
89 185
89 201
89 202
89 203
89 204
89 205
89 214
89 225
89 293
89 297
89 371
89 388
89 398
89 420
89 526
89 531
89 536
89 537
89 538
89 727
89 735
89 736
89 737
89 740
89 969
89 981
89 1204
89 1212
89 1213
90 102
90 121
90 147
90 186
90 187
90 188
90 206
90 207
90 208
90 214
90 225
90 293
90 297
90 371
90 388
90 398
90 420
90 526
90 530
90 539
90 540
90 728
90 734
90 738
90 740
90 969
90 981
90 1203
90 1204
90 1214
90 1215
91 103
91 121
91 147
91 189
91 190
91 191
91 192
91 209
91 210
91 211
91 214
91 225
91 293
91 297
91 371
91 389
91 398
91 420
91 526
91 530
91 541
91 542
91 728
91 733
91 738
91 740
91 970
91 981
91 1201
91 1202
91 1215
91 1216
92 104
92 105
92 121
92 147
92 193
92 194
92 195
92 212
92 213
92 214
92 225
92 293
92 297
92 371
92 389
92 398
92 420
92 526
92 530
92 543
92 544
92 545
92 728
92 733
92 970
92 981
92 1200
92 1201
92 1217
92 1218
93 106
93 107
93 121
93 147
93 196
93 197
93 198
93 199
93 225
93 293
93 298
93 371
93 389
93 398
93 420
93 526
93 531
93 546
93 547
93 548
93 727
93 733
93 970
93 981
93 1199
93 1200
93 1218
93 1219
94 108
94 121
94 147
94 200
94 201
94 202
94 203
94 225
94 293
94 298
94 371
94 389
94 398
94 420
94 526
94 531
94 549
94 550
94 727
94 734
94 738
94 970
94 981
94 1198
94 1199
94 1220
94 1221
95 108
95 121
95 147
95 204
95 205
95 206
95 207
95 226
95 293
95 298
95 371
95 389
95 398
95 420
95 526
95 531
95 551
95 552
95 727
95 734
95 736
95 737
95 739
95 740
95 741
95 742
95 743
95 970
95 981
95 1196
95 1197
95 1221
95 1222
96 108
96 121
96 147
96 208
96 209
96 210
96 211
96 226
96 227
96 228
96 294
96 298
96 371
96 389
96 398
96 420
96 526
96 531
96 553
96 554
96 726
96 727
96 734
96 736
96 744
96 745
96 970
96 981
96 1195
96 1196
96 1222
97 107
97 108
97 121
97 147
97 212
97 213
97 229
97 230
97 294
97 298
97 371
97 389
97 398
97 420
97 526
97 531
97 555
97 556
97 557
97 558
97 724
97 725
97 745
97 970
97 981
97 1195
97 1222
98 104
98 105
98 106
98 121
98 147
98 214
98 231
98 232
98 294
98 298
98 371
98 389
98 398
98 420
98 526
98 531
98 559
98 560
98 561
98 562
98 724
98 745
98 970
98 981
98 1194
98 1221
98 1222
99 14
99 15
99 16
99 102
99 103
99 121
99 147
99 214
99 232
99 233
99 294
99 298
99 371
99 389
99 399
99 420
99 526
99 531
99 563
99 564
99 723
99 745
99 970
99 981
99 1195
99 1221
100 12
100 13
100 17
100 28
100 29
100 30
100 31
100 32
100 33
100 34
100 35
100 36
100 37
100 101
100 121
100 147
100 214
100 226
100 233
100 234
100 294
100 298
100 371
100 389
100 399
100 420
100 526
100 531
100 564
100 720
100 723
100 745
100 970
100 981
100 1196
100 1220
101 11
101 12
101 18
101 20
101 21
101 22
101 23
101 24
101 25
101 26
101 27
101 38
101 101
101 122
101 147
101 214
101 225
101 227
101 228
101 234
101 235
101 294
101 298
101 371
101 389
101 399
101 420
101 526
101 531
101 565
101 719
101 721
101 722
101 746
101 970
101 981
101 1197
101 1220
102 0
102 1
102 2
102 3
102 4
102 5
102 6
102 7
102 8
102 9
102 10
102 18
102 19
102 38
102 102
102 122
102 123
102 147
102 214
102 226
102 227
102 229
102 230
102 236
102 237
102 294
102 298
102 371
102 389
102 399
102 420
102 526
102 531
102 565
102 566
102 718
102 722
102 746
102 970
102 982
102 1197
102 1219
103 9
103 18
103 38
103 102
103 123
103 124
103 147
103 214
103 226
103 231
103 237
103 238
103 294
103 298
103 371
103 389
103 399
103 420
103 527
103 531
103 567
103 568
103 569
103 570
103 571
103 572
103 573
103 574
103 575
103 576
103 577
103 718
103 746
103 970
103 982
103 1197
103 1219
104 9
104 18
104 38
104 102
104 124
104 126
104 127
104 147
104 214
104 226
104 232
104 238
104 239
104 294
104 298
104 371
104 389
104 399
104 420
104 527
104 531
104 578
104 579
104 704
104 705
104 706
104 707
104 718
104 747
104 970
104 982
104 1197
104 1219
105 9
105 18
105 38
105 100
105 101
105 124
105 128
105 129
105 130
105 131
105 132
105 133
105 134
105 135
105 147
105 215
105 226
105 232
105 233
105 239
105 294
105 298
105 371
105 389
105 399
105 421
105 436
105 437
105 527
105 531
105 580
105 581
105 704
105 708
105 718
105 747
105 748
105 749
105 750
105 751
105 970
105 982
105 1198
105 1218
106 9
106 18
106 38
106 67
106 79
106 80
106 99
106 100
106 124
106 136
106 137
106 138
106 139
106 140
106 141
106 147
106 215
106 226
106 233
106 234
106 240
106 294
106 298
106 371
106 389
106 399
106 421
106 434
106 435
106 438
106 527
106 531
106 582
106 583
106 703
106 709
106 718
106 752
106 753
106 970
106 982
106 1198
106 1218
107 9
107 18
107 38
107 65
107 66
107 68
107 69
107 76
107 77
107 78
107 81
107 82
107 83
107 84
107 85
107 86
107 98
107 99
107 123
107 142
107 143
107 144
107 145
107 146
107 147
107 215
107 226
107 234
107 235
107 240
107 241
107 294
107 298
107 371
107 389
107 399
107 421
107 433
107 434
107 439
107 527
107 531
107 584
107 585
107 586
107 703
107 709
107 714
107 715
107 716
107 753
107 970
107 982
107 1198
107 1218
108 9
108 18
108 38
108 64
108 70
108 71
108 72
108 73
108 74
108 75
108 87
108 88
108 97
108 98
108 123
108 215
108 226
108 236
108 241
108 294
108 298
108 372
108 389
108 399
108 421
108 432
108 433
108 440
108 441
108 527
108 531
108 587
108 588
108 589
108 590
108 591
108 703
108 709
108 713
108 753
108 970
108 982
108 1198
108 1217
109 9
109 18
109 38
109 64
109 88
109 89
109 94
109 95
109 96
109 123
109 215
109 226
109 237
109 242
109 294
109 298
109 372
109 389
109 399
109 421
109 431
109 432
109 442
109 443
109 527
109 531
109 592
109 593
109 703
109 709
109 712
109 753
109 970
109 982
109 1199
109 1217
110 9
110 18
110 38
110 64
110 89
110 90
110 91
110 92
110 93
110 124
110 215
110 226
110 237
110 242
110 294
110 298
110 372
110 389
110 399
110 421
110 430
110 431
110 444
110 445
110 527
110 531
110 593
110 594
110 595
110 703
110 710
110 712
110 754
110 755
110 756
110 970
110 982
110 1199
110 1216
111 9
111 18
111 39
111 65
111 124
111 215
111 226
111 237
111 243
111 294
111 298
111 372
111 389
111 399
111 421
111 429
111 430
111 445
111 446
111 527
111 531
111 596
111 597
111 598
111 703
111 710
111 711
111 757
111 758
111 971
111 982
111 1199
111 1216
112 9
112 18
112 39
112 65
112 125
112 215
112 226
112 238
112 243
112 294
112 298
112 372
112 389
112 399
112 421
112 428
112 429
112 447
112 448
112 527
112 531
112 599
112 600
112 699
112 700
112 703
112 711
112 713
112 758
112 971
112 982
112 1200
112 1216
113 9
113 18
113 39
113 66
113 125
113 215
113 226
113 238
113 244
113 294
113 298
113 372
113 389
113 399
113 421
113 426
113 427
113 449
113 450
113 527
113 532
113 601
113 602
113 697
113 698
113 701
113 711
113 713
113 759
113 971
113 982
113 1200
113 1201
113 1215
113 1216
114 9
114 18
114 39
114 66
114 126
114 215
114 226
114 238
114 244
114 294
114 298
114 372
114 389
114 399
114 421
114 425
114 426
114 450
114 451
114 527
114 532
114 603
114 604
114 697
114 711
114 712
114 713
114 759
114 971
114 982
114 1201
114 1202
114 1214
115 10
115 18
115 39
115 66
115 126
115 215
115 226
115 239
115 244
115 294
115 298
115 372
115 389
115 399
115 421
115 424
115 425
115 452
115 453
115 527
115 532
115 605
115 606
115 607
115 696
115 760
115 971
115 982
115 1202
115 1203
115 1204
115 1205
115 1206
115 1207
115 1208
115 1209
115 1210
115 1211
115 1212
115 1213
116 10
116 18
116 39
116 67
116 126
116 215
116 226
116 239
116 244
116 294
116 299
116 372
116 390
116 399
116 423
116 424
116 454
116 455
116 527
116 532
116 608
116 609
116 610
116 694
116 695
116 760
116 971
116 982
117 10
117 19
117 39
117 68
117 126
117 215
117 226
117 239
117 244
117 294
117 299
117 372
117 390
117 399
117 422
117 423
117 456
117 457
117 527
117 532
117 611
117 612
117 694
117 760
117 971
117 982
117 1202
117 1214
118 10
118 19
118 39
118 68
118 126
118 215
118 226
118 240
118 244
118 295
118 299
118 372
118 390
118 399
118 422
118 457
118 458
118 527
118 532
118 613
118 614
118 693
118 760
118 971
118 983
118 996
118 997
118 1202
118 1214
119 10
119 19
119 39
119 68
119 126
119 215
119 226
119 240
119 244
119 295
119 299
119 372
119 390
119 399
119 421
119 459
119 460
119 527
119 532
119 615
119 616
119 694
119 760
119 971
119 983
119 995
119 1202
119 1214
120 10
120 19
120 39
120 68
120 126
120 215
120 226
120 240
120 245
120 295
120 299
120 372
120 390
120 400
120 421
120 461
120 462
120 463
120 464
120 465
120 466
120 467
120 468
120 469
120 470
120 471
120 472
120 473
120 474
120 475
120 476
120 477
120 478
120 479
120 480
120 481
120 482
120 527
120 532
120 617
120 618
120 619
120 683
120 684
120 694
120 695
120 759
120 971
120 983
120 995
120 1202
120 1214
121 10
121 19
121 39
121 67
121 127
121 215
121 226
121 240
121 245
121 295
121 299
121 372
121 390
121 400
121 421
121 483
121 528
121 532
121 620
121 621
121 622
121 623
121 624
121 625
121 682
121 685
121 695
121 760
121 761
121 762
121 763
121 971
121 983
121 995
121 998
121 1202
121 1214
122 10
122 19
122 39
122 66
122 127
122 215
122 226
122 240
122 245
122 295
122 299
122 372
122 390
122 400
122 421
122 483
122 528
122 532
122 626
122 627
122 628
122 681
122 685
122 694
122 695
122 764
122 765
122 971
122 983
122 994
122 998
122 999
122 1202
122 1214
123 10
123 19
123 39
123 66
123 128
123 215
123 226
123 240
123 245
123 295
123 299
123 372
123 390
123 400
123 421
123 484
123 528
123 532
123 629
123 630
123 631
123 681
123 685
123 690
123 691
123 692
123 693
123 765
123 971
123 983
123 994
123 1000
123 1001
123 1203
123 1214
124 10
124 19
124 39
124 66
124 128
124 129
124 215
124 226
124 240
124 245
124 295
124 299
124 372
124 390
124 400
124 421
124 484
124 485
124 528
124 532
124 632
124 633
124 634
124 681
124 686
124 688
124 689
124 765
124 971
124 983
124 993
124 994
124 1001
124 1002
124 1204
124 1214
125 10
125 19
125 39
125 66
125 129
125 215
125 226
125 240
125 245
125 295
125 299
125 372
125 390
125 400
125 421
125 486
125 487
125 528
125 532
125 635
125 636
125 637
125 681
125 686
125 687
125 688
125 765
125 971
125 983
125 992
125 993
125 1002
125 1003
125 1204
125 1214
126 10
126 19
126 39
126 66
126 129
126 215
126 226
126 240
126 245
126 295
126 299
126 372
126 390
126 400
126 422
126 488
126 489
126 490
126 528
126 532
126 563
126 564
126 565
126 638
126 639
126 640
126 641
126 642
126 681
126 765
126 971
126 983
126 990
126 991
126 1003
126 1004
126 1204
126 1214
127 10
127 19
127 39
127 66
127 129
127 215
127 227
127 240
127 245
127 295
127 299
127 372
127 390
127 400
127 422
127 423
127 491
127 492
127 528
127 532
127 563
127 565
127 643
127 644
127 645
127 681
127 764
127 971
127 983
127 989
127 990
127 1004
127 1005
127 1204
127 1214
128 10
128 19
128 39
128 66
128 128
128 215
128 227
128 240
128 245
128 295
128 299
128 372
128 390
128 400
128 421
128 492
128 528
128 532
128 562
128 565
128 646
128 680
128 764
128 971
128 983
128 989
128 1005
128 1204
128 1214
129 10
129 19
129 39
129 65
129 128
129 215
129 227
129 240
129 245
129 295
129 299
129 372
129 390
129 400
129 421
129 492
129 528
129 532
129 562
129 565
129 647
129 679
129 764
129 971
129 983
129 988
129 1005
129 1204
129 1214
130 10
130 19
130 39
130 65
130 128
130 215
130 227
130 240
130 245
130 295
130 299
130 372
130 390
130 400
130 421
130 492
130 528
130 532
130 562
130 565
130 648
130 649
130 677
130 678
130 764
130 971
130 983
130 989
130 1005
130 1204
130 1214
131 10
131 19
131 39
131 66
131 67
131 68
131 69
131 70
131 71
131 127
131 215
131 227
131 240
131 245
131 295
131 299
131 372
131 390
131 401
131 402
131 403
131 404
131 405
131 408
131 409
131 410
131 411
131 412
131 413
131 414
131 415
131 416
131 417
131 418
131 420
131 421
131 423
131 478
131 479
131 492
131 528
131 532
131 562
131 565
131 649
131 650
131 671
131 672
131 673
131 677
131 764
131 972
131 983
131 989
131 1004
131 1204
131 1214
132 10
132 19
132 40
132 72
132 73
132 127
132 215
132 227
132 240
132 245
132 295
132 299
132 373
132 378
132 379
132 380
132 381
132 382
132 383
132 384
132 385
132 386
132 387
132 388
132 389
132 390
132 401
132 407
132 419
132 423
132 476
132 477
132 480
132 481
132 493
132 494
132 528
132 532
132 562
132 565
132 650
132 651
132 670
132 674
132 675
132 764
132 972
132 983
132 989
132 1004
132 1204
132 1214
133 10
133 19
133 40
133 73
133 126
133 215
133 227
133 240
133 245
133 295
133 299
133 374
133 375
133 376
133 377
133 390
133 400
133 406
133 419
133 423
133 474
133 475
133 482
133 483
133 495
133 496
133 497
133 498
133 499
133 500
133 528
133 533
133 562
133 565
133 651
133 669
133 675
133 765
133 972
133 983
133 990
133 1004
133 1204
133 1214
134 10
134 19
134 40
134 73
134 126
134 216
134 227
134 240
134 245
134 295
134 299
134 390
134 400
134 407
134 419
134 423
134 471
134 472
134 473
134 484
134 485
134 501
134 502
134 503
134 504
134 505
134 506
134 507
134 508
134 509
134 510
134 528
134 533
134 562
134 565
134 652
134 669
134 765
134 766
134 972
134 983
134 990
134 1003
134 1204
134 1214
135 10
135 19
135 40
135 73
135 126
135 216
135 227
135 240
135 245
135 295
135 299
135 390
135 400
135 407
135 408
135 419
135 423
135 469
135 470
135 486
135 487
135 488
135 489
135 511
135 512
135 513
135 514
135 515
135 516
135 517
135 518
135 519
135 520
135 521
135 522
135 528
135 533
135 562
135 565
135 652
135 668
135 766
135 967
135 968
135 969
135 970
135 971
135 983
135 990
135 1003
135 1204
135 1214
135 1227
135 1228
135 1229
135 1230
135 1231
135 1232
135 1233
135 1234
135 1235
135 1236
135 1237
136 10
136 19
136 40
136 72
136 126
136 216
136 227
136 240
136 245
136 295
136 299
136 321
136 322
136 323
136 324
136 325
136 326
136 327
136 328
136 329
136 330
136 331
136 332
136 333
136 334
136 335
136 336
136 337
136 338
136 339
136 340
136 341
136 342
136 343
136 344
136 345
136 390
136 400
136 408
136 419
136 423
136 468
136 469
136 490
136 491
136 523
136 524
136 525
136 528
136 533
136 562
136 565
136 652
136 669
136 767
136 966
136 984
136 991
136 1003
136 1193
136 1194
136 1195
136 1196
136 1197
136 1198
136 1199
136 1200
136 1201
136 1202
136 1203
136 1204
136 1205
136 1213
136 1214
136 1215
136 1216
136 1217
136 1218
136 1219
136 1220
136 1221
136 1222
136 1223
136 1224
136 1225
136 1226
136 1238
137 10
137 19
137 40
137 72
137 127
137 216
137 227
137 240
137 245
137 295
137 299
137 319
137 320
137 346
137 390
137 400
137 408
137 419
137 423
137 468
137 492
137 493
137 533
137 562
137 565
137 653
137 658
137 659
137 669
137 767
137 965
137 972
137 984
137 991
137 1002
137 1177
137 1178
137 1179
137 1180
137 1181
137 1182
137 1183
137 1184
137 1185
137 1186
137 1187
137 1188
137 1189
137 1190
137 1191
137 1192
137 1205
137 1212
137 1238
138 11
138 19
138 40
138 71
138 127
138 128
138 216
138 227
138 240
138 246
138 295
138 299
138 319
138 346
138 390
138 400
138 407
138 408
138 419
138 423
138 467
138 493
138 520
138 521
138 524
138 526
138 533
138 562
138 566
138 653
138 654
138 655
138 656
138 657
138 660
138 668
138 669
138 767
138 965
138 972
138 984
138 992
138 1002
138 1176
138 1205
138 1211
138 1238
139 11
139 19
139 40
139 67
139 68
139 69
139 70
139 128
139 129
139 216
139 227
139 240
139 246
139 295
139 300
139 318
139 346
139 390
139 400
139 407
139 419
139 423
139 466
139 467
139 493
139 519
139 528
139 533
139 562
139 566
139 661
139 666
139 667
139 767
139 965
139 972
139 984
139 992
139 993
139 1002
139 1175
139 1205
139 1211
139 1238
140 11
140 19
140 40
140 63
140 64
140 65
140 66
140 130
140 131
140 132
140 133
140 134
140 135
140 136
140 137
140 138
140 139
140 140
140 141
140 142
140 216
140 227
140 241
140 246
140 295
140 300
140 318
140 346
140 390
140 400
140 406
140 419
140 423
140 466
140 494
140 519
140 529
140 533
140 562
140 566
140 662
140 663
140 664
140 665
140 766
140 965
140 972
140 984
140 994
140 995
140 996
140 997
140 998
140 1001
140 1175
140 1205
140 1211
140 1238
141 11
141 19
141 40
141 61
141 62
141 143
141 144
141 216
141 227
141 241
141 246
141 296
141 300
141 318
141 346
141 390
141 400
141 406
141 419
141 423
141 465
141 494
141 495
141 496
141 497
141 498
141 499
141 500
141 501
141 502
141 519
141 520
141 529
141 533
141 563
141 566
141 766
141 965
141 972
141 984
141 999
141 1000
141 1175
141 1205
141 1211
141 1238
142 11
142 19
142 40
142 59
142 60
142 145
142 146
142 216
142 227
142 241
142 246
142 296
142 300
142 318
142 334
142 335
142 336
142 346
142 390
142 400
142 405
142 419
142 424
142 464
142 465
142 503
142 504
142 520
142 529
142 533
142 563
142 566
142 767
142 965
142 972
142 984
142 994
142 999
142 1175
142 1205
142 1211
142 1238
143 11
143 19
143 40
143 59
143 146
143 147
143 216
143 227
143 241
143 246
143 296
143 300
143 318
143 333
143 337
143 338
143 346
143 382
143 383
143 384
143 391
143 401
143 403
143 404
143 419
143 424
143 464
143 504
143 505
143 520
143 529
143 533
143 563
143 566
143 578
143 579
143 767
143 965
143 972
143 984
143 994
143 999
143 1175
143 1205
143 1211
143 1238
144 11
144 19
144 40
144 58
144 147
144 148
144 216
144 227
144 241
144 246
144 296
144 300
144 318
144 332
144 338
144 346
144 381
144 385
144 391
144 401
144 402
144 403
144 420
144 424
144 463
144 506
144 520
144 529
144 533
144 563
144 566
144 578
144 580
144 767
144 966
144 967
144 968
144 969
144 970
144 971
144 984
144 994
144 999
144 1175
144 1205
144 1211
144 1227
144 1228
144 1229
144 1230
144 1231
144 1232
144 1233
144 1234
144 1235
144 1236
144 1237
144 1238
145 11
145 19
145 33
145 34
145 35
145 36
145 37
145 38
145 39
145 57
145 58
145 148
145 216
145 227
145 241
145 246
145 296
145 300
145 318
145 332
145 338
145 346
145 381
145 386
145 391
145 420
145 424
145 463
145 507
145 520
145 529
145 533
145 563
145 566
145 578
145 581
145 767
145 984
145 994
145 999
145 1176
145 1193
145 1194
145 1195
145 1196
145 1197
145 1198
145 1199
145 1200
145 1201
145 1202
145 1203
145 1205
145 1212
145 1213
145 1214
145 1217
145 1218
145 1219
145 1220
145 1221
145 1222
145 1223
145 1224
145 1225
145 1226
146 11
146 20
146 21
146 22
146 23
146 24
146 25
146 26
146 27
146 28
146 29
146 30
146 31
146 32
146 56
146 57
146 148
146 216
146 227
146 241
146 246
146 296
146 300
146 318
146 332
146 338
146 346
146 381
146 386
146 387
146 391
146 401
146 420
146 424
146 462
146 507
146 508
146 519
146 520
146 529
146 533
146 563
146 566
146 579
146 582
146 767
146 972
146 984
146 994
146 999
146 1176
146 1177
146 1178
146 1179
146 1180
146 1181
146 1182
146 1183
146 1184
146 1185
146 1186
146 1187
146 1188
146 1189
146 1190
146 1191
146 1192
146 1204
146 1205
146 1215
146 1216
147 9
147 10
147 11
147 20
147 54
147 55
147 148
147 216
147 227
147 241
147 246
147 296
147 300
147 318
147 332
147 338
147 346
147 382
147 387
147 388
147 391
147 401
147 420
147 424
147 462
147 509
147 510
147 517
147 518
147 529
147 533
147 563
147 566
147 609
147 610
147 611
147 612
147 613
147 767
147 972
147 984
147 994
147 999
147 1204
147 1215
148 0
148 1
148 2
148 3
148 4
148 5
148 6
148 7
148 8
148 11
148 20
148 54
148 148
148 216
148 227
148 241
148 246
148 296
148 300
148 318
148 332
148 338
148 347
148 382
148 383
148 389
148 390
148 401
148 420
148 424
148 461
148 510
148 511
148 512
148 513
148 514
148 515
148 516
148 529
148 533
148 563
148 566
148 580
148 582
148 584
148 607
148 608
148 614
148 615
148 616
148 617
148 618
148 619
148 620
148 621
148 622
148 623
148 624
148 625
148 767
148 972
148 984
148 994
148 999
148 1204
148 1215
149 11
149 20
149 57
149 58
149 59
149 149
149 216
149 227
149 241
149 246
149 296
149 300
149 318
149 332
149 338
149 347
149 383
149 384
149 390
149 391
149 401
149 420
149 424
149 459
149 460
149 529
149 533
149 563
149 566
149 605
149 606
149 626
149 627
149 628
149 629
149 630
149 631
149 632
149 633
149 634
149 635
149 636
149 637
149 638
149 639
149 640
149 641
149 766
149 972
149 984
149 994
149 999
149 1204
149 1215
150 11
150 20
150 60
150 149
150 150
150 216
150 227
150 241
150 246
150 296
150 300
150 319
150 332
150 338
150 347
150 384
150 391
150 401
150 420
150 424
150 457
150 458
150 529
150 533
150 563
150 566
150 582
150 583
150 585
150 604
150 605
150 642
150 643
150 644
150 645
150 646
150 647
150 648
150 692
150 693
150 694
150 695
150 696
150 697
150 698
150 699
150 700
150 701
150 702
150 703
150 704
150 705
150 706
150 707
150 766
150 972
150 984
150 994
150 999
150 1204
150 1215
151 11
151 20
151 60
151 151
151 152
151 216
151 227
151 241
151 246
151 296
151 300
151 319
151 332
151 338
151 347
151 384
151 391
151 401
151 420
151 424
151 457
151 529
151 533
151 563
151 566
151 583
151 586
151 603
151 604
151 614
151 615
151 616
151 617
151 642
151 649
151 691
151 708
151 766
151 973
151 984
151 994
151 999
151 1204
151 1215
152 11
152 20
152 59
152 60
152 153
152 154
152 155
152 156
152 157
152 158
152 159
152 216
152 227
152 232
152 233
152 234
152 235
152 236
152 237
152 238
152 239
152 240
152 241
152 243
152 246
152 296
152 300
152 319
152 332
152 338
152 347
152 384
152 391
152 401
152 420
152 424
152 457
152 525
152 526
152 527
152 528
152 530
152 531
152 532
152 533
152 535
152 536
152 537
152 538
152 539
152 540
152 563
152 566
152 584
152 587
152 602
152 603
152 614
152 618
152 642
152 643
152 644
152 645
152 646
152 647
152 649
152 690
152 709
152 761
152 762
152 763
152 764
152 765
152 973
152 985
152 994
152 999
152 1204
152 1215
153 11
153 20
153 59
153 160
153 216
153 228
153 230
153 231
153 244
153 246
153 296
153 300
153 319
153 332
153 338
153 347
153 384
153 391
153 401
153 420
153 424
153 457
153 458
153 523
153 524
153 541
153 542
153 563
153 566
153 585
153 601
153 602
153 613
153 618
153 641
153 642
153 647
153 649
153 690
153 709
153 760
153 973
153 985
153 994
153 999
153 1204
153 1215
154 11
154 20
154 58
154 160
154 216
154 228
154 230
154 244
154 246
154 296
154 300
154 319
154 332
154 338
154 347
154 384
154 391
154 401
154 420
154 424
154 523
154 542
154 563
154 566
154 586
154 588
154 600
154 601
154 613
154 619
154 639
154 640
154 647
154 649
154 690
154 709
154 759
154 760
154 973
154 985
154 994
154 999
154 1204
154 1215
155 3
155 4
155 5
155 6
155 11
155 20
155 58
155 161
155 173
155 216
155 228
155 230
155 244
155 246
155 296
155 300
155 319
155 332
155 338
155 347
155 384
155 391
155 401
155 420
155 424
155 455
155 456
155 522
155 542
155 563
155 566
155 587
155 589
155 600
155 612
155 619
155 639
155 690
155 709
155 757
155 758
155 973
155 985
155 994
155 999
155 1204
155 1215
156 0
156 1
156 2
156 7
156 8
156 11
156 21
156 22
156 23
156 24
156 57
156 161
156 162
156 169
156 170
156 171
156 172
156 174
156 216
156 228
156 230
156 244
156 246
156 296
156 300
156 319
156 332
156 338
156 347
156 384
156 391
156 401
156 420
156 424
156 455
156 512
156 513
156 522
156 542
156 563
156 566
156 587
156 590
156 599
156 612
156 620
156 638
156 690
156 709
156 755
156 756
156 973
156 985
156 994
156 999
156 1204
156 1215
157 8
157 11
157 25
157 26
157 56
157 57
157 163
157 164
157 165
157 166
157 167
157 168
157 174
157 216
157 228
157 230
157 244
157 246
157 296
157 300
157 319
157 332
157 338
157 347
157 383
157 391
157 401
157 420
157 424
157 454
157 522
157 542
157 563
157 566
157 588
157 591
157 597
157 611
157 620
157 621
157 639
157 690
157 709
157 755
157 973
157 985
157 995
157 1000
157 1204
157 1215
158 8
158 11
158 20
158 26
158 27
158 54
158 55
158 174
158 216
158 228
158 230
158 244
158 247
158 296
158 300
158 319
158 332
158 338
158 347
158 382
158 383
158 391
158 401
158 420
158 424
158 454
158 510
158 513
158 522
158 542
158 563
158 567
158 591
158 592
158 596
158 611
158 621
158 639
158 690
158 709
158 755
158 973
158 985
158 995
158 1000
158 1204
158 1215
159 8
159 11
159 20
159 27
159 52
159 53
159 173
159 216
159 228
159 230
159 244
159 247
159 296
159 300
159 319
159 332
159 338
159 347
159 382
159 391
159 401
159 420
159 421
159 422
159 423
159 424
159 425
159 454
159 510
159 511
159 512
159 522
159 542
159 563
159 567
159 589
159 592
159 600
159 610
159 622
159 639
159 690
159 709
159 755
159 973
159 985
159 995
159 1000
159 1152
159 1153
159 1154
159 1204
159 1215
160 8
160 12
160 20
160 27
160 49
160 50
160 51
160 169
160 170
160 171
160 172
160 216
160 228
160 230
160 244
160 247
160 296
160 300
160 319
160 332
160 338
160 347
160 382
160 391
160 401
160 414
160 415
160 416
160 417
160 418
160 419
160 420
160 426
160 427
160 454
160 522
160 542
160 563
160 567
160 590
160 593
160 595
160 597
160 598
160 600
160 601
160 610
160 622
160 639
160 690
160 709
160 755
160 973
160 985
160 995
160 1000
160 1150
160 1151
160 1155
160 1156
160 1204
160 1215
161 8
161 12
161 20
161 27
161 47
161 48
161 168
161 216
161 228
161 230
161 244
161 247
161 296
161 300
161 319
161 332
161 338
161 347
161 382
161 391
161 401
161 413
161 427
161 455
161 522
161 542
161 546
161 547
161 548
161 563
161 567
161 590
161 593
161 594
161 595
161 601
161 602
161 609
161 623
161 636
161 639
161 690
161 709
161 751
161 752
161 753
161 754
161 755
161 973
161 985
161 995
161 1000
161 1148
161 1149
161 1150
161 1157
161 1158
161 1159
161 1160
161 1161
161 1162
161 1177
161 1178
161 1179
161 1204
161 1215
162 8
162 12
162 20
162 27
162 46
162 47
162 167
162 217
162 228
162 230
162 244
162 247
162 296
162 301
162 319
162 332
162 339
162 340
162 341
162 342
162 343
162 344
162 345
162 346
162 347
162 382
162 391
162 401
162 412
162 421
162 427
162 455
162 522
162 542
162 544
162 545
162 549
162 550
162 551
162 554
162 555
162 556
162 557
162 563
162 567
162 590
162 596
162 602
162 609
162 623
162 624
162 635
162 637
162 690
162 709
162 749
162 750
162 770
162 771
162 973
162 985
162 995
162 1000
162 1146
162 1147
162 1163
162 1164
162 1165
162 1166
162 1167
162 1168
162 1175
162 1176
162 1180
162 1204
162 1215
163 11
163 12
163 20
163 28
163 45
163 46
163 167
163 217
163 228
163 244
163 247
163 297
163 301
163 320
163 321
163 322
163 323
163 324
163 325
163 326
163 327
163 328
163 329
163 330
163 331
163 332
163 339
163 382
163 391
163 401
163 412
163 418
163 421
163 427
163 456
163 508
163 509
163 510
163 511
163 512
163 513
163 514
163 515
163 516
163 517
163 518
163 522
163 542
163 544
163 550
163 552
163 553
163 558
163 563
163 567
163 591
163 596
163 603
163 608
163 624
163 634
163 638
163 690
163 709
163 749
163 769
163 770
163 772
163 773
163 774
163 973
163 985
163 995
163 1000
163 1144
163 1145
163 1169
163 1170
163 1171
163 1172
163 1173
163 1174
163 1181
163 1182
163 1204
163 1215
164 9
164 10
164 20
164 29
164 30
164 44
164 45
164 168
164 169
164 217
164 228
164 244
164 247
164 297
164 301
164 332
164 338
164 382
164 391
164 402
164 412
164 418
164 421
164 427
164 456
164 507
164 522
164 542
164 544
164 549
164 552
164 558
164 563
164 567
164 591
164 596
164 603
164 608
164 625
164 634
164 638
164 640
164 690
164 709
164 749
164 768
164 769
164 775
164 776
164 973
164 985
164 995
164 1000
164 1139
164 1140
164 1141
164 1142
164 1143
164 1144
164 1183
164 1184
164 1204
164 1215
165 9
165 12
165 20
165 31
165 32
165 33
165 42
165 43
165 44
165 170
165 171
165 217
165 228
165 244
165 247
165 297
165 301
165 332
165 338
165 381
165 391
165 402
165 412
165 418
165 421
165 427
165 456
165 507
165 518
165 522
165 542
165 544
165 549
165 552
165 558
165 563
165 567
165 591
165 596
165 604
165 608
165 625
165 633
165 638
165 640
165 690
165 709
165 749
165 767
165 768
165 776
165 973
165 985
165 995
165 1000
165 1138
165 1185
165 1204
165 1215
166 8
166 12
166 20
166 34
166 35
166 36
166 37
166 38
166 39
166 40
166 41
166 172
166 173
166 217
166 228
166 244
166 247
166 297
166 301
166 332
166 338
166 382
166 383
166 384
166 385
166 391
166 402
166 412
166 418
166 421
166 427
166 456
166 507
166 517
166 522
166 542
166 544
166 549
166 552
166 558
166 563
166 567
166 591
166 596
166 604
166 605
166 607
166 625
166 633
166 690
166 709
166 749
166 767
166 776
166 973
166 985
166 995
166 1000
166 1137
166 1186
166 1187
166 1204
166 1215
167 8
167 12
167 20
167 174
167 175
167 176
167 177
167 178
167 179
167 217
167 228
167 244
167 247
167 297
167 301
167 332
167 338
167 386
167 387
167 391
167 402
167 412
167 418
167 421
167 427
167 456
167 507
167 517
167 522
167 542
167 544
167 549
167 552
167 558
167 563
167 567
167 591
167 596
167 605
167 606
167 607
167 625
167 633
167 690
167 709
167 748
167 749
167 766
167 776
167 973
167 985
167 995
167 1000
167 1137
167 1188
167 1189
167 1204
167 1215
168 9
168 12
168 20
168 180
168 181
168 182
168 183
168 217
168 228
168 244
168 247
168 297
168 301
168 332
168 338
168 387
168 388
168 392
168 402
168 412
168 418
168 421
168 427
168 455
168 507
168 516
168 522
168 542
168 544
168 549
168 552
168 558
168 563
168 567
168 590
168 596
168 605
168 625
168 633
168 691
168 692
168 693
168 694
168 695
168 696
168 699
168 702
168 703
168 704
168 705
168 706
168 707
168 708
168 709
168 748
168 767
168 776
168 973
168 986
168 995
168 1000
168 1137
168 1190
168 1191
168 1204
168 1215
169 9
169 12
169 20
169 184
169 185
169 217
169 228
169 244
169 247
169 279
169 297
169 301
169 332
169 338
169 388
169 392
169 402
169 411
169 418
169 421
169 427
169 456
169 507
169 516
169 523
169 542
169 544
169 549
169 552
169 558
169 564
169 567
169 590
169 596
169 605
169 624
169 633
169 698
169 700
169 747
169 767
169 768
169 776
169 973
169 986
169 995
169 1000
169 1137
169 1191
169 1192
169 1204
169 1215
170 9
170 12
170 20
170 185
170 217
170 228
170 244
170 247
170 278
170 280
170 297
170 301
170 332
170 338
170 388
170 392
170 402
170 411
170 418
170 421
170 427
170 434
170 435
170 456
170 507
170 516
170 523
170 542
170 544
170 549
170 552
170 558
170 564
170 567
170 590
170 596
170 606
170 607
170 624
170 632
170 697
170 700
170 747
170 768
170 776
170 973
170 986
170 995
170 1000
170 1136
170 1192
170 1204
170 1215
171 9
171 12
171 20
171 185
171 217
171 228
171 244
171 247
171 277
171 280
171 297
171 301
171 332
171 338
171 388
171 392
171 402
171 411
171 418
171 421
171 427
171 433
171 436
171 456
171 506
171 517
171 524
171 536
171 537
171 538
171 539
171 540
171 541
171 542
171 544
171 549
171 552
171 558
171 564
171 567
171 590
171 596
171 624
171 631
171 697
171 700
171 710
171 711
171 712
171 713
171 714
171 715
171 716
171 747
171 764
171 769
171 774
171 775
171 974
171 986
171 995
171 1000
171 1137
171 1192
171 1204
171 1215
172 9
172 12
172 20
172 186
172 217
172 228
172 244
172 247
172 277
172 281
172 297
172 301
172 332
172 338
172 385
172 386
172 387
172 392
172 402
172 411
172 418
172 421
172 427
172 432
172 433
172 436
172 437
172 456
172 503
172 504
172 505
172 506
172 517
172 518
172 525
172 526
172 527
172 528
172 529
172 532
172 534
172 549
172 552
172 558
172 564
172 567
172 590
172 596
172 625
172 631
172 697
172 700
172 708
172 709
172 717
172 721
172 748
172 762
172 763
172 765
172 766
172 770
172 771
172 772
172 773
172 974
172 986
172 995
172 1000
172 1137
172 1193
172 1204
172 1215
173 9
173 12
173 20
173 186
173 187
173 217
173 228
173 231
173 244
173 247
173 276
173 277
173 281
173 297
173 301
173 332
173 338
173 383
173 384
173 392
173 402
173 411
173 418
173 421
173 427
173 431
173 432
173 438
173 439
173 456
173 501
173 502
173 518
173 531
173 534
173 535
173 543
173 549
173 552
173 558
173 564
173 567
173 591
173 596
173 625
173 630
173 697
173 700
173 706
173 707
173 718
173 720
173 722
173 727
173 728
173 729
173 748
173 762
173 766
173 974
173 986
173 995
173 1000
173 1138
173 1193
173 1204
173 1215
174 9
174 12
174 20
174 188
174 189
174 217
174 228
174 232
174 233
174 234
174 235
174 236
174 237
174 238
174 239
174 240
174 241
174 244
174 247
174 275
174 276
174 282
174 297
174 301
174 332
174 338
174 381
174 382
174 392
174 402
174 411
174 418
174 421
174 427
174 431
174 439
174 456
174 493
174 494
174 495
174 496
174 497
174 498
174 499
174 500
174 518
174 530
174 535
174 543
174 549
174 552
174 558
174 564
174 567
174 591
174 596
174 626
174 631
174 696
174 697
174 701
174 706
174 718
174 719
174 720
174 721
174 722
174 723
174 724
174 725
174 726
174 729
174 730
174 748
174 761
174 767
174 770
174 974
174 986
174 995
174 1000
174 1138
174 1139
174 1193
174 1204
174 1215
175 9
175 12
175 20
175 190
175 191
175 217
175 228
175 242
175 247
175 274
175 275
175 282
175 283
175 297
175 301
175 332
175 338
175 381
175 392
175 402
175 411
175 418
175 421
175 427
175 431
175 439
175 457
175 491
175 492
175 519
175 520
175 521
175 530
175 535
175 543
175 549
175 552
175 558
175 564
175 567
175 591
175 596
175 626
175 631
175 632
175 694
175 695
175 698
175 701
175 702
175 705
175 730
175 747
175 761
175 767
175 770
175 974
175 986
175 995
175 1000
175 1060
175 1061
175 1062
175 1063
175 1139
175 1140
175 1191
175 1192
175 1193
175 1205
175 1215
176 9
176 12
176 20
176 192
176 193
176 217
176 228
176 242
176 247
176 254
176 255
176 256
176 257
176 258
176 259
176 269
176 270
176 271
176 272
176 273
176 283
176 284
176 297
176 301
176 333
176 338
176 380
176 392
176 402
176 412
176 418
176 422
176 423
176 424
176 427
176 432
176 439
176 457
176 458
176 490
176 522
176 523
176 524
176 525
176 526
176 530
176 535
176 543
176 549
176 552
176 558
176 564
176 567
176 591
176 597
176 626
176 632
176 633
176 693
176 694
176 698
176 703
176 704
176 705
176 721
176 722
176 730
176 747
176 762
176 767
176 770
176 974
176 986
176 995
176 1000
176 1058
176 1059
176 1064
176 1065
176 1140
176 1189
176 1190
176 1205
176 1215
177 9
177 12
177 21
177 194
177 217
177 228
177 232
177 233
177 234
177 235
177 236
177 237
177 238
177 239
177 240
177 241
177 242
177 248
177 249
177 250
177 251
177 252
177 253
177 260
177 261
177 262
177 263
177 264
177 265
177 266
177 267
177 268
177 284
177 285
177 297
177 301
177 319
177 320
177 321
177 333
177 338
177 379
177 380
177 392
177 402
177 412
177 413
177 414
177 415
177 416
177 417
177 418
177 425
177 426
177 432
177 439
177 458
177 459
177 460
177 461
177 462
177 489
177 527
177 528
177 529
177 530
177 531
177 536
177 543
177 549
177 552
177 558
177 564
177 567
177 591
177 597
177 625
177 626
177 634
177 635
177 693
177 698
177 721
177 730
177 746
177 762
177 763
177 767
177 770
177 974
177 986
177 995
177 1000
177 1056
177 1057
177 1066
177 1067
177 1140
177 1141
177 1142
177 1143
177 1189
177 1205
177 1215
178 9
178 12
178 21
178 194
178 217
178 229
178 230
178 231
178 285
178 286
178 297
178 301
178 311
178 312
178 313
178 314
178 315
178 316
178 317
178 318
178 321
178 322
178 333
178 338
178 357
178 378
178 379
178 392
178 402
178 425
178 432
178 438
178 463
178 464
178 465
178 466
178 489
178 536
178 537
178 538
178 539
178 540
178 541
178 542
178 545
178 546
178 547
178 548
178 549
178 553
178 554
178 555
178 556
178 557
178 558
178 564
178 567
178 591
178 597
178 608
178 609
178 610
178 624
178 625
178 635
178 692
178 698
178 705
178 706
178 720
178 731
178 746
178 763
178 764
178 765
178 766
178 770
178 974
178 986
178 995
178 1000
178 1055
178 1056
178 1067
178 1068
178 1139
178 1140
178 1144
178 1145
178 1190
178 1191
178 1205
178 1215
179 9
179 12
179 21
179 194
179 217
179 242
179 247
179 286
179 297
179 302
179 303
179 304
179 305
179 306
179 307
179 308
179 309
179 310
179 323
179 324
179 325
179 326
179 327
179 328
179 329
179 330
179 331
179 332
179 333
179 339
179 340
179 341
179 342
179 359
179 390
179 391
179 404
179 405
179 406
179 407
179 408
179 409
179 418
179 425
179 432
179 438
179 467
179 489
179 531
179 535
179 549
179 553
179 564
179 567
179 590
179 591
179 597
179 608
179 611
179 612
179 622
179 623
179 636
179 692
179 698
179 705
179 720
179 731
179 732
179 746
179 770
179 773
179 854
179 947
179 948
179 949
179 950
179 951
179 952
179 953
179 954
179 955
179 956
179 957
179 958
179 974
179 986
179 995
179 1000
179 1055
179 1068
179 1072
179 1139
179 1146
179 1147
179 1191
179 1192
179 1205
179 1215
180 9
180 12
180 21
180 191
180 192
180 193
180 215
180 216
180 242
180 248
180 250
180 286
180 297
180 343
180 344
180 367
180 368
180 369
180 370
180 371
180 372
180 373
180 374
180 375
180 376
180 377
180 378
180 379
180 380
180 381
180 382
180 383
180 384
180 385
180 386
180 387
180 388
180 389
180 392
180 403
180 410
180 411
180 412
180 413
180 414
180 415
180 416
180 417
180 418
180 419
180 425
180 430
180 431
180 438
180 461
180 462
180 463
180 467
180 489
180 531
180 535
180 541
180 542
180 549
180 552
180 564
180 568
180 590
180 598
180 608
180 612
180 613
180 621
180 636
180 690
180 691
180 698
180 701
180 705
180 720
180 733
180 746
180 770
180 773
180 850
180 851
180 852
180 853
180 855
180 856
180 945
180 946
180 959
180 974
180 986
180 995
180 1000
180 1054
180 1068
180 1070
180 1071
180 1073
180 1074
180 1075
180 1076
180 1077
180 1127
180 1128
180 1129
180 1130
180 1131
180 1132
180 1138
180 1147
180 1148
180 1192
180 1193
180 1205
180 1215
181 9
181 12
181 21
181 42
181 43
181 44
181 45
181 46
181 47
181 48
181 49
181 50
181 51
181 52
181 53
181 54
181 55
181 56
181 57
181 58
181 59
181 60
181 61
181 62
181 63
181 64
181 65
181 66
181 67
181 68
181 69
181 70
181 71
181 72
181 73
181 74
181 189
181 190
181 215
181 229
181 242
181 248
181 249
181 251
181 252
181 253
181 254
181 255
181 256
181 257
181 258
181 286
181 297
181 301
181 312
181 333
181 338
181 344
181 353
181 354
181 355
181 356
181 357
181 358
181 359
181 362
181 363
181 364
181 365
181 366
181 392
181 402
181 420
181 421
181 425
181 429
181 438
181 460
181 464
181 465
181 489
181 531
181 535
181 540
181 549
181 552
181 564
181 568
181 589
181 598
181 599
181 607
181 614
181 615
181 620
181 637
181 689
181 698
181 701
181 705
181 720
181 733
181 738
181 739
181 740
181 745
181 746
181 770
181 773
181 848
181 849
181 856
181 857
181 944
181 945
181 960
181 974
181 986
181 995
181 1000
181 1054
181 1068
181 1070
181 1078
181 1079
181 1118
181 1119
181 1120
181 1121
181 1122
181 1123
181 1124
181 1125
181 1126
181 1133
181 1138
181 1148
181 1193
181 1205
181 1215
182 0
182 1
182 2
182 3
182 6
182 7
182 8
182 12
182 21
182 41
182 75
182 76
182 189
182 214
182 217
182 229
182 242
182 248
182 259
182 286
182 296
182 301
182 311
182 333
182 338
182 344
182 349
182 350
182 351
182 352
182 360
182 361
182 392
182 402
182 421
182 425
182 428
182 437
182 459
182 465
182 466
182 488
182 531
182 535
182 539
182 549
182 553
182 554
182 564
182 568
182 588
182 589
182 599
182 600
182 607
182 616
182 619
182 620
182 637
182 638
182 639
182 640
182 641
182 642
182 643
182 685
182 686
182 698
182 701
182 705
182 720
182 733
182 737
182 740
182 741
182 742
182 743
182 744
182 770
182 773
182 848
182 854
182 857
182 943
182 960
182 974
182 986
182 995
182 1000
182 1054
182 1079
182 1117
182 1133
182 1139
182 1148
182 1193
182 1205
182 1215
183 4
183 5
183 13
183 21
183 40
183 77
183 78
183 189
183 214
183 217
183 229
183 242
183 248
183 259
183 287
183 296
183 301
183 311
183 333
183 338
183 345
183 346
183 347
183 348
183 392
183 402
183 422
183 425
183 428
183 436
183 459
183 466
183 467
183 468
183 483
183 484
183 485
183 486
183 487
183 488
183 531
183 535
183 540
183 541
183 542
183 543
183 544
183 549
183 555
183 556
183 564
183 568
183 572
183 573
183 574
183 575
183 585
183 586
183 587
183 601
183 607
183 616
183 661
183 667
183 668
183 669
183 677
183 678
183 679
183 680
183 685
183 698
183 701
183 705
183 720
183 733
183 736
183 770
183 773
183 847
183 852
183 853
183 855
183 942
183 947
183 948
183 949
183 950
183 951
183 952
183 953
183 954
183 955
183 956
183 960
183 974
183 986
183 995
183 1000
183 1054
183 1068
183 1080
183 1116
183 1133
183 1139
183 1149
183 1150
183 1151
183 1192
183 1205
183 1215
183 1266
183 1267
183 1268
183 1269
183 1270
183 1271
183 1272
183 1273
184 4
184 13
184 21
184 38
184 39
184 40
184 79
184 80
184 190
184 191
184 214
184 217
184 229
184 242
184 248
184 260
184 261
184 262
184 263
184 264
184 265
184 266
184 267
184 268
184 269
184 270
184 287
184 296
184 301
184 311
184 333
184 338
184 344
184 345
184 392
184 402
184 422
184 425
184 428
184 436
184 459
184 470
184 471
184 472
184 473
184 482
184 531
184 535
184 545
184 549
184 552
184 557
184 558
184 559
184 560
184 564
184 568
184 571
184 576
184 584
184 601
184 606
184 611
184 616
184 617
184 618
184 619
184 634
184 635
184 636
184 637
184 638
184 639
184 640
184 641
184 642
184 643
184 644
184 659
184 660
184 662
184 665
184 672
184 673
184 674
184 675
184 676
184 677
184 684
184 698
184 701
184 705
184 720
184 733
184 736
184 770
184 773
184 847
184 850
184 855
184 942
184 946
184 957
184 960
184 974
184 986
184 995
184 1000
184 1054
184 1068
184 1080
184 1116
184 1133
184 1139
184 1152
184 1153
184 1192
184 1205
184 1208
184 1215
184 1264
184 1265
184 1274
184 1275
184 1276
184 1277
184 1278
184 1279
185 4
185 13
185 21
185 32
185 33
185 34
185 35
185 36
185 37
185 80
185 191
185 192
185 214
185 217
185 229
185 242
185 248
185 271
185 272
185 287
185 296
185 302
185 311
185 333
185 338
185 344
185 392
185 402
185 422
185 425
185 428
185 436
185 459
185 468
185 474
185 481
185 531
185 535
185 545
185 548
185 552
185 561
185 562
185 563
185 564
185 568
185 570
185 576
185 577
185 578
185 579
185 583
185 601
185 609
185 610
185 612
185 613
185 615
185 616
185 620
185 621
185 624
185 625
185 626
185 632
185 633
185 646
185 647
185 652
185 653
185 654
185 655
185 656
185 657
185 662
185 668
185 669
185 681
185 682
185 684
185 698
185 701
185 705
185 720
185 733
185 736
185 770
185 773
185 847
185 855
185 942
185 945
185 957
185 960
185 974
185 987
185 995
185 1001
185 1002
185 1003
185 1004
185 1005
185 1006
185 1007
185 1008
185 1009
185 1010
185 1054
185 1067
185 1080
185 1116
185 1133
185 1139
185 1153
185 1192
185 1207
185 1209
185 1215
185 1263
185 1264
186 4
186 13
186 21
186 30
186 31
186 80
186 192
186 193
186 214
186 217
186 229
186 242
186 248
186 272
186 287
186 296
186 302
186 311
186 333
186 338
186 343
186 392
186 403
186 423
186 428
186 436
186 459
186 467
186 475
186 476
186 477
186 481
186 510
186 511
186 512
186 513
186 514
186 515
186 531
186 535
186 545
186 548
186 552
186 568
186 570
186 583
186 601
186 606
186 607
186 608
186 609
186 613
186 614
186 615
186 621
186 622
186 623
186 627
186 630
186 631
186 648
186 649
186 650
186 651
186 657
186 658
186 659
186 660
186 661
186 665
186 666
186 667
186 670
186 671
186 672
186 680
186 683
186 684
186 698
186 701
186 705
186 720
186 733
186 736
186 770
186 773
186 847
186 855
186 942
186 945
186 957
186 960
186 974
186 987
186 995
186 1001
186 1011
186 1012
186 1054
186 1067
186 1081
186 1116
186 1133
186 1139
186 1153
186 1192
186 1207
186 1209
186 1215
186 1219
186 1220
186 1221
186 1222
186 1223
186 1224
186 1225
186 1226
186 1227
186 1262
186 1263
187 4
187 13
187 21
187 29
187 30
187 80
187 194
187 195
187 214
187 217
187 229
187 242
187 248
187 272
187 287
187 296
187 302
187 311
187 333
187 338
187 343
187 392
187 403
187 423
187 428
187 437
187 438
187 459
187 467
187 478
187 479
187 481
187 508
187 509
187 516
187 517
187 527
187 528
187 529
187 530
187 535
187 545
187 548
187 554
187 555
187 556
187 557
187 558
187 559
187 564
187 569
187 570
187 571
187 572
187 576
187 577
187 578
187 579
187 580
187 587
187 588
187 589
187 590
187 602
187 605
187 627
187 629
187 630
187 662
187 663
187 664
187 672
187 673
187 674
187 681
187 684
187 698
187 701
187 705
187 720
187 733
187 736
187 771
187 773
187 847
187 855
187 942
187 945
187 957
187 960
187 974
187 987
187 995
187 1000
187 1012
187 1054
187 1067
187 1081
187 1116
187 1133
187 1138
187 1154
187 1193
187 1206
187 1210
187 1211
187 1212
187 1213
187 1214
187 1215
187 1216
187 1217
187 1218
187 1227
187 1261
187 1262
188 4
188 13
188 21
188 25
188 26
188 27
188 28
188 29
188 80
188 195
188 196
188 214
188 217
188 229
188 242
188 248
188 272
188 287
188 296
188 302
188 311
188 333
188 338
188 342
188 392
188 403
188 423
188 427
188 428
188 439
188 459
188 467
188 479
188 480
188 507
188 508
188 517
188 525
188 526
188 531
188 537
188 538
188 539
188 540
188 541
188 545
188 548
188 553
188 560
188 564
188 569
188 573
188 574
188 575
188 581
188 582
188 586
188 591
188 592
188 602
188 604
188 627
188 629
188 675
188 676
188 681
188 684
188 698
188 701
188 705
188 720
188 733
188 736
188 771
188 847
188 855
188 942
188 945
188 957
188 960
188 974
188 987
188 995
188 1000
188 1012
188 1054
188 1068
188 1082
188 1116
188 1133
188 1138
188 1154
188 1193
188 1194
188 1195
188 1200
188 1201
188 1202
188 1203
188 1204
188 1205
188 1227
188 1260
188 1261
189 4
189 13
189 22
189 24
189 80
189 214
189 217
189 229
189 242
189 248
189 272
189 287
189 297
189 302
189 311
189 333
189 338
189 342
189 392
189 403
189 423
189 426
189 427
189 440
189 459
189 467
189 480
189 482
189 505
189 506
189 507
189 518
189 523
189 524
189 531
189 536
189 542
189 543
189 548
189 552
189 560
189 564
189 568
189 582
189 585
189 592
189 604
189 613
189 627
189 629
189 676
189 677
189 680
189 698
189 701
189 705
189 720
189 733
189 736
189 771
189 847
189 855
189 942
189 945
189 957
189 960
189 974
189 987
189 995
189 1000
189 1012
189 1054
189 1069
189 1070
189 1082
189 1083
189 1116
189 1133
189 1137
189 1154
189 1193
189 1196
189 1197
189 1198
189 1199
189 1227
189 1260
190 4
190 13
190 22
190 80
190 192
190 193
190 194
190 195
190 214
190 217
190 229
190 242
190 248
190 273
190 287
190 297
190 302
190 311
190 333
190 338
190 341
190 392
190 403
190 424
190 441
190 460
190 461
190 462
190 463
190 464
190 465
190 466
190 467
190 480
190 482
190 487
190 488
190 489
190 490
190 491
190 492
190 493
190 494
190 495
190 496
190 497
190 498
190 499
190 500
190 501
190 502
190 503
190 504
190 510
190 511
190 512
190 518
190 522
190 523
190 531
190 535
190 543
190 544
190 549
190 553
190 561
190 563
190 565
190 568
190 583
190 585
190 592
190 603
190 604
190 605
190 606
190 607
190 608
190 609
190 610
190 612
190 678
190 679
190 685
190 698
190 701
190 705
190 720
190 733
190 736
190 771
190 847
190 855
190 942
190 945
190 957
190 960
190 974
190 987
190 995
190 1000
190 1012
190 1053
190 1070
190 1084
190 1085
190 1116
190 1133
190 1137
190 1154
190 1192
190 1227
190 1259
191 4
191 13
191 21
191 80
191 190
191 191
191 214
191 218
191 229
191 242
191 248
191 273
191 287
191 297
191 302
191 311
191 333
191 338
191 341
191 392
191 403
191 424
191 442
191 443
191 486
191 505
191 506
191 508
191 509
191 513
191 514
191 515
191 516
191 519
191 520
191 521
191 522
191 531
191 535
191 544
191 548
191 550
191 553
191 562
191 565
191 568
191 584
191 592
191 593
191 594
191 595
191 596
191 597
191 598
191 599
191 600
191 601
191 602
191 603
191 611
191 612
191 627
191 628
191 643
191 644
191 645
191 679
191 680
191 681
191 685
191 687
191 698
191 701
191 705
191 720
191 733
191 736
191 771
191 847
191 855
191 942
191 946
191 958
191 960
191 975
191 987
191 995
191 1000
191 1012
191 1052
191 1053
191 1071
191 1086
191 1116
191 1136
191 1154
191 1192
191 1227
191 1258
191 1259
192 4
192 13
192 21
192 80
192 190
192 214
192 218
192 229
192 242
192 248
192 274
192 275
192 276
192 277
192 278
192 279
192 280
192 281
192 282
192 283
192 284
192 285
192 286
192 288
192 289
192 290
192 291
192 292
192 293
192 294
192 295
192 296
192 297
192 300
192 301
192 302
192 304
192 305
192 306
192 307
192 308
192 309
192 310
192 311
192 333
192 340
192 392
192 403
192 425
192 433
192 434
192 435
192 436
192 437
192 438
192 439
192 440
192 441
192 445
192 446
192 447
192 448
192 449
192 450
192 451
192 481
192 485
192 508
192 531
192 535
192 544
192 548
192 550
192 553
192 562
192 563
192 565
192 568
192 581
192 582
192 583
192 591
192 612
192 626
192 629
192 630
192 631
192 632
192 633
192 634
192 635
192 636
192 637
192 638
192 639
192 640
192 641
192 642
192 643
192 646
192 682
192 683
192 685
192 698
192 701
192 705
192 720
192 733
192 736
192 771
192 847
192 855
192 942
192 946
192 958
192 975
192 987
192 995
192 1000
192 1012
192 1051
192 1052
192 1071
192 1087
192 1116
192 1135
192 1154
192 1192
192 1227
192 1258
193 4
193 13
193 21
193 80
193 189
193 214
193 218
193 229
193 242
193 248
193 333
193 340
193 392
193 403
193 425
193 427
193 428
193 429
193 430
193 431
193 432
193 442
193 443
193 454
193 455
193 456
193 457
193 458
193 459
193 460
193 461
193 481
193 485
193 508
193 531
193 536
193 544
193 548
193 550
193 553
193 564
193 568
193 577
193 578
193 580
193 583
193 587
193 588
193 589
193 590
193 605
193 613
193 614
193 615
193 616
193 617
193 618
193 619
193 620
193 621
193 622
193 623
193 624
193 625
193 647
193 648
193 684
193 686
193 698
193 702
193 703
193 704
193 705
193 720
193 733
193 736
193 771
193 848
193 855
193 942
193 946
193 958
193 975
193 987
193 995
193 1000
193 1012
193 1051
193 1072
193 1087
193 1116
193 1134
193 1153
193 1154
193 1192
193 1227
193 1257
194 4
194 12
194 13
194 21
194 80
194 189
194 214
194 218
194 229
194 242
194 248
194 333
194 339
194 393
194 403
194 425
194 446
194 447
194 448
194 449
194 450
194 451
194 452
194 453
194 462
194 463
194 481
194 485
194 508
194 528
194 529
194 531
194 536
194 544
194 545
194 548
194 550
194 553
194 562
194 564
194 569
194 579
194 583
194 600
194 606
194 607
194 608
194 609
194 610
194 611
194 613
194 649
194 650
194 683
194 686
194 702
194 720
194 733
194 737
194 771
194 849
194 855
194 942
194 946
194 958
194 975
194 987
194 995
194 1000
194 1012
194 1050
194 1072
194 1073
194 1087
194 1116
194 1134
194 1152
194 1192
194 1227
194 1257
195 5
195 6
195 7
195 8
195 9
195 10
195 11
195 13
195 21
195 80
195 189
195 214
195 218
195 229
195 242
195 248
195 333
195 338
195 339
195 393
195 403
195 425
195 444
195 445
195 463
195 464
195 483
195 484
195 507
195 526
195 527
195 530
195 531
195 532
195 537
195 538
195 542
195 543
195 544
195 548
195 550
195 553
195 562
195 564
195 569
195 579
195 583
195 599
195 650
195 683
195 686
195 697
195 699
195 701
195 721
195 722
195 733
195 737
195 753
195 771
195 774
195 849
195 855
195 942
195 946
195 958
195 975
195 987
195 995
195 1000
195 1012
195 1050
195 1073
195 1087
195 1116
195 1134
195 1151
195 1192
195 1227
195 1256
196 5
196 13
196 21
196 80
196 190
196 214
196 218
196 229
196 242
196 248
196 333
196 338
196 393
196 403
196 425
196 444
196 465
196 466
196 482
196 485
196 505
196 506
196 507
196 526
196 532
196 537
196 545
196 548
196 550
196 554
196 564
196 568
196 579
196 583
196 597
196 598
196 651
196 697
196 699
196 721
196 723
196 733
196 737
196 749
196 752
196 754
196 771
196 775
196 849
196 850
196 851
196 853
196 854
196 855
196 857
196 942
196 946
196 958
196 975
196 987
196 996
196 1001
196 1012
196 1049
196 1074
196 1088
196 1116
196 1135
196 1136
196 1151
196 1192
196 1228
196 1256
197 4
197 13
197 21
197 80
197 194
197 195
197 196
197 197
197 198
197 199
197 200
197 201
197 202
197 203
197 204
197 205
197 206
197 207
197 208
197 209
197 210
197 211
197 212
197 213
197 214
197 215
197 218
197 229
197 242
197 248
197 333
197 337
197 393
197 403
197 425
197 443
197 466
197 467
197 481
197 485
197 499
197 500
197 501
197 502
197 503
197 504
197 525
197 532
197 536
197 546
197 547
197 548
197 550
197 554
197 565
197 568
197 579
197 583
197 596
197 597
197 651
197 700
197 720
197 723
197 733
197 737
197 748
197 750
197 752
197 755
197 760
197 771
197 775
197 848
197 852
197 853
197 857
197 943
197 946
197 958
197 975
197 987
197 996
197 1001
197 1012
197 1049
197 1074
197 1088
197 1116
197 1135
197 1137
197 1152
197 1192
197 1228
197 1255
198 4
198 13
198 21
198 80
198 149
198 150
198 151
198 152
198 153
198 154
198 155
198 156
198 157
198 158
198 159
198 160
198 161
198 162
198 163
198 164
198 165
198 166
198 167
198 168
198 169
198 170
198 171
198 172
198 173
198 174
198 175
198 176
198 177
198 178
198 179
198 180
198 181
198 182
198 183
198 184
198 185
198 186
198 187
198 188
198 189
198 190
198 192
198 193
198 215
198 218
198 229
198 242
198 248
198 325
198 326
198 333
198 336
198 393
198 403
198 425
198 443
198 447
198 467
198 468
198 486
198 487
198 488
198 489
198 490
198 491
198 492
198 493
198 494
198 495
198 496
198 497
198 498
198 525
198 532
198 536
198 549
198 553
198 565
198 568
198 579
198 583
198 596
198 652
198 720
198 723
198 733
198 737
198 744
198 745
198 746
198 750
198 752
198 756
198 757
198 759
198 761
198 771
198 775
198 848
198 852
198 857
198 944
198 958
198 975
198 987
198 996
198 1001
198 1012
198 1049
198 1074
198 1088
198 1116
198 1134
198 1137
198 1152
198 1192
198 1228
198 1255
199 4
199 13
199 21
199 80
199 104
199 105
199 106
199 107
199 108
199 109
199 110
199 111
199 112
199 113
199 114
199 115
199 116
199 117
199 118
199 119
199 120
199 121
199 122
199 123
199 124
199 125
199 126
199 127
199 128
199 129
199 130
199 131
199 132
199 133
199 134
199 135
199 136
199 137
199 138
199 139
199 140
199 141
199 142
199 143
199 144
199 145
199 146
199 147
199 148
199 191
199 215
199 218
199 229
199 242
199 248
199 323
199 324
199 327
199 335
199 393
199 403
199 425
199 442
199 446
199 448
199 469
199 470
199 493
199 532
199 534
199 535
199 537
199 549
199 553
199 565
199 568
199 579
199 583
199 595
199 652
199 697
199 698
199 720
199 725
199 726
199 733
199 737
199 744
199 746
199 748
199 750
199 752
199 757
199 759
199 761
199 771
199 775
199 848
199 852
199 857
199 944
199 947
199 948
199 949
199 950
199 951
199 952
199 953
199 954
199 955
199 956
199 957
199 958
199 975
199 987
199 996
199 1001
199 1012
199 1050
199 1074
199 1088
199 1117
199 1134
199 1137
199 1153
199 1192
199 1228
199 1254
200 4
200 13
200 21
200 81
200 82
200 83
200 84
200 85
200 86
200 87
200 88
200 89
200 90
200 91
200 92
200 93
200 94
200 95
200 96
200 97
200 98
200 99
200 100
200 101
200 102
200 103
200 215
200 218
200 229
200 242
200 249
200 323
200 328
200 335
200 393
200 403
200 425
200 438
200 439
200 440
200 441
200 448
200 470
200 471
200 531
200 532
200 537
200 538
200 549
200 553
200 565
200 569
200 579
200 583
200 595
200 698
200 720
200 724
200 727
200 728
200 729
200 730
200 731
200 732
200 737
200 743
200 746
200 748
200 750
200 752
200 757
200 759
200 761
200 763
200 765
200 771
200 775
200 848
200 852
200 857
200 944
200 960
200 975
200 987
200 996
200 1001
200 1012
200 1050
200 1074
200 1088
200 1117
200 1134
200 1138
200 1153
200 1191
200 1193
200 1228
200 1254
201 4
201 13
201 21
201 79
201 80
201 216
201 229
201 242
201 249
201 322
201 328
201 334
201 393
201 403
201 425
201 437
201 448
201 472
201 492
201 529
201 530
201 539
201 540
201 549
201 553
201 565
201 569
201 580
201 594
201 698
201 719
201 720
201 721
201 723
201 733
201 739
201 740
201 741
201 742
201 746
201 748
201 750
201 752
201 757
201 759
201 761
201 762
201 763
201 771
201 775
201 848
201 852
201 857
201 944
201 960
201 975
201 988
201 996
201 1001
201 1012
201 1051
201 1075
201 1088
201 1117
201 1134
201 1138
201 1153
201 1191
201 1193
201 1228
201 1253
202 4
202 13
202 21
202 79
202 214
202 215
202 216
202 229
202 242
202 249
202 322
202 328
202 334
202 393
202 403
202 426
202 427
202 428
202 429
202 430
202 431
202 432
202 433
202 434
202 435
202 436
202 448
202 492
202 528
202 529
202 540
202 541
202 549
202 553
202 565
202 569
202 593
202 594
202 653
202 698
202 719
202 721
202 723
202 733
202 738
202 743
202 747
202 751
202 757
202 758
202 759
202 761
202 763
202 766
202 767
202 768
202 769
202 770
202 771
202 772
202 773
202 774
202 775
202 776
202 777
202 778
202 779
202 780
202 781
202 782
202 783
202 784
202 785
202 786
202 787
202 848
202 852
202 857
202 944
202 960
202 975
202 988
202 996
202 1001
202 1012
202 1051
202 1075
202 1089
202 1117
202 1134
202 1139
202 1153
202 1190
202 1193
202 1228
202 1253
203 4
203 13
203 21
203 78
203 218
203 229
203 242
203 249
203 321
203 328
203 333
203 393
203 403
203 449
203 492
203 528
203 541
203 549
203 553
203 565
203 569
203 593
203 654
203 699
203 719
203 721
203 723
203 733
203 737
203 743
203 746
203 748
203 750
203 752
203 757
203 759
203 761
203 763
203 765
203 788
203 789
203 848
203 852
203 857
203 944
203 950
203 951
203 952
203 953
203 954
203 955
203 960
203 975
203 988
203 996
203 1001
203 1012
203 1049
203 1050
203 1051
203 1076
203 1089
203 1117
203 1134
203 1139
203 1153
203 1191
203 1193
203 1228
203 1253
204 4
204 13
204 21
204 78
204 218
204 229
204 242
204 249
204 321
204 328
204 333
204 393
204 403
204 449
204 527
204 542
204 549
204 553
204 565
204 569
204 583
204 592
204 654
204 699
204 703
204 718
204 719
204 721
204 723
204 733
204 737
204 743
204 746
204 748
204 750
204 752
204 757
204 759
204 761
204 763
204 765
204 790
204 791
204 792
204 848
204 852
204 857
204 944
204 949
204 956
204 960
204 975
204 988
204 996
204 1001
204 1013
204 1045
204 1046
204 1047
204 1048
204 1076
204 1090
204 1117
204 1134
204 1139
204 1153
204 1193
204 1228
204 1252
205 4
205 14
205 21
205 77
205 218
205 229
205 242
205 249
205 321
205 329
205 330
205 331
205 332
205 393
205 403
205 449
205 527
205 542
205 549
205 553
205 565
205 583
205 592
205 655
205 699
205 702
205 723
205 733
205 737
205 743
205 746
205 748
205 750
205 752
205 757
205 759
205 761
205 763
205 765
205 769
205 793
205 794
205 811
205 812
205 813
205 848
205 852
205 857
205 944
205 948
205 956
205 960
205 975
205 988
205 996
205 1001
205 1013
205 1043
205 1044
205 1077
205 1090
205 1117
205 1134
205 1139
205 1153
205 1193
205 1228
205 1252
206 4
206 14
206 21
206 77
206 218
206 242
206 249
206 321
206 393
206 403
206 449
206 526
206 542
206 549
206 553
206 585
206 586
206 587
206 588
206 589
206 590
206 591
206 655
206 699
206 723
206 733
206 737
206 743
206 746
206 748
206 750
206 752
206 757
206 759
206 761
206 763
206 765
206 768
206 770
206 771
206 795
206 796
206 810
206 814
206 848
206 852
206 855
206 858
206 944
206 948
206 956
206 960
206 975
206 988
206 996
206 1001
206 1013
206 1043
206 1078
206 1079
206 1090
206 1117
206 1134
206 1139
206 1153
206 1193
206 1228
206 1251
207 4
207 14
207 22
207 75
207 218
207 231
207 242
207 249
207 321
207 393
207 404
207 407
207 408
207 409
207 449
207 527
207 542
207 549
207 553
207 656
207 699
207 723
207 732
207 737
207 743
207 746
207 748
207 750
207 752
207 757
207 759
207 761
207 763
207 765
207 771
207 797
207 798
207 809
207 814
207 848
207 852
207 855
207 858
207 944
207 948
207 956
207 960
207 975
207 988
207 996
207 1001
207 1013
207 1042
207 1051
207 1052
207 1053
207 1079
207 1091
207 1117
207 1134
207 1139
207 1153
207 1193
207 1228
207 1251
208 4
208 14
208 22
208 74
208 75
208 218
208 230
208 242
208 249
208 321
208 393
208 405
208 406
208 410
208 411
208 449
208 527
208 542
208 549
208 553
208 582
208 656
208 657
208 658
208 689
208 690
208 699
208 702
208 703
208 704
208 705
208 706
208 731
208 736
208 737
208 743
208 746
208 748
208 750
208 752
208 757
208 759
208 761
208 763
208 765
208 771
208 798
208 809
208 814
208 848
208 852
208 855
208 858
208 944
208 948
208 956
208 960
208 975
208 988
208 996
208 1001
208 1013
208 1043
208 1049
208 1050
208 1053
208 1080
208 1091
208 1117
208 1134
208 1139
208 1153
208 1193
208 1228
208 1250
209 4
209 14
209 22
209 72
209 73
209 218
209 230
209 242
209 249
209 322
209 391
209 392
209 393
209 412
209 413
209 449
209 527
209 542
209 549
209 553
209 582
209 659
209 660
209 687
209 688
209 691
209 699
209 706
209 731
209 735
209 743
209 746
209 748
209 750
209 752
209 757
209 759
209 761
209 763
209 765
209 771
209 809
209 814
209 848
209 852
209 855
209 858
209 944
209 948
209 956
209 960
209 975
209 988
209 996
209 1001
209 1013
209 1043
209 1049
209 1053
209 1080
209 1081
209 1091
209 1117
209 1135
209 1139
209 1153
209 1154
209 1155
209 1167
209 1193
209 1228
209 1250
210 4
210 14
210 22
210 70
210 71
210 218
210 230
210 241
210 242
210 249
210 322
210 390
210 391
210 405
210 414
210 415
210 449
210 528
210 542
210 549
210 582
210 660
210 687
210 691
210 696
210 699
210 706
210 731
210 734
210 765
210 771
210 814
210 848
210 852
210 855
210 858
210 944
210 948
210 956
210 960
210 975
210 988
210 996
210 1001
210 1013
210 1043
210 1044
210 1045
210 1046
210 1047
210 1048
210 1053
210 1081
210 1092
210 1117
210 1135
210 1140
210 1153
210 1156
210 1157
210 1165
210 1166
210 1168
210 1169
210 1193
210 1228
210 1249
211 4
211 14
211 22
211 70
211 218
211 230
211 242
211 243
211 250
211 323
211 324
211 325
211 326
211 327
211 328
211 389
211 390
211 405
211 415
211 416
211 449
211 528
211 529
211 541
211 549
211 582
211 661
211 687
211 691
211 699
211 706
211 731
211 734
211 765
211 771
211 807
211 808
211 814
211 848
211 852
211 855
211 858
211 893
211 894
211 895
211 896
211 944
211 948
211 956
211 960
211 976
211 988
211 996
211 1001
211 1013
211 1051
211 1053
211 1082
211 1092
211 1117
211 1135
211 1140
211 1153
211 1157
211 1158
211 1159
211 1160
211 1161
211 1162
211 1163
211 1164
211 1165
211 1169
211 1170
211 1193
211 1228
211 1249
212 4
212 14
212 22
212 69
212 218
212 230
212 243
212 250
212 329
212 387
212 388
212 416
212 449
212 530
212 531
212 539
212 540
212 541
212 582
212 661
212 687
212 690
212 699
212 706
212 731
212 734
212 765
212 771
212 809
212 848
212 852
212 855
212 858
212 892
212 897
212 944
212 948
212 956
212 960
212 977
212 988
212 996
212 1001
212 1013
212 1052
212 1053
212 1082
212 1092
212 1117
212 1135
212 1140
212 1153
212 1171
212 1172
212 1191
212 1192
212 1193
212 1228
212 1249
213 4
213 14
213 22
213 69
213 218
213 230
213 243
213 249
213 329
213 387
213 416
213 449
213 532
213 538
213 582
213 661
213 687
213 690
213 699
213 706
213 731
213 734
213 765
213 771
213 809
213 815
213 848
213 852
213 855
213 858
213 891
213 897
213 944
213 948
213 956
213 960
213 977
213 988
213 996
213 1001
213 1013
213 1052
213 1082
213 1092
213 1117
213 1135
213 1140
213 1153
213 1172
213 1191
213 1193
213 1228
213 1248
214 4
214 14
214 22
214 68
214 218
214 230
214 243
214 249
214 329
214 386
214 417
214 449
214 533
214 535
214 536
214 537
214 582
214 660
214 687
214 690
214 699
214 706
214 731
214 734
214 771
214 809
214 814
214 847
214 848
214 852
214 855
214 858
214 892
214 897
214 944
214 948
214 956
214 960
214 977
214 988
214 996
214 1001
214 1013
214 1052
214 1083
214 1092
214 1117
214 1135
214 1140
214 1153
214 1173
214 1189
214 1190
214 1193
214 1228
214 1248
215 4
215 14
215 22
215 65
215 66
215 67
215 218
215 230
215 243
215 249
215 329
215 385
215 386
215 417
215 418
215 449
215 533
215 537
215 583
215 659
215 660
215 687
215 690
215 699
215 706
215 731
215 734
215 766
215 767
215 771
215 809
215 814
215 843
215 844
215 852
215 855
215 858
215 897
215 944
215 948
215 956
215 961
215 977
215 988
215 996
215 1001
215 1052
215 1083
215 1092
215 1117
215 1135
215 1140
215 1153
215 1173
215 1174
215 1188
215 1193
215 1228
216 4
216 14
216 22
216 64
216 218
216 230
216 243
216 249
216 328
216 385
216 418
216 449
216 533
216 583
216 584
216 585
216 586
216 659
216 687
216 690
216 700
216 706
216 731
216 734
216 765
216 773
216 809
216 814
216 845
216 854
216 889
216 890
216 897
216 944
216 948
216 956
216 961
216 977
216 988
216 1052
216 1083
216 1092
216 1193
216 1228
217 4
217 14
217 22
217 63
217 218
217 230
217 243
217 249
217 328
217 384
217 419
217 445
217 446
217 447
217 448
217 587
217 659
217 687
217 690
217 700
217 706
217 731
217 734
217 767
217 772
217 809
217 814
217 845
217 853
217 855
217 859
217 891
217 892
217 944
217 948
217 956
217 961
217 977
217 988
217 1052
217 1083
217 1092
217 1193
217 1229
218 4
218 14
218 22
218 59
218 60
218 61
218 62
218 218
218 230
218 243
218 249
218 327
218 384
218 419
218 444
218 587
218 659
218 687
218 690
218 700
218 706
218 731
218 735
218 767
218 771
218 809
218 814
218 845
218 853
218 855
218 858
218 892
218 942
218 943
218 955
218 975
218 976
218 988
218 1052
218 1084
218 1194
218 1229
219 4
219 14
219 22
219 58
219 218
219 230
219 243
219 249
219 327
219 383
219 419
219 444
219 587
219 659
219 687
219 690
219 700
219 703
219 707
219 731
219 735
219 767
219 771
219 809
219 814
219 845
219 853
219 858
219 892
219 897
219 944
219 956
219 977
219 1050
219 1051
219 1084
219 1229
220 4
220 14
220 22
220 57
220 219
220 230
220 243
220 249
220 327
220 383
220 419
220 444
220 587
220 659
220 687
220 690
220 700
220 704
220 708
220 731
220 735
220 767
220 771
220 780
220 809
220 814
220 844
220 853
220 858
220 892
220 897
220 944
220 948
220 956
220 961
220 977
220 989
220 990
220 1052
220 1054
220 1084
220 1091
220 1092
220 1192
220 1193
220 1194
221 4
221 14
221 22
221 55
221 56
221 57
221 219
221 230
221 243
221 250
221 323
221 324
221 326
221 382
221 420
221 445
221 587
221 660
221 687
221 690
221 700
221 704
221 708
221 731
221 735
221 767
221 771
221 779
221 781
221 782
221 809
221 814
221 844
221 853
221 858
221 892
221 897
221 944
221 948
221 956
221 961
221 977
221 989
221 1052
221 1077
221 1078
221 1084
221 1091
221 1194
221 1230
222 4
222 14
222 22
222 47
222 48
222 49
222 50
222 51
222 52
222 53
222 54
222 219
222 230
222 243
222 250
222 325
222 382
222 420
222 445
222 587
222 660
222 687
222 690
222 767
222 771
222 778
222 782
222 809
222 814
222 844
222 853
222 858
222 892
222 897
222 944
222 948
222 956
222 961
222 977
222 989
222 1052
222 1076
222 1085
222 1090
222 1194
222 1229
223 4
223 14
223 22
223 39
223 40
223 41
223 42
223 43
223 44
223 45
223 46
223 219
223 230
223 243
223 250
223 325
223 382
223 420
223 445
223 586
223 660
223 767
223 771
223 778
223 783
223 809
223 814
223 844
223 853
223 858
223 892
223 897
223 944
223 948
223 956
223 961
223 977
223 989
223 1051
223 1052
223 1076
223 1079
223 1085
223 1090
223 1194
223 1229
224 4
224 14
224 22
224 33
224 34
224 35
224 36
224 37
224 38
224 219
224 230
224 243
224 250
224 325
224 382
224 420
224 445
224 586
224 660
224 767
224 771
224 778
224 783
224 784
224 809
224 814
224 844
224 853
224 858
224 892
224 897
224 944
224 949
224 956
224 961
224 977
224 989
224 1049
224 1050
224 1077
224 1080
224 1085
224 1089
224 1194
224 1229
225 4
225 14
225 22
225 31
225 32
225 219
225 230
225 243
225 250
225 325
225 382
225 420
225 445
225 586
225 661
225 767
225 771
225 778
225 784
225 809
225 814
225 844
225 853
225 858
225 892
225 897
225 944
225 949
225 957
225 961
225 977
225 989
225 1049
225 1054
225 1078
225 1081
225 1082
225 1083
225 1084
225 1085
225 1089
225 1194
225 1229
225 1278
225 1279
226 4
226 14
226 22
226 30
226 31
226 219
226 230
226 243
226 250
226 325
226 382
226 420
226 586
226 661
226 758
226 767
226 771
226 778
226 784
226 809
226 814
226 845
226 853
226 858
226 892
226 897
226 944
226 949
226 957
226 961
226 977
226 989
226 1049
226 1054
226 1078
226 1089
226 1194
227 4
227 14
227 22
227 28
227 29
227 30
227 219
227 230
227 243
227 250
227 325
227 381
227 421
227 586
227 661
227 756
227 757
227 759
227 767
227 771
227 778
227 783
227 784
227 809
227 814
227 845
227 853
227 858
227 892
227 897
227 944
227 949
227 957
227 961
227 977
227 989
227 1049
227 1050
227 1051
227 1078
227 1089
227 1194
227 1229
228 4
228 15
228 22
228 26
228 27
228 219
228 230
228 243
228 325
228 381
228 421
228 586
228 661
228 756
228 759
228 767
228 771
228 778
228 783
228 809
228 814
228 845
228 853
228 858
228 892
228 897
228 945
228 949
228 957
228 961
228 977
228 989
228 1052
228 1065
228 1066
228 1078
228 1089
228 1194
228 1229
229 4
229 15
229 22
229 26
229 219
229 232
229 241
229 242
229 325
229 381
229 421
229 586
229 661
229 755
229 760
229 767
229 771
229 778
229 782
229 809
229 814
229 845
229 853
229 858
229 892
229 897
229 945
229 949
229 957
229 961
229 977
229 989
229 1052
229 1065
229 1067
229 1078
229 1089
229 1194
229 1229
230 4
230 15
230 25
230 216
230 217
230 218
230 231
230 243
230 250
230 325
230 381
230 421
230 586
230 661
230 754
230 755
230 760
230 761
230 768
230 771
230 775
230 776
230 777
230 778
230 782
230 809
230 814
230 845
230 850
230 851
230 852
230 853
230 858
230 891
230 897
230 945
230 949
230 957
230 961
230 977
230 989
230 1052
230 1065
230 1066
230 1067
230 1078
230 1089
230 1194
230 1201
230 1202
230 1203
230 1206
230 1213
230 1214
230 1215
230 1216
230 1217
230 1218
230 1219
230 1220
230 1221
230 1222
230 1223
230 1224
230 1229
231 4
231 15
231 23
231 24
231 219
231 230
231 243
231 250
231 325
231 382
231 421
231 586
231 661
231 754
231 761
231 768
231 769
231 770
231 771
231 774
231 783
231 808
231 815
231 845
231 850
231 856
231 857
231 858
231 891
231 896
231 945
231 949
231 957
231 961
231 978
231 989
231 1051
231 1052
231 1064
231 1066
231 1067
231 1078
231 1089
231 1194
231 1200
231 1204
231 1205
231 1207
231 1212
231 1225
231 1229
232 4
232 15
232 23
232 219
232 231
232 244
232 250
232 325
232 382
232 421
232 586
232 661
232 754
232 755
232 761
232 773
232 783
232 808
232 815
232 845
232 850
232 891
232 896
232 945
232 949
232 957
232 961
232 978
232 989
232 1047
232 1048
232 1049
232 1050
232 1051
232 1064
232 1067
232 1078
232 1089
232 1194
232 1199
232 1204
232 1207
232 1211
232 1217
232 1218
232 1225
232 1229
233 4
233 15
233 22
233 219
233 231
233 244
233 245
233 246
233 247
233 248
233 249
233 250
233 325
233 382
233 421
233 586
233 662
233 755
233 761
233 773
233 783
233 809
233 814
233 815
233 845
233 850
233 891
233 896
233 945
233 949
233 957
233 961
233 978
233 989
233 1045
233 1046
233 1053
233 1064
233 1067
233 1089
233 1194
233 1199
233 1204
233 1207
233 1211
233 1219
233 1225
233 1229
234 4
234 15
234 22
234 219
234 231
234 325
234 383
234 420
234 585
234 662
234 755
234 760
234 771
234 772
234 783
234 809
234 814
234 845
234 850
234 891
234 896
234 945
234 949
234 957
234 961
234 978
234 989
234 1043
234 1044
234 1052
234 1064
234 1067
234 1079
234 1080
234 1081
234 1089
234 1194
234 1199
234 1204
234 1207
234 1211
234 1219
234 1225
234 1229
235 4
235 15
235 22
235 219
235 231
235 325
235 383
235 420
235 585
235 662
235 755
235 760
235 771
235 783
235 809
235 813
235 845
235 850
235 891
235 896
235 945
235 949
235 957
235 961
235 978
235 990
235 1042
235 1043
235 1052
235 1063
235 1068
235 1079
235 1081
235 1089
235 1129
235 1130
235 1131
235 1132
235 1133
235 1134
235 1135
235 1136
235 1137
235 1138
235 1139
235 1140
235 1141
235 1142
235 1143
235 1144
235 1145
235 1146
235 1147
235 1148
235 1149
235 1150
235 1151
235 1152
235 1153
235 1154
235 1155
235 1156
235 1157
235 1158
235 1159
235 1160
235 1161
235 1162
235 1163
235 1164
235 1165
235 1166
235 1167
235 1168
235 1169
235 1170
235 1171
235 1172
235 1173
235 1174
235 1175
235 1176
235 1177
235 1178
235 1179
235 1180
235 1181
235 1182
235 1183
235 1184
235 1185
235 1186
235 1187
235 1188
235 1189
235 1190
235 1191
235 1192
235 1193
235 1194
235 1200
235 1201
235 1202
235 1203
235 1204
235 1205
235 1206
235 1207
235 1211
235 1219
235 1225
235 1229
235 1263
235 1264
235 1265
235 1266
235 1267
235 1268
235 1269
235 1270
235 1271
235 1272
235 1273
235 1274
235 1275
235 1276
235 1277
235 1278
235 1279
236 4
236 13
236 14
236 15
236 22
236 219
236 231
236 325
236 384
236 419
236 420
236 585
236 662
236 755
236 760
236 771
236 783
236 809
236 813
236 845
236 850
236 978
236 990
236 1042
236 1051
236 1063
236 1068
236 1079
236 1081
236 1089
236 1125
236 1126
236 1127
236 1128
236 1212
236 1213
236 1214
236 1215
236 1216
236 1217
236 1218
236 1219
236 1220
236 1221
236 1222
236 1223
236 1224
236 1225
236 1230
236 1231
236 1232
236 1233
236 1234
236 1235
236 1236
236 1237
236 1238
236 1239
236 1240
236 1241
236 1242
236 1243
236 1244
236 1245
236 1246
236 1247
236 1248
236 1249
236 1250
236 1251
236 1252
236 1253
236 1254
236 1255
236 1256
236 1257
236 1258
236 1259
236 1260
236 1261
236 1262
237 4
237 12
237 15
237 23
237 219
237 231
237 324
237 384
237 385
237 419
237 585
237 662
237 755
237 761
237 772
237 783
237 795
237 796
237 797
237 809
237 814
237 845
237 850
237 978
237 990
237 1041
237 1051
237 1062
237 1068
237 1079
237 1081
237 1089
237 1122
237 1123
237 1124
238 4
238 11
238 15
238 23
238 219
238 231
238 324
238 385
238 418
238 585
238 662
238 755
238 761
238 773
238 783
238 793
238 794
238 797
238 809
238 814
238 845
238 978
238 990
238 1041
238 1050
238 1062
238 1068
238 1079
238 1121
239 4
239 11
239 15
239 23
239 219
239 231
239 324
239 386
239 417
239 418
239 585
239 662
239 755
239 761
239 773
239 783
239 793
239 798
239 809
239 814
239 978
239 990
239 1040
239 1050
239 1061
240 5
240 6
240 7
240 8
240 9
240 10
240 11
240 12
240 13
240 14
240 25
240 219
240 231
240 324
240 386
240 387
240 416
240 417
240 585
240 662
240 755
240 761
240 773
240 783
240 792
240 798
240 809
240 815
240 978
240 990
240 1040
241 0
241 1
241 2
241 3
241 4
241 15
241 24
241 219
241 231
241 387
241 388
241 415
241 416
241 585
241 662
241 755
241 761
241 773
241 783
241 792
241 799
241 809
241 815
241 978
241 990
242 15
242 23
242 219
242 231
242 389
242 390
242 413
242 414
242 585
242 662
242 755
242 762
242 773
242 783
242 792
242 799
242 800
242 809
242 815
242 978
242 990
243 15
243 23
243 219
243 231
243 390
243 391
243 394
243 406
243 411
243 412
243 585
243 662
243 754
243 762
243 763
243 773
243 783
243 791
243 800
243 809
243 978
243 990
244 15
244 23
244 219
244 231
244 391
244 392
244 409
244 410
244 585
244 662
244 754
244 763
244 773
244 783
244 792
244 800
244 809
244 978
244 990
245 15
245 23
245 219
245 231
245 393
245 394
245 407
245 408
245 584
245 662
245 755
245 762
245 763
245 773
245 784
245 792
245 800
245 978
245 990
246 15
246 23
246 219
246 231
246 394
246 395
246 407
246 584
246 661
246 756
246 762
246 773
246 784
246 792
246 799
246 978
246 990
247 15
247 23
247 219
247 231
247 395
247 406
247 410
247 584
247 661
247 756
247 761
247 773
247 784
247 792
247 799
247 978
247 990
248 15
248 23
248 220
248 231
248 395
248 406
248 410
248 584
248 661
248 756
248 761
248 773
248 784
248 792
248 799
248 978
248 990
249 15
249 23
249 220
249 231
249 395
249 406
249 410
249 584
249 661
249 756
249 761
249 773
249 784
249 792
249 799
249 978
249 990
250 16
250 23
250 220
250 231
250 395
250 406
250 410
250 584
250 661
250 756
250 761
250 772
250 784
250 792
250 799
250 978
250 990
251 16
251 23
251 220
251 231
251 395
251 407
251 410
251 661
251 756
251 761
251 772
251 783
251 793
251 799
251 979
251 991
252 16
252 23
252 220
252 231
252 395
252 407
252 410
252 662
252 756
252 761
252 773
252 783
252 793
252 799
252 979
252 991
253 16
253 23
253 220
253 231
253 395
253 407
253 410
253 756
253 761
253 773
253 793
253 799
253 979
253 991
254 16
254 23
254 220
254 231
254 395
254 408
254 756
254 762
254 773
254 793
254 799
254 979
254 991
255 16
255 23
255 220
255 231
255 395
255 408
255 756
255 763
255 773
255 793
255 799
255 979
255 991
256 16
256 23
256 220
256 231
256 395
256 408
256 763
256 793
256 799
256 979
256 991
257 16
257 23
257 220
257 231
257 395
257 407
257 793
257 800
257 979
257 991
258 16
258 23
258 220
258 231
258 393
258 394
258 395
258 407
258 793
258 800
258 801
258 979
258 991
259 16
259 23
259 220
259 232
259 395
259 407
259 792
259 793
259 801
259 979
259 991
260 16
260 23
260 220
260 232
260 395
260 407
260 792
260 801
260 979
260 991
261 16
261 23
261 220
261 232
261 395
261 407
261 791
261 801
261 979
261 991
262 16
262 23
262 220
262 232
262 395
262 407
262 792
262 801
262 979
262 991
263 16
263 23
263 220
263 232
263 395
263 407
263 793
263 800
263 979
263 991
264 16
264 23
264 220
264 232
264 395
264 407
264 793
264 800
264 979
264 991
265 16
265 23
265 220
265 232
265 395
265 407
265 793
265 800
265 979
265 991
266 16
266 23
266 220
266 232
266 395
266 407
266 793
266 800
266 979
266 991
267 16
267 24
267 220
267 232
267 395
267 407
267 793
267 800
267 979
267 991
268 16
268 24
268 220
268 232
268 395
268 407
268 793
268 800
268 979
268 992
269 16
269 24
269 220
269 232
269 395
269 407
269 793
269 800
269 979
269 992
270 220
270 232
270 395
270 407
270 793
270 800
270 979
270 992
271 220
271 232
271 395
271 407
271 793
271 800
271 980
271 992
272 220
272 232
272 396
272 407
272 793
272 800
272 980
272 992
273 220
273 232
273 396
273 793
273 801
273 980
273 992
274 220
274 232
274 396
274 792
274 801
274 802
274 980
274 992
275 220
275 232
275 792
275 802
275 980
275 992
276 220
276 232
276 802
276 980
276 992
277 221
277 232
277 802
277 980
277 992
278 221
278 232
278 801
278 980
278 992
279 221
279 232
279 980
279 992
280 221
280 232
280 980
280 992
281 221
281 232
281 980
281 992
282 221
282 232
282 980
282 992
283 221
283 232
283 980
283 992
284 221
284 232
284 980
284 992
284 1278
284 1279
285 221
285 233
285 980
285 993
286 221
286 233
286 980
286 993
287 221
287 233
287 980
287 993
288 221
288 233
288 980
288 993
289 221
289 233
289 980
289 993
290 221
290 233
290 980
290 993
291 221
291 233
291 981
291 993
292 221
292 233
292 981
292 993
293 221
293 233
293 981
293 993
294 221
294 233
294 981
294 993
295 221
295 233
295 981
295 993
296 221
296 233
296 981
296 993
297 221
297 233
297 981
297 993
298 221
298 233
298 981
298 993
299 221
299 233
299 981
299 993
300 221
300 233
300 981
300 993
301 221
301 233
301 981
301 993
302 221
302 233
302 981
302 994
303 221
303 233
303 981
303 994
304 221
304 233
304 981
304 994
305 221
305 233
305 981
305 994
306 222
306 233
306 981
306 994
307 222
307 233
307 981
307 994
308 222
308 233
308 981
308 994
309 222
309 233
309 981
309 994
310 222
310 233
310 981
310 994
311 222
311 234
311 981
311 994
312 222
312 234
312 982
312 994
313 222
313 234
313 982
313 994
314 222
314 234
314 982
314 994
315 222
315 234
315 982
315 994
316 222
316 234
316 982
316 994
317 222
317 234
317 982
317 994
318 222
318 234
318 982
318 995
319 222
319 234
319 982
319 995
320 222
320 234
320 982
320 995
321 222
321 234
321 982
321 995
322 222
322 234
322 982
322 995
323 222
323 234
323 982
323 995
324 222
324 234
324 982
324 995
325 222
325 234
325 982
325 995
326 222
326 234
326 982
326 995
327 222
327 234
327 982
327 995
328 222
328 234
328 982
328 995
329 222
329 234
329 982
329 995
330 222
330 234
330 982
330 995
331 222
331 234
331 983
331 995
332 222
332 234
332 983
332 995
333 222
333 234
333 983
333 995
334 223
334 234
334 983
334 996
335 223
335 234
335 983
335 996
336 223
336 234
336 983
336 996
337 223
337 235
337 983
337 996
338 223
338 236
338 983
338 996
339 223
339 236
339 983
340 223
340 236
340 983
341 223
341 236
342 223
342 236
343 223
343 236
344 223
344 236
345 223
345 236
346 223
346 236
347 223
347 236
348 223
348 236
349 223
349 236
350 223
350 236
351 223
351 236
352 223
352 236
353 223
353 236
354 223
354 236
355 223
355 236
356 223
356 236
357 223
357 236
358 223
358 236
