0 75
0 126
0 144
0 339
0 358
0 998
1 75
1 126
1 144
1 340
1 359
1 998
2 74
2 75
2 126
2 144
2 341
2 342
2 360
2 361
2 997
2 998
3 74
3 126
3 144
3 342
3 362
3 363
3 997
4 75
4 126
4 144
4 342
4 364
4 365
4 996
5 51
5 52
5 53
5 54
5 75
5 126
5 144
5 342
5 366
5 367
5 960
5 995
5 996
6 39
6 40
6 41
6 42
6 43
6 44
6 45
6 46
6 47
6 48
6 49
6 50
6 55
6 75
6 126
6 144
6 342
6 368
6 369
6 370
6 957
6 958
6 959
6 961
6 994
6 995
7 37
7 38
7 56
7 57
7 58
7 59
7 60
7 61
7 62
7 63
7 64
7 65
7 66
7 67
7 68
7 69
7 70
7 71
7 74
7 126
7 144
7 340
7 341
7 371
7 372
7 955
7 956
7 962
7 993
7 994
8 36
8 72
8 126
8 144
8 339
8 340
8 373
8 374
8 375
8 953
8 954
8 962
8 993
9 35
9 73
9 74
9 126
9 145
9 337
9 338
9 339
9 376
9 377
9 953
9 962
9 992
10 35
10 126
10 145
10 336
10 378
10 379
10 906
10 907
10 908
10 909
10 910
10 911
10 952
10 962
10 991
10 992
11 35
11 126
11 145
11 335
11 380
11 381
11 382
11 904
11 905
11 912
11 913
11 914
11 915
11 916
11 917
11 952
11 962
11 990
11 991
12 35
12 127
12 145
12 334
12 335
12 383
12 384
12 904
12 918
12 919
12 952
12 962
12 989
12 990
13 36
13 127
13 145
13 333
13 334
13 385
13 386
13 903
13 919
13 951
13 962
13 989
14 37
14 127
14 145
14 331
14 332
14 387
14 388
14 389
14 903
14 920
14 951
14 962
14 988
15 37
15 127
15 145
15 330
15 390
15 391
15 903
15 904
15 920
15 921
15 952
15 961
15 962
15 987
15 988
16 37
16 127
16 145
16 329
16 392
16 393
16 904
16 905
16 953
16 954
16 959
16 960
16 986
16 987
17 37
17 127
17 145
17 329
17 365
17 394
17 395
17 396
17 906
17 907
17 918
17 919
17 920
17 955
17 956
17 957
17 958
17 985
17 986
18 36
18 127
18 145
18 329
18 363
18 364
18 366
18 367
18 397
18 398
18 907
18 908
18 909
18 910
18 911
18 912
18 913
18 914
18 915
18 916
18 917
18 985
19 35
19 127
19 145
19 329
19 361
19 362
19 368
19 369
19 399
19 400
19 984
20 35
20 127
20 145
20 330
20 360
20 361
20 369
20 370
20 371
20 372
20 373
20 401
20 402
20 403
20 404
20 812
20 813
20 814
20 815
20 816
20 817
20 818
20 819
20 820
20 821
20 822
20 823
20 824
20 825
20 826
20 827
20 828
20 829
20 830
20 831
20 832
20 833
20 983
20 984
21 35
21 127
21 145
21 330
21 331
21 332
21 359
21 360
21 374
21 405
21 406
21 779
21 780
21 781
21 782
21 783
21 784
21 785
21 786
21 787
21 788
21 789
21 790
21 791
21 792
21 793
21 794
21 795
21 796
21 797
21 798
21 799
21 800
21 801
21 802
21 803
21 804
21 805
21 806
21 807
21 808
21 809
21 810
21 811
21 834
21 982
21 983
22 35
22 127
22 145
22 333
22 334
22 359
22 374
22 407
22 408
22 767
22 768
22 769
22 770
22 771
22 772
22 773
22 774
22 775
22 776
22 777
22 778
22 834
22 981
22 982
23 36
23 37
23 38
23 127
23 145
23 335
23 336
23 337
23 358
23 374
23 409
23 410
23 411
23 767
23 834
23 980
23 981
24 127
24 145
24 338
24 339
24 358
24 374
24 412
24 413
24 767
24 768
24 834
24 980
25 36
25 37
25 38
25 127
25 146
25 339
25 340
25 358
25 374
25 414
25 415
25 768
25 769
25 811
25 812
25 813
25 814
25 815
25 816
25 817
25 818
25 819
25 820
25 821
25 822
25 823
25 824
25 825
25 826
25 827
25 828
25 829
25 830
25 831
25 832
25 833
25 834
25 979
26 34
26 35
26 36
26 127
26 146
26 340
26 341
26 342
26 343
26 344
26 345
26 346
26 355
26 356
26 357
26 374
26 416
26 417
26 769
26 770
26 783
26 784
26 785
26 786
26 787
26 788
26 789
26 790
26 791
26 792
26 793
26 794
26 795
26 796
26 797
26 798
26 799
26 800
26 801
26 802
26 803
26 804
26 805
26 806
26 807
26 808
26 809
26 810
26 978
26 979
27 32
27 33
27 127
27 146
27 347
27 348
27 349
27 350
27 351
27 352
27 353
27 354
27 375
27 418
27 419
27 770
27 771
27 777
27 778
27 779
27 780
27 781
27 782
27 977
27 978
28 31
28 32
28 127
28 146
28 375
28 376
28 419
28 420
28 771
28 772
28 773
28 774
28 775
28 776
28 975
28 976
29 31
29 127
29 146
29 376
29 420
29 421
29 975
30 30
30 127
30 146
30 376
30 421
30 422
30 974
31 31
31 127
31 146
31 376
31 422
31 423
31 973
31 974
32 31
32 32
32 127
32 146
32 376
32 423
32 972
32 973
33 32
33 33
33 52
33 53
33 54
33 55
33 127
33 146
33 376
33 424
33 971
33 972
34 34
34 35
34 45
34 50
34 51
34 56
34 57
34 128
34 146
34 376
34 424
34 425
34 971
35 36
35 37
35 38
35 39
35 40
35 41
35 42
35 43
35 44
35 46
35 47
35 48
35 49
35 58
35 59
35 128
35 146
35 376
35 425
35 426
35 970
36 59
36 60
36 128
36 146
36 376
36 426
36 427
36 969
36 970
37 61
37 128
37 146
37 376
37 427
37 428
37 968
37 969
38 61
38 128
38 146
38 376
38 428
38 429
38 967
38 968
39 59
39 128
39 146
39 376
39 429
39 430
39 967
40 58
40 128
40 146
40 376
40 430
40 431
40 912
40 966
41 58
41 128
41 146
41 376
41 431
41 432
41 911
41 913
41 914
41 915
41 965
41 966
42 58
42 128
42 146
42 376
42 432
42 910
42 916
42 964
43 58
43 128
43 147
43 376
43 432
43 910
43 916
43 962
43 963
44 59
44 128
44 147
44 376
44 433
44 910
44 916
44 960
44 961
45 59
45 60
45 128
45 147
45 375
45 433
45 434
45 910
45 916
45 958
45 959
46 60
46 128
46 147
46 375
46 434
46 435
46 910
46 916
46 956
46 957
47 60
47 128
47 147
47 376
47 435
47 436
47 910
47 916
47 954
47 955
48 60
48 128
48 147
48 376
48 436
48 437
48 889
48 910
48 916
48 952
48 953
49 61
49 128
49 147
49 377
49 438
49 439
49 888
49 890
49 891
49 892
49 893
49 910
49 916
49 950
49 951
50 128
50 147
50 377
50 439
50 440
50 887
50 894
50 895
50 896
50 897
50 898
50 899
50 900
50 901
50 902
50 910
50 916
50 948
50 949
51 58
51 59
51 60
51 128
51 147
51 378
51 440
51 441
51 887
51 903
51 904
51 910
51 916
51 946
51 947
52 56
52 57
52 128
52 147
52 378
52 441
52 442
52 887
52 904
52 905
52 910
52 916
52 944
52 945
52 991
52 992
52 993
52 994
52 995
53 54
53 55
53 128
53 147
53 378
53 442
53 443
53 853
53 887
53 905
53 906
53 910
53 916
53 943
53 986
53 987
53 988
53 989
53 990
53 996
54 53
54 54
54 128
54 147
54 379
54 443
54 851
54 852
54 854
54 855
54 886
54 906
54 907
54 910
54 916
54 942
54 983
54 984
54 985
54 996
54 997
54 998
54 999
54 1000
54 1001
54 1002
54 1003
54 1004
55 53
55 128
55 147
55 379
55 444
55 850
55 851
55 855
55 886
55 907
55 908
55 910
55 916
55 942
55 981
55 982
55 1005
56 52
56 128
56 147
56 380
56 444
56 445
56 849
56 850
56 856
56 886
56 908
56 916
56 942
56 979
56 980
56 1005
57 52
57 129
57 147
57 380
57 445
57 446
57 849
57 857
57 886
57 909
57 910
57 916
57 942
57 943
57 977
57 978
57 979
57 1005
58 51
58 129
58 147
58 380
58 446
58 447
58 848
58 857
58 886
58 916
58 944
58 945
58 975
58 976
58 1005
59 52
59 129
59 148
59 380
59 447
59 448
59 455
59 456
59 457
59 848
59 858
59 886
59 911
59 917
59 945
59 946
59 974
59 975
59 1006
60 129
60 148
60 379
60 380
60 448
60 449
60 453
60 454
60 457
60 458
60 846
60 847
60 858
60 886
60 911
60 917
60 947
60 948
60 974
60 1006
61 50
61 51
61 129
61 148
61 377
61 378
61 449
61 450
61 451
61 452
61 459
61 460
61 846
61 858
61 885
61 911
61 917
61 948
61 973
61 1006
62 49
62 129
62 148
62 376
62 377
62 460
62 461
62 845
62 858
62 885
62 911
62 917
62 948
62 972
62 1007
63 48
63 129
63 148
63 376
63 461
63 845
63 858
63 885
63 911
63 917
63 949
63 971
63 1007
64 48
64 129
64 148
64 375
64 462
64 845
64 859
64 884
64 885
64 911
64 918
64 949
64 970
64 1007
65 49
65 129
65 148
65 374
65 375
65 462
65 468
65 845
65 859
65 883
65 884
65 911
65 918
65 919
65 949
65 969
65 1007
66 50
66 51
66 129
66 148
66 373
66 374
66 463
66 466
66 467
66 469
66 470
66 471
66 845
66 859
66 882
66 883
66 911
66 917
66 919
66 920
66 948
66 949
66 968
66 1007
67 52
67 53
67 54
67 55
67 56
67 129
67 148
67 369
67 370
67 371
67 372
67 373
67 463
67 464
67 465
67 472
67 473
67 845
67 860
67 881
67 882
67 911
67 917
67 920
67 921
67 947
67 948
67 967
67 1007
68 57
68 58
68 59
68 60
68 61
68 129
68 148
68 365
68 366
68 367
68 368
68 474
68 475
68 845
68 861
68 862
68 863
68 880
68 881
68 911
68 917
68 922
68 923
68 946
68 947
68 967
68 1007
69 62
69 63
69 64
69 65
69 129
69 148
69 364
69 476
69 477
69 844
69 845
69 864
69 865
69 879
69 880
69 911
69 917
69 923
69 924
69 945
69 946
69 966
69 1006
70 66
70 67
70 129
70 148
70 364
70 478
70 479
70 842
70 843
70 844
70 866
70 877
70 878
70 911
70 917
70 924
70 925
70 944
70 945
70 965
70 1006
71 68
71 69
71 129
71 148
71 364
71 365
71 479
71 841
71 866
71 876
71 877
71 911
71 917
71 926
71 927
71 942
71 943
71 965
71 1005
72 69
72 70
72 129
72 148
72 366
72 367
72 480
72 840
72 849
72 850
72 866
72 874
72 875
72 911
72 917
72 927
72 928
72 942
72 964
72 1005
73 70
73 71
73 129
73 148
73 367
73 368
73 480
73 516
73 517
73 518
73 841
73 842
73 843
73 848
73 866
73 873
73 874
73 911
73 917
73 928
73 929
73 941
73 964
73 1004
74 72
74 73
74 129
74 148
74 368
74 369
74 481
74 515
74 519
74 844
74 845
74 846
74 847
74 848
74 850
74 866
74 872
74 873
74 911
74 917
74 930
74 931
74 940
74 941
74 963
74 1004
75 74
75 75
75 129
75 148
75 369
75 370
75 371
75 481
75 514
75 519
75 849
75 867
75 871
75 872
75 911
75 917
75 931
75 932
75 939
75 940
75 962
75 963
75 1003
76 75
76 129
76 149
76 372
76 373
76 482
76 483
76 484
76 485
76 486
76 487
76 514
76 519
76 849
76 867
76 870
76 871
76 911
76 917
76 932
76 933
76 938
76 939
76 961
76 962
76 1004
77 75
77 129
77 149
77 373
77 374
77 375
77 376
77 377
77 378
77 379
77 488
77 514
77 519
77 849
77 868
77 869
77 911
77 917
77 934
77 935
77 937
77 938
77 960
77 961
77 1004
77 1005
77 1006
78 75
78 129
78 149
78 380
78 381
78 382
78 488
78 514
78 519
78 849
78 866
78 867
78 911
78 917
78 935
78 936
78 937
78 958
78 959
78 1007
78 1008
79 74
79 130
79 149
79 383
79 488
79 514
79 519
79 849
79 864
79 865
79 911
79 917
79 934
79 958
79 1009
80 72
80 73
80 109
80 110
80 111
80 130
80 149
80 383
80 488
80 514
80 519
80 848
80 849
80 862
80 863
80 911
80 917
80 933
80 957
80 1009
81 71
81 72
81 109
81 112
81 113
81 130
81 149
81 383
81 488
81 514
81 519
81 846
81 847
81 861
81 862
81 911
81 917
81 932
81 956
81 957
81 1009
82 71
82 108
82 113
82 114
82 130
82 149
82 383
82 488
82 514
82 519
82 845
82 846
82 859
82 860
82 911
82 917
82 931
82 955
82 956
82 1009
83 70
83 107
83 108
83 114
83 115
83 130
83 149
83 383
83 488
83 514
83 519
83 844
83 845
83 857
83 858
83 911
83 917
83 930
83 953
83 954
83 955
83 1009
84 70
84 106
84 107
84 116
84 130
84 149
84 382
84 383
84 488
84 514
84 519
84 842
84 843
84 844
84 856
84 857
84 911
84 917
84 929
84 951
84 952
84 1010
85 69
85 106
85 116
85 130
85 149
85 382
85 488
85 514
85 519
85 841
85 855
85 911
85 917
85 928
85 950
85 1011
86 69
86 105
86 116
86 130
86 149
86 381
86 488
86 514
86 519
86 840
86 854
86 911
86 917
86 926
86 927
86 949
86 1011
87 69
87 105
87 116
87 130
87 149
87 381
87 488
87 514
87 520
87 839
87 840
87 853
87 854
87 911
87 917
87 925
87 949
87 1011
88 69
88 70
88 104
88 105
88 116
88 130
88 149
88 381
88 488
88 514
88 520
88 838
88 851
88 852
88 911
88 917
88 924
88 948
88 1012
89 71
89 72
89 73
89 74
89 75
89 76
89 77
89 103
89 104
89 116
89 130
89 149
89 380
89 488
89 514
89 520
89 839
89 840
89 841
89 849
89 850
89 911
89 917
89 923
89 948
89 1012
90 78
90 102
90 103
90 116
90 130
90 149
90 380
90 488
90 515
90 520
90 841
90 848
90 849
90 911
90 917
90 922
90 948
90 1013
91 63
91 64
91 65
91 66
91 67
91 68
91 69
91 70
91 71
91 74
91 75
91 76
91 79
91 80
91 81
91 82
91 101
91 112
91 113
91 114
91 115
91 130
91 149
91 380
91 488
91 515
91 520
91 641
91 642
91 643
91 644
91 839
91 840
91 846
91 847
91 911
91 917
91 921
91 948
91 1013
92 59
92 60
92 61
92 62
92 78
92 83
92 100
92 111
92 130
92 149
92 379
92 488
92 515
92 520
92 640
92 644
92 839
92 844
92 845
92 912
92 917
92 920
92 949
92 1014
93 22
93 23
93 24
93 25
93 57
93 58
93 79
93 84
93 99
93 100
93 110
93 130
93 150
93 379
93 488
93 515
93 520
93 639
93 645
93 842
93 843
93 844
93 912
93 918
93 920
93 949
93 1014
93 1015
94 21
94 26
94 27
94 57
94 80
94 84
94 98
94 99
94 110
94 130
94 150
94 379
94 488
94 515
94 520
94 639
94 645
94 646
94 839
94 840
94 841
94 912
94 918
94 920
94 921
94 922
94 923
94 924
94 925
94 926
94 927
94 928
94 929
94 949
94 1015
95 20
95 28
95 29
95 56
95 80
95 81
95 85
95 98
95 111
95 130
95 150
95 378
95 489
95 515
95 520
95 639
95 646
95 647
95 835
95 838
95 839
95 912
95 918
95 929
95 949
95 1015
96 19
96 30
96 56
96 81
96 82
96 83
96 85
96 97
96 111
96 130
96 150
96 378
96 490
96 491
96 515
96 520
96 640
96 641
96 642
96 643
96 644
96 645
96 834
96 835
96 838
96 912
96 918
96 929
96 948
96 1016
97 18
97 30
97 56
97 84
97 86
97 96
97 97
97 111
97 130
97 150
97 378
97 491
97 515
97 520
97 833
97 834
97 837
97 912
97 918
97 929
97 947
97 948
97 1016
97 1139
97 1140
97 1141
97 1142
97 1143
97 1144
97 1145
97 1146
97 1147
97 1148
97 1149
97 1150
97 1151
97 1152
97 1153
97 1154
97 1155
97 1156
97 1157
97 1158
97 1159
97 1160
97 1161
97 1162
97 1163
97 1164
97 1165
97 1166
97 1167
98 18
98 30
98 56
98 85
98 87
98 88
98 89
98 90
98 91
98 92
98 93
98 94
98 95
98 96
98 112
98 130
98 150
98 377
98 378
98 491
98 515
98 520
98 833
98 837
98 912
98 918
98 929
98 947
98 1016
98 1133
98 1134
98 1135
98 1136
98 1137
98 1138
98 1168
98 1169
98 1170
98 1171
98 1172
98 1173
98 1174
98 1175
98 1176
98 1177
98 1178
98 1179
98 1180
98 1181
98 1182
98 1183
98 1184
98 1185
98 1186
98 1187
98 1188
98 1189
98 1190
98 1191
98 1192
98 1193
98 1194
98 1195
98 1196
98 1197
98 1198
98 1199
98 1200
98 1215
98 1216
98 1217
98 1218
98 1219
98 1220
98 1221
98 1222
98 1223
98 1224
98 1225
98 1226
98 1227
98 1228
98 1229
98 1230
98 1231
99 18
99 31
99 56
99 85
99 97
99 98
99 99
99 100
99 101
99 102
99 103
99 104
99 105
99 106
99 107
99 108
99 109
99 110
99 130
99 150
99 377
99 491
99 515
99 520
99 832
99 836
99 912
99 918
99 929
99 946
99 1017
99 1130
99 1131
99 1132
99 1201
99 1202
99 1203
99 1204
99 1205
99 1206
99 1207
99 1208
99 1209
99 1210
99 1211
99 1212
99 1213
99 1214
99 1232
99 1233
99 1234
99 1235
99 1236
99 1237
99 1278
99 1279
100 17
100 32
100 56
100 87
100 88
100 89
100 90
100 91
100 92
100 93
100 94
100 95
100 130
100 150
100 376
100 492
100 515
100 520
100 832
100 836
100 912
100 918
100 930
100 946
100 1017
100 1129
100 1238
100 1239
100 1240
100 1241
100 1277
101 17
101 32
101 56
101 130
101 150
101 375
101 492
101 515
101 520
101 831
101 836
101 912
101 918
101 930
101 945
101 1018
101 1128
101 1242
101 1243
101 1244
101 1245
101 1246
101 1247
101 1276
102 16
102 33
102 56
102 131
102 150
102 374
102 493
102 494
102 495
102 515
102 520
102 661
102 831
102 836
102 912
102 918
102 930
102 945
102 1018
102 1069
102 1070
102 1071
102 1072
102 1126
102 1127
102 1248
102 1249
102 1250
102 1275
103 16
103 34
103 56
103 131
103 150
103 374
103 496
103 497
103 515
103 520
103 596
103 597
103 598
103 599
103 600
103 659
103 660
103 662
103 831
103 835
103 912
103 918
103 930
103 945
103 1018
103 1068
103 1073
103 1074
103 1075
103 1076
103 1077
103 1078
103 1079
103 1080
103 1124
103 1125
103 1251
103 1252
103 1274
104 16
104 35
104 56
104 131
104 150
104 372
104 373
104 498
104 499
104 515
104 520
104 595
104 601
104 602
104 658
104 659
104 662
104 831
104 835
104 912
104 918
104 930
104 944
104 1018
104 1067
104 1081
104 1082
104 1083
104 1122
104 1123
104 1253
104 1254
104 1255
104 1273
104 1274
105 15
105 35
105 36
105 56
105 131
105 150
105 371
105 372
105 500
105 501
105 515
105 520
105 534
105 535
105 594
105 603
105 604
105 657
105 658
105 662
105 665
105 666
105 667
105 831
105 835
105 912
105 918
105 930
105 944
105 1018
105 1065
105 1066
105 1084
105 1085
105 1086
105 1087
105 1088
105 1121
105 1122
105 1256
105 1257
105 1258
105 1272
105 1273
106 16
106 36
106 37
106 56
106 131
106 150
106 369
106 370
106 502
106 503
106 504
106 505
106 515
106 520
106 533
106 536
106 587
106 588
106 589
106 590
106 591
106 592
106 593
106 594
106 605
106 606
106 656
106 657
106 663
106 664
106 665
106 668
106 831
106 835
106 912
106 918
106 930
106 944
106 1018
106 1064
106 1065
106 1089
106 1090
106 1091
106 1092
106 1093
106 1112
106 1113
106 1114
106 1115
106 1116
106 1117
106 1121
106 1259
106 1260
106 1261
106 1262
106 1263
106 1264
106 1265
106 1266
106 1267
106 1268
106 1269
106 1270
106 1271
107 16
107 38
107 39
107 56
107 131
107 150
107 368
107 369
107 506
107 507
107 515
107 520
107 532
107 537
107 568
107 569
107 570
107 571
107 572
107 573
107 574
107 575
107 576
107 577
107 578
107 579
107 580
107 581
107 582
107 583
107 584
107 585
107 586
107 607
107 608
107 656
107 669
107 670
107 832
107 834
107 912
107 918
107 930
107 944
107 1018
107 1064
107 1094
107 1095
107 1096
107 1097
107 1098
107 1099
107 1100
107 1101
107 1102
107 1103
107 1104
107 1105
107 1106
107 1107
107 1108
107 1109
107 1110
107 1111
107 1120
108 13
108 14
108 15
108 16
108 39
108 40
108 55
108 131
108 150
108 357
108 358
108 359
108 360
108 361
108 362
108 363
108 364
108 365
108 366
108 367
108 368
108 508
108 509
108 515
108 520
108 532
108 537
108 550
108 551
108 552
108 553
108 554
108 555
108 556
108 557
108 558
108 559
108 560
108 561
108 562
108 563
108 564
108 565
108 566
108 567
108 609
108 610
108 650
108 651
108 655
108 670
108 832
108 834
108 912
108 918
108 930
108 944
108 1017
108 1063
108 1117
108 1120
109 11
109 12
109 41
109 56
109 131
109 150
109 356
109 510
109 511
109 515
109 520
109 532
109 538
109 539
109 540
109 541
109 542
109 543
109 544
109 545
109 546
109 547
109 548
109 549
109 611
109 612
109 613
109 614
109 615
109 616
109 617
109 618
109 650
109 654
109 655
109 670
109 834
109 912
109 918
109 930
109 944
109 1017
109 1063
109 1118
109 1119
110 10
110 41
110 57
110 58
110 131
110 151
110 356
110 378
110 379
110 380
110 381
110 512
110 513
110 514
110 515
110 521
110 522
110 523
110 524
110 525
110 526
110 527
110 528
110 529
110 530
110 531
110 532
110 619
110 649
110 652
110 653
110 654
110 670
110 833
110 834
110 912
110 918
110 930
110 944
110 1017
110 1061
110 1062
111 9
111 42
111 58
111 59
111 131
111 151
111 356
111 357
111 376
111 377
111 382
111 383
111 619
111 649
111 671
111 833
111 912
111 918
111 930
111 944
111 1018
111 1059
111 1060
111 1061
112 9
112 42
112 43
112 59
112 131
112 151
112 357
112 358
112 364
112 365
112 366
112 367
112 368
112 369
112 370
112 374
112 375
112 383
112 384
112 515
112 620
112 648
112 671
112 833
112 912
112 918
112 931
112 945
112 1018
112 1019
112 1057
112 1058
113 9
113 43
113 59
113 131
113 151
113 359
113 360
113 363
113 371
113 372
113 373
113 384
113 385
113 515
113 521
113 620
113 648
113 671
113 833
113 912
113 918
113 931
113 945
113 1019
113 1055
113 1056
114 8
114 9
114 43
114 59
114 131
114 151
114 360
114 361
114 362
114 385
114 386
114 515
114 521
114 620
114 648
114 671
114 672
114 673
114 674
114 830
114 833
114 912
114 918
114 931
114 946
114 1019
114 1054
115 7
115 8
115 43
115 59
115 131
115 151
115 386
115 387
115 515
115 521
115 621
115 648
115 670
115 675
115 830
115 832
115 912
115 918
115 931
115 946
115 1019
115 1053
116 5
116 6
116 44
116 59
116 131
116 151
116 387
116 515
116 521
116 621
116 622
116 645
116 646
116 669
116 675
116 830
116 832
116 912
116 918
116 931
116 947
116 1019
116 1053
117 3
117 4
117 5
117 44
117 45
117 59
117 131
117 151
117 387
117 515
117 521
117 622
117 623
117 643
117 644
117 647
117 669
117 675
117 832
117 912
117 918
117 930
117 931
117 948
117 949
117 1020
117 1053
118 2
118 45
118 46
118 59
118 131
118 151
118 387
118 515
118 521
118 619
118 620
118 623
118 624
118 643
118 670
118 672
118 673
118 674
118 675
118 831
118 832
118 912
118 918
118 927
118 928
118 929
118 949
118 1020
118 1053
119 1
119 46
119 60
119 131
119 151
119 387
119 515
119 518
119 619
119 624
119 625
119 642
119 671
119 809
119 810
119 811
119 812
119 831
119 912
119 918
119 923
119 924
119 925
119 926
119 950
119 1020
119 1052
120 1
120 47
120 48
120 61
120 62
120 131
120 151
120 387
120 513
120 514
120 515
120 516
120 517
120 519
120 619
120 623
120 625
120 626
120 642
120 807
120 808
120 813
120 814
120 815
120 816
120 817
120 818
120 831
120 912
120 918
120 920
120 921
120 922
120 950
120 951
120 1020
120 1052
121 0
121 1
121 49
121 63
121 64
121 65
121 66
121 67
121 131
121 151
121 387
121 510
121 511
121 512
121 519
121 619
121 623
121 627
121 628
121 642
121 669
121 673
121 674
121 675
121 676
121 805
121 806
121 831
121 912
121 918
121 919
121 952
121 1020
121 1052
122 49
122 68
122 69
122 75
122 76
122 77
122 131
122 151
122 387
122 509
122 519
122 619
122 622
122 628
122 629
122 642
122 669
122 671
122 672
122 677
122 678
122 802
122 803
122 804
122 818
122 831
122 912
122 918
122 953
122 1020
122 1048
122 1052
123 50
123 70
123 71
123 72
123 73
123 74
123 78
123 131
123 151
123 387
123 508
123 519
123 619
123 622
123 629
123 630
123 642
123 671
123 678
123 800
123 801
123 817
123 831
123 910
123 911
123 912
123 918
123 953
123 1020
123 1047
123 1049
123 1050
123 1051
124 50
124 78
124 132
124 151
124 388
124 389
124 390
124 391
124 508
124 519
124 619
124 622
124 630
124 631
124 643
124 669
124 678
124 800
124 817
124 831
124 907
124 908
124 909
124 912
124 918
124 954
124 1020
124 1046
125 50
125 78
125 132
125 151
125 392
125 393
125 508
125 519
125 619
125 622
125 631
125 632
125 643
125 678
125 689
125 690
125 691
125 799
125 818
125 831
125 904
125 905
125 906
125 913
125 919
125 955
125 956
125 1020
125 1046
126 51
126 78
126 132
126 152
126 393
126 394
126 508
126 519
126 619
126 622
126 632
126 633
126 643
126 679
126 688
126 692
126 799
126 818
126 826
126 827
126 828
126 829
126 830
126 901
126 902
126 903
126 913
126 919
126 956
126 1020
126 1046
127 51
127 52
127 78
127 132
127 152
127 260
127 261
127 262
127 263
127 264
127 265
127 266
127 267
127 268
127 269
127 270
127 271
127 272
127 273
127 274
127 275
127 276
127 277
127 278
127 279
127 280
127 281
127 282
127 283
127 394
127 508
127 519
127 619
127 622
127 634
127 635
127 636
127 643
127 679
127 687
127 692
127 799
127 800
127 819
127 824
127 825
127 833
127 898
127 899
127 900
127 913
127 919
127 957
127 1020
127 1045
128 52
128 78
128 132
128 152
128 259
128 284
128 394
128 508
128 519
128 619
128 622
128 637
128 643
128 679
128 687
128 692
128 800
128 819
128 823
128 833
128 896
128 897
128 913
128 919
128 957
128 1020
128 1045
129 53
129 54
129 55
129 56
129 57
129 78
129 132
129 152
129 258
129 285
129 286
129 287
129 288
129 394
129 508
129 519
129 619
129 622
129 638
129 639
129 640
129 680
129 688
129 689
129 690
129 691
129 692
129 800
129 820
129 822
129 834
129 913
129 919
129 958
129 959
129 1020
129 1045
130 58
130 79
130 132
130 152
130 258
130 289
130 290
130 291
130 292
130 293
130 394
130 508
130 519
130 620
130 623
130 641
130 642
130 643
130 680
130 800
130 820
130 834
130 913
130 919
130 960
130 961
130 962
130 1020
130 1044
131 59
131 79
131 132
131 152
131 258
131 294
131 295
131 296
131 297
131 298
131 299
131 300
131 301
131 302
131 303
131 393
131 508
131 520
131 620
131 623
131 642
131 643
131 680
131 687
131 800
131 821
131 835
131 913
131 919
131 963
131 964
131 1020
131 1043
132 59
132 79
132 132
132 152
132 258
132 304
132 305
132 306
132 307
132 308
132 393
132 508
132 520
132 620
132 623
132 643
132 681
132 682
132 684
132 685
132 686
132 687
132 693
132 800
132 801
132 802
132 803
132 821
132 835
132 913
132 919
132 964
132 965
132 1020
132 1042
132 1043
133 60
133 80
133 132
133 152
133 258
133 309
133 310
133 311
133 312
133 393
133 508
133 520
133 620
133 623
133 644
133 681
133 683
133 693
133 804
133 835
133 913
133 919
133 965
133 966
133 1020
133 1041
133 1042
134 60
134 80
134 81
134 82
134 132
134 152
134 258
134 313
134 314
134 381
134 382
134 383
134 393
134 508
134 520
134 620
134 623
134 645
134 681
134 683
134 694
134 695
134 707
134 708
134 709
134 800
134 804
134 835
134 913
134 919
134 966
134 967
134 968
134 969
134 970
134 1019
134 1040
135 59
135 60
135 83
135 84
135 85
135 132
135 152
135 257
135 315
135 316
135 381
135 383
135 384
135 393
135 508
135 520
135 620
135 623
135 645
135 696
135 697
135 698
135 699
135 700
135 701
135 702
135 703
135 704
135 705
135 706
135 710
135 799
135 835
135 913
135 919
135 971
135 972
135 1018
135 1039
136 58
136 59
136 86
136 87
136 132
136 152
136 256
136 257
136 316
136 380
136 381
136 384
136 385
136 386
136 387
136 388
136 389
136 390
136 391
136 392
136 508
136 520
136 620
136 623
136 645
136 705
136 710
136 799
136 835
136 913
136 919
136 972
136 973
136 974
136 1018
136 1039
137 58
137 87
137 88
137 132
137 152
137 255
137 256
137 317
137 380
137 508
137 520
137 620
137 623
137 645
137 705
137 710
137 799
137 835
137 913
137 919
137 975
137 976
137 977
137 1018
137 1019
137 1039
138 58
138 89
138 90
138 132
138 152
138 253
138 254
138 317
138 318
138 379
138 508
138 520
138 620
138 623
138 646
138 706
138 707
138 710
138 797
138 835
138 913
138 919
138 978
138 979
138 1019
138 1040
139 59
139 60
139 61
139 90
139 91
139 132
139 152
139 252
139 253
139 318
139 379
139 508
139 520
139 620
139 623
139 646
139 708
139 709
139 796
139 798
139 835
139 913
139 919
139 980
139 981
139 1019
139 1041
140 62
140 91
140 132
140 152
140 251
140 252
140 319
140 320
140 321
140 322
140 323
140 324
140 325
140 326
140 327
140 328
140 329
140 330
140 331
140 332
140 333
140 334
140 335
140 336
140 337
140 338
140 339
140 340
140 378
140 508
140 520
140 620
140 623
140 646
140 785
140 786
140 787
140 795
140 835
140 914
140 915
140 916
140 917
140 918
140 919
140 920
140 921
140 981
140 1019
140 1041
141 62
141 76
141 77
141 78
141 79
141 80
141 81
141 82
141 83
141 84
141 85
141 86
141 87
141 88
141 89
141 90
141 91
141 132
141 152
141 250
141 251
141 341
141 378
141 508
141 520
141 620
141 623
141 646
141 709
141 785
141 788
141 795
141 835
141 913
141 914
141 922
141 923
141 982
141 1019
141 1041
142 62
142 74
142 75
142 132
142 152
142 249
142 250
142 342
142 377
142 509
142 520
142 620
142 623
142 646
142 709
142 718
142 784
142 788
142 794
142 835
142 912
142 913
142 923
142 982
142 1019
142 1041
143 62
143 73
143 121
143 122
143 132
143 152
143 247
143 248
143 342
143 376
143 509
143 520
143 620
143 623
143 647
143 717
143 779
143 780
143 783
143 789
143 794
143 835
143 910
143 911
143 923
143 982
143 1019
143 1041
144 62
144 73
144 120
144 123
144 124
144 125
144 126
144 132
144 153
144 246
144 247
144 342
144 375
144 509
144 520
144 620
144 623
144 647
144 648
144 709
144 710
144 711
144 712
144 713
144 714
144 715
144 716
144 717
144 781
144 789
144 793
144 835
144 908
144 909
144 923
144 982
144 1019
144 1041
145 62
145 73
145 100
145 101
145 102
145 103
145 104
145 105
145 120
145 127
145 132
145 153
145 245
145 246
145 342
145 376
145 509
145 520
145 620
145 623
145 648
145 706
145 707
145 708
145 789
145 793
145 835
145 907
145 908
145 923
145 982
145 1019
145 1041
146 62
146 74
146 99
146 106
146 107
146 119
146 120
146 127
146 132
146 153
146 244
146 245
146 342
146 376
146 509
146 520
146 620
146 623
146 648
146 686
146 687
146 688
146 689
146 690
146 691
146 692
146 693
146 694
146 695
146 696
146 697
146 698
146 699
146 700
146 701
146 702
146 703
146 704
146 705
146 781
146 790
146 794
146 835
146 906
146 907
146 923
146 983
146 1019
146 1041
147 63
147 74
147 98
147 107
147 108
147 117
147 118
147 119
147 127
147 133
147 153
147 242
147 243
147 343
147 376
147 509
147 520
147 620
147 623
147 648
147 684
147 685
147 780
147 790
147 794
147 835
147 905
147 906
147 923
147 983
147 1019
147 1041
148 63
148 75
148 98
148 108
148 109
148 110
148 111
148 112
148 113
148 114
148 115
148 116
148 127
148 133
148 153
148 241
148 242
148 343
148 377
148 509
148 520
148 620
148 623
148 648
148 683
148 684
148 780
148 791
148 792
148 793
148 794
148 835
148 905
148 923
148 983
148 1019
148 1041
149 64
149 75
149 76
149 98
149 127
149 133
149 153
149 240
149 241
149 344
149 345
149 346
149 347
149 348
149 349
149 377
149 509
149 520
149 620
149 623
149 649
149 683
149 779
149 780
149 835
149 904
149 924
149 983
149 1019
149 1041
150 64
150 65
150 76
150 98
150 127
150 133
150 153
150 239
150 240
150 350
150 351
150 378
150 509
150 520
150 620
150 623
150 649
150 682
150 779
150 835
150 904
150 924
150 983
150 1019
150 1041
151 65
151 77
151 98
151 127
151 133
151 153
151 238
151 239
151 352
151 353
151 378
151 509
151 521
151 620
151 623
151 649
151 682
151 778
151 835
151 904
151 924
151 983
151 1019
151 1041
152 65
152 77
152 78
152 98
152 127
152 133
152 153
152 236
152 237
152 354
152 355
152 356
152 357
152 378
152 509
152 521
152 620
152 623
152 649
152 681
152 778
152 835
152 903
152 924
152 982
152 1018
152 1041
153 65
153 78
153 79
153 98
153 127
153 133
153 153
153 234
153 235
153 358
153 359
153 377
153 378
153 509
153 521
153 620
153 623
153 649
153 681
153 738
153 739
153 778
153 835
153 903
153 924
153 982
153 1018
153 1041
154 65
154 79
154 80
154 81
154 82
154 83
154 84
154 85
154 86
154 87
154 98
154 127
154 133
154 153
154 233
154 234
154 359
154 360
154 375
154 376
154 509
154 521
154 621
154 624
154 650
154 681
154 737
154 740
154 778
154 835
154 903
154 924
154 982
154 1018
154 1041
155 65
155 87
155 98
155 127
155 133
155 153
155 232
155 233
155 361
155 362
155 363
155 370
155 371
155 372
155 373
155 374
155 509
155 521
155 621
155 624
155 650
155 681
155 682
155 716
155 717
155 718
155 736
155 741
155 742
155 778
155 835
155 903
155 924
155 982
155 1018
155 1040
156 64
156 84
156 85
156 86
156 87
156 98
156 127
156 133
156 153
156 230
156 231
156 364
156 365
156 366
156 367
156 368
156 369
156 509
156 521
156 621
156 624
156 650
156 682
156 715
156 719
156 720
156 736
156 743
156 778
156 835
156 903
156 925
156 982
156 1017
156 1018
156 1040
157 64
157 83
157 84
157 98
157 127
157 133
157 153
157 229
157 230
157 509
157 521
157 621
157 624
157 650
157 682
157 714
157 720
157 721
157 736
157 740
157 743
157 778
157 835
157 903
157 926
157 927
157 928
157 929
157 930
157 931
157 982
157 1016
157 1040
158 64
158 83
158 98
158 128
158 133
158 153
158 228
158 229
158 509
158 521
158 621
158 624
158 650
158 682
158 714
158 721
158 722
158 736
158 740
158 743
158 777
158 778
158 835
158 903
158 932
158 933
158 934
158 935
158 936
158 975
158 976
158 977
158 978
158 979
158 980
158 981
158 982
158 1015
158 1040
159 65
159 83
159 98
159 128
159 129
159 133
159 154
159 155
159 156
159 157
159 158
159 159
159 160
159 161
159 162
159 163
159 164
159 165
159 166
159 167
159 168
159 169
159 170
159 171
159 172
159 173
159 174
159 175
159 176
159 177
159 178
159 179
159 180
159 181
159 182
159 183
159 227
159 228
159 509
159 521
159 621
159 624
159 651
159 682
159 713
159 722
159 736
159 740
159 743
159 774
159 775
159 776
159 835
159 903
159 937
159 938
159 973
159 974
159 1013
159 1014
159 1040
160 65
160 83
160 84
160 98
160 129
160 133
160 154
160 184
160 226
160 227
160 509
160 521
160 621
160 624
160 651
160 682
160 712
160 723
160 736
160 740
160 743
160 772
160 773
160 836
160 903
160 939
160 972
160 973
160 1008
160 1009
160 1010
160 1011
160 1012
160 1040
161 66
161 84
161 85
161 98
161 130
161 131
161 132
161 133
161 185
161 186
161 187
161 224
161 225
161 509
161 521
161 621
161 624
161 651
161 682
161 711
161 724
161 725
161 736
161 740
161 743
161 771
161 772
161 836
161 903
161 940
161 970
161 971
161 1007
161 1014
161 1015
161 1016
161 1017
161 1018
161 1019
161 1020
161 1021
161 1022
161 1023
161 1040
162 66
162 85
162 98
162 154
162 188
162 189
162 196
162 197
162 224
162 510
162 511
162 512
162 513
162 514
162 515
162 516
162 519
162 520
162 521
162 621
162 624
162 651
162 682
162 711
162 725
162 736
162 740
162 743
162 770
162 771
162 785
162 786
162 787
162 788
162 789
162 790
162 791
162 792
162 793
162 794
162 795
162 796
162 797
162 798
162 799
162 800
162 836
162 904
162 940
162 968
162 969
162 1008
162 1009
162 1010
162 1011
162 1024
162 1025
162 1026
162 1027
162 1041
163 67
163 86
163 87
163 88
163 89
163 90
163 91
163 92
163 98
163 133
163 154
163 189
163 190
163 191
163 192
163 193
163 194
163 195
163 198
163 199
163 200
163 223
163 517
163 518
163 523
163 621
163 624
163 651
163 682
163 710
163 725
163 736
163 740
163 743
163 770
163 783
163 784
163 801
163 837
163 902
163 940
163 968
163 1028
163 1029
163 1030
163 1031
163 1032
163 1033
163 1034
163 1035
163 1036
163 1037
163 1038
163 1039
164 68
164 93
164 98
164 133
164 154
164 201
164 202
164 223
164 517
164 523
164 621
164 624
164 651
164 681
164 709
164 710
164 726
164 736
164 742
164 743
164 769
164 783
164 801
164 837
164 897
164 898
164 899
164 900
164 901
164 940
164 967
165 68
165 94
165 95
165 98
165 133
165 154
165 203
165 204
165 223
165 517
165 523
165 621
165 624
165 651
165 680
165 681
165 708
165 709
165 726
165 727
165 736
165 741
165 767
165 768
165 769
165 782
165 801
165 837
165 895
165 896
165 940
165 967
166 67
166 97
166 133
166 154
166 205
166 206
166 223
166 315
166 316
166 517
166 523
166 621
166 624
166 651
166 680
166 706
166 707
166 727
166 736
166 740
166 766
166 782
166 801
166 837
166 893
166 894
166 940
166 966
167 66
167 96
167 133
167 154
167 206
167 224
167 313
167 314
167 317
167 318
167 517
167 523
167 621
167 624
167 651
167 679
167 706
167 728
167 736
167 740
167 765
167 782
167 801
167 837
167 884
167 885
167 886
167 887
167 888
167 889
167 890
167 891
167 892
167 940
167 966
168 75
168 76
168 77
168 78
168 79
168 80
168 81
168 82
168 83
168 84
168 85
168 86
168 87
168 88
168 89
168 90
168 91
168 92
168 93
168 94
168 95
168 96
168 133
168 154
168 206
168 224
168 312
168 313
168 318
168 319
168 517
168 523
168 621
168 624
168 651
168 679
168 705
168 728
168 729
168 736
168 740
168 766
168 767
168 768
168 769
168 770
168 782
168 801
168 837
168 882
168 883
168 940
168 965
169 26
169 27
169 28
169 29
169 30
169 31
169 32
169 33
169 34
169 35
169 36
169 37
169 38
169 39
169 40
169 41
169 42
169 43
169 44
169 45
169 46
169 47
169 48
169 49
169 50
169 51
169 52
169 53
169 54
169 55
169 56
169 57
169 58
169 59
169 60
169 61
169 62
169 63
169 64
169 65
169 66
169 67
169 68
169 69
169 70
169 71
169 72
169 73
169 74
169 134
169 154
169 178
169 179
169 180
169 181
169 182
169 183
169 184
169 185
169 186
169 187
169 188
169 189
169 190
169 191
169 192
169 193
169 194
169 195
169 196
169 197
169 198
169 199
169 200
169 201
169 202
169 203
169 206
169 224
169 311
169 312
169 319
169 517
169 523
169 621
169 624
169 651
169 679
169 698
169 699
169 700
169 701
169 702
169 703
169 704
169 705
169 729
169 736
169 740
169 771
169 772
169 782
169 801
169 837
169 881
169 882
169 938
169 939
169 940
169 954
169 955
169 956
169 957
169 958
169 965
170 25
170 135
170 154
170 177
170 204
170 224
170 310
170 319
170 517
170 523
170 621
170 624
170 651
170 679
170 697
170 729
170 736
170 740
170 772
170 782
170 801
170 837
170 880
170 937
170 953
170 959
170 965
171 0
171 1
171 2
171 3
171 4
171 5
171 6
171 7
171 8
171 9
171 10
171 11
171 12
171 13
171 14
171 15
171 16
171 17
171 18
171 19
171 20
171 21
171 22
171 23
171 24
171 135
171 154
171 163
171 164
171 165
171 166
171 167
171 168
171 169
171 170
171 171
171 172
171 173
171 174
171 175
171 176
171 205
171 206
171 224
171 309
171 319
171 517
171 523
171 621
171 624
171 651
171 679
171 696
171 729
171 737
171 741
171 772
171 782
171 801
171 837
171 879
171 936
171 952
171 960
171 961
171 962
171 963
171 964
171 965
171 966
172 135
172 154
172 158
172 159
172 160
172 161
172 162
172 224
172 297
172 298
172 299
172 307
172 308
172 319
172 517
172 523
172 621
172 624
172 651
172 680
172 681
172 682
172 683
172 684
172 685
172 686
172 687
172 688
172 696
172 729
172 737
172 742
172 773
172 774
172 775
172 776
172 782
172 801
172 837
172 878
172 879
172 936
172 952
172 966
173 135
173 155
173 156
173 157
173 224
173 231
173 232
173 233
173 234
173 235
173 236
173 266
173 267
173 268
173 269
173 270
173 271
173 292
173 293
173 294
173 295
173 296
173 300
173 301
173 306
173 307
173 319
173 517
173 523
173 621
173 624
173 652
173 689
173 696
173 729
173 737
173 742
173 777
173 781
173 801
173 837
173 876
173 877
173 878
173 935
173 936
173 952
173 966
174 135
174 224
174 226
174 227
174 228
174 229
174 230
174 237
174 238
174 239
174 240
174 241
174 242
174 243
174 244
174 245
174 262
174 263
174 264
174 265
174 272
174 273
174 290
174 291
174 302
174 303
174 304
174 305
174 320
174 517
174 523
174 621
174 624
174 652
174 690
174 697
174 729
174 737
174 742
174 777
174 781
174 801
174 837
174 875
174 933
174 934
174 952
174 966
175 135
175 154
175 246
175 247
175 248
175 249
175 250
175 251
175 252
175 253
175 254
175 255
175 256
175 257
175 258
175 259
175 260
175 261
175 273
175 274
175 288
175 289
175 320
175 517
175 523
175 621
175 624
175 652
175 690
175 697
175 727
175 728
175 737
175 742
175 777
175 781
175 801
175 837
175 874
175 932
175 933
175 952
175 966
176 135
176 154
176 275
176 276
176 287
176 288
176 321
176 517
176 523
176 621
176 624
176 652
176 690
176 697
176 707
176 708
176 709
176 710
176 711
176 712
176 713
176 714
176 715
176 716
176 724
176 725
176 726
176 737
176 742
176 781
176 801
176 837
176 874
176 930
176 931
176 932
176 952
176 966
177 135
177 154
177 277
177 278
177 279
177 280
177 281
177 282
177 283
177 284
177 285
177 286
177 287
177 321
177 517
177 523
177 621
177 624
177 652
177 690
177 698
177 699
177 700
177 701
177 737
177 742
177 873
177 896
177 897
177 898
177 899
177 900
177 901
177 902
177 903
177 904
177 905
177 906
177 907
177 908
177 909
177 910
177 911
177 912
177 913
177 914
177 915
177 916
177 917
177 918
177 919
177 920
177 921
177 922
177 923
177 924
177 925
177 926
177 927
177 928
177 929
177 952
177 966
178 135
178 155
178 322
178 517
178 523
178 622
178 625
178 652
178 737
178 742
178 873
178 894
178 895
178 953
178 966
179 135
179 155
179 323
179 324
179 517
179 523
179 622
179 625
179 652
179 662
179 663
179 664
179 665
179 666
179 667
179 668
179 669
179 670
179 671
179 672
179 673
179 674
179 675
179 676
179 735
179 736
179 742
179 873
179 893
179 894
179 953
179 966
180 135
180 155
180 324
180 517
180 523
180 645
180 646
180 647
180 648
180 649
180 650
180 651
180 652
180 653
180 654
180 655
180 656
180 657
180 658
180 659
180 660
180 661
180 677
180 678
180 737
180 742
180 873
180 893
180 953
180 966
181 135
181 155
181 324
181 517
181 523
181 643
181 644
181 678
181 737
181 742
181 873
181 892
181 953
181 966
182 135
182 155
182 324
182 517
182 523
182 639
182 640
182 641
182 642
182 679
182 681
182 737
182 873
182 892
182 953
182 966
183 135
183 155
183 324
183 517
183 523
183 680
183 874
183 891
183 892
183 953
183 966
184 135
184 155
184 324
184 517
184 523
184 953
184 966
185 135
185 155
185 325
185 518
185 523
185 641
185 680
185 953
185 966
186 135
186 155
186 325
186 518
186 523
186 640
186 681
186 953
186 965
187 135
187 155
187 325
187 332
187 333
187 334
187 335
187 336
187 337
187 338
187 339
187 340
187 341
187 342
187 343
187 344
187 345
187 346
187 347
187 348
187 349
187 350
187 351
187 352
187 353
187 354
187 355
187 356
187 518
187 524
187 639
187 681
187 953
187 965
188 135
188 155
188 325
188 326
188 327
188 328
188 329
188 330
188 331
188 357
188 518
188 524
188 639
188 682
188 953
188 965
189 135
189 155
189 324
189 357
189 482
189 483
189 484
189 485
189 486
189 487
189 488
189 489
189 490
189 491
189 492
189 493
189 494
189 495
189 496
189 497
189 498
189 499
189 500
189 501
189 518
189 638
189 682
189 953
189 965
190 135
190 155
190 307
190 308
190 309
190 310
190 311
190 312
190 313
190 314
190 315
190 316
190 317
190 318
190 319
190 320
190 321
190 322
190 323
190 357
190 409
190 410
190 411
190 412
190 413
190 414
190 415
190 416
190 417
190 418
190 419
190 420
190 421
190 422
190 423
190 424
190 425
190 426
190 427
190 428
190 429
190 430
190 431
190 432
190 433
190 434
190 435
190 436
190 437
190 438
190 439
190 440
190 441
190 442
190 443
190 444
190 445
190 446
190 447
190 448
190 462
190 463
190 464
190 465
190 466
190 467
190 468
190 469
190 470
190 471
190 472
190 473
190 474
190 475
190 476
190 477
190 478
190 479
190 480
190 481
190 502
190 503
190 504
190 505
190 506
190 507
190 508
190 512
190 513
190 514
190 515
190 516
190 517
190 525
190 638
190 683
190 953
190 965
191 135
191 155
191 287
191 288
191 289
191 290
191 291
191 292
191 293
191 294
191 295
191 296
191 297
191 298
191 299
191 300
191 301
191 302
191 303
191 304
191 305
191 306
191 357
191 407
191 408
191 449
191 450
191 460
191 461
191 509
191 510
191 511
191 518
191 525
191 637
191 683
191 951
191 952
191 953
191 965
192 136
192 155
192 267
192 268
192 269
192 270
192 271
192 272
192 273
192 274
192 275
192 276
192 277
192 278
192 279
192 280
192 281
192 282
192 283
192 284
192 285
192 286
192 357
192 404
192 405
192 406
192 450
192 451
192 459
192 460
192 518
192 524
192 637
192 683
192 953
192 954
192 965
193 136
193 155
193 248
193 249
193 250
193 251
193 252
193 253
193 254
193 255
193 256
193 257
193 258
193 259
193 260
193 261
193 262
193 263
193 264
193 265
193 266
193 357
193 402
193 403
193 451
193 458
193 459
193 513
193 518
193 524
193 636
193 684
193 685
193 686
193 687
193 688
193 689
193 954
194 136
194 156
194 228
194 229
194 230
194 231
194 232
194 233
194 234
194 235
194 236
194 237
194 238
194 239
194 240
194 241
194 242
194 243
194 244
194 245
194 246
194 247
194 357
194 401
194 402
194 452
194 456
194 457
194 514
194 518
194 524
194 633
194 634
194 635
194 636
194 690
195 136
195 156
195 209
195 210
195 211
195 212
195 213
195 214
195 215
195 216
195 217
195 218
195 219
195 220
195 221
195 222
195 223
195 224
195 225
195 226
195 227
195 357
195 400
195 401
195 452
195 453
195 455
195 456
195 514
195 515
195 518
195 524
195 632
195 691
196 136
196 156
196 189
196 190
196 191
196 192
196 193
196 194
196 195
196 196
196 197
196 198
196 199
196 200
196 201
196 202
196 203
196 204
196 205
196 206
196 207
196 208
196 357
196 399
196 400
196 453
196 454
196 455
196 515
196 518
196 524
196 631
196 691
197 136
197 156
197 168
197 169
197 170
197 171
197 172
197 173
197 174
197 175
197 176
197 177
197 178
197 179
197 180
197 181
197 182
197 183
197 184
197 185
197 186
197 187
197 188
197 357
197 398
197 399
197 516
197 518
197 524
197 631
197 690
197 691
198 136
198 149
198 150
198 151
198 152
198 153
198 154
198 155
198 156
198 157
198 158
198 159
198 160
198 161
198 162
198 163
198 164
198 165
198 166
198 167
198 357
198 397
198 398
198 452
198 453
198 516
198 518
198 524
198 631
198 687
198 688
198 689
199 129
199 130
199 131
199 132
199 133
199 134
199 135
199 136
199 138
199 139
199 140
199 141
199 142
199 143
199 144
199 145
199 146
199 147
199 148
199 357
199 396
199 397
199 450
199 451
199 518
199 524
199 631
199 632
199 686
200 110
200 111
200 112
200 113
200 114
200 115
200 116
200 117
200 118
200 119
200 120
200 121
200 122
200 123
200 124
200 125
200 126
200 127
200 128
200 357
200 395
200 396
200 449
200 450
200 518
200 523
200 524
200 633
200 685
201 90
201 91
201 92
201 93
201 94
201 95
201 96
201 97
201 98
201 99
201 100
201 101
201 102
201 103
201 104
201 105
201 106
201 107
201 108
201 109
201 357
201 394
201 395
201 448
201 449
201 519
201 520
201 521
201 522
201 633
201 686
202 71
202 72
202 73
202 74
202 75
202 76
202 77
202 78
202 79
202 80
202 81
202 82
202 83
202 84
202 85
202 86
202 87
202 88
202 89
202 357
202 393
202 394
202 448
202 633
202 686
203 51
203 52
203 53
203 54
203 55
203 56
203 57
203 58
203 59
203 60
203 61
203 62
203 63
203 64
203 65
203 66
203 67
203 68
203 69
203 70
203 357
203 387
203 388
203 389
203 390
203 391
203 392
203 393
203 447
203 522
203 633
203 686
204 31
204 32
204 33
204 34
204 35
204 36
204 37
204 38
204 39
204 40
204 41
204 42
204 43
204 44
204 45
204 46
204 47
204 48
204 49
204 50
204 356
204 385
204 386
204 447
204 522
204 523
204 633
204 686
205 12
205 13
205 14
205 15
205 16
205 17
205 18
205 19
205 20
205 21
205 22
205 23
205 24
205 25
205 26
205 27
205 28
205 29
205 30
205 356
205 385
205 446
205 524
205 525
205 633
205 687
206 0
206 1
206 2
206 3
206 4
206 5
206 6
206 7
206 8
206 9
206 10
206 11
206 356
206 385
206 440
206 441
206 442
206 443
206 444
206 445
206 525
206 633
206 687
207 356
207 385
207 438
207 439
207 525
207 633
207 687
208 356
208 386
208 437
208 525
208 633
208 687
209 356
209 386
209 436
209 525
209 633
209 688
210 384
210 385
210 386
210 436
210 525
210 632
210 688
211 379
211 380
211 381
211 382
211 383
211 436
211 437
211 438
211 525
211 632
211 688
212 439
212 440
212 526
212 633
212 688
213 440
213 526
213 633
213 688
214 381
214 440
214 526
214 633
214 688
215 379
215 380
215 438
215 439
215 526
215 633
215 688
216 378
216 379
216 436
216 437
216 526
216 633
216 688
217 378
217 435
217 436
217 526
217 633
217 688
218 377
218 434
218 435
218 526
218 633
218 688
219 377
219 432
219 433
219 526
219 633
219 688
220 376
220 431
220 432
220 526
221 376
221 431
221 526
221 1278
221 1279
222 375
222 430
222 526
223 375
223 430
223 526
224 375
224 430
224 526
225 375
225 429
225 526
226 374
226 429
226 526
227 374
227 429
227 526
228 375
228 429
228 526
229 375
229 429
229 526
230 376
230 428
230 526
231 376
231 428
231 526
232 428
232 526
233 526
234 526
235 526
