0 342
0 361
0 380
0 386
0 489
0 493
0 784
0 846
0 1097
1 343
1 361
1 380
1 386
1 489
1 493
1 784
1 846
1 1097
2 344
2 345
2 361
2 380
2 386
2 489
2 493
2 783
2 784
2 847
2 1097
3 346
3 347
3 361
3 380
3 387
3 489
3 493
3 782
3 783
3 847
3 938
3 939
3 1097
4 347
4 360
4 380
4 387
4 489
4 493
4 782
4 847
4 938
4 940
4 941
4 942
4 943
4 944
4 945
4 946
4 947
4 1097
5 347
5 360
5 380
5 387
5 388
5 389
5 489
5 493
5 781
5 847
5 938
5 948
5 949
5 1097
6 347
6 359
6 380
6 386
6 390
6 391
6 489
6 493
6 780
6 781
6 847
6 939
6 950
6 951
6 1097
7 347
7 358
7 359
7 380
7 386
7 392
7 393
7 489
7 493
7 779
7 780
7 847
7 860
7 861
7 939
7 940
7 951
7 1097
8 347
8 355
8 356
8 357
8 358
8 380
8 386
8 394
8 395
8 489
8 493
8 778
8 779
8 848
8 857
8 858
8 859
8 862
8 940
8 941
8 952
8 1097
9 347
9 353
9 354
9 380
9 386
9 395
9 489
9 493
9 777
9 778
9 849
9 850
9 851
9 852
9 853
9 854
9 855
9 856
9 862
9 863
9 941
9 952
9 953
9 985
9 986
9 987
9 988
9 1096
9 1097
10 346
10 353
10 380
10 386
10 395
10 489
10 493
10 777
10 864
10 865
10 942
10 953
10 984
10 985
10 989
10 1091
10 1092
10 1093
10 1094
10 1095
10 1096
11 346
11 352
11 380
11 386
11 395
11 489
11 494
11 776
11 865
11 942
11 954
11 983
11 984
11 989
11 1086
11 1087
11 1088
11 1089
11 1090
11 1096
12 346
12 352
12 380
12 387
12 395
12 489
12 494
12 775
12 776
12 866
12 942
12 954
12 982
12 983
12 989
12 1081
12 1082
12 1083
12 1084
12 1085
12 1096
13 346
13 352
13 380
13 387
13 396
13 489
13 494
13 773
13 774
13 867
13 942
13 955
13 981
13 982
13 989
13 1078
13 1079
13 1080
13 1096
14 345
14 346
14 352
14 381
14 387
14 396
14 397
14 489
14 494
14 772
14 773
14 864
14 867
14 942
14 955
14 980
14 981
14 989
14 1077
14 1096
15 345
15 352
15 381
15 387
15 397
15 398
15 489
15 494
15 771
15 772
15 863
15 867
15 931
15 932
15 933
15 934
15 935
15 936
15 937
15 938
15 939
15 940
15 941
15 942
15 955
15 978
15 979
15 988
15 1077
15 1096
16 344
16 352
16 381
16 387
16 398
16 399
16 489
16 494
16 771
16 862
16 867
16 930
16 955
16 978
16 988
16 1078
16 1096
17 343
17 344
17 352
17 381
17 387
17 399
17 400
17 489
17 494
17 770
17 861
17 867
17 929
17 955
17 977
17 988
17 1078
17 1096
18 343
18 351
18 381
18 387
18 400
18 401
18 490
18 494
18 769
18 770
18 860
18 867
18 912
18 913
18 914
18 915
18 916
18 929
18 954
18 978
18 988
18 1078
18 1096
19 343
19 344
19 345
19 346
19 347
19 348
19 349
19 350
19 381
19 387
19 402
19 403
19 404
19 490
19 494
19 768
19 769
19 858
19 859
19 867
19 910
19 911
19 917
19 918
19 929
19 954
19 978
19 979
19 987
19 1076
19 1077
19 1096
20 381
20 387
20 405
20 406
20 490
20 494
20 767
20 768
20 857
20 867
20 909
20 918
20 929
20 953
20 954
20 980
20 981
20 987
20 1073
20 1074
20 1075
20 1096
21 381
21 387
21 407
21 408
21 490
21 494
21 766
21 767
21 856
21 867
21 908
21 919
21 929
21 952
21 953
21 982
21 983
21 987
21 1072
21 1096
22 381
22 387
22 409
22 410
22 490
22 494
22 766
22 855
22 867
22 909
22 919
22 929
22 951
22 952
22 984
22 985
22 987
22 1073
22 1074
22 1075
22 1076
22 1077
22 1096
23 381
23 387
23 410
23 490
23 494
23 765
23 854
23 867
23 910
23 920
23 928
23 949
23 950
23 985
23 1078
23 1097
24 381
24 387
24 410
24 490
24 494
24 764
24 765
24 853
24 867
24 910
24 920
24 921
24 927
24 928
24 949
24 1078
24 1097
25 381
25 387
25 410
25 490
25 494
25 763
25 764
25 852
25 867
25 910
25 921
25 927
25 948
25 1078
25 1097
26 381
26 387
26 411
26 490
26 494
26 762
26 763
26 851
26 867
26 909
26 922
26 926
26 948
26 1078
26 1097
27 381
27 387
27 411
27 412
27 490
27 494
27 761
27 762
27 850
27 867
27 908
27 922
27 926
27 947
27 1078
27 1097
28 381
28 387
28 412
28 413
28 490
28 494
28 761
28 849
28 867
28 886
28 887
28 888
28 909
28 916
28 917
28 918
28 922
28 926
28 937
28 938
28 947
28 1078
28 1097
29 381
29 387
29 413
29 414
29 490
29 494
29 760
29 847
29 848
29 868
29 886
29 888
29 889
29 910
29 911
29 912
29 913
29 914
29 915
29 919
29 920
29 921
29 927
29 935
29 936
29 939
29 947
29 1077
29 1097
30 381
30 387
30 414
30 415
30 490
30 494
30 759
30 760
30 846
30 868
30 869
30 885
30 890
30 891
30 927
30 928
30 933
30 934
30 939
30 946
30 1076
30 1097
31 381
31 387
31 415
31 490
31 494
31 758
31 759
31 845
31 870
31 871
31 884
31 885
31 891
31 892
31 929
31 930
31 931
31 932
31 939
31 946
31 1005
31 1006
31 1007
31 1066
31 1076
31 1097
32 381
32 387
32 415
32 490
32 495
32 758
32 844
32 872
32 873
32 874
32 875
32 876
32 877
32 878
32 879
32 880
32 881
32 882
32 883
32 892
32 893
32 939
32 946
32 1004
32 1007
32 1008
32 1065
32 1067
32 1068
32 1069
32 1070
32 1071
32 1072
32 1073
32 1074
32 1075
32 1097
33 0
33 1
33 2
33 3
33 381
33 387
33 415
33 490
33 495
33 758
33 843
33 894
33 895
33 937
33 938
33 947
33 1003
33 1008
33 1064
33 1097
34 4
34 5
34 6
34 381
34 387
34 415
34 490
34 495
34 759
34 842
34 895
34 935
34 936
34 947
34 948
34 1003
34 1008
34 1064
34 1097
35 7
35 8
35 381
35 387
35 415
35 490
35 495
35 759
35 760
35 761
35 842
35 896
35 933
35 934
35 948
35 949
35 950
35 951
35 952
35 953
35 954
35 955
35 956
35 1002
35 1008
35 1023
35 1024
35 1025
35 1063
35 1097
36 0
36 1
36 2
36 3
36 8
36 22
36 23
36 381
36 388
36 415
36 490
36 495
36 762
36 763
36 842
36 896
36 932
36 957
36 958
36 1002
36 1008
36 1021
36 1022
36 1026
36 1063
36 1097
37 3
37 4
37 5
37 6
37 7
37 8
37 20
37 21
37 24
37 25
37 381
37 388
37 416
37 490
37 495
37 764
37 842
37 897
37 932
37 959
37 960
37 1002
37 1008
37 1021
37 1027
37 1062
37 1097
38 18
38 19
38 25
38 26
38 381
38 388
38 416
38 490
38 495
38 764
38 842
38 897
38 898
38 932
38 933
38 960
38 1001
38 1007
38 1020
38 1027
38 1062
38 1097
39 17
39 26
39 27
39 381
39 388
39 417
39 490
39 495
39 764
39 843
39 898
39 899
39 925
39 926
39 933
39 960
39 1001
39 1007
39 1020
39 1027
39 1061
39 1097
40 16
40 28
40 29
40 381
40 388
40 417
40 490
40 495
40 764
40 843
40 899
40 900
40 920
40 921
40 922
40 923
40 924
40 927
40 928
40 934
40 961
40 1000
40 1007
40 1019
40 1027
40 1061
40 1097
41 16
41 29
41 382
41 388
41 418
41 490
41 495
41 764
41 843
41 900
41 901
41 918
41 919
41 928
41 929
41 934
41 961
41 1000
41 1006
41 1007
41 1019
41 1026
41 1060
41 1097
42 16
42 29
42 382
42 388
42 418
42 490
42 495
42 764
42 843
42 901
42 917
42 929
42 934
42 961
42 999
42 1006
42 1018
42 1026
42 1060
42 1097
43 17
43 18
43 19
43 20
43 21
43 22
43 23
43 24
43 25
43 29
43 382
43 388
43 419
43 490
43 495
43 764
43 841
43 842
43 902
43 916
43 929
43 935
43 961
43 999
43 1005
43 1018
43 1026
43 1059
43 1097
44 26
44 27
44 382
44 388
44 419
44 490
44 495
44 764
44 840
44 902
44 903
44 916
44 930
44 935
44 936
44 961
44 999
44 1004
44 1005
44 1018
44 1025
44 1026
44 1057
44 1058
44 1097
45 28
45 382
45 388
45 420
45 490
45 495
45 765
45 839
45 903
45 904
45 917
45 930
45 931
45 936
45 962
45 999
45 1004
45 1018
45 1025
45 1055
45 1056
45 1097
45 1173
45 1174
45 1175
45 1176
45 1195
45 1196
45 1197
45 1198
46 382
46 388
46 420
46 421
46 490
46 495
46 765
46 837
46 838
46 904
46 905
46 917
46 918
46 931
46 932
46 937
46 962
46 998
46 1003
46 1018
46 1024
46 1054
46 1055
46 1097
46 1172
46 1177
46 1184
46 1185
46 1186
46 1187
46 1188
46 1189
46 1190
46 1191
46 1192
46 1193
46 1194
46 1199
47 379
47 380
47 381
47 382
47 384
47 388
47 421
47 422
47 490
47 495
47 765
47 828
47 829
47 830
47 831
47 832
47 833
47 834
47 835
47 836
47 905
47 918
47 932
47 937
47 938
47 963
47 998
47 1002
47 1003
47 1017
47 1024
47 1052
47 1053
47 1097
47 1171
47 1172
47 1177
47 1178
47 1179
47 1180
47 1181
47 1182
47 1183
47 1199
48 377
48 378
48 385
48 386
48 387
48 388
48 390
48 391
48 392
48 393
48 422
48 423
48 490
48 495
48 765
48 819
48 820
48 821
48 822
48 823
48 824
48 825
48 826
48 827
48 906
48 919
48 925
48 926
48 927
48 928
48 929
48 930
48 931
48 932
48 938
48 939
48 963
48 999
48 1001
48 1002
48 1017
48 1024
48 1051
48 1052
48 1097
48 1161
48 1162
48 1163
48 1164
48 1165
48 1166
48 1167
48 1168
48 1169
48 1170
48 1171
48 1199
49 15
49 375
49 376
49 394
49 395
49 424
49 425
49 426
49 490
49 495
49 765
49 906
49 919
49 923
49 924
49 940
49 941
49 964
49 999
49 1000
49 1001
49 1017
49 1024
49 1049
49 1050
49 1097
49 1155
49 1156
49 1157
49 1158
49 1159
49 1160
49 1199
50 13
50 14
50 16
50 17
50 18
50 373
50 374
50 396
50 397
50 427
50 428
50 429
50 490
50 495
50 765
50 907
50 920
50 921
50 922
50 926
50 927
50 928
50 929
50 930
50 931
50 932
50 933
50 941
50 942
50 964
50 965
50 1017
50 1023
50 1047
50 1048
50 1097
50 1154
50 1199
51 8
51 9
51 10
51 11
51 12
51 19
51 20
51 372
51 373
51 398
51 399
51 430
51 431
51 490
51 495
51 765
51 908
51 924
51 925
51 933
51 934
51 942
51 943
51 965
51 1016
51 1024
51 1045
51 1046
51 1047
51 1098
51 1153
51 1199
52 6
52 7
52 21
52 22
52 371
52 372
52 399
52 400
52 431
52 432
52 490
52 495
52 765
52 909
52 923
52 924
52 934
52 935
52 944
52 945
52 966
52 1016
52 1025
52 1026
52 1043
52 1044
52 1098
52 1153
52 1199
53 5
53 6
53 23
53 24
53 369
53 370
53 400
53 401
53 432
53 433
53 490
53 495
53 765
53 910
53 911
53 922
53 935
53 946
53 947
53 966
53 967
53 1008
53 1015
53 1026
53 1041
53 1042
53 1098
53 1153
53 1200
54 5
54 25
54 26
54 27
54 368
54 369
54 401
54 402
54 433
54 434
54 491
54 496
54 765
54 898
54 899
54 900
54 911
54 912
54 921
54 936
54 947
54 948
54 967
54 975
54 976
54 977
54 1006
54 1007
54 1009
54 1010
54 1015
54 1026
54 1040
54 1041
54 1098
54 1153
54 1200
55 4
55 13
55 14
55 15
55 16
55 17
55 18
55 28
55 29
55 368
55 402
55 403
55 434
55 491
55 496
55 765
55 896
55 897
55 901
55 902
55 912
55 921
55 936
55 937
55 948
55 949
55 968
55 974
55 978
55 979
55 1006
55 1011
55 1015
55 1026
55 1038
55 1039
55 1098
55 1153
55 1200
56 5
56 11
56 12
56 19
56 20
56 21
56 22
56 30
56 31
56 367
56 403
56 434
56 491
56 496
56 765
56 896
56 902
56 903
56 913
56 921
56 937
56 949
56 950
56 968
56 973
56 979
56 980
56 1005
56 1011
56 1015
56 1025
56 1026
56 1036
56 1037
56 1098
56 1153
56 1200
57 6
57 7
57 8
57 9
57 10
57 23
57 24
57 25
57 32
57 203
57 204
57 366
57 367
57 404
57 434
57 491
57 496
57 765
57 895
57 903
57 913
57 921
57 938
57 950
57 951
57 968
57 973
57 980
57 981
57 1005
57 1011
57 1015
57 1023
57 1024
57 1034
57 1035
57 1098
57 1153
57 1200
58 26
58 27
58 32
58 202
58 205
58 206
58 366
58 405
58 434
58 491
58 496
58 765
58 895
58 904
58 914
58 922
58 938
58 951
58 952
58 969
58 973
58 981
58 982
58 1004
58 1011
58 1015
58 1021
58 1022
58 1032
58 1033
58 1098
58 1153
58 1200
59 27
59 32
59 201
59 207
59 208
59 209
59 365
59 406
59 434
59 491
59 496
59 765
59 894
59 904
59 905
59 914
59 922
59 923
59 939
59 945
59 946
59 947
59 952
59 953
59 969
59 973
59 982
59 1004
59 1011
59 1015
59 1020
59 1021
59 1031
59 1032
59 1098
59 1153
59 1200
60 27
60 32
60 201
60 210
60 211
60 212
60 213
60 364
60 365
60 406
60 434
60 491
60 496
60 765
60 894
60 905
60 906
60 914
60 923
60 924
60 939
60 945
60 948
60 949
60 953
60 954
60 969
60 973
60 983
60 1004
60 1011
60 1015
60 1018
60 1019
60 1029
60 1030
60 1098
60 1153
60 1200
61 27
61 33
61 200
61 214
61 215
61 216
61 217
61 364
61 407
61 434
61 491
61 496
61 766
61 894
61 907
61 908
61 909
61 910
61 911
61 912
61 913
61 914
61 924
61 925
61 940
61 946
61 949
61 950
61 955
61 956
61 969
61 973
61 983
61 984
61 1003
61 1011
61 1015
61 1017
61 1027
61 1028
61 1098
61 1153
61 1200
62 27
62 34
62 200
62 218
62 219
62 363
62 407
62 434
62 491
62 496
62 766
62 894
62 925
62 926
62 940
62 946
62 951
62 952
62 957
62 958
62 969
62 973
62 984
62 985
62 1003
62 1011
62 1024
62 1025
62 1026
62 1098
62 1153
62 1200
63 28
63 29
63 34
63 199
63 220
63 221
63 363
63 408
63 434
63 491
63 496
63 766
63 894
63 917
63 918
63 919
63 920
63 921
63 926
63 927
63 941
63 947
63 952
63 953
63 958
63 959
63 970
63 973
63 985
63 986
63 1003
63 1011
63 1023
63 1098
63 1153
63 1200
64 30
64 31
64 32
64 33
64 34
64 199
64 221
64 222
64 362
64 408
64 433
64 491
64 496
64 572
64 573
64 574
64 575
64 576
64 577
64 766
64 894
64 915
64 916
64 922
64 923
64 928
64 929
64 941
64 947
64 948
64 953
64 954
64 960
64 961
64 970
64 974
64 986
64 1002
64 1011
64 1024
64 1025
64 1026
64 1098
64 1153
64 1200
65 198
65 222
65 362
65 408
65 434
65 435
65 436
65 437
65 438
65 439
65 491
65 496
65 534
65 570
65 571
65 578
65 579
65 766
65 894
65 914
65 915
65 923
65 924
65 929
65 930
65 942
65 948
65 955
65 956
65 961
65 962
65 970
65 974
65 987
65 1002
65 1011
65 1026
65 1027
65 1028
65 1098
65 1153
65 1200
66 198
66 222
66 362
66 409
66 440
66 441
66 442
66 443
66 444
66 445
66 446
66 491
66 496
66 532
66 533
66 535
66 536
66 537
66 538
66 539
66 540
66 541
66 554
66 568
66 569
66 580
66 766
66 894
66 913
66 914
66 924
66 925
66 930
66 931
66 942
66 949
66 956
66 957
66 963
66 964
66 970
66 974
66 987
66 988
66 1001
66 1011
66 1029
66 1030
66 1031
66 1032
66 1033
66 1098
66 1153
66 1200
67 197
67 222
67 361
67 409
67 447
67 448
67 449
67 450
67 451
67 452
67 453
67 491
67 496
67 531
67 532
67 542
67 543
67 553
67 555
67 566
67 567
67 581
67 766
67 894
67 911
67 912
67 925
67 926
67 932
67 933
67 943
67 944
67 949
67 950
67 957
67 958
67 964
67 965
67 970
67 974
67 988
67 1001
67 1011
67 1034
67 1035
67 1036
67 1075
67 1076
67 1077
67 1098
67 1153
67 1201
68 197
68 222
68 361
68 409
68 454
68 455
68 456
68 457
68 458
68 459
68 491
68 496
68 530
68 531
68 544
68 545
68 546
68 547
68 552
68 555
68 564
68 565
68 581
68 766
68 895
68 907
68 908
68 909
68 910
68 911
68 926
68 927
68 933
68 934
68 945
68 946
68 950
68 951
68 959
68 960
68 966
68 967
68 971
68 975
68 988
68 1001
68 1011
68 1037
68 1074
68 1078
68 1098
68 1153
68 1201
69 197
69 221
69 356
69 357
69 358
69 409
69 460
69 461
69 462
69 463
69 464
69 465
69 466
69 491
69 496
69 529
69 530
69 545
69 548
69 549
69 552
69 555
69 561
69 562
69 565
69 581
69 766
69 895
69 896
69 897
69 898
69 899
69 900
69 901
69 902
69 903
69 904
69 905
69 906
69 927
69 928
69 934
69 935
69 947
69 948
69 951
69 952
69 961
69 962
69 967
69 968
69 971
69 975
69 988
69 1001
69 1011
69 1037
69 1073
69 1078
69 1089
69 1090
69 1091
69 1092
69 1098
69 1153
69 1201
70 196
70 221
70 355
70 359
70 409
70 467
70 468
70 469
70 470
70 471
70 472
70 473
70 474
70 491
70 496
70 529
70 545
70 550
70 551
70 552
70 556
70 559
70 560
70 565
70 566
70 580
70 765
70 766
70 928
70 929
70 935
70 936
70 948
70 949
70 952
70 968
70 969
70 975
70 988
70 1001
70 1011
70 1038
70 1074
70 1076
70 1077
70 1078
70 1079
70 1080
70 1081
70 1082
70 1083
70 1084
70 1085
70 1086
70 1087
70 1088
70 1093
70 1098
70 1154
70 1201
71 196
71 221
71 354
71 359
71 409
71 475
71 476
71 477
71 478
71 479
71 480
71 491
71 496
71 528
71 544
71 556
71 557
71 558
71 559
71 563
71 564
71 567
71 568
71 569
71 579
71 580
71 764
71 765
71 929
71 930
71 936
71 937
71 949
71 950
71 953
71 960
71 961
71 970
71 975
71 988
71 1001
71 1011
71 1038
71 1064
71 1065
71 1066
71 1067
71 1068
71 1069
71 1070
71 1071
71 1072
71 1073
71 1074
71 1093
71 1098
71 1154
71 1201
72 196
72 222
72 354
72 359
72 409
72 481
72 482
72 483
72 484
72 485
72 486
72 487
72 491
72 496
72 529
72 542
72 543
72 544
72 545
72 546
72 547
72 562
72 563
72 570
72 571
72 572
72 578
72 579
72 764
72 931
72 932
72 937
72 938
72 950
72 951
72 953
72 954
72 958
72 959
72 976
72 988
72 1001
72 1010
72 1038
72 1057
72 1058
72 1059
72 1060
72 1061
72 1062
72 1063
72 1093
72 1098
72 1154
72 1201
73 196
73 222
73 354
73 359
73 409
73 488
73 489
73 490
73 491
73 496
73 530
73 531
73 539
73 540
73 541
73 548
73 549
73 560
73 561
73 573
73 574
73 575
73 576
73 577
73 763
73 932
73 933
73 938
73 939
73 951
73 954
73 955
73 956
73 957
73 977
73 989
73 1001
73 1009
73 1038
73 1056
73 1093
73 1098
73 1154
73 1201
74 197
74 222
74 354
74 359
74 362
74 409
74 491
74 497
74 499
74 500
74 532
74 533
74 534
74 535
74 536
74 537
74 538
74 550
74 551
74 558
74 559
74 762
74 763
74 933
74 934
74 939
74 940
74 951
74 978
74 989
74 1001
74 1009
74 1037
74 1038
74 1055
74 1093
74 1098
74 1154
74 1201
75 197
75 223
75 354
75 359
75 362
75 409
75 491
75 497
75 498
75 501
75 502
75 503
75 504
75 505
75 506
75 507
75 508
75 552
75 553
75 558
75 761
75 762
75 906
75 907
75 908
75 909
75 934
75 935
75 941
75 942
75 951
75 971
75 972
75 978
75 989
75 1000
75 1008
75 1035
75 1036
75 1055
75 1093
75 1098
75 1154
75 1201
76 198
76 223
76 224
76 354
76 359
76 363
76 409
76 491
76 509
76 510
76 511
76 512
76 513
76 514
76 553
76 557
76 760
76 761
76 904
76 905
76 910
76 911
76 935
76 936
76 942
76 943
76 944
76 950
76 951
76 962
76 963
76 964
76 965
76 966
76 967
76 968
76 969
76 970
76 973
76 974
76 979
76 989
76 1000
76 1008
76 1033
76 1034
76 1055
76 1093
76 1098
76 1154
76 1201
77 198
77 225
77 226
77 354
77 359
77 363
77 409
77 491
77 497
77 515
77 516
77 517
77 518
77 519
77 553
77 557
77 759
77 760
77 903
77 904
77 911
77 912
77 936
77 937
77 945
77 946
77 947
77 948
77 949
77 961
77 962
77 974
77 975
77 979
77 980
77 990
77 1000
77 1007
77 1030
77 1031
77 1032
77 1051
77 1052
77 1053
77 1093
77 1098
77 1154
77 1201
78 199
78 226
78 227
78 354
78 359
78 364
78 409
78 491
78 497
78 520
78 521
78 522
78 523
78 553
78 557
78 758
78 759
78 901
78 902
78 912
78 938
78 939
78 961
78 975
78 980
78 990
78 1000
78 1006
78 1007
78 1029
78 1048
78 1049
78 1050
78 1054
78 1093
78 1099
78 1154
78 1201
79 199
79 200
79 227
79 228
79 355
79 359
79 364
79 365
79 409
79 491
79 497
79 524
79 525
79 526
79 553
79 557
79 758
79 900
79 901
79 913
79 914
79 939
79 940
79 960
79 976
79 981
79 990
79 1000
79 1004
79 1005
79 1017
79 1018
79 1030
79 1031
79 1032
79 1044
79 1045
79 1046
79 1047
79 1054
79 1056
79 1093
79 1099
79 1154
79 1201
80 200
80 229
80 230
80 355
80 359
80 365
80 366
80 409
80 491
80 497
80 527
80 528
80 529
80 530
80 553
80 557
80 757
80 899
80 900
80 915
80 916
80 924
80 925
80 926
80 927
80 940
80 941
80 961
80 977
80 978
80 981
80 982
80 990
80 1000
80 1003
80 1004
80 1014
80 1015
80 1016
80 1019
80 1032
80 1033
80 1042
80 1043
80 1054
80 1055
80 1056
80 1093
80 1099
80 1154
80 1201
81 201
81 230
81 355
81 360
81 366
81 367
81 408
81 491
81 497
81 531
81 532
81 533
81 553
81 557
81 756
81 757
81 897
81 898
81 917
81 918
81 922
81 923
81 928
81 929
81 941
81 942
81 961
81 962
81 978
81 982
81 983
81 990
81 1000
81 1002
81 1011
81 1012
81 1013
81 1019
81 1033
81 1034
81 1039
81 1040
81 1041
81 1057
81 1093
81 1099
81 1154
81 1202
82 201
82 202
82 231
82 355
82 360
82 367
82 408
82 491
82 497
82 534
82 535
82 536
82 537
82 538
82 553
82 557
82 755
82 756
82 897
82 918
82 922
82 930
82 931
82 942
82 943
82 962
82 963
82 969
82 970
82 971
82 978
82 983
82 984
82 990
82 1009
82 1010
82 1019
82 1024
82 1035
82 1036
82 1037
82 1038
82 1055
82 1057
82 1093
82 1099
82 1154
82 1202
83 36
83 37
83 38
83 46
83 47
83 48
83 49
83 50
83 51
83 52
83 203
83 204
83 231
83 355
83 360
83 368
83 407
83 491
83 497
83 539
83 540
83 541
83 553
83 557
83 754
83 755
83 896
83 918
83 919
83 920
83 921
83 931
83 944
83 945
83 963
83 968
83 972
83 973
83 978
83 984
83 985
83 991
83 1008
83 1009
83 1020
83 1021
83 1022
83 1023
83 1025
83 1026
83 1055
83 1056
83 1093
83 1099
83 1154
83 1202
84 33
84 34
84 35
84 39
84 40
84 41
84 42
84 43
84 44
84 45
84 53
84 54
84 204
84 205
84 231
84 355
84 360
84 368
84 369
84 406
84 407
84 460
84 461
84 462
84 471
84 472
84 473
84 474
84 475
84 476
84 477
84 478
84 479
84 491
84 497
84 542
84 543
84 544
84 545
84 553
84 557
84 745
84 746
84 747
84 748
84 753
84 754
84 896
84 932
84 933
84 934
84 935
84 936
84 937
84 938
84 946
84 947
84 964
84 967
84 973
84 974
84 975
84 976
84 977
84 978
84 985
84 986
84 991
84 1007
84 1008
84 1026
84 1027
84 1057
84 1093
84 1099
84 1154
84 1202
85 32
85 54
85 205
85 231
85 355
85 360
85 369
85 406
85 459
85 462
85 470
85 480
85 491
85 497
85 546
85 553
85 557
85 744
85 748
85 753
85 896
85 939
85 947
85 964
85 967
85 986
85 991
85 1007
85 1028
85 1057
85 1093
85 1099
85 1154
85 1202
86 31
86 55
86 205
86 231
86 355
86 360
86 370
86 404
86 405
86 451
86 452
86 453
86 454
86 455
86 456
86 457
86 458
86 462
86 464
86 465
86 466
86 467
86 468
86 469
86 480
86 491
86 497
86 547
86 548
86 554
86 558
86 743
86 748
86 752
86 895
86 940
86 941
86 942
86 943
86 944
86 945
86 946
86 947
86 965
86 966
86 979
86 980
86 981
86 987
86 988
86 991
86 1006
86 1029
86 1057
86 1093
86 1099
86 1154
86 1202
87 31
87 55
87 205
87 229
87 230
87 231
87 355
87 360
87 371
87 372
87 402
87 403
87 440
87 441
87 442
87 443
87 444
87 445
87 446
87 447
87 448
87 449
87 450
87 480
87 491
87 497
87 549
87 550
87 551
87 552
87 554
87 558
87 741
87 749
87 752
87 788
87 789
87 790
87 791
87 792
87 793
87 794
87 795
87 796
87 797
87 798
87 799
87 800
87 801
87 802
87 803
87 804
87 805
87 895
87 976
87 977
87 978
87 982
87 983
87 989
87 990
87 991
87 1005
87 1006
87 1029
87 1057
87 1094
87 1099
87 1154
87 1202
88 32
88 33
88 56
88 206
88 227
88 228
88 355
88 360
88 372
88 373
88 401
88 402
88 439
88 480
88 491
88 497
88 554
88 558
88 738
88 739
88 740
88 742
88 744
88 749
88 751
88 752
88 767
88 768
88 769
88 770
88 771
88 772
88 773
88 774
88 775
88 776
88 777
88 778
88 779
88 780
88 781
88 782
88 783
88 784
88 785
88 786
88 787
88 806
88 896
88 948
88 949
88 950
88 951
88 952
88 953
88 974
88 975
88 984
88 985
88 1004
88 1005
88 1029
88 1045
88 1046
88 1047
88 1048
88 1049
88 1050
88 1057
88 1094
88 1099
88 1154
88 1202
89 34
89 35
89 56
89 57
89 206
89 227
89 355
89 360
89 374
89 375
89 399
89 400
89 438
89 480
89 492
89 497
89 559
89 737
89 742
89 744
89 749
89 751
89 766
89 806
89 897
89 898
89 927
89 928
89 929
89 930
89 931
89 932
89 933
89 934
89 935
89 936
89 937
89 938
89 939
89 940
89 941
89 942
89 943
89 944
89 945
89 946
89 954
89 955
89 972
89 973
89 986
89 987
89 1003
89 1004
89 1028
89 1043
89 1044
89 1050
89 1094
89 1099
89 1154
89 1202
90 35
90 57
90 206
90 226
90 266
90 267
90 268
90 269
90 355
90 360
90 375
90 376
90 397
90 398
90 438
90 480
90 492
90 497
90 554
90 559
90 561
90 562
90 736
90 742
90 743
90 744
90 765
90 806
90 899
90 900
90 924
90 925
90 926
90 956
90 957
90 972
90 988
90 989
90 1003
90 1028
90 1042
90 1043
90 1051
90 1055
90 1056
90 1094
90 1099
90 1154
90 1191
90 1192
90 1193
90 1194
90 1195
90 1196
90 1197
90 1198
90 1199
90 1200
90 1201
90 1202
91 35
91 58
91 206
91 227
91 265
91 270
91 271
91 272
91 273
91 355
91 360
91 376
91 377
91 378
91 379
91 393
91 394
91 395
91 396
91 438
91 480
91 492
91 497
91 554
91 559
91 563
91 564
91 565
91 736
91 765
91 806
91 901
91 922
91 923
91 957
91 958
91 971
91 990
91 1002
91 1027
91 1042
91 1051
91 1052
91 1053
91 1054
91 1094
91 1097
91 1098
91 1099
91 1154
91 1167
91 1168
91 1169
91 1170
91 1171
91 1172
91 1173
91 1174
91 1175
91 1176
91 1177
91 1190
92 35
92 58
92 206
92 264
92 274
92 275
92 276
92 355
92 360
92 380
92 381
92 382
92 383
92 384
92 385
92 386
92 387
92 392
92 398
92 399
92 400
92 401
92 402
92 403
92 404
92 405
92 406
92 407
92 408
92 409
92 438
92 480
92 492
92 497
92 554
92 558
92 566
92 567
92 568
92 569
92 724
92 725
92 726
92 736
92 765
92 806
92 902
92 922
92 958
92 959
92 971
92 991
92 1002
92 1027
92 1040
92 1041
92 1056
92 1093
92 1094
92 1095
92 1096
92 1155
92 1166
92 1173
92 1177
92 1191
92 1192
92 1193
92 1194
92 1195
92 1196
92 1197
92 1198
92 1199
92 1200
93 35
93 59
93 206
93 225
93 226
93 264
93 267
93 277
93 278
93 279
93 355
93 360
93 365
93 366
93 367
93 368
93 369
93 370
93 371
93 372
93 373
93 374
93 375
93 376
93 383
93 387
93 393
93 394
93 395
93 410
93 438
93 480
93 492
93 497
93 554
93 558
93 570
93 571
93 572
93 573
93 724
93 726
93 727
93 736
93 765
93 806
93 902
93 903
93 904
93 905
93 922
93 923
93 959
93 971
93 991
93 1002
93 1027
93 1028
93 1034
93 1035
93 1036
93 1037
93 1038
93 1039
93 1056
93 1093
93 1094
93 1155
93 1167
93 1168
93 1169
93 1170
93 1171
93 1172
93 1173
93 1174
93 1175
93 1176
93 1177
93 1200
94 35
94 59
94 205
94 223
94 224
94 264
94 265
94 266
94 268
94 280
94 281
94 282
94 283
94 355
94 360
94 364
94 381
94 382
94 383
94 384
94 385
94 386
94 387
94 410
94 438
94 480
94 492
94 497
94 554
94 558
94 574
94 575
94 723
94 727
94 728
94 735
94 765
94 807
94 906
94 923
94 924
94 959
94 971
94 991
94 1002
94 1029
94 1030
94 1031
94 1032
94 1033
94 1056
94 1093
94 1094
94 1155
94 1200
95 35
95 59
95 205
95 221
95 222
95 259
95 260
95 261
95 262
95 269
95 270
95 271
95 272
95 284
95 285
95 286
95 355
95 360
95 363
95 410
95 438
95 480
95 492
95 497
95 554
95 558
95 576
95 577
95 578
95 723
95 728
95 729
95 735
95 765
95 807
95 907
95 925
95 926
95 957
95 958
95 959
95 971
95 992
95 1002
95 1056
95 1093
95 1094
95 1155
95 1200
96 36
96 59
96 205
96 220
96 258
96 272
96 273
96 287
96 288
96 289
96 290
96 355
96 360
96 363
96 410
96 438
96 480
96 492
96 497
96 554
96 558
96 579
96 580
96 723
96 729
96 735
96 765
96 807
96 907
96 926
96 927
96 928
96 929
96 930
96 931
96 932
96 947
96 948
96 949
96 950
96 951
96 952
96 953
96 954
96 955
96 956
96 972
96 992
96 1002
96 1056
96 1093
96 1094
96 1155
96 1200
97 36
97 37
97 59
97 205
97 219
97 257
97 274
97 275
97 276
97 277
97 291
97 292
97 293
97 355
97 360
97 363
97 410
97 438
97 480
97 492
97 498
97 554
97 558
97 581
97 582
97 583
97 723
97 729
97 734
97 735
97 765
97 807
97 908
97 915
97 916
97 933
97 934
97 935
97 944
97 945
97 946
97 972
97 973
97 992
97 1002
97 1056
97 1093
97 1094
97 1155
97 1200
98 37
98 38
98 59
98 204
98 220
98 257
98 273
98 278
98 279
98 280
98 294
98 295
98 296
98 355
98 360
98 363
98 410
98 438
98 480
98 492
98 498
98 554
98 558
98 584
98 585
98 723
98 729
98 732
98 733
98 765
98 807
98 908
98 909
98 910
98 911
98 912
98 913
98 914
98 936
98 937
98 938
98 942
98 943
98 965
98 966
98 973
98 974
98 992
98 1002
98 1057
98 1093
98 1094
98 1155
98 1200
99 39
99 40
99 59
99 204
99 220
99 257
99 273
99 281
99 282
99 283
99 284
99 297
99 298
99 299
99 300
99 356
99 360
99 363
99 410
99 438
99 480
99 492
99 498
99 554
99 558
99 586
99 587
99 588
99 723
99 729
99 731
99 732
99 765
99 807
99 917
99 939
99 940
99 941
99 942
99 964
99 965
99 967
99 975
99 976
99 977
99 992
99 1002
99 1057
99 1093
99 1094
99 1095
99 1096
99 1097
99 1098
99 1155
99 1200
100 0
100 40
100 41
100 60
100 204
100 221
100 222
100 257
100 273
100 285
100 286
100 287
100 301
100 302
100 303
100 304
100 356
100 360
100 363
100 410
100 438
100 480
100 492
100 498
100 554
100 558
100 589
100 590
100 723
100 730
100 731
100 733
100 734
100 735
100 736
100 765
100 807
100 917
100 962
100 963
100 967
100 968
100 978
100 979
100 992
100 1003
100 1057
100 1094
100 1098
100 1155
100 1200
101 1
101 2
101 42
101 43
101 60
101 203
101 223
101 224
101 257
101 273
101 288
101 289
101 290
101 305
101 306
101 307
101 308
101 356
101 360
101 363
101 410
101 438
101 480
101 492
101 498
101 554
101 558
101 591
101 592
101 593
101 720
101 721
101 722
101 723
101 737
101 738
101 765
101 807
101 917
101 959
101 960
101 961
101 968
101 969
101 979
101 980
101 992
101 1003
101 1057
101 1094
101 1098
101 1155
101 1200
102 2
102 3
102 44
102 45
102 60
102 203
102 224
102 257
102 273
102 291
102 292
102 293
102 309
102 310
102 311
102 356
102 360
102 363
102 410
102 438
102 480
102 492
102 498
102 554
102 558
102 594
102 595
102 719
102 728
102 731
102 738
102 765
102 807
102 918
102 956
102 957
102 958
102 969
102 970
102 981
102 982
102 992
102 1003
102 1057
102 1094
102 1098
102 1155
102 1201
103 4
103 5
103 45
103 46
103 60
103 203
103 222
103 223
103 224
103 257
103 273
103 294
103 295
103 296
103 312
103 313
103 314
103 356
103 360
103 363
103 410
103 438
103 480
103 492
103 498
103 554
103 558
103 596
103 597
103 598
103 718
103 728
103 730
103 739
103 765
103 807
103 918
103 954
103 955
103 970
103 971
103 983
103 984
103 992
103 1003
103 1057
103 1094
103 1098
103 1155
103 1201
104 6
104 7
104 46
104 47
104 61
104 202
104 218
104 219
104 220
104 221
104 257
104 273
104 297
104 298
104 299
104 315
104 316
104 317
104 318
104 356
104 361
104 411
104 438
104 480
104 492
104 498
104 554
104 558
104 599
104 600
104 601
104 719
104 739
104 740
104 765
104 807
104 919
104 952
104 953
104 971
104 972
104 985
104 992
104 1003
104 1057
104 1094
104 1098
104 1155
104 1201
105 7
105 8
105 47
105 48
105 61
105 201
105 216
105 217
105 257
105 273
105 300
105 301
105 302
105 303
105 319
105 320
105 356
105 361
105 364
105 411
105 438
105 480
105 492
105 498
105 554
105 558
105 602
105 603
105 705
105 706
105 707
105 719
105 740
105 741
105 742
105 765
105 807
105 919
105 920
105 921
105 922
105 923
105 924
105 925
105 926
105 949
105 950
105 951
105 972
105 973
105 986
105 992
105 1003
105 1057
105 1094
105 1098
105 1155
105 1201
106 9
106 10
106 48
106 49
106 61
106 201
106 214
106 215
106 257
106 274
106 304
106 305
106 306
106 307
106 321
106 322
106 356
106 361
106 364
106 411
106 438
106 481
106 492
106 498
106 554
106 558
106 604
106 605
106 606
106 607
106 704
106 708
106 715
106 716
106 719
106 743
106 744
106 765
106 807
106 927
106 928
106 929
106 930
106 931
106 932
106 933
106 934
106 935
106 936
106 937
106 938
106 939
106 940
106 941
106 942
106 943
106 944
106 945
106 946
106 947
106 948
106 974
106 975
106 986
106 992
106 1003
106 1057
106 1094
106 1098
106 1155
106 1201
107 11
107 12
107 49
107 62
107 200
107 212
107 213
107 257
107 274
107 308
107 309
107 310
107 323
107 324
107 356
107 361
107 364
107 411
107 439
107 481
107 492
107 498
107 555
107 558
107 608
107 609
107 704
107 708
107 714
107 717
107 719
107 745
107 765
107 808
107 975
107 976
107 986
107 992
107 1003
107 1057
107 1094
107 1098
107 1155
107 1201
108 12
108 13
108 50
108 62
108 200
108 210
108 211
108 257
108 274
108 311
108 312
108 313
108 324
108 325
108 356
108 361
108 364
108 411
108 439
108 481
108 492
108 498
108 555
108 559
108 610
108 611
108 612
108 704
108 709
108 714
108 717
108 718
108 719
108 745
108 766
108 809
108 977
108 978
108 987
108 992
108 1003
108 1057
108 1094
108 1099
108 1155
108 1201
109 14
109 15
109 50
109 51
109 62
109 200
109 210
109 257
109 274
109 314
109 315
109 316
109 325
109 326
109 356
109 361
109 364
109 411
109 439
109 481
109 492
109 498
109 555
109 559
109 613
109 614
109 704
109 709
109 713
109 745
109 766
109 809
109 979
109 980
109 987
109 992
109 1003
109 1052
109 1053
109 1057
109 1094
109 1099
109 1155
109 1201
110 16
110 17
110 51
110 52
110 62
110 199
110 209
110 257
110 274
110 317
110 318
110 319
110 326
110 327
110 356
110 361
110 364
110 411
110 439
110 481
110 492
110 498
110 555
110 559
110 615
110 616
110 617
110 704
110 709
110 711
110 712
110 745
110 766
110 809
110 980
110 987
110 992
110 1003
110 1050
110 1051
110 1054
110 1055
110 1057
110 1094
110 1099
110 1155
110 1201
111 18
111 19
111 20
111 21
111 27
111 52
111 53
111 61
111 199
111 209
111 257
111 274
111 320
111 321
111 327
111 328
111 356
111 361
111 364
111 411
111 439
111 481
111 492
111 498
111 555
111 559
111 618
111 619
111 704
111 709
111 711
111 745
111 766
111 809
111 981
111 987
111 992
111 1003
111 1048
111 1049
111 1055
111 1056
111 1094
111 1099
111 1155
111 1201
112 22
112 23
112 24
112 25
112 26
112 28
112 29
112 53
112 61
112 189
112 190
112 191
112 192
112 193
112 194
112 195
112 196
112 197
112 198
112 199
112 208
112 257
112 274
112 322
112 323
112 328
112 329
112 356
112 361
112 364
112 411
112 439
112 481
112 492
112 498
112 555
112 559
112 620
112 621
112 622
112 704
112 745
112 766
112 809
112 981
112 988
112 992
112 1003
112 1048
112 1057
112 1094
112 1099
112 1155
112 1192
112 1193
112 1194
112 1195
112 1196
112 1197
112 1198
112 1199
112 1200
112 1201
113 30
113 54
113 55
113 56
113 57
113 58
113 59
113 60
113 61
113 187
113 188
113 208
113 257
113 274
113 324
113 329
113 330
113 356
113 361
113 364
113 411
113 439
113 481
113 492
113 498
113 555
113 559
113 623
113 624
113 703
113 704
113 745
113 766
113 809
113 982
113 988
113 992
113 1003
113 1047
113 1057
113 1095
113 1099
113 1155
113 1169
113 1170
113 1171
113 1172
113 1175
113 1176
113 1177
113 1178
113 1179
113 1180
113 1183
113 1184
113 1185
113 1186
113 1187
113 1188
113 1189
113 1190
113 1191
114 31
114 186
114 187
114 208
114 257
114 274
114 325
114 330
114 356
114 361
114 364
114 411
114 439
114 492
114 498
114 555
114 559
114 625
114 626
114 627
114 703
114 745
114 766
114 809
114 982
114 989
114 992
114 1003
114 1044
114 1045
114 1046
114 1057
114 1095
114 1099
114 1156
114 1157
114 1158
114 1159
114 1160
114 1161
114 1162
114 1163
114 1164
114 1165
114 1166
114 1167
114 1168
114 1173
114 1174
114 1181
114 1182
115 31
115 32
115 185
115 186
115 207
115 258
115 259
115 260
115 261
115 262
115 263
115 264
115 274
115 325
115 331
115 356
115 361
115 364
115 411
115 439
115 483
115 484
115 485
115 486
115 487
115 488
115 489
115 490
115 491
115 500
115 501
115 502
115 503
115 504
115 505
115 506
115 507
115 508
115 509
115 510
115 555
115 559
115 628
115 629
115 696
115 697
115 698
115 699
115 700
115 701
115 702
115 745
115 766
115 809
115 983
115 989
115 990
115 1003
115 1042
115 1043
115 1057
115 1095
115 1099
115 1173
115 1181
116 32
116 33
116 185
116 207
116 265
116 266
116 267
116 268
116 269
116 270
116 271
116 272
116 273
116 274
116 326
116 331
116 356
116 361
116 365
116 366
116 367
116 368
116 369
116 370
116 371
116 372
116 373
116 374
116 375
116 376
116 377
116 378
116 379
116 380
116 381
116 382
116 383
116 386
116 387
116 388
116 389
116 390
116 393
116 394
116 395
116 396
116 397
116 398
116 399
116 400
116 401
116 402
116 403
116 404
116 405
116 406
116 407
116 408
116 409
116 410
116 411
116 439
116 482
116 492
116 499
116 511
116 555
116 559
116 630
116 631
116 632
116 695
116 745
116 766
116 809
116 983
116 991
116 1003
116 1042
116 1058
116 1095
116 1099
116 1173
116 1181
117 34
117 184
117 207
117 326
117 331
117 356
117 361
117 384
117 391
117 439
117 481
117 492
117 498
117 511
117 555
117 559
117 633
117 634
117 635
117 636
117 695
117 745
117 766
117 809
117 984
117 1003
117 1042
117 1058
117 1095
117 1099
117 1174
117 1181
118 35
118 183
118 184
118 206
118 327
118 331
118 357
118 361
118 384
118 391
118 439
118 481
118 492
118 499
118 511
118 555
118 559
118 637
118 638
118 639
118 640
118 641
118 695
118 745
118 766
118 809
118 984
118 1003
118 1042
118 1058
118 1095
118 1099
118 1174
118 1181
119 35
119 182
119 183
119 205
119 206
119 327
119 332
119 357
119 361
119 384
119 391
119 439
119 481
119 492
119 499
119 511
119 555
119 559
119 642
119 643
119 644
119 645
119 694
119 745
119 766
119 810
119 984
119 1003
119 1042
119 1058
119 1095
119 1099
119 1174
119 1181
120 35
120 181
120 182
120 205
120 328
120 332
120 357
120 361
120 384
120 391
120 439
120 481
120 492
120 499
120 511
120 555
120 559
120 646
120 647
120 648
120 649
120 685
120 686
120 687
120 694
120 746
120 766
120 810
120 985
120 1004
120 1042
120 1058
120 1095
120 1099
120 1174
120 1181
121 33
121 34
121 35
121 144
121 180
121 181
121 204
121 328
121 332
121 357
121 361
121 384
121 391
121 439
121 481
121 492
121 499
121 511
121 555
121 559
121 650
121 651
121 652
121 653
121 684
121 688
121 689
121 694
121 746
121 766
121 810
121 985
121 1004
121 1042
121 1058
121 1095
121 1099
121 1174
121 1181
122 29
122 30
122 31
122 32
122 142
122 143
122 145
122 146
122 147
122 178
122 179
122 203
122 204
122 269
122 270
122 271
122 272
122 273
122 274
122 328
122 332
122 357
122 361
122 384
122 391
122 439
122 481
122 492
122 499
122 511
122 555
122 559
122 654
122 655
122 685
122 686
122 689
122 694
122 746
122 766
122 810
122 986
122 1004
122 1042
122 1058
122 1091
122 1092
122 1093
122 1094
122 1095
122 1099
122 1174
122 1181
123 25
123 26
123 27
123 28
123 140
123 141
123 148
123 149
123 176
123 177
123 202
123 256
123 259
123 260
123 261
123 264
123 265
123 266
123 267
123 268
123 275
123 328
123 332
123 357
123 361
123 384
123 391
123 439
123 481
123 492
123 499
123 511
123 555
123 559
123 656
123 657
123 687
123 689
123 693
123 746
123 766
123 810
123 986
123 1004
123 1042
123 1058
123 1078
123 1081
123 1082
123 1083
123 1084
123 1085
123 1086
123 1087
123 1088
123 1089
123 1090
123 1099
123 1174
123 1181
124 20
124 21
124 22
124 23
124 24
124 139
124 140
124 150
124 151
124 174
124 175
124 201
124 249
124 250
124 251
124 252
124 253
124 254
124 255
124 257
124 258
124 262
124 263
124 275
124 329
124 332
124 357
124 361
124 385
124 391
124 439
124 481
124 492
124 499
124 511
124 555
124 559
124 595
124 596
124 597
124 598
124 658
124 659
124 687
124 693
124 746
124 766
124 810
124 986
124 1004
124 1042
124 1058
124 1066
124 1067
124 1068
124 1069
124 1070
124 1071
124 1072
124 1073
124 1076
124 1077
124 1079
124 1080
124 1099
124 1174
124 1181
125 16
125 17
125 18
125 19
125 139
125 151
125 152
125 174
125 201
125 248
125 257
125 262
125 275
125 329
125 332
125 357
125 361
125 385
125 391
125 439
125 481
125 492
125 499
125 511
125 555
125 559
125 566
125 567
125 568
125 582
125 593
125 594
125 599
125 660
125 661
125 686
125 689
125 690
125 691
125 692
125 746
125 766
125 810
125 987
125 1004
125 1042
125 1059
125 1060
125 1061
125 1062
125 1063
125 1064
125 1065
125 1074
125 1075
125 1079
125 1099
125 1174
125 1181
126 12
126 13
126 14
126 15
126 139
126 140
126 153
126 154
126 173
126 200
126 247
126 257
126 262
126 275
126 329
126 332
126 357
126 361
126 385
126 391
126 438
126 440
126 481
126 492
126 499
126 511
126 555
126 559
126 565
126 569
126 570
126 580
126 581
126 583
126 592
126 593
126 600
126 661
126 686
126 746
126 766
126 800
126 801
126 802
126 803
126 804
126 805
126 806
126 807
126 808
126 809
126 810
126 987
126 988
126 1004
126 1042
126 1059
126 1074
126 1079
126 1100
126 1174
126 1181
127 9
127 10
127 11
127 141
127 154
127 155
127 173
127 200
127 247
127 257
127 262
127 275
127 329
127 332
127 357
127 362
127 385
127 391
127 438
127 440
127 441
127 442
127 443
127 444
127 445
127 446
127 449
127 450
127 453
127 454
127 455
127 456
127 457
127 458
127 461
127 462
127 465
127 466
127 467
127 468
127 469
127 470
127 471
127 472
127 473
127 474
127 475
127 476
127 477
127 478
127 479
127 481
127 493
127 499
127 511
127 555
127 559
127 564
127 570
127 571
127 573
127 574
127 575
127 576
127 577
127 578
127 579
127 580
127 584
127 585
127 586
127 587
127 588
127 589
127 592
127 600
127 661
127 677
127 682
127 683
127 684
127 685
127 686
127 746
127 766
127 780
127 781
127 782
127 783
127 784
127 787
127 788
127 789
127 792
127 793
127 794
127 795
127 796
127 797
127 798
127 799
127 926
127 927
127 928
127 988
127 989
127 1004
127 1043
127 1058
127 1059
127 1074
127 1079
127 1100
127 1174
127 1181
128 8
128 141
128 155
128 172
128 199
128 247
128 257
128 262
128 275
128 329
128 332
128 357
128 362
128 385
128 391
128 437
128 447
128 448
128 451
128 452
128 459
128 460
128 463
128 464
128 480
128 481
128 493
128 499
128 511
128 555
128 559
128 564
128 571
128 572
128 592
128 600
128 661
128 676
128 678
128 681
128 746
128 766
128 779
128 785
128 786
128 790
128 791
128 926
128 929
128 989
128 1004
128 1043
128 1057
128 1074
128 1079
128 1100
128 1174
128 1181
129 7
129 141
129 156
129 172
129 199
129 247
129 257
129 262
129 275
129 329
129 332
129 357
129 362
129 385
129 391
129 436
129 447
129 451
129 459
129 463
129 480
129 493
129 499
129 512
129 555
129 559
129 564
129 571
129 593
129 597
129 598
129 599
129 600
129 662
129 676
129 678
129 680
129 746
129 767
129 768
129 769
129 770
129 771
129 772
129 773
129 774
129 775
129 776
129 777
129 778
129 785
129 790
129 925
129 930
129 989
129 1004
129 1044
129 1056
129 1074
129 1079
129 1100
129 1174
129 1181
130 7
130 142
130 157
130 158
130 159
130 160
130 172
130 199
130 247
130 257
130 262
130 275
130 329
130 332
130 357
130 362
130 385
130 391
130 436
130 447
130 451
130 459
130 463
130 481
130 493
130 499
130 512
130 513
130 514
130 515
130 516
130 517
130 518
130 519
130 520
130 521
130 522
130 523
130 524
130 525
130 526
130 556
130 559
130 564
130 572
130 573
130 575
130 576
130 577
130 578
130 579
130 586
130 587
130 588
130 589
130 590
130 591
130 594
130 595
130 596
130 662
130 676
130 678
130 681
130 746
130 785
130 790
130 925
130 930
130 931
130 990
130 1004
130 1045
130 1046
130 1056
130 1074
130 1079
130 1100
130 1174
130 1181
131 6
131 142
131 161
131 162
131 163
131 164
131 165
131 171
131 172
131 198
131 247
131 257
131 262
131 275
131 329
131 332
131 357
131 362
131 385
131 391
131 436
131 447
131 451
131 459
131 463
131 481
131 493
131 499
131 527
131 528
131 529
131 530
131 531
131 532
131 533
131 534
131 535
131 536
131 537
131 556
131 560
131 565
131 566
131 567
131 568
131 569
131 570
131 571
131 580
131 585
131 662
131 664
131 665
131 666
131 676
131 679
131 746
131 785
131 790
131 924
131 925
131 931
131 932
131 990
131 991
131 1004
131 1046
131 1047
131 1055
131 1074
131 1079
131 1100
131 1174
131 1181
132 6
132 142
132 166
132 167
132 168
132 169
132 170
132 171
132 198
132 247
132 257
132 262
132 275
132 329
132 332
132 357
132 362
132 385
132 392
132 437
132 447
132 451
132 459
132 463
132 481
132 493
132 499
132 512
132 556
132 560
132 572
132 573
132 580
132 584
132 667
132 668
132 675
132 746
132 785
132 790
132 924
132 932
132 933
132 992
132 1004
132 1047
132 1048
132 1054
132 1055
132 1074
132 1079
132 1100
132 1174
132 1181
133 5
133 142
133 199
133 247
133 257
133 262
133 275
133 329
133 332
133 357
133 362
133 385
133 392
133 438
133 447
133 451
133 459
133 463
133 481
133 493
133 499
133 512
133 535
133 536
133 537
133 556
133 560
133 580
133 584
133 669
133 670
133 674
133 746
133 785
133 790
133 923
133 933
133 992
133 1004
133 1049
133 1050
133 1051
133 1052
133 1053
133 1074
133 1079
133 1100
133 1174
133 1181
134 5
134 142
134 199
134 247
134 257
134 262
134 275
134 329
134 332
134 357
134 362
134 385
134 392
134 438
134 447
134 451
134 459
134 463
134 481
134 493
134 499
134 512
134 535
134 556
134 560
134 580
134 584
134 671
134 672
134 673
134 746
134 785
134 790
134 922
134 923
134 934
134 993
134 1004
134 1075
134 1080
134 1100
134 1174
134 1181
135 5
135 41
135 42
135 143
135 200
135 247
135 257
135 262
135 275
135 330
135 332
135 357
135 362
135 385
135 392
135 438
135 447
135 451
135 459
135 463
135 481
135 493
135 499
135 512
135 534
135 556
135 560
135 580
135 584
135 746
135 785
135 790
135 922
135 934
135 935
135 993
135 1004
135 1049
135 1054
135 1075
135 1080
135 1100
135 1174
135 1181
136 4
136 39
136 40
136 43
136 44
136 45
136 46
136 143
136 200
136 201
136 247
136 257
136 263
136 275
136 330
136 357
136 362
136 385
136 392
136 438
136 447
136 451
136 459
136 463
136 481
136 493
136 499
136 512
136 534
136 556
136 560
136 580
136 584
136 746
136 785
136 790
136 921
136 935
136 993
136 1004
136 1049
136 1054
136 1075
136 1080
136 1100
136 1174
136 1182
137 4
137 37
137 38
137 47
137 143
137 201
137 202
137 247
137 257
137 263
137 276
137 330
137 333
137 358
137 362
137 385
137 392
137 402
137 403
137 404
137 405
137 406
137 438
137 447
137 451
137 459
137 464
137 481
137 493
137 499
137 512
137 534
137 556
137 560
137 580
137 584
137 746
137 785
137 790
137 921
137 934
137 935
137 993
137 1004
137 1049
137 1054
137 1075
137 1080
137 1100
137 1174
137 1182
138 4
138 35
138 36
138 48
138 143
138 203
138 204
138 205
138 206
138 207
138 208
138 209
138 210
138 211
138 212
138 213
138 214
138 215
138 216
138 217
138 218
138 219
138 220
138 221
138 222
138 223
138 224
138 225
138 247
138 258
138 263
138 276
138 330
138 333
138 358
138 362
138 385
138 392
138 401
138 407
138 438
138 447
138 451
138 460
138 464
138 481
138 493
138 499
138 512
138 518
138 534
138 556
138 560
138 580
138 584
138 746
138 786
138 790
138 921
138 933
138 993
138 1004
138 1049
138 1054
138 1075
138 1080
138 1100
138 1174
138 1182
139 4
139 34
139 35
139 48
139 143
139 247
139 258
139 263
139 276
139 330
139 333
139 358
139 362
139 385
139 392
139 400
139 407
139 436
139 437
139 448
139 451
139 460
139 464
139 481
139 493
139 499
139 513
139 514
139 515
139 516
139 517
139 519
139 520
139 521
139 522
139 523
139 524
139 533
139 534
139 556
139 560
139 580
139 584
139 746
139 786
139 790
139 922
139 932
139 993
139 1004
139 1049
139 1054
139 1075
139 1080
139 1100
139 1174
139 1182
140 4
140 32
140 33
140 49
140 143
140 224
140 225
140 247
140 258
140 263
140 276
140 330
140 333
140 358
140 362
140 385
140 392
140 400
140 407
140 435
140 436
140 448
140 451
140 460
140 464
140 481
140 493
140 500
140 513
140 525
140 526
140 527
140 528
140 529
140 530
140 531
140 532
140 556
140 560
140 580
140 584
140 746
140 786
140 790
140 922
140 932
140 993
140 1004
140 1049
140 1054
140 1075
140 1080
140 1100
140 1174
140 1182
141 4
141 31
141 32
141 49
141 143
141 222
141 223
141 247
141 258
141 263
141 276
141 330
141 333
141 358
141 362
141 385
141 392
141 398
141 400
141 407
141 416
141 417
141 434
141 435
141 448
141 451
141 460
141 464
141 481
141 493
141 500
141 512
141 556
141 560
141 580
141 584
141 746
141 786
141 791
141 922
141 932
141 993
141 1004
141 1049
141 1054
141 1075
141 1080
141 1100
141 1174
141 1182
142 4
142 30
142 31
142 50
142 143
142 222
142 247
142 258
142 263
142 276
142 330
142 333
142 358
142 362
142 385
142 392
142 397
142 401
142 407
142 415
142 418
142 419
142 432
142 433
142 448
142 451
142 460
142 464
142 481
142 493
142 500
142 512
142 556
142 560
142 580
142 584
142 746
142 786
142 791
142 922
142 932
142 993
142 1004
142 1049
142 1054
142 1075
142 1080
142 1100
142 1174
142 1182
143 5
143 29
143 30
143 50
143 143
143 221
143 247
143 258
143 263
143 276
143 330
143 333
143 358
143 362
143 385
143 392
143 396
143 401
143 407
143 414
143 420
143 421
143 432
143 448
143 451
143 460
143 464
143 481
143 493
143 500
143 512
143 556
143 560
143 580
143 584
143 623
143 624
143 625
143 626
143 627
143 746
143 786
143 791
143 923
143 932
143 993
143 1004
143 1049
143 1054
143 1075
143 1080
143 1100
143 1174
143 1182
144 5
144 6
144 25
144 26
144 27
144 28
144 51
144 83
144 84
144 85
144 86
144 87
144 143
144 221
144 247
144 258
144 263
144 276
144 330
144 333
144 358
144 362
144 385
144 392
144 396
144 401
144 407
144 414
144 421
144 422
144 431
144 448
144 452
144 460
144 464
144 482
144 486
144 487
144 488
144 489
144 490
144 491
144 492
144 493
144 501
144 502
144 503
144 504
144 505
144 506
144 507
144 508
144 509
144 510
144 511
144 512
144 556
144 560
144 580
144 584
144 621
144 622
144 628
144 629
144 630
144 631
144 632
144 633
144 634
144 635
144 636
144 637
144 638
144 639
144 640
144 641
144 642
144 643
144 644
144 645
144 646
144 647
144 648
144 656
144 657
144 746
144 786
144 791
144 924
144 925
144 932
144 993
144 1004
144 1049
144 1055
144 1056
144 1057
144 1058
144 1059
144 1060
144 1061
144 1062
144 1063
144 1064
144 1065
144 1066
144 1067
144 1068
144 1069
144 1070
144 1071
144 1072
144 1075
144 1080
144 1101
144 1174
144 1182
145 7
145 8
145 17
145 18
145 19
145 20
145 21
145 22
145 23
145 24
145 51
145 81
145 82
145 88
145 89
145 143
145 221
145 247
145 258
145 263
145 276
145 330
145 333
145 358
145 362
145 385
145 392
145 396
145 401
145 407
145 415
145 422
145 432
145 448
145 452
145 460
145 464
145 483
145 484
145 485
145 556
145 560
145 580
145 584
145 619
145 620
145 649
145 656
145 746
145 786
145 791
145 926
145 927
145 928
145 929
145 930
145 931
145 993
145 1004
145 1029
145 1030
145 1031
145 1032
145 1033
145 1034
145 1035
145 1036
145 1037
145 1038
145 1039
145 1040
145 1041
145 1042
145 1043
145 1044
145 1045
145 1046
145 1047
145 1048
145 1049
145 1055
145 1073
145 1080
145 1101
145 1174
145 1182
146 9
146 10
146 11
146 12
146 13
146 14
146 15
146 16
146 52
146 79
146 80
146 90
146 91
146 92
146 93
146 94
146 143
146 222
146 247
146 258
146 263
146 276
146 330
146 333
146 358
146 362
146 385
146 392
146 396
146 400
146 407
146 415
146 416
146 422
146 432
146 448
146 452
146 460
146 464
146 482
146 483
146 493
146 500
146 556
146 560
146 580
146 584
146 615
146 616
146 617
146 618
146 622
146 623
146 625
146 626
146 649
146 656
146 746
146 786
146 791
146 993
146 1004
146 1028
146 1049
146 1054
146 1073
146 1080
146 1101
146 1175
146 1182
147 52
147 53
147 78
147 95
147 96
147 97
147 142
147 222
147 247
147 258
147 263
147 276
147 330
147 333
147 358
147 362
147 385
147 392
147 396
147 400
147 408
147 416
147 417
147 423
147 432
147 448
147 452
147 460
147 464
147 481
147 482
147 493
147 500
147 556
147 560
147 581
147 584
147 613
147 614
147 622
147 627
147 648
147 746
147 786
147 791
147 926
147 930
147 993
147 1004
147 1027
147 1049
147 1054
147 1074
147 1080
147 1101
147 1175
147 1182
148 53
148 77
148 90
148 98
148 99
148 140
148 141
148 223
148 247
148 258
148 263
148 276
148 330
148 333
148 358
148 362
148 385
148 392
148 396
148 399
148 408
148 417
148 423
148 431
148 448
148 452
148 460
148 464
148 481
148 493
148 500
148 556
148 560
148 581
148 584
148 612
148 621
148 628
148 648
148 746
148 786
148 791
148 926
148 930
148 993
148 1004
148 1027
148 1049
148 1054
148 1074
148 1075
148 1080
148 1101
148 1175
148 1182
149 54
149 77
149 89
149 100
149 101
149 102
149 135
149 136
149 137
149 138
149 139
149 223
149 224
149 236
149 237
149 238
149 239
149 240
149 241
149 242
149 247
149 258
149 263
149 276
149 330
149 333
149 358
149 362
149 385
149 392
149 396
149 399
149 408
149 418
149 424
149 425
149 426
149 427
149 428
149 429
149 430
149 448
149 452
149 460
149 464
149 480
149 493
149 500
149 556
149 560
149 581
149 584
149 611
149 621
149 628
149 648
149 747
149 786
149 791
149 926
149 930
149 993
149 1004
149 1027
149 1049
149 1054
149 1075
149 1080
149 1101
149 1175
149 1182
150 54
150 55
150 77
150 89
150 103
150 104
150 105
150 130
150 131
150 132
150 133
150 134
150 224
150 225
150 233
150 234
150 235
150 243
150 244
150 247
150 258
150 263
150 270
150 271
150 272
150 273
150 274
150 275
150 276
150 324
150 325
150 326
150 327
150 328
150 329
150 330
150 333
150 358
150 363
150 385
150 392
150 396
150 399
150 408
150 418
150 448
150 452
150 460
150 464
150 480
150 493
150 500
150 556
150 560
150 581
150 584
150 611
150 620
150 628
150 648
150 687
150 688
150 689
150 690
150 691
150 692
150 693
150 694
150 695
150 696
150 697
150 698
150 699
150 700
150 747
150 786
150 791
150 926
150 930
150 993
150 1004
150 1027
150 1049
150 1055
150 1056
150 1057
150 1058
150 1059
150 1060
150 1061
150 1062
150 1063
150 1064
150 1065
150 1066
150 1067
150 1068
150 1069
150 1070
150 1071
150 1072
150 1073
150 1074
150 1075
150 1080
150 1101
150 1175
150 1182
151 55
151 77
151 88
151 106
151 107
151 108
151 109
151 110
151 128
151 129
151 226
151 227
151 228
151 229
151 230
151 231
151 232
151 245
151 247
151 256
151 257
151 258
151 264
151 265
151 266
151 267
151 268
151 269
151 323
151 334
151 358
151 363
151 385
151 392
151 396
151 399
151 408
151 419
151 448
151 452
151 460
151 464
151 480
151 493
151 500
151 556
151 560
151 581
151 584
151 611
151 620
151 629
151 648
151 686
151 701
151 747
151 786
151 791
151 926
151 930
151 993
151 1005
151 1028
151 1029
151 1030
151 1031
151 1032
151 1033
151 1034
151 1035
151 1036
151 1037
151 1038
151 1039
151 1040
151 1041
151 1042
151 1043
151 1044
151 1045
151 1046
151 1047
151 1048
151 1049
151 1055
151 1075
151 1080
151 1101
151 1175
151 1182
152 56
152 77
152 88
152 111
152 112
152 115
152 126
152 127
152 141
152 142
152 143
152 144
152 145
152 146
152 147
152 148
152 149
152 150
152 248
152 249
152 250
152 251
152 252
152 253
152 254
152 255
152 322
152 332
152 334
152 358
152 363
152 386
152 392
152 396
152 399
152 408
152 419
152 420
152 448
152 452
152 460
152 464
152 480
152 493
152 500
152 553
152 554
152 555
152 556
152 558
152 559
152 560
152 562
152 563
152 564
152 581
152 584
152 611
152 619
152 629
152 649
152 685
152 701
152 747
152 786
152 791
152 926
152 930
152 993
152 1005
152 1049
152 1054
152 1075
152 1080
152 1101
152 1175
152 1182
153 56
153 57
153 77
153 87
153 103
153 104
153 105
153 106
153 112
153 113
153 117
153 118
153 119
153 120
153 121
153 122
153 123
153 124
153 125
153 140
153 151
153 258
153 263
153 322
153 332
153 334
153 358
153 363
153 386
153 392
153 396
153 399
153 408
153 420
153 448
153 452
153 460
153 464
153 479
153 493
153 500
153 552
153 565
153 581
153 584
153 612
153 619
153 630
153 649
153 685
153 701
153 747
153 786
153 791
153 926
153 930
153 993
153 1005
153 1049
153 1054
153 1075
153 1080
153 1101
153 1175
153 1182
154 57
154 58
154 77
154 86
154 87
154 103
154 113
154 117
154 139
154 151
154 247
154 258
154 263
154 322
154 332
154 334
154 358
154 363
154 386
154 392
154 396
154 399
154 408
154 420
154 448
154 452
154 460
154 464
154 478
154 479
154 493
154 500
154 551
154 565
154 581
154 584
154 612
154 618
154 630
154 649
154 685
154 701
154 747
154 786
154 791
154 926
154 930
154 993
154 1005
154 1049
154 1054
154 1075
154 1080
154 1101
154 1175
154 1182
155 59
155 60
155 77
155 84
155 85
155 103
155 113
155 116
155 126
155 139
155 151
155 247
155 258
155 263
155 322
155 332
155 334
155 358
155 363
155 386
155 393
155 396
155 399
155 408
155 420
155 448
155 452
155 460
155 464
155 478
155 493
155 500
155 551
155 565
155 581
155 584
155 613
155 618
155 630
155 645
155 646
155 647
155 648
155 649
155 685
155 701
155 747
155 786
155 791
155 926
155 930
155 993
155 1005
155 1049
155 1054
155 1075
155 1080
155 1101
155 1175
155 1182
156 60
156 77
156 83
156 84
156 104
156 113
156 116
156 125
156 139
156 151
156 246
156 258
156 263
156 322
156 332
156 334
156 359
156 363
156 386
156 393
156 396
156 400
156 408
156 420
156 448
156 452
156 460
156 464
156 477
156 493
156 500
156 551
156 566
156 581
156 584
156 613
156 617
156 631
156 644
156 685
156 701
156 747
156 786
156 791
156 926
156 930
156 993
156 1005
156 1049
156 1054
156 1075
156 1080
156 1101
156 1175
156 1182
157 60
157 78
157 79
157 81
157 82
157 104
157 105
157 113
157 116
157 125
157 139
157 151
157 246
157 258
157 263
157 322
157 332
157 334
157 359
157 363
157 386
157 393
157 396
157 400
157 407
157 408
157 419
157 420
157 448
157 452
157 460
157 464
157 477
157 493
157 500
157 551
157 566
157 581
157 584
157 614
157 615
157 616
157 617
157 631
157 643
157 685
157 701
157 747
157 786
157 791
157 926
157 930
157 993
157 1005
157 1049
157 1054
157 1075
157 1080
157 1101
157 1175
157 1182
158 60
158 78
158 80
158 105
158 113
158 116
158 124
158 139
158 151
158 247
158 258
158 264
158 322
158 332
158 334
158 359
158 363
158 386
158 393
158 396
158 401
158 402
158 403
158 404
158 405
158 406
158 418
158 419
158 448
158 452
158 460
158 464
158 477
158 493
158 500
158 520
158 521
158 522
158 523
158 524
158 525
158 526
158 527
158 528
158 529
158 530
158 531
158 551
158 566
158 581
158 584
158 631
158 643
158 686
158 701
158 747
158 786
158 791
158 926
158 930
158 993
158 1005
158 1049
158 1054
158 1075
158 1080
158 1101
158 1175
158 1182
159 60
159 77
159 80
159 106
159 113
159 116
159 123
159 124
159 139
159 151
159 247
159 258
159 264
159 322
159 332
159 334
159 359
159 363
159 386
159 393
159 396
159 417
159 448
159 452
159 460
159 464
159 476
159 493
159 500
159 518
159 519
159 532
159 551
159 567
159 568
159 569
159 572
159 576
159 577
159 581
159 584
159 632
159 643
159 686
159 701
159 747
159 786
159 791
159 926
159 930
159 993
159 1005
159 1049
159 1055
159 1075
159 1080
159 1101
159 1175
159 1182
160 60
160 77
160 80
160 106
160 107
160 113
160 116
160 123
160 139
160 151
160 247
160 258
160 264
160 322
160 332
160 334
160 359
160 363
160 386
160 393
160 396
160 399
160 416
160 448
160 452
160 460
160 464
160 476
160 493
160 500
160 516
160 517
160 532
160 551
160 570
160 571
160 573
160 574
160 575
160 578
160 581
160 584
160 632
160 643
160 686
160 701
160 747
160 786
160 791
160 926
160 930
160 993
160 1005
160 1049
160 1055
160 1056
160 1075
160 1080
160 1101
160 1175
160 1182
161 60
161 77
161 80
161 107
161 113
161 116
161 122
161 139
161 151
161 248
161 249
161 250
161 251
161 252
161 253
161 254
161 255
161 256
161 264
161 322
161 332
161 334
161 359
161 363
161 386
161 393
161 396
161 399
161 416
161 448
161 452
161 460
161 464
161 477
161 493
161 501
161 515
161 516
161 532
161 551
161 570
161 578
161 581
161 584
161 633
161 643
161 686
161 701
161 747
161 786
161 791
161 926
161 931
161 993
161 1005
161 1048
161 1054
161 1056
161 1057
161 1075
161 1080
161 1102
161 1175
161 1183
162 60
162 77
162 80
162 108
162 113
162 116
162 122
162 140
162 151
162 257
162 264
162 322
162 332
162 334
162 359
162 363
162 386
162 393
162 396
162 399
162 416
162 448
162 452
162 460
162 464
162 477
162 493
162 501
162 509
162 510
162 511
162 512
162 513
162 514
162 515
162 533
162 551
162 570
162 574
162 578
162 581
162 584
162 633
162 642
162 686
162 701
162 747
162 787
162 791
162 926
162 931
162 993
162 1005
162 1047
162 1048
162 1054
162 1058
162 1059
162 1065
162 1075
162 1080
162 1102
162 1175
162 1183
163 60
163 77
163 80
163 108
163 109
163 113
163 116
163 121
163 140
163 151
163 258
163 264
163 322
163 332
163 334
163 359
163 363
163 386
163 393
163 396
163 399
163 415
163 448
163 452
163 460
163 464
163 478
163 493
163 501
163 507
163 508
163 533
163 551
163 570
163 574
163 578
163 581
163 584
163 633
163 642
163 686
163 701
163 747
163 787
163 791
163 926
163 931
163 993
163 1005
163 1046
163 1047
163 1054
163 1060
163 1061
163 1062
163 1063
163 1064
163 1066
163 1067
163 1075
163 1080
163 1102
163 1175
163 1183
164 60
164 77
164 80
164 109
164 110
164 113
164 116
164 121
164 140
164 151
164 258
164 264
164 322
164 332
164 334
164 359
164 363
164 386
164 393
164 396
164 399
164 414
164 415
164 448
164 452
164 460
164 464
164 479
164 480
164 493
164 501
164 506
164 507
164 533
164 551
164 570
164 574
164 578
164 581
164 584
164 634
164 642
164 686
164 701
164 720
164 721
164 722
164 739
164 740
164 741
164 746
164 747
164 787
164 791
164 926
164 931
164 993
164 1005
164 1045
164 1046
164 1049
164 1054
164 1068
164 1069
164 1075
164 1080
164 1102
164 1175
164 1183
165 60
165 77
165 80
165 110
165 113
165 117
165 120
165 140
165 151
165 259
165 264
165 322
165 332
165 334
165 359
165 363
165 386
165 393
165 396
165 399
165 414
165 449
165 452
165 460
165 464
165 480
165 481
165 493
165 501
165 505
165 533
165 551
165 570
165 574
165 578
165 581
165 585
165 634
165 640
165 641
165 687
165 688
165 689
165 690
165 691
165 694
165 695
165 698
165 699
165 700
165 701
165 718
165 719
165 723
165 735
165 736
165 737
165 738
165 742
165 743
165 744
165 745
165 746
165 761
165 762
165 766
165 767
165 787
165 791
165 926
165 931
165 993
165 1005
165 1043
165 1044
165 1049
165 1054
165 1069
165 1070
165 1075
165 1080
165 1102
165 1175
165 1183
166 60
166 77
166 80
166 111
166 113
166 117
166 119
166 120
166 140
166 151
166 259
166 264
166 322
166 332
166 334
166 359
166 363
166 386
166 393
166 396
166 399
166 413
166 449
166 452
166 460
166 464
166 481
166 482
166 493
166 501
166 504
166 534
166 551
166 570
166 574
166 578
166 581
166 585
166 634
166 638
166 639
166 692
166 696
166 717
166 718
166 723
166 733
166 734
166 759
166 760
166 763
166 764
166 787
166 791
166 926
166 931
166 993
166 1005
166 1041
166 1042
166 1050
166 1054
166 1071
166 1072
166 1075
166 1080
166 1087
166 1088
166 1089
166 1090
166 1091
166 1102
166 1175
166 1183
167 60
167 77
167 80
167 111
167 113
167 117
167 140
167 151
167 259
167 264
167 323
167 324
167 325
167 326
167 327
167 328
167 329
167 330
167 332
167 334
167 359
167 363
167 386
167 393
167 396
167 399
167 412
167 413
167 449
167 452
167 460
167 464
167 483
167 493
167 502
167 503
167 535
167 536
167 554
167 555
167 556
167 559
167 561
167 570
167 574
167 578
167 581
167 585
167 633
167 634
167 638
167 692
167 696
167 705
167 717
167 724
167 733
167 759
167 764
167 765
167 787
167 791
167 926
167 931
167 993
167 1005
167 1040
167 1041
167 1050
167 1054
167 1072
167 1073
167 1075
167 1080
167 1085
167 1086
167 1092
167 1102
167 1175
167 1183
168 60
168 77
168 80
168 114
168 117
168 140
168 151
168 259
168 264
168 331
168 334
168 359
168 363
168 386
168 393
168 396
168 399
168 411
168 412
168 449
168 452
168 460
168 464
168 484
168 494
168 502
168 537
168 538
168 539
168 551
168 557
168 561
168 570
168 574
168 578
168 581
168 585
168 633
168 637
168 692
168 696
168 699
168 700
168 701
168 702
168 703
168 704
168 706
168 707
168 716
168 724
168 732
168 758
168 765
168 787
168 791
168 926
168 931
168 993
168 1005
168 1039
168 1040
168 1050
168 1054
168 1073
168 1074
168 1080
168 1084
168 1085
168 1093
168 1102
168 1175
168 1183
169 60
169 77
169 80
169 114
169 117
169 118
169 140
169 151
169 259
169 264
169 331
169 334
169 341
169 342
169 343
169 344
169 345
169 346
169 347
169 348
169 349
169 350
169 359
169 363
169 386
169 393
169 396
169 399
169 411
169 449
169 452
169 460
169 464
169 484
169 485
169 494
169 501
169 540
169 541
169 549
169 550
169 552
169 553
169 557
169 561
169 570
169 574
169 578
169 581
169 585
169 632
169 637
169 692
169 698
169 708
169 709
169 715
169 716
169 724
169 731
169 732
169 758
169 765
169 787
169 791
169 926
169 931
169 993
169 1005
169 1038
169 1039
169 1050
169 1054
169 1074
169 1075
169 1080
169 1084
169 1093
169 1102
169 1175
169 1183
170 60
170 77
170 80
170 113
170 117
170 140
170 151
170 259
170 264
170 331
170 334
170 340
170 351
170 359
170 363
170 386
170 393
170 396
170 399
170 410
170 449
170 452
170 460
170 464
170 485
170 494
170 501
170 541
170 548
170 554
170 557
170 561
170 570
170 574
170 578
170 581
170 585
170 632
170 637
170 692
170 698
170 709
170 715
170 724
170 731
170 758
170 765
170 787
170 791
170 926
170 931
170 993
170 1005
170 1038
170 1050
170 1054
170 1075
170 1080
170 1083
170 1093
170 1102
170 1175
170 1183
171 60
171 77
171 80
171 113
171 117
171 140
171 151
171 259
171 265
171 297
171 298
171 299
171 300
171 301
171 302
171 303
171 304
171 305
171 306
171 307
171 308
171 309
171 310
171 311
171 312
171 313
171 314
171 315
171 316
171 317
171 318
171 319
171 320
171 331
171 334
171 339
171 352
171 353
171 354
171 355
171 356
171 357
171 358
171 359
171 363
171 386
171 393
171 396
171 399
171 410
171 449
171 452
171 460
171 464
171 486
171 494
171 501
171 542
171 543
171 544
171 545
171 546
171 547
171 554
171 557
171 561
171 570
171 574
171 578
171 581
171 585
171 631
171 638
171 692
171 697
171 710
171 711
171 712
171 713
171 714
171 725
171 730
171 758
171 764
171 765
171 787
171 791
171 926
171 931
171 993
171 1005
171 1037
171 1050
171 1054
171 1075
171 1080
171 1083
171 1093
171 1102
171 1175
171 1183
172 60
172 77
172 80
172 114
172 117
172 140
172 151
172 184
172 185
172 186
172 187
172 188
172 189
172 190
172 191
172 192
172 193
172 259
172 266
172 296
172 321
172 331
172 334
172 339
172 363
172 386
172 393
172 396
172 399
172 409
172 410
172 449
172 452
172 460
172 465
172 487
172 493
172 501
172 554
172 557
172 561
172 570
172 574
172 578
172 581
172 585
172 630
172 631
172 639
172 640
172 641
172 642
172 692
172 697
172 725
172 726
172 730
172 759
172 764
172 787
172 792
172 926
172 931
172 993
172 1005
172 1037
172 1050
172 1054
172 1075
172 1080
172 1083
172 1093
172 1102
172 1175
172 1183
173 60
173 77
173 80
173 114
173 117
173 141
173 142
173 145
173 146
173 149
173 150
173 151
173 173
173 174
173 175
173 176
173 177
173 178
173 179
173 180
173 181
173 182
173 183
173 194
173 195
173 259
173 264
173 266
173 267
173 295
173 321
173 331
173 334
173 339
173 359
173 364
173 366
173 367
173 368
173 369
173 370
173 371
173 372
173 373
173 374
173 375
173 376
173 377
173 378
173 379
173 380
173 381
173 382
173 383
173 384
173 385
173 386
173 393
173 396
173 399
173 409
173 449
173 452
173 461
173 465
173 488
173 489
173 490
173 491
173 492
173 493
173 501
173 555
173 561
173 566
173 569
173 570
173 574
173 578
173 581
173 585
173 629
173 630
173 643
173 692
173 696
173 727
173 728
173 729
173 730
173 759
173 760
173 761
173 762
173 763
173 787
173 792
173 843
173 844
173 845
173 846
173 926
173 931
173 993
173 1005
173 1037
173 1050
173 1054
173 1075
173 1080
173 1083
173 1092
173 1102
173 1175
173 1183
174 60
174 77
174 80
174 114
174 117
174 143
174 144
174 147
174 148
174 172
174 195
174 259
174 264
174 295
174 322
174 323
174 324
174 325
174 331
174 334
174 339
174 359
174 364
174 365
174 394
174 395
174 396
174 399
174 408
174 449
174 452
174 461
174 465
174 494
174 501
174 555
174 561
174 565
174 567
174 570
174 575
174 576
174 577
174 581
174 585
174 629
174 644
174 690
174 691
174 696
174 765
174 787
174 792
174 841
174 842
174 847
174 848
174 867
174 868
174 869
174 926
174 931
174 993
174 1005
174 1036
174 1050
174 1054
174 1075
174 1080
174 1084
174 1092
174 1102
174 1175
174 1183
175 60
175 77
175 80
175 114
175 117
175 143
175 147
175 171
175 195
175 259
175 264
175 266
175 295
175 326
175 327
175 328
175 329
175 330
175 331
175 334
175 339
175 359
175 364
175 386
175 399
175 407
175 408
175 449
175 452
175 461
175 465
175 494
175 501
175 555
175 558
175 561
175 564
175 567
175 570
175 575
175 628
175 644
175 666
175 667
175 668
175 669
175 670
175 671
175 672
175 673
175 680
175 681
175 682
175 683
175 684
175 685
175 686
175 687
175 688
175 689
175 692
175 696
175 765
175 787
175 792
175 841
175 848
175 849
175 861
175 862
175 863
175 864
175 865
175 866
175 870
175 871
175 926
175 931
175 979
175 993
175 1005
175 1036
175 1050
175 1054
175 1075
175 1080
175 1084
175 1093
175 1102
175 1176
175 1183
176 60
176 77
176 80
176 114
176 117
176 143
176 147
176 165
176 166
176 167
176 168
176 169
176 170
176 171
176 195
176 259
176 264
176 266
176 295
176 334
176 339
176 360
176 364
176 386
176 393
176 400
176 403
176 404
176 405
176 406
176 429
176 430
176 431
176 432
176 433
176 434
176 435
176 436
176 437
176 449
176 452
176 461
176 465
176 494
176 501
176 555
176 558
176 562
176 564
176 567
176 570
176 574
176 580
176 581
176 586
176 587
176 588
176 596
176 597
176 598
176 599
176 600
176 601
176 602
176 603
176 604
176 605
176 606
176 607
176 608
176 609
176 610
176 627
176 628
176 645
176 662
176 663
176 664
176 665
176 674
176 675
176 676
176 677
176 678
176 679
176 692
176 696
176 765
176 787
176 792
176 813
176 814
176 840
176 849
176 850
176 860
176 871
176 926
176 931
176 977
176 978
176 980
176 993
176 1005
176 1035
176 1050
176 1054
176 1075
176 1080
176 1084
176 1093
176 1094
176 1102
176 1176
176 1183
177 60
177 77
177 80
177 114
177 117
177 143
177 147
177 163
177 164
177 195
177 259
177 264
177 266
177 295
177 331
177 334
177 339
177 360
177 364
177 386
177 393
177 396
177 400
177 401
177 402
177 418
177 419
177 420
177 421
177 422
177 423
177 424
177 425
177 426
177 427
177 428
177 438
177 449
177 452
177 461
177 465
177 494
177 501
177 511
177 512
177 513
177 514
177 515
177 516
177 517
177 518
177 519
177 520
177 521
177 522
177 523
177 524
177 525
177 526
177 527
177 528
177 529
177 530
177 531
177 532
177 533
177 534
177 535
177 536
177 555
177 558
177 562
177 564
177 567
177 570
177 574
177 579
177 585
177 588
177 595
177 611
177 612
177 626
177 627
177 651
177 652
177 653
177 654
177 655
177 656
177 659
177 660
177 661
177 692
177 696
177 765
177 787
177 792
177 812
177 840
177 850
177 859
177 871
177 926
177 931
177 975
177 976
177 981
177 993
177 1005
177 1035
177 1050
177 1054
177 1075
177 1080
177 1083
177 1084
177 1095
177 1096
177 1102
177 1176
177 1183
178 60
178 77
178 80
178 114
178 117
178 143
178 147
178 161
178 162
178 163
178 195
178 259
178 264
178 266
178 295
178 331
178 335
178 336
178 337
178 338
178 339
178 360
178 364
178 386
178 393
178 401
178 408
178 417
178 439
178 440
178 441
178 442
178 443
178 449
178 452
178 461
178 465
178 494
178 501
178 509
178 510
178 537
178 556
178 564
178 567
178 570
178 574
178 578
178 579
178 581
178 585
178 589
178 594
178 613
178 614
178 626
178 643
178 644
178 645
178 646
178 649
178 650
178 657
178 692
178 696
178 765
178 787
178 792
178 811
178 814
178 839
178 850
178 859
178 871
178 926
178 931
178 974
178 975
178 981
178 982
178 993
178 1005
178 1034
178 1050
178 1054
178 1076
178 1082
178 1083
178 1096
178 1102
178 1176
178 1183
179 60
179 77
179 80
179 114
179 117
179 143
179 148
179 157
179 158
179 159
179 160
179 195
179 259
179 264
179 266
179 295
179 331
179 360
179 364
179 386
179 393
179 400
179 408
179 416
179 444
179 449
179 452
179 461
179 465
179 494
179 501
179 509
179 538
179 556
179 564
179 568
179 574
179 578
179 581
179 585
179 589
179 594
179 614
179 615
179 625
179 640
179 641
179 642
179 647
179 648
179 658
179 692
179 696
179 765
179 787
179 792
179 811
179 814
179 839
179 850
179 859
179 871
179 926
179 931
179 973
179 974
179 982
179 993
179 1005
179 1034
179 1050
179 1054
179 1076
179 1081
179 1082
179 1096
179 1103
179 1176
179 1183
180 60
180 77
180 80
180 114
180 117
180 143
180 148
180 156
180 195
180 259
180 264
180 266
180 295
180 331
180 334
180 360
180 364
180 387
180 394
180 400
180 408
180 416
180 445
180 446
180 449
180 452
180 461
180 465
180 477
180 494
180 501
180 508
180 539
180 540
180 541
180 542
180 551
180 552
180 556
180 564
180 568
180 574
180 577
180 581
180 585
180 590
180 594
180 615
180 616
180 624
180 625
180 638
180 639
180 659
180 692
180 696
180 766
180 768
180 787
180 792
180 811
180 814
180 839
180 850
180 859
180 871
180 926
180 931
180 932
180 933
180 934
180 935
180 936
180 937
180 973
180 983
180 993
180 1005
180 1033
180 1050
180 1054
180 1076
180 1081
180 1097
180 1103
180 1176
180 1183
181 60
181 77
181 80
181 114
181 117
181 143
181 148
181 155
181 195
181 259
181 264
181 266
181 295
181 331
181 334
181 360
181 364
181 387
181 394
181 396
181 400
181 409
181 416
181 447
181 449
181 452
181 461
181 465
181 476
181 478
181 494
181 501
181 508
181 540
181 543
181 544
181 549
181 550
181 553
181 554
181 564
181 568
181 574
181 577
181 581
181 585
181 590
181 593
181 633
181 634
181 635
181 636
181 637
181 638
181 643
181 644
181 645
181 646
181 647
181 648
181 649
181 650
181 651
181 652
181 653
181 654
181 655
181 656
181 657
181 659
181 660
181 661
181 662
181 692
181 696
181 766
181 768
181 787
181 792
181 811
181 814
181 839
181 850
181 859
181 871
181 926
181 931
181 938
181 973
181 983
181 984
181 993
181 1005
181 1033
181 1051
181 1052
181 1053
181 1054
181 1055
181 1056
181 1057
181 1058
181 1059
181 1060
181 1061
181 1076
181 1081
181 1097
181 1103
181 1176
181 1183
182 60
182 77
182 81
182 114
182 117
182 143
182 148
182 154
182 155
182 196
182 259
182 267
182 295
182 331
182 334
182 360
182 364
182 387
182 394
182 396
182 400
182 409
182 416
182 449
182 452
182 461
182 465
182 475
182 478
182 494
182 501
182 507
182 545
182 546
182 548
182 549
182 554
182 555
182 564
182 568
182 574
182 577
182 581
182 585
182 590
182 593
182 606
182 607
182 608
182 609
182 610
182 611
182 612
182 613
182 614
182 615
182 616
182 624
182 625
182 626
182 627
182 628
182 629
182 630
182 631
182 632
182 663
182 664
182 665
182 666
182 667
182 668
182 669
182 692
182 696
182 766
182 787
182 792
182 811
182 814
182 840
182 849
182 859
182 871
182 926
182 930
182 938
182 973
182 984
182 985
182 993
182 1005
182 1032
182 1051
182 1062
182 1076
182 1081
182 1097
182 1103
182 1176
182 1183
183 60
183 77
183 81
183 114
183 117
183 143
183 149
183 150
183 151
183 152
183 153
183 196
183 259
183 265
183 267
183 296
183 331
183 334
183 360
183 364
183 387
183 394
183 396
183 400
183 409
183 416
183 449
183 452
183 461
183 465
183 475
183 478
183 481
183 494
183 502
183 507
183 540
183 546
183 547
183 548
183 555
183 556
183 564
183 568
183 574
183 577
183 581
183 585
183 590
183 593
183 603
183 604
183 605
183 617
183 618
183 619
183 620
183 621
183 622
183 623
183 670
183 671
183 692
183 696
183 766
183 787
183 792
183 811
183 814
183 840
183 849
183 859
183 871
183 926
183 930
183 938
183 973
183 986
183 987
183 993
183 1005
183 1032
183 1050
183 1062
183 1076
183 1081
183 1097
183 1103
183 1176
183 1183
184 60
184 77
184 81
184 114
184 117
184 143
184 149
184 196
184 259
184 265
184 268
184 296
184 331
184 334
184 361
184 362
184 363
184 364
184 387
184 394
184 396
184 400
184 410
184 411
184 412
184 413
184 449
184 452
184 461
184 466
184 467
184 468
184 469
184 470
184 471
184 472
184 473
184 474
184 475
184 478
184 484
184 485
184 486
184 487
184 488
184 489
184 494
184 502
184 506
184 541
184 556
184 563
184 568
184 574
184 578
184 579
184 580
184 581
184 585
184 590
184 601
184 602
184 671
184 672
184 673
184 692
184 696
184 766
184 787
184 792
184 811
184 814
184 839
184 840
184 849
184 850
184 860
184 871
184 926
184 930
184 938
184 973
184 987
184 988
184 993
184 1005
184 1031
184 1050
184 1062
184 1076
184 1081
184 1097
184 1103
184 1176
184 1183
185 60
185 77
185 81
185 114
185 117
185 144
185 148
185 196
185 259
185 265
185 268
185 296
185 331
185 334
185 387
185 394
185 396
185 400
185 414
185 449
185 453
185 455
185 456
185 457
185 458
185 459
185 460
185 461
185 466
185 475
185 481
185 482
185 483
185 490
185 491
185 492
185 493
185 502
185 505
185 541
185 547
185 556
185 567
185 575
185 576
185 577
185 582
185 587
185 588
185 589
185 594
185 595
185 596
185 597
185 598
185 599
185 600
185 601
185 674
185 675
185 692
185 696
185 766
185 787
185 792
185 809
185 810
185 811
185 815
185 839
185 851
185 860
185 870
185 926
185 930
185 938
185 971
185 972
185 988
185 993
185 1005
185 1031
185 1050
185 1062
185 1076
185 1081
185 1097
185 1103
185 1176
185 1183
186 59
186 77
186 81
186 114
186 117
186 144
186 148
186 196
186 259
186 265
186 269
186 296
186 331
186 334
186 387
186 394
186 396
186 400
186 449
186 453
186 454
186 461
186 465
186 475
186 479
186 480
186 494
186 504
186 541
186 547
186 556
186 564
186 565
186 566
186 568
186 569
186 575
186 582
186 586
186 590
186 591
186 592
186 593
186 675
186 676
186 692
186 696
186 766
186 787
186 792
186 808
186 815
186 838
186 852
186 860
186 870
186 926
186 930
186 938
186 970
186 971
186 988
186 993
186 1005
186 1030
186 1050
186 1062
186 1076
186 1082
186 1097
186 1103
186 1176
186 1183
187 59
187 77
187 81
187 114
187 117
187 144
187 148
187 196
187 259
187 265
187 296
187 331
187 334
187 387
187 394
187 396
187 400
187 449
187 453
187 461
187 465
187 475
187 478
187 479
187 494
187 504
187 542
187 547
187 556
187 563
187 569
187 574
187 582
187 585
187 676
187 693
187 696
187 766
187 788
187 792
187 807
187 815
187 838
187 852
187 860
187 870
187 926
187 930
187 938
187 969
187 970
187 988
187 993
187 1005
187 1030
187 1050
187 1062
187 1076
187 1082
187 1097
187 1103
187 1140
187 1141
187 1142
187 1143
187 1144
187 1145
187 1146
187 1147
187 1148
187 1149
187 1150
187 1151
187 1152
187 1153
187 1154
187 1155
187 1156
187 1157
187 1158
187 1159
187 1160
187 1161
187 1162
187 1163
187 1164
187 1165
187 1166
187 1167
187 1168
187 1169
187 1170
187 1171
187 1172
187 1173
187 1174
187 1175
187 1176
187 1177
187 1178
187 1179
187 1180
187 1181
187 1182
187 1183
187 1184
187 1185
187 1186
187 1187
187 1188
187 1189
188 59
188 77
188 81
188 114
188 117
188 129
188 130
188 131
188 132
188 133
188 134
188 135
188 136
188 137
188 138
188 139
188 140
188 141
188 142
188 144
188 148
188 196
188 259
188 267
188 268
188 269
188 270
188 289
188 290
188 291
188 292
188 293
188 294
188 295
188 296
188 331
188 334
188 387
188 394
188 396
188 400
188 449
188 453
188 461
188 465
188 475
188 478
188 494
188 504
188 542
188 547
188 556
188 562
188 569
188 574
188 582
188 585
188 596
188 597
188 677
188 693
188 696
188 766
188 788
188 792
188 807
188 815
188 837
188 852
188 860
188 870
188 926
188 930
188 938
188 968
188 969
188 988
188 993
188 1005
188 1030
188 1050
188 1063
188 1076
188 1083
188 1086
188 1087
188 1088
188 1089
188 1090
188 1091
188 1092
188 1093
188 1094
188 1095
188 1096
188 1097
188 1098
188 1099
188 1100
188 1101
188 1102
188 1103
188 1104
188 1105
188 1106
188 1107
188 1108
188 1109
188 1110
188 1111
188 1112
188 1113
188 1114
188 1115
188 1116
188 1117
188 1118
188 1119
188 1120
188 1121
188 1122
188 1123
188 1124
188 1125
188 1126
188 1127
188 1128
188 1129
188 1130
188 1131
188 1132
188 1133
188 1134
188 1135
188 1136
188 1137
188 1138
188 1139
188 1190
188 1191
188 1192
188 1193
189 59
189 77
189 81
189 96
189 97
189 98
189 99
189 100
189 101
189 102
189 103
189 104
189 105
189 106
189 107
189 108
189 109
189 110
189 111
189 112
189 113
189 114
189 118
189 119
189 120
189 121
189 122
189 123
189 124
189 125
189 126
189 127
189 128
189 144
189 148
189 196
189 243
189 244
189 245
189 246
189 247
189 248
189 249
189 250
189 251
189 252
189 253
189 254
189 255
189 256
189 257
189 258
189 266
189 271
189 272
189 273
189 274
189 275
189 276
189 277
189 278
189 279
189 280
189 281
189 282
189 283
189 284
189 285
189 286
189 287
189 288
189 296
189 331
189 334
189 387
189 394
189 396
189 400
189 419
189 420
189 421
189 422
189 423
189 449
189 453
189 461
189 465
189 477
189 494
189 504
189 542
189 548
189 549
189 550
189 551
189 552
189 553
189 554
189 555
189 556
189 557
189 562
189 569
189 574
189 582
189 585
189 596
189 677
189 693
189 696
189 766
189 788
189 792
189 807
189 815
189 837
189 853
189 860
189 870
189 926
189 930
189 938
189 967
189 968
189 988
189 993
189 1005
189 1031
189 1050
189 1063
189 1075
189 1076
189 1077
189 1078
189 1079
189 1080
189 1081
189 1082
189 1083
189 1084
189 1085
189 1194
189 1195
189 1196
190 52
190 53
190 54
190 55
190 56
190 57
190 58
190 59
190 77
190 82
190 83
190 84
190 85
190 86
190 87
190 88
190 89
190 90
190 91
190 92
190 93
190 94
190 95
190 114
190 118
190 144
190 148
190 196
190 203
190 204
190 205
190 206
190 207
190 208
190 209
190 210
190 211
190 212
190 213
190 214
190 215
190 216
190 217
190 218
190 219
190 220
190 221
190 222
190 223
190 224
190 225
190 226
190 227
190 228
190 229
190 230
190 231
190 232
190 233
190 234
190 235
190 236
190 237
190 238
190 239
190 240
190 241
190 242
190 259
190 265
190 331
190 334
190 387
190 394
190 396
190 400
190 424
190 425
190 449
190 453
190 461
190 465
190 476
190 477
190 494
190 504
190 542
190 547
190 557
190 563
190 569
190 574
190 582
190 585
190 595
190 693
190 696
190 766
190 788
190 792
190 807
190 815
190 837
190 853
190 860
190 870
190 926
190 930
190 938
190 966
190 967
190 988
190 993
190 1005
190 1031
190 1049
190 1064
190 1066
190 1067
190 1068
190 1069
190 1070
190 1071
190 1072
190 1073
190 1074
190 1197
190 1198
191 41
191 42
191 43
191 44
191 45
191 46
191 47
191 48
191 49
191 50
191 51
191 59
191 77
191 82
191 114
191 118
191 144
191 148
191 197
191 198
191 199
191 200
191 201
191 202
191 259
191 265
191 331
191 334
191 387
191 394
191 396
191 400
191 426
191 427
191 449
191 453
191 461
191 465
191 476
191 494
191 504
191 543
191 546
191 557
191 563
191 564
191 569
191 574
191 582
191 585
191 595
191 693
191 696
191 766
191 788
191 792
191 807
191 815
191 837
191 853
191 860
191 869
191 870
191 926
191 930
191 938
191 964
191 965
191 972
191 973
191 974
191 988
191 993
191 1005
191 1031
191 1049
191 1057
191 1058
191 1059
191 1060
191 1061
191 1062
191 1063
191 1064
191 1065
191 1199
191 1200
192 40
192 59
192 77
192 81
192 114
192 118
192 124
192 125
192 126
192 127
192 128
192 129
192 130
192 131
192 132
192 133
192 134
192 135
192 136
192 137
192 138
192 139
192 140
192 141
192 142
192 143
192 144
192 148
192 259
192 265
192 331
192 334
192 387
192 394
192 396
192 400
192 428
192 429
192 450
192 453
192 461
192 465
192 475
192 494
192 504
192 505
192 543
192 546
192 556
192 564
192 565
192 569
192 574
192 582
192 585
192 594
192 678
192 693
192 696
192 766
192 788
192 792
192 807
192 815
192 837
192 853
192 860
192 865
192 866
192 867
192 868
192 926
192 930
192 938
192 963
192 971
192 975
192 989
192 993
192 1005
192 1032
192 1047
192 1048
192 1049
192 1050
192 1051
192 1052
192 1053
192 1054
192 1055
192 1056
192 1200
192 1201
193 39
193 59
193 77
193 81
193 114
193 118
193 123
193 144
193 148
193 259
193 265
193 331
193 334
193 387
193 394
193 396
193 400
193 430
193 431
193 432
193 433
193 434
193 435
193 436
193 437
193 438
193 439
193 440
193 441
193 442
193 443
193 444
193 450
193 453
193 461
193 465
193 474
193 475
193 493
193 494
193 502
193 506
193 507
193 545
193 546
193 556
193 565
193 569
193 574
193 582
193 585
193 594
193 679
193 693
193 696
193 766
193 788
193 792
193 807
193 815
193 838
193 853
193 861
193 863
193 864
193 870
193 926
193 930
193 938
193 962
193 970
193 975
193 989
193 994
193 1006
193 1032
193 1040
193 1041
193 1042
193 1043
193 1044
193 1045
193 1046
193 1201
193 1202
194 39
194 59
194 77
194 81
194 114
194 118
194 122
194 144
194 148
194 260
194 265
194 331
194 334
194 387
194 394
194 395
194 396
194 400
194 445
194 446
194 450
194 453
194 461
194 465
194 473
194 474
194 492
194 502
194 507
194 508
194 544
194 555
194 566
194 569
194 574
194 582
194 585
194 593
194 679
194 696
194 766
194 788
194 792
194 807
194 815
194 838
194 854
194 862
194 868
194 926
194 930
194 938
194 962
194 969
194 970
194 974
194 975
194 989
194 994
194 1006
194 1033
194 1038
194 1039
194 1203
194 1204
195 39
195 59
195 77
195 81
195 86
195 87
195 88
195 89
195 90
195 91
195 92
195 114
195 118
195 122
195 144
195 149
195 260
195 265
195 331
195 334
195 387
195 400
195 447
195 448
195 453
195 461
195 465
195 472
195 473
195 491
195 494
195 502
195 509
195 510
195 544
195 555
195 566
195 569
195 574
195 592
195 593
195 680
195 691
195 692
195 747
195 767
195 768
195 779
195 788
195 792
195 807
195 812
195 815
195 838
195 854
195 861
195 865
195 868
195 926
195 930
195 938
195 963
195 968
195 969
195 973
195 974
195 989
195 994
195 1006
195 1034
195 1035
195 1036
195 1037
195 1204
195 1205
196 39
196 59
196 77
196 83
196 84
196 85
196 93
196 94
196 95
196 96
196 97
196 98
196 99
196 100
196 101
196 102
196 114
196 118
196 122
196 144
196 149
196 260
196 265
196 331
196 334
196 386
196 400
196 449
196 450
196 453
196 461
196 465
196 471
196 491
196 494
196 502
196 510
196 511
196 544
196 555
196 566
196 569
196 574
196 592
196 680
196 693
196 718
196 719
196 720
196 721
196 745
196 746
196 748
196 778
196 780
196 788
196 792
196 807
196 811
196 813
196 815
196 838
196 854
196 861
196 865
196 868
196 926
196 930
196 938
196 963
196 964
196 965
196 966
196 967
196 973
196 989
196 994
196 1006
196 1033
196 1034
196 1205
196 1206
197 40
197 59
197 77
197 82
197 103
197 104
197 114
197 118
197 122
197 144
197 149
197 260
197 265
197 332
197 334
197 386
197 400
197 450
197 461
197 465
197 470
197 490
197 494
197 502
197 511
197 544
197 555
197 566
197 569
197 591
197 681
197 693
197 696
197 718
197 721
197 745
197 748
197 777
197 780
197 788
197 792
197 807
197 811
197 813
197 815
197 826
197 838
197 854
197 861
197 865
197 868
197 926
197 930
197 938
197 973
197 990
197 994
197 1006
197 1030
197 1031
197 1032
197 1206
197 1207
198 40
198 59
198 77
198 81
198 104
198 105
198 114
198 118
198 122
198 144
198 149
198 260
198 265
198 336
198 386
198 400
198 450
198 461
198 465
198 470
198 490
198 494
198 502
198 511
198 544
198 556
198 565
198 591
198 681
198 693
198 696
198 744
198 748
198 777
198 780
198 788
198 792
198 807
198 811
198 813
198 815
198 825
198 827
198 838
198 855
198 861
198 865
198 868
198 926
198 930
198 938
198 973
198 990
198 994
198 1006
198 1028
198 1029
198 1207
198 1208
199 40
199 59
199 77
199 81
199 106
199 107
199 114
199 118
199 122
199 144
199 149
199 260
199 265
199 330
199 331
199 335
199 386
199 400
199 459
199 460
199 467
199 468
199 469
199 470
199 489
199 494
199 502
199 511
199 544
199 556
199 557
199 590
199 681
199 693
199 696
199 744
199 748
199 777
199 780
199 788
199 792
199 807
199 811
199 813
199 815
199 824
199 827
199 837
199 856
199 857
199 861
199 865
199 868
199 926
199 930
199 938
199 973
199 990
199 994
199 1006
199 1026
199 1027
199 1208
199 1209
200 40
200 59
200 77
200 81
200 108
200 109
200 114
200 118
200 122
200 144
200 149
200 260
200 265
200 332
200 335
200 386
200 400
200 461
200 466
200 489
200 494
200 502
200 512
200 544
200 590
200 682
200 693
200 696
200 744
200 748
200 777
200 780
200 788
200 792
200 807
200 811
200 812
200 813
200 815
200 824
200 827
200 837
200 857
200 861
200 865
200 868
200 926
200 930
200 938
200 973
200 990
200 994
200 1006
200 1024
200 1025
200 1210
200 1211
201 40
201 59
201 77
201 81
201 110
201 111
201 112
201 118
201 122
201 144
201 149
201 260
201 265
201 332
201 335
201 386
201 400
201 461
201 465
201 488
201 495
201 502
201 512
201 589
201 682
201 693
201 696
201 717
201 744
201 748
201 777
201 780
201 788
201 792
201 807
201 815
201 824
201 827
201 837
201 858
201 861
201 865
201 868
201 926
201 930
201 938
201 973
201 989
201 990
201 994
201 1006
201 1023
201 1024
201 1211
201 1212
202 40
202 59
202 77
202 81
202 113
202 114
202 118
202 122
202 144
202 149
202 260
202 265
202 332
202 335
202 386
202 400
202 461
202 465
202 486
202 488
202 495
202 502
202 512
202 583
202 584
202 585
202 589
202 683
202 693
202 696
202 717
202 721
202 777
202 780
202 788
202 793
202 807
202 815
202 824
202 827
202 837
202 858
202 859
202 865
202 868
202 973
202 989
202 994
202 1006
202 1023
202 1213
202 1214
203 40
203 59
203 77
203 81
203 114
203 118
203 122
203 144
203 149
203 260
203 266
203 332
203 335
203 386
203 400
203 445
203 446
203 461
203 465
203 487
203 495
203 502
203 512
203 587
203 588
203 683
203 684
203 685
203 686
203 687
203 688
203 689
203 696
203 717
203 721
203 777
203 780
203 788
203 793
203 807
203 816
203 824
203 827
203 837
203 859
203 860
203 865
203 868
203 973
203 988
203 994
203 1006
203 1022
203 1214
203 1215
204 40
204 59
204 77
204 81
204 114
204 120
204 121
204 122
204 123
204 124
204 125
204 126
204 127
204 128
204 129
204 144
204 149
204 260
204 266
204 332
204 335
204 386
204 415
204 416
204 417
204 444
204 447
204 461
204 465
204 488
204 495
204 503
204 512
204 581
204 582
204 690
204 718
204 721
204 788
204 793
204 807
204 816
204 824
204 827
204 836
204 860
204 862
204 865
204 868
204 973
204 988
204 994
204 1006
204 1021
204 1022
204 1215
204 1216
205 40
205 59
205 77
205 81
205 114
205 119
205 130
205 131
205 144
205 149
205 260
205 266
205 332
205 335
205 414
205 417
205 443
205 447
205 461
205 465
205 488
205 495
205 503
205 512
205 581
205 691
205 718
205 721
205 788
205 793
205 823
205 827
205 836
205 860
205 862
205 865
205 868
205 973
205 988
205 994
205 1006
205 1020
205 1021
205 1216
205 1217
206 40
206 59
206 77
206 81
206 114
206 118
206 132
206 133
206 144
206 149
206 260
206 266
206 332
206 335
206 384
206 385
206 386
206 400
206 414
206 417
206 443
206 447
206 461
206 466
206 489
206 495
206 503
206 511
206 512
206 580
206 691
206 718
206 721
206 726
206 727
206 728
206 729
206 738
206 745
206 786
206 787
206 821
206 822
206 835
206 836
206 860
206 861
206 865
206 868
206 871
206 988
206 994
206 1006
206 1010
206 1011
206 1012
206 1013
206 1014
206 1015
206 1016
206 1017
206 1019
206 1020
206 1217
206 1218
207 41
207 59
207 77
207 81
207 114
207 118
207 133
207 145
207 149
207 260
207 266
207 332
207 335
207 400
207 414
207 417
207 443
207 447
207 462
207 466
207 489
207 495
207 503
207 511
207 580
207 718
207 722
207 726
207 729
207 737
207 739
207 745
207 749
207 759
207 764
207 777
207 782
207 788
207 794
207 823
207 828
207 861
207 867
207 970
207 971
207 972
207 973
207 990
207 991
207 992
207 993
207 1008
207 1009
207 1018
207 1218
208 41
208 59
208 77
208 81
208 114
208 118
208 134
208 145
208 149
208 260
208 266
208 332
208 335
208 386
208 400
208 414
208 417
208 443
208 447
208 462
208 466
208 490
208 495
208 503
208 510
208 580
208 718
208 722
208 725
208 729
208 736
208 739
208 745
208 749
208 759
208 763
208 777
208 781
208 788
208 793
208 823
208 827
208 836
208 861
208 866
208 868
208 974
208 981
208 982
208 983
208 989
208 994
208 1007
208 1219
209 41
209 59
209 77
209 81
209 115
209 118
209 135
209 145
209 149
209 260
209 266
209 332
209 335
209 386
209 400
209 414
209 417
209 443
209 447
209 462
209 466
209 490
209 491
209 495
209 503
209 509
209 510
209 580
209 718
209 722
209 725
209 729
209 736
209 739
209 759
209 763
209 777
209 781
209 788
209 793
209 823
209 827
209 836
209 862
209 865
209 868
209 871
209 974
209 981
209 983
209 988
209 994
209 1006
209 1017
209 1018
209 1219
209 1220
210 41
210 59
210 77
210 81
210 115
210 118
210 136
210 145
210 150
210 260
210 266
210 386
210 400
210 414
210 417
210 462
210 466
210 491
210 492
210 503
210 508
210 509
210 580
210 718
210 722
210 725
210 729
210 736
210 739
210 759
210 763
210 788
210 793
210 823
210 827
210 836
210 862
210 865
210 946
210 947
210 948
210 949
210 961
210 962
210 963
210 964
210 965
210 966
210 967
210 968
210 969
210 970
210 971
210 972
210 973
210 974
210 975
210 976
210 977
210 978
210 979
210 980
210 981
210 983
210 988
210 994
210 1006
210 1016
210 1017
210 1220
210 1221
211 41
211 59
211 77
211 81
211 115
211 118
211 136
211 145
211 150
211 260
211 266
211 386
211 398
211 399
211 462
211 466
211 493
211 494
211 495
211 506
211 507
211 580
211 692
211 718
211 722
211 725
211 729
211 736
211 739
211 759
211 763
211 788
211 793
211 823
211 826
211 837
211 846
211 847
211 848
211 862
211 865
211 945
211 981
211 982
211 983
211 984
211 985
211 986
211 987
211 988
211 989
211 990
211 991
211 992
211 993
211 994
211 1006
211 1015
211 1016
211 1221
211 1222
212 42
212 43
212 59
212 78
212 79
212 80
212 81
212 82
212 83
212 84
212 85
212 86
212 115
212 118
212 136
212 145
212 150
212 260
212 266
212 386
212 397
212 462
212 466
212 495
212 504
212 505
212 580
212 691
212 692
212 718
212 722
212 725
212 729
212 736
212 739
212 759
212 763
212 788
212 793
212 823
212 826
212 837
212 846
212 848
212 856
212 863
212 865
212 944
212 1007
212 1008
212 1015
212 1222
212 1223
213 44
213 59
213 78
213 87
213 115
213 118
213 136
213 145
213 150
213 260
213 266
213 386
213 396
213 462
213 466
213 495
213 504
213 580
213 690
213 718
213 722
213 725
213 729
213 736
213 739
213 759
213 763
213 788
213 793
213 823
213 826
213 837
213 846
213 848
213 855
213 857
213 863
213 865
213 944
213 994
213 1009
213 1014
213 1223
214 44
214 59
214 77
214 87
214 115
214 118
214 136
214 145
214 150
214 260
214 266
214 386
214 396
214 462
214 466
214 495
214 503
214 581
214 582
214 689
214 718
214 722
214 725
214 729
214 734
214 739
214 759
214 763
214 788
214 793
214 823
214 826
214 837
214 845
214 849
214 855
214 857
214 863
214 865
214 944
214 994
214 1006
214 1009
214 1014
214 1224
215 44
215 59
215 77
215 87
215 115
215 118
215 260
215 266
215 386
215 396
215 462
215 466
215 495
215 503
215 583
215 584
215 689
215 718
215 722
215 725
215 729
215 732
215 733
215 735
215 737
215 739
215 759
215 763
215 788
215 793
215 826
215 837
215 845
215 849
215 865
215 944
215 994
215 1006
215 1009
215 1013
215 1014
215 1224
215 1225
216 44
216 59
216 77
216 87
216 115
216 119
216 260
216 266
216 386
216 396
216 462
216 466
216 495
216 503
216 584
216 689
216 718
216 722
216 725
216 729
216 732
216 735
216 737
216 739
216 759
216 763
216 787
216 793
216 837
216 845
216 849
216 856
216 858
216 944
216 994
216 1006
216 1009
216 1012
216 1013
216 1225
216 1226
217 43
217 55
217 56
217 57
217 58
217 59
217 77
217 87
217 115
217 119
217 260
217 266
217 387
217 396
217 462
217 466
217 495
217 503
217 584
217 689
217 718
217 722
217 725
217 729
217 731
217 735
217 737
217 739
217 759
217 764
217 787
217 793
217 837
217 845
217 850
217 856
217 858
217 944
217 994
217 1006
217 1010
217 1012
217 1226
217 1227
218 44
218 45
218 46
218 47
218 48
218 49
218 50
218 51
218 52
218 53
218 54
218 59
218 77
218 87
218 115
218 119
218 260
218 266
218 387
218 396
218 462
218 466
218 495
218 503
218 583
218 689
218 718
218 722
218 725
218 728
218 731
218 735
218 737
218 740
218 759
218 764
218 787
218 793
218 837
218 844
218 850
218 856
218 944
218 994
218 1006
218 1010
218 1227
219 59
219 77
219 87
219 115
219 119
219 260
219 266
219 387
219 396
219 462
219 466
219 495
219 503
219 583
219 690
219 718
219 722
219 725
219 728
219 731
219 735
219 737
219 740
219 759
219 764
219 787
219 793
219 836
219 844
219 850
219 944
219 994
219 1006
219 1009
219 1228
220 59
220 77
220 87
220 107
220 108
220 109
220 110
220 111
220 112
220 113
220 119
220 260
220 266
220 387
220 396
220 462
220 466
220 495
220 503
220 583
220 690
220 719
220 722
220 725
220 728
220 731
220 735
220 737
220 740
220 759
220 764
220 787
220 793
220 836
220 843
220 944
220 994
220 1006
220 1008
220 1009
220 1228
220 1229
220 1236
220 1237
220 1238
220 1239
220 1240
220 1241
220 1242
220 1243
220 1244
220 1245
220 1246
220 1247
220 1248
220 1249
220 1250
220 1251
220 1252
220 1253
221 59
221 77
221 87
221 104
221 105
221 106
221 114
221 115
221 116
221 119
221 260
221 266
221 387
221 396
221 462
221 466
221 495
221 503
221 583
221 690
221 719
221 723
221 725
221 728
221 731
221 735
221 737
221 740
221 759
221 764
221 787
221 793
221 836
221 944
221 994
221 1007
221 1008
221 1229
221 1230
221 1234
221 1235
221 1254
221 1255
222 59
222 77
222 87
222 102
222 103
222 117
222 119
222 261
222 266
222 387
222 396
222 462
222 466
222 495
222 503
222 582
222 690
222 723
222 728
222 731
222 735
222 737
222 740
222 787
222 793
222 945
222 994
222 1006
222 1007
222 1230
222 1231
222 1232
222 1233
222 1256
222 1257
223 59
223 77
223 88
223 89
223 90
223 91
223 92
223 93
223 94
223 95
223 96
223 97
223 100
223 101
223 120
223 261
223 266
223 387
223 396
223 462
223 466
223 495
223 503
223 582
223 691
223 728
223 731
223 735
223 737
223 740
223 787
223 793
223 945
223 994
223 1005
223 1006
223 1258
223 1259
224 59
224 77
224 88
224 99
224 100
224 120
224 261
224 266
224 387
224 396
224 462
224 466
224 495
224 503
224 582
224 691
224 731
224 735
224 737
224 740
224 787
224 793
224 945
224 994
224 1005
224 1259
225 59
225 77
225 87
225 98
225 99
225 120
225 121
225 261
225 266
225 387
225 396
225 462
225 466
225 495
225 581
225 691
225 735
225 737
225 740
225 788
225 793
225 945
225 994
225 1004
225 1259
226 59
226 77
226 87
226 97
226 98
226 121
226 122
226 261
226 267
226 387
226 396
226 462
226 466
226 581
226 691
226 740
226 789
226 793
226 945
226 968
226 969
226 970
226 971
226 994
226 1003
226 1004
226 1260
227 59
227 77
227 87
227 96
227 97
227 108
227 109
227 110
227 111
227 112
227 113
227 122
227 261
227 267
227 387
227 397
227 462
227 466
227 581
227 692
227 789
227 793
227 945
227 966
227 967
227 972
227 994
227 1002
227 1003
227 1260
228 24
228 25
228 26
228 27
228 28
228 29
228 59
228 77
228 87
228 95
228 96
228 104
228 105
228 106
228 107
228 114
228 115
228 123
228 387
228 397
228 462
228 466
228 580
228 692
228 789
228 793
228 945
228 966
228 972
228 994
228 1001
228 1002
228 1260
229 19
229 20
229 21
229 22
229 23
229 30
229 31
229 32
229 33
229 34
229 59
229 77
229 87
229 95
229 101
229 102
229 103
229 115
229 116
229 123
229 387
229 397
229 462
229 466
229 580
229 692
229 789
229 793
229 945
229 965
229 972
229 994
229 1001
229 1260
230 17
230 18
230 35
230 36
230 59
230 77
230 87
230 94
230 100
230 116
230 123
230 387
230 397
230 462
230 466
230 580
230 692
230 789
230 793
230 945
230 965
230 972
230 994
230 1000
230 1260
231 16
231 17
231 36
231 37
231 59
231 77
231 87
231 93
231 94
231 99
231 117
231 124
231 387
231 397
231 462
231 466
231 580
231 692
231 789
231 793
231 945
231 965
231 972
231 994
231 999
231 1000
231 1259
232 15
232 16
232 38
232 39
232 59
232 77
232 87
232 93
232 99
232 117
232 124
232 387
232 397
232 462
232 466
232 579
232 692
232 789
232 793
232 946
232 947
232 948
232 949
232 950
232 951
232 952
232 953
232 954
232 955
232 965
232 972
232 994
232 998
232 999
232 1259
233 13
233 14
233 39
233 40
233 59
233 77
233 87
233 92
233 98
233 118
233 125
233 387
233 397
233 462
233 466
233 579
233 692
233 789
233 794
233 956
233 957
233 958
233 959
233 960
233 961
233 962
233 963
233 964
233 974
233 975
233 976
233 977
233 978
233 994
233 997
233 998
233 1259
234 12
234 13
234 24
234 25
234 26
234 27
234 40
234 59
234 77
234 87
234 92
234 98
234 118
234 125
234 387
234 397
234 462
234 466
234 579
234 692
234 789
234 965
234 973
234 979
234 980
234 981
234 982
234 983
234 984
234 985
234 986
234 987
234 988
234 989
234 990
234 991
234 992
234 993
234 997
234 1248
234 1249
234 1250
234 1251
234 1252
234 1253
234 1254
234 1255
234 1256
234 1257
234 1258
235 11
235 12
235 22
235 23
235 28
235 29
235 30
235 31
235 32
235 33
235 41
235 59
235 77
235 87
235 91
235 98
235 119
235 125
235 387
235 397
235 462
235 466
235 579
235 693
235 965
235 972
235 994
235 996
235 1247
236 10
236 11
236 20
236 21
236 34
236 41
236 59
236 77
236 87
236 91
236 97
236 119
236 126
236 387
236 397
236 462
236 466
236 579
236 693
236 965
236 972
236 994
236 996
236 1248
236 1249
236 1250
236 1251
237 10
237 19
237 35
237 41
237 59
237 77
237 87
237 90
237 97
237 119
237 126
237 387
237 397
237 462
237 466
237 579
237 693
237 965
237 972
237 994
237 1252
237 1253
238 9
238 18
238 35
238 42
238 59
238 77
238 87
238 90
238 97
238 120
238 126
238 387
238 397
238 462
238 466
238 579
238 693
238 965
238 972
238 993
238 994
238 1254
238 1255
239 9
239 17
239 18
239 36
239 42
239 59
239 77
239 87
239 90
239 97
239 120
239 127
239 387
239 397
239 462
239 466
239 579
239 693
239 965
239 972
239 993
239 1256
239 1257
240 8
240 17
240 36
240 43
240 59
240 77
240 87
240 96
240 120
240 127
240 387
240 397
240 462
240 466
240 579
240 693
240 965
240 972
240 992
240 1257
241 8
241 16
241 36
241 43
241 59
241 77
241 87
241 89
241 96
241 121
241 127
241 387
241 397
241 462
241 467
241 579
241 693
241 991
241 992
241 1258
242 7
242 15
242 16
242 37
242 43
242 58
242 77
242 87
242 89
242 96
242 121
242 128
242 387
242 397
242 463
242 467
242 579
242 693
242 990
242 991
242 1258
243 7
243 15
243 37
243 43
243 58
243 77
243 87
243 89
243 95
243 121
243 128
243 387
243 397
243 463
243 467
243 579
243 693
243 988
243 989
243 1259
244 6
244 14
244 37
244 44
244 58
244 77
244 85
244 86
244 87
244 89
244 95
244 122
244 129
244 387
244 397
244 463
244 467
244 579
244 693
244 987
244 988
244 1259
245 5
245 6
245 13
245 14
245 37
245 44
245 58
245 89
245 95
245 122
245 129
245 387
245 397
245 463
245 467
245 579
245 693
245 985
245 986
245 1260
246 5
246 13
246 37
246 44
246 58
246 78
246 88
246 94
246 122
246 129
246 387
246 397
246 463
246 467
246 579
246 693
246 984
246 985
246 1260
247 4
247 12
247 38
247 44
247 57
247 77
247 87
247 94
247 123
247 130
247 387
247 398
247 579
247 693
247 982
247 983
247 1260
248 4
248 12
248 58
248 77
248 87
248 94
248 123
248 130
248 387
248 398
248 579
248 693
248 981
248 982
248 1261
249 3
249 11
249 36
249 37
249 45
249 46
249 58
249 77
249 87
249 93
249 123
249 130
249 387
249 398
249 579
249 693
249 979
249 980
249 1261
250 38
250 45
250 58
250 77
250 93
250 124
250 131
250 387
250 398
250 579
250 693
250 978
250 979
250 1261
251 11
251 39
251 45
251 58
251 77
251 124
251 131
251 387
251 398
251 579
251 693
251 976
251 977
251 978
251 1261
252 9
252 10
252 39
252 46
252 58
252 77
252 124
252 387
252 398
252 579
252 693
252 974
252 975
252 1261
253 9
253 39
253 46
253 58
253 77
253 387
253 398
253 579
253 693
253 973
253 974
253 1261
254 8
254 39
254 46
254 58
254 77
254 387
254 398
254 579
254 693
254 971
254 972
254 1262
255 39
255 46
255 58
255 77
255 387
255 398
255 579
255 693
255 970
255 971
255 1262
256 39
256 46
256 58
256 387
256 398
256 579
256 693
256 969
256 1262
257 39
257 47
257 387
257 398
257 579
257 693
257 968
257 1262
258 40
258 47
258 387
258 398
258 579
258 693
258 967
258 968
258 1262
259 40
259 47
259 388
259 398
259 579
259 692
259 965
259 966
259 1262
260 40
260 47
260 388
260 398
260 965
260 1263
261 40
261 47
261 388
261 398
261 964
261 1263
262 40
262 47
262 964
262 1263
263 40
263 48
263 964
264 41
264 48
264 964
265 41
265 48
265 964
265 1263
266 41
266 48
266 964
266 1278
266 1279
267 964
267 1264
268 964
268 1264
269 963
269 1264
270 963
270 1264
271 963
271 1264
272 963
272 1264
273 963
273 1264
274 963
274 1263
275 963
275 1263
276 963
276 1263
277 963
277 1263
278 963
278 1263
279 963
280 963
281 963
282 963
283 963
284 963
285 962
286 962
287 962
288 962
289 962
290 962
291 962
292 962
293 962
294 962
295 962
296 962
297 962
298 962
299 962
300 962
301 962
302 961
303 961
304 961
305 961
306 961
307 961
308 961
309 962
310 962
310 963
