0 197
0 650
0 675
0 680
0 724
0 730
0 838
0 850
0 913
0 1020
1 197
1 641
1 642
1 643
1 644
1 650
1 675
1 680
1 724
1 730
1 733
1 838
1 850
1 914
1 1021
2 198
2 640
2 645
2 650
2 675
2 679
2 680
2 725
2 728
2 729
2 734
2 838
2 850
2 914
2 915
2 1022
3 198
3 639
3 645
3 650
3 676
3 679
3 725
3 726
3 727
3 734
3 838
3 850
3 915
3 916
3 1022
3 1025
4 198
4 639
4 646
4 651
4 676
4 677
4 678
4 734
4 838
4 850
4 916
4 917
4 918
4 919
4 920
4 921
4 922
4 923
4 1022
4 1023
4 1024
4 1026
4 1027
5 198
5 638
5 646
5 651
5 734
5 838
5 850
5 1027
5 1028
6 198
6 638
6 646
6 651
6 733
6 734
6 838
6 850
6 923
6 1028
6 1029
7 198
7 638
7 647
7 651
7 732
7 733
7 838
7 850
7 922
7 1029
8 199
8 200
8 638
8 648
8 649
8 652
8 732
8 838
8 850
8 915
8 916
8 917
8 918
8 919
8 920
8 921
8 1030
8 1031
8 1032
8 1033
9 200
9 201
9 638
9 649
9 650
9 653
9 731
9 838
9 850
9 912
9 913
9 914
9 1034
9 1035
10 201
10 638
10 650
10 654
10 731
10 838
10 850
10 896
10 897
10 898
10 899
10 900
10 901
10 908
10 909
10 910
10 911
10 1035
11 202
11 638
11 651
11 652
11 654
11 730
11 838
11 850
11 892
11 893
11 894
11 895
11 902
11 903
11 904
11 905
11 906
11 907
11 1034
11 1035
12 203
12 638
12 729
12 730
12 838
12 850
12 890
12 891
12 1033
12 1034
13 204
13 638
13 729
13 838
13 850
13 889
13 890
13 1033
14 204
14 638
14 729
14 730
14 838
14 850
14 888
14 889
14 1032
15 204
15 638
15 731
15 732
15 838
15 850
15 888
15 1032
15 1038
15 1039
16 204
16 638
16 733
16 734
16 838
16 850
16 887
16 1031
16 1034
16 1035
16 1036
16 1037
16 1040
16 1041
17 203
17 638
17 735
17 736
17 838
17 850
17 887
17 1029
17 1030
17 1033
17 1041
18 203
18 638
18 736
18 737
18 838
18 850
18 888
18 1028
18 1031
18 1041
19 201
19 202
19 241
19 242
19 638
19 738
19 739
19 740
19 741
19 742
19 838
19 850
19 888
19 1029
19 1030
19 1040
20 201
20 230
20 231
20 232
20 233
20 234
20 235
20 236
20 237
20 238
20 239
20 240
20 243
20 244
20 638
20 743
20 744
20 745
20 746
20 747
20 748
20 749
20 838
20 850
20 889
20 1038
20 1039
21 201
21 202
21 228
21 229
21 245
21 246
21 262
21 263
21 264
21 265
21 312
21 313
21 314
21 315
21 638
21 750
21 751
21 838
21 850
21 890
21 1036
21 1037
22 203
22 204
22 205
22 206
22 207
22 208
22 209
22 210
22 211
22 221
22 222
22 223
22 224
22 225
22 226
22 227
22 228
22 246
22 247
22 260
22 261
22 266
22 267
22 310
22 311
22 316
22 317
22 638
22 752
22 838
22 850
22 890
22 1036
23 212
23 213
23 214
23 215
23 216
23 217
23 218
23 219
23 220
23 247
23 259
23 260
23 268
23 269
23 270
23 310
23 318
23 319
23 638
23 752
23 838
23 850
23 890
23 1035
24 247
24 258
24 259
24 271
24 272
24 309
24 319
24 638
24 752
24 838
24 850
24 890
24 1035
25 247
25 256
25 257
25 272
25 309
25 319
25 335
25 336
25 337
25 338
25 339
25 340
25 341
25 638
25 752
25 838
25 850
25 890
25 1034
26 247
26 255
26 256
26 273
26 295
26 296
26 297
26 298
26 309
26 320
26 333
26 334
26 342
26 343
26 637
26 638
26 751
26 838
26 850
26 890
26 1034
27 247
27 254
27 255
27 273
27 281
27 293
27 294
27 298
27 299
27 309
27 320
27 332
27 333
27 344
27 345
27 635
27 636
27 750
27 751
27 838
27 850
27 891
27 1034
28 248
28 249
28 250
28 251
28 252
28 253
28 254
28 273
28 279
28 280
28 282
28 283
28 292
28 293
28 299
28 300
28 308
28 321
28 322
28 323
28 324
28 331
28 332
28 346
28 347
28 634
28 635
28 747
28 748
28 749
28 838
28 850
28 891
28 892
28 1034
29 273
29 277
29 278
29 283
29 292
29 300
29 308
29 325
29 326
29 330
29 331
29 347
29 631
29 632
29 633
29 745
29 746
29 838
29 850
29 892
29 893
29 894
29 895
29 896
29 897
29 898
29 1034
30 273
30 277
30 284
30 291
30 301
30 307
30 308
30 327
30 328
30 329
30 330
30 347
30 627
30 628
30 629
30 630
30 741
30 742
30 743
30 744
30 838
30 850
30 898
30 899
30 1034
31 273
31 276
31 285
31 286
31 292
31 301
31 302
31 303
31 304
31 305
31 306
31 347
31 625
31 626
31 740
31 838
31 850
31 899
31 900
31 901
31 1034
32 273
32 276
32 286
32 287
32 292
32 347
32 624
32 740
32 838
32 850
32 880
32 881
32 882
32 883
32 1034
33 273
33 276
33 287
33 288
33 292
33 347
33 623
33 742
33 743
33 838
33 850
33 878
33 879
33 884
33 885
33 886
33 900
33 901
33 1034
34 273
34 288
34 292
34 347
34 611
34 612
34 623
34 744
34 838
34 850
34 876
34 877
34 887
34 888
34 889
34 899
34 900
34 1029
34 1030
34 1031
34 1033
34 1278
34 1279
35 273
35 289
35 293
35 347
35 609
35 610
35 613
35 623
35 744
35 838
35 850
35 874
35 875
35 890
35 891
35 897
35 898
35 899
35 1029
35 1033
35 1272
35 1273
35 1274
35 1275
35 1276
35 1277
36 273
36 276
36 289
36 293
36 346
36 609
36 614
36 621
36 622
36 623
36 744
36 838
36 850
36 874
36 892
36 893
36 894
36 895
36 896
36 1029
36 1030
36 1032
36 1267
36 1268
36 1269
36 1270
36 1271
37 274
37 276
37 290
37 293
37 346
37 608
37 614
37 619
37 620
37 744
37 838
37 850
37 873
37 1032
37 1262
37 1263
37 1264
37 1265
37 1266
38 274
38 290
38 291
38 294
38 346
38 608
38 615
38 618
38 619
38 745
38 746
38 747
38 748
38 749
38 750
38 751
38 752
38 753
38 754
38 838
38 850
38 873
38 1032
38 1256
38 1257
38 1258
38 1259
38 1260
38 1261
39 274
39 291
39 292
39 347
39 608
39 615
39 617
39 618
39 755
39 838
39 850
39 872
39 1032
39 1251
39 1252
39 1253
39 1254
39 1255
40 275
40 292
40 347
40 348
40 349
40 609
40 615
40 617
40 756
40 838
40 850
40 873
40 1032
40 1245
40 1246
40 1247
40 1248
40 1249
40 1250
41 293
41 350
41 351
41 609
41 610
41 756
41 838
41 850
41 873
41 1031
41 1239
41 1240
41 1241
41 1242
41 1243
41 1244
42 352
42 610
42 756
42 838
42 850
42 873
42 1031
42 1238
43 353
43 610
43 756
43 838
43 850
43 874
43 1032
43 1234
43 1235
43 1236
43 1237
44 294
44 296
44 353
44 610
44 757
44 838
44 850
44 874
44 1032
44 1228
44 1229
44 1230
44 1231
44 1232
44 1233
45 294
45 296
45 354
45 397
45 398
45 610
45 757
45 763
45 764
45 765
45 766
45 838
45 850
45 873
45 874
45 1031
45 1032
45 1223
45 1224
45 1225
45 1226
45 1227
46 354
46 394
46 395
46 396
46 399
46 400
46 610
46 758
46 759
46 760
46 761
46 762
46 766
46 838
46 850
46 871
46 872
46 1023
46 1024
46 1025
46 1026
46 1027
46 1028
46 1029
46 1030
46 1031
46 1218
46 1219
46 1220
46 1221
46 1222
47 355
47 393
47 401
47 402
47 610
47 767
47 838
47 850
47 869
47 870
47 1017
47 1018
47 1019
47 1020
47 1021
47 1022
47 1030
47 1211
47 1212
47 1213
47 1214
47 1215
47 1216
47 1217
48 355
48 392
48 402
48 610
48 767
48 838
48 850
48 869
48 1017
48 1025
48 1026
48 1027
48 1028
48 1029
48 1030
48 1031
48 1206
48 1207
48 1208
48 1209
48 1210
49 355
49 392
49 403
49 408
49 409
49 410
49 610
49 767
49 838
49 850
49 869
49 1017
49 1018
49 1020
49 1021
49 1031
49 1201
49 1202
49 1203
49 1204
49 1205
50 355
50 392
50 403
50 404
50 405
50 406
50 407
50 411
50 610
50 768
50 838
50 850
50 870
50 1031
50 1195
50 1196
50 1197
50 1198
50 1199
50 1200
51 354
51 391
51 412
51 413
51 415
51 416
51 417
51 418
51 419
51 420
51 609
51 610
51 768
51 838
51 850
51 870
51 1032
51 1190
51 1191
51 1192
51 1193
51 1194
52 354
52 356
52 357
52 358
52 359
52 360
52 361
52 362
52 363
52 378
52 379
52 380
52 381
52 390
52 391
52 401
52 404
52 412
52 414
52 421
52 422
52 608
52 609
52 768
52 838
52 850
52 870
52 1032
52 1033
52 1184
52 1185
52 1186
52 1187
52 1188
52 1189
53 364
53 376
53 377
53 382
53 383
53 388
53 389
53 412
53 414
53 423
53 424
53 607
53 608
53 768
53 838
53 850
53 870
53 1034
53 1178
53 1179
53 1180
53 1181
53 1182
53 1183
54 365
54 366
54 367
54 368
54 369
54 370
54 371
54 372
54 373
54 374
54 375
54 376
54 384
54 385
54 386
54 387
54 424
54 425
54 605
54 606
54 767
54 768
54 838
54 850
54 870
54 1035
54 1173
54 1174
54 1175
54 1176
54 1177
55 425
55 604
55 605
55 766
55 767
55 838
55 850
55 871
55 1035
55 1167
55 1168
55 1169
55 1170
55 1171
55 1172
56 425
56 602
56 603
56 765
56 766
56 838
56 850
56 868
56 869
56 1033
56 1034
56 1035
56 1162
56 1163
56 1164
56 1165
56 1166
57 425
57 602
57 764
57 838
57 850
57 866
57 867
57 1031
57 1032
57 1157
57 1158
57 1159
57 1160
57 1161
58 425
58 601
58 763
58 838
58 851
58 866
58 1030
58 1036
58 1037
58 1038
58 1039
58 1151
58 1152
58 1153
58 1154
58 1155
58 1156
59 425
59 436
59 437
59 438
59 439
59 440
59 441
59 442
59 591
59 592
59 593
59 594
59 596
59 598
59 599
59 600
59 601
59 763
59 838
59 851
59 865
59 1029
59 1034
59 1035
59 1040
59 1041
59 1042
59 1043
59 1044
59 1045
59 1046
59 1047
59 1048
59 1049
59 1050
59 1051
59 1145
59 1146
59 1147
59 1148
59 1149
59 1150
60 425
60 435
60 443
60 444
60 590
60 595
60 597
60 762
60 837
60 851
60 866
60 1019
60 1020
60 1021
60 1022
60 1023
60 1024
60 1025
60 1026
60 1027
60 1028
60 1033
60 1034
60 1052
60 1053
60 1054
60 1055
60 1056
60 1057
60 1058
60 1059
60 1060
60 1061
60 1062
60 1063
60 1139
60 1140
60 1141
60 1142
60 1143
60 1144
61 426
61 434
61 444
61 588
61 589
61 595
61 597
61 763
61 837
61 851
61 866
61 1018
61 1032
61 1033
61 1038
61 1064
61 1065
61 1066
61 1067
61 1068
61 1069
61 1070
61 1071
61 1072
61 1073
61 1074
61 1134
61 1135
61 1136
61 1137
61 1138
62 426
62 427
62 434
62 445
62 451
62 452
62 453
62 454
62 586
62 587
62 595
62 596
62 597
62 763
62 837
62 851
62 866
62 1019
62 1020
62 1021
62 1022
62 1031
62 1032
62 1036
62 1037
62 1075
62 1076
62 1077
62 1078
62 1079
62 1080
62 1081
62 1082
62 1083
62 1084
62 1085
62 1086
62 1129
62 1130
62 1131
62 1132
62 1133
63 427
63 433
63 445
63 446
63 450
63 451
63 455
63 584
63 585
63 764
63 837
63 851
63 866
63 1025
63 1026
63 1030
63 1031
63 1035
63 1036
63 1087
63 1088
63 1089
63 1090
63 1091
63 1092
63 1093
63 1094
63 1095
63 1096
63 1097
63 1098
63 1123
63 1124
63 1125
63 1126
63 1127
63 1128
64 428
64 429
64 430
64 431
64 432
64 433
64 446
64 449
64 450
64 456
64 584
64 764
64 837
64 851
64 866
64 1026
64 1029
64 1030
64 1034
64 1035
64 1099
64 1100
64 1101
64 1102
64 1103
64 1104
64 1105
64 1106
64 1107
64 1108
64 1109
64 1118
64 1119
64 1120
64 1121
64 1122
65 446
65 448
65 456
65 457
65 458
65 459
65 583
65 764
65 837
65 851
65 866
65 1028
65 1029
65 1033
65 1034
65 1110
65 1111
65 1112
65 1113
65 1114
65 1115
65 1116
65 1117
66 460
66 461
66 476
66 584
66 765
66 837
66 851
66 867
66 1027
66 1028
66 1030
66 1031
66 1032
66 1108
66 1109
66 1110
67 461
67 474
67 475
67 477
67 478
67 584
67 765
67 837
67 851
67 867
67 1027
67 1103
67 1104
67 1105
67 1106
67 1107
68 462
68 473
68 479
68 584
68 766
68 767
68 768
68 769
68 837
68 851
68 867
68 1023
68 1025
68 1027
68 1028
68 1097
68 1098
68 1099
68 1100
68 1101
68 1102
69 462
69 472
69 479
69 584
69 770
69 771
69 837
69 851
69 867
69 1092
69 1093
69 1094
69 1095
69 1096
70 462
70 472
70 479
70 584
70 772
70 773
70 774
70 837
70 851
70 867
70 1087
70 1088
70 1089
70 1090
70 1091
71 461
71 462
71 468
71 469
71 470
71 471
71 472
71 479
71 584
71 775
71 776
71 837
71 851
71 868
71 1081
71 1082
71 1083
71 1084
71 1085
71 1086
72 461
72 467
72 480
72 485
72 583
72 584
72 776
72 837
72 851
72 868
72 1076
72 1077
72 1078
72 1079
72 1080
73 460
73 466
73 480
73 481
73 482
73 483
73 484
73 486
73 487
73 582
73 776
73 837
73 851
73 869
73 1071
73 1072
73 1073
73 1074
73 1075
74 460
74 466
74 487
74 581
74 776
74 837
74 851
74 869
74 870
74 1065
74 1066
74 1067
74 1068
74 1069
74 1070
75 460
75 465
75 488
75 581
75 775
75 776
75 837
75 851
75 871
75 872
75 1060
75 1061
75 1062
75 1063
75 1064
76 460
76 465
76 488
76 580
76 774
76 837
76 851
76 873
76 874
76 875
76 876
76 1057
76 1058
76 1059
77 461
77 465
77 488
77 580
77 773
77 837
77 851
77 877
77 878
77 1057
78 461
78 464
78 488
78 489
78 579
78 774
78 837
78 851
78 878
78 1057
79 462
79 464
79 489
79 490
79 580
79 775
79 837
79 851
79 879
79 1057
80 462
80 490
80 491
80 580
80 581
80 776
80 837
80 851
80 880
80 881
80 1057
80 1058
81 492
81 493
81 582
81 776
81 837
81 851
81 881
81 1057
82 493
82 582
82 776
82 837
82 851
82 881
82 1057
83 493
83 582
83 777
83 778
83 837
83 851
83 875
83 876
83 877
83 878
83 879
83 880
83 1057
84 493
84 582
84 779
84 837
84 851
84 873
84 874
84 1057
85 493
85 582
85 779
85 837
85 851
85 873
85 1058
86 493
86 498
86 499
86 582
86 780
86 837
86 851
86 872
86 1058
87 494
87 496
87 497
87 500
87 501
87 583
87 780
87 837
87 851
87 854
87 855
87 856
87 857
87 858
87 870
87 871
87 1058
88 494
88 495
88 496
88 501
88 780
88 837
88 851
88 852
88 859
88 860
88 861
88 862
88 863
88 864
88 865
88 866
88 867
88 868
88 869
88 870
88 1058
89 502
89 580
89 581
89 780
89 837
89 851
89 1058
90 502
90 579
90 780
90 837
90 851
90 1058
91 503
91 578
91 780
91 837
91 851
91 1058
92 503
92 504
92 578
92 780
92 837
92 851
92 1058
93 504
93 579
93 779
93 837
93 851
93 1056
93 1057
94 505
94 579
94 580
94 778
94 779
94 837
94 851
94 1058
94 1059
95 506
95 580
95 581
95 775
95 776
95 777
95 834
95 835
95 837
95 851
95 1059
96 506
96 581
96 582
96 583
96 773
96 774
96 833
96 837
96 851
96 1059
97 503
97 504
97 505
97 581
97 773
97 832
97 837
97 851
97 1059
98 501
98 502
98 581
98 582
98 583
98 772
98 832
98 837
98 851
98 1059
99 500
99 501
99 578
99 579
99 580
99 581
99 772
99 831
99 837
99 851
99 1059
100 500
100 577
100 771
100 772
100 831
100 837
100 851
100 1059
101 499
101 577
101 766
101 767
101 768
101 769
101 770
101 830
101 837
101 851
101 1059
102 500
102 576
102 766
102 828
102 829
102 837
102 851
102 1059
103 500
103 501
103 502
103 577
103 765
103 827
103 828
103 837
103 851
103 1059
104 503
104 577
104 578
104 765
104 825
104 826
104 837
104 851
104 1059
105 504
105 578
105 579
105 764
105 824
105 825
105 837
105 851
105 1059
106 504
106 579
106 580
106 763
106 764
106 823
106 837
106 851
106 1059
107 503
107 504
107 581
107 762
107 763
107 822
107 837
107 851
107 1059
108 501
108 502
108 581
108 760
108 761
108 822
108 837
108 851
108 1059
109 501
109 582
109 759
109 760
109 822
109 837
109 851
109 1059
110 501
110 582
110 759
110 821
110 837
110 851
110 1059
111 502
111 503
111 582
111 760
111 761
111 821
111 837
111 851
111 1059
112 503
112 504
112 581
112 582
112 762
112 763
112 764
112 821
112 837
112 851
112 1059
113 504
113 579
113 580
113 765
113 766
113 792
113 793
113 794
113 795
113 821
113 837
113 851
113 1059
114 505
114 579
114 766
114 792
114 795
114 796
114 820
114 837
114 851
114 1059
115 424
115 425
115 506
115 507
115 508
115 578
115 766
115 791
115 796
115 797
115 818
115 819
115 837
115 851
115 1058
116 423
116 426
116 509
116 510
116 511
116 512
116 578
116 766
116 790
116 791
116 797
116 817
116 837
116 851
116 1058
117 422
117 426
117 513
117 577
117 766
117 779
117 780
117 781
117 782
117 789
117 790
117 796
117 797
117 816
117 837
117 851
117 1058
118 422
118 426
118 513
118 576
118 577
118 764
118 765
118 768
118 777
118 778
118 783
118 784
118 787
118 788
118 796
118 816
118 837
118 851
118 1058
119 422
119 426
119 514
119 515
119 516
119 574
119 575
119 763
119 767
119 769
119 770
119 776
119 785
119 786
119 787
119 795
119 815
119 837
119 851
119 1058
120 422
120 426
120 517
120 518
120 574
120 763
120 765
120 770
120 771
120 776
120 795
120 815
120 837
120 851
120 1058
121 422
121 426
121 518
121 519
121 570
121 571
121 572
121 573
121 760
121 761
121 771
121 772
121 776
121 795
121 814
121 815
121 837
121 851
121 1058
122 422
122 426
122 519
122 520
122 568
122 569
122 760
122 762
122 772
122 773
122 774
122 794
122 814
122 837
122 851
122 1058
123 422
123 426
123 520
123 567
123 568
123 760
123 761
123 762
123 775
123 794
123 813
123 837
123 851
123 1058
124 422
124 426
124 520
124 566
124 567
124 794
124 813
124 837
124 851
124 1058
125 422
125 426
125 519
125 565
125 566
125 795
125 813
125 837
125 851
125 1058
126 422
126 426
126 519
126 565
126 707
126 708
126 709
126 756
126 757
126 795
126 804
126 805
126 806
126 807
126 808
126 814
126 815
126 837
126 851
126 1058
127 422
127 426
127 519
127 520
127 564
127 689
127 690
127 691
127 692
127 694
127 697
127 698
127 699
127 700
127 701
127 702
127 703
127 704
127 705
127 706
127 710
127 711
127 755
127 795
127 802
127 803
127 809
127 810
127 811
127 812
127 815
127 837
127 851
127 1058
128 422
128 426
128 520
128 564
128 688
128 692
128 695
128 711
128 755
128 757
128 795
128 801
128 813
128 815
128 837
128 851
128 1058
129 422
129 426
129 521
129 564
129 687
129 692
129 695
129 711
129 754
129 757
129 795
129 800
129 813
129 815
129 837
129 851
129 1058
130 422
130 426
130 521
130 522
130 564
130 686
130 687
130 692
130 695
130 711
130 739
130 740
130 741
130 742
130 753
130 757
130 795
130 798
130 799
130 837
130 851
130 1058
131 422
131 426
131 522
131 523
131 565
131 686
131 692
131 695
131 711
131 736
131 737
131 738
131 743
131 752
131 757
131 795
131 798
131 837
131 851
131 1058
132 422
132 426
132 523
132 524
132 565
132 566
132 685
132 692
132 695
132 712
132 734
132 735
132 744
132 752
132 757
132 795
132 796
132 797
132 837
132 851
132 1058
133 422
133 426
133 525
133 526
133 566
133 567
133 684
133 685
133 692
133 695
133 712
133 713
133 714
133 732
133 733
133 745
133 746
133 752
133 757
133 837
133 851
133 1058
134 422
134 426
134 527
134 528
134 529
134 567
134 682
134 683
134 684
134 692
134 695
134 715
134 716
134 728
134 730
134 731
134 746
134 747
134 748
134 749
134 750
134 751
134 756
134 837
134 847
134 851
134 1058
135 422
135 426
135 530
135 531
135 566
135 567
135 680
135 681
135 692
135 695
135 717
135 725
135 726
135 727
135 729
135 756
135 837
135 843
135 844
135 845
135 846
135 848
135 849
135 850
135 851
135 1058
136 422
136 426
136 532
136 533
136 534
136 565
136 566
136 679
136 692
136 695
136 717
136 724
136 726
136 729
136 756
136 837
136 841
136 842
136 851
136 852
136 1058
137 422
137 426
137 535
137 536
137 564
137 565
137 678
137 692
137 695
137 717
137 723
137 726
137 729
137 755
137 838
137 840
137 853
137 854
137 1058
138 422
138 427
138 537
138 538
138 564
138 678
138 692
138 695
138 717
138 723
138 726
138 729
138 752
138 753
138 754
138 837
138 854
138 855
138 1058
139 422
139 427
139 539
139 540
139 549
139 553
139 554
139 555
139 556
139 557
139 558
139 559
139 560
139 561
139 562
139 563
139 677
139 685
139 686
139 687
139 688
139 692
139 695
139 717
139 723
139 726
139 730
139 731
139 732
139 733
139 734
139 735
139 736
139 737
139 738
139 739
139 740
139 741
139 742
139 743
139 744
139 745
139 746
139 752
139 836
139 837
139 855
139 1058
140 422
140 427
140 540
140 541
140 542
140 543
140 544
140 545
140 546
140 547
140 548
140 550
140 551
140 552
140 677
140 684
140 689
140 690
140 691
140 692
140 694
140 695
140 717
140 723
140 726
140 730
140 747
140 748
140 752
140 753
140 836
140 856
140 1058
141 422
141 427
141 654
141 655
141 656
141 657
141 658
141 659
141 660
141 661
141 677
141 683
141 697
141 698
141 717
141 723
141 726
141 729
141 748
141 749
141 753
141 754
141 835
141 856
141 857
141 1058
142 422
142 427
142 653
142 662
142 663
142 664
142 677
142 683
142 698
142 699
142 717
142 723
142 726
142 729
142 749
142 750
142 754
142 755
142 756
142 757
142 835
142 857
142 1058
143 422
143 427
143 654
143 655
143 677
143 683
143 699
143 717
143 724
143 726
143 729
143 750
143 751
143 752
143 758
143 759
143 834
143 857
143 1058
144 422
144 427
144 656
144 657
144 658
144 659
144 660
144 661
144 663
144 666
144 677
144 683
144 699
144 717
144 726
144 729
144 753
144 754
144 759
144 834
144 857
144 1058
145 422
145 427
145 664
145 667
145 668
145 678
145 679
145 684
145 685
145 700
145 717
145 726
145 729
145 755
145 756
145 759
145 834
145 857
145 1058
146 422
146 427
146 665
146 680
146 681
146 682
146 685
146 700
146 717
146 726
146 729
146 757
146 758
146 759
146 834
146 857
146 1058
147 422
147 427
147 683
147 684
147 685
147 701
147 717
147 726
147 729
147 834
147 857
147 1058
148 422
148 427
148 701
148 702
148 717
148 726
148 729
148 834
148 857
148 1058
149 422
149 427
149 703
149 704
149 717
149 726
149 729
149 834
149 857
149 1058
150 422
150 427
150 705
150 706
150 717
150 726
150 729
150 834
150 857
150 1058
151 422
151 427
151 706
151 717
151 726
151 729
151 835
151 857
151 1058
152 422
152 427
152 707
152 716
152 717
152 726
152 729
152 835
152 836
152 857
152 1058
153 422
153 427
153 708
153 709
153 710
153 715
153 716
153 726
153 729
153 836
153 856
153 857
153 1058
154 422
154 427
154 711
154 712
154 713
154 714
154 715
154 726
154 729
154 837
154 855
154 856
154 1058
155 422
155 427
155 726
155 729
155 837
155 854
155 855
155 1056
155 1057
155 1058
156 422
156 427
156 726
156 729
156 838
156 839
156 840
156 841
156 842
156 843
156 844
156 845
156 846
156 847
156 848
156 849
156 850
156 852
156 853
156 1056
156 1057
157 422
157 427
157 726
157 729
157 838
157 851
157 1056
158 422
158 427
158 726
158 729
158 837
158 851
158 1056
159 422
159 427
159 726
159 729
159 837
159 851
159 1056
160 422
160 427
160 726
160 729
160 837
160 851
160 1056
161 422
161 427
161 725
161 729
161 837
161 851
161 1056
162 422
162 427
162 725
162 729
162 837
162 851
162 1056
163 422
163 427
163 725
163 729
163 837
163 851
163 1056
164 422
164 427
164 725
164 729
164 837
164 851
164 1056
165 422
165 427
165 725
165 729
165 837
165 851
165 1056
166 422
166 427
166 725
166 729
166 837
166 851
166 1056
167 422
167 427
167 725
167 729
167 837
167 851
167 1056
168 422
168 427
168 725
168 729
168 837
168 851
168 1056
169 422
169 427
169 725
169 729
169 837
169 851
169 1056
170 422
170 427
170 725
170 729
170 837
170 851
170 1056
171 422
171 427
171 725
171 729
171 837
171 851
171 1057
172 422
172 427
172 725
172 729
172 837
172 851
172 1057
173 422
173 427
173 725
173 729
173 837
173 851
173 1057
174 422
174 427
174 725
174 729
174 837
174 851
174 1057
175 422
175 427
175 725
175 729
175 837
175 852
175 1057
176 422
176 427
176 725
176 729
176 836
176 852
176 1057
177 422
177 427
177 725
177 729
177 836
177 852
177 1057
178 422
178 427
178 725
178 729
178 836
178 852
178 1057
179 422
179 427
179 725
179 729
179 836
179 852
179 1057
180 422
180 427
180 725
180 729
180 836
180 852
180 1057
181 422
181 427
181 725
181 729
181 836
181 852
181 1057
182 422
182 428
182 725
182 729
182 836
182 852
182 1057
183 422
183 428
183 725
183 729
183 836
183 852
183 1057
184 422
184 428
184 725
184 729
184 836
184 852
184 1057
185 422
185 428
185 629
185 630
185 631
185 632
185 633
185 634
185 635
185 636
185 637
185 638
185 639
185 640
185 641
185 642
185 643
185 644
185 645
185 725
185 729
185 836
185 852
185 1057
186 422
186 428
186 619
186 620
186 621
186 622
186 623
186 624
186 625
186 626
186 627
186 628
186 646
186 647
186 648
186 649
186 650
186 651
186 652
186 653
186 654
186 725
186 729
186 836
186 852
186 1000
186 1001
186 1002
186 1003
186 1004
186 1005
186 1006
186 1007
186 1008
186 1009
186 1010
186 1011
186 1012
186 1013
186 1014
186 1015
186 1016
186 1017
186 1018
186 1019
186 1020
186 1021
186 1022
186 1023
186 1024
186 1025
186 1026
186 1027
186 1028
186 1029
186 1030
186 1031
186 1032
186 1033
187 422
187 428
187 617
187 618
187 655
187 656
187 725
187 729
187 836
187 852
187 996
187 997
187 998
187 999
187 1034
187 1035
187 1036
187 1037
187 1038
187 1039
187 1040
187 1041
187 1042
187 1043
187 1044
187 1045
187 1046
187 1047
187 1048
187 1049
187 1050
187 1051
187 1052
187 1053
187 1054
187 1055
187 1056
187 1057
187 1058
187 1059
187 1060
187 1061
187 1062
187 1063
187 1064
187 1065
187 1066
187 1067
187 1068
187 1069
187 1070
187 1071
187 1072
187 1073
187 1074
187 1075
187 1076
187 1077
187 1078
187 1079
187 1080
187 1081
187 1082
187 1083
187 1084
187 1085
187 1086
187 1087
187 1088
187 1089
187 1090
187 1091
187 1092
187 1093
187 1094
187 1095
187 1096
187 1097
188 422
188 428
188 615
188 616
188 656
188 657
188 725
188 729
188 836
188 852
188 994
188 995
188 1098
188 1099
188 1100
188 1101
188 1102
188 1103
188 1104
188 1105
188 1106
188 1107
188 1108
188 1109
188 1110
188 1111
188 1112
188 1113
188 1114
188 1115
188 1116
188 1117
188 1118
188 1119
188 1120
188 1121
188 1122
188 1123
188 1124
188 1125
188 1126
188 1127
188 1128
188 1129
188 1130
188 1131
188 1132
188 1133
188 1134
188 1135
188 1136
188 1137
188 1138
188 1139
188 1140
188 1141
188 1142
188 1143
188 1144
188 1145
188 1146
188 1147
188 1148
188 1149
188 1150
188 1151
188 1152
188 1153
188 1154
188 1155
188 1156
188 1157
188 1158
188 1159
189 422
189 428
189 606
189 610
189 611
189 612
189 613
189 614
189 657
189 658
189 725
189 729
189 836
189 852
189 994
189 1160
189 1161
189 1162
189 1163
189 1164
189 1165
189 1166
189 1167
189 1168
189 1169
189 1170
189 1171
189 1172
189 1173
189 1174
189 1175
189 1176
189 1177
189 1178
189 1179
189 1180
189 1181
189 1182
189 1183
189 1184
189 1185
189 1186
189 1187
189 1188
189 1189
189 1190
189 1191
189 1192
189 1193
189 1194
189 1195
189 1196
189 1197
189 1198
189 1199
189 1200
189 1201
189 1202
189 1203
189 1204
189 1205
189 1206
189 1207
189 1208
189 1209
189 1210
189 1211
189 1212
189 1213
189 1214
189 1215
189 1216
189 1217
190 422
190 428
190 531
190 604
190 606
190 610
190 658
190 659
190 725
190 729
190 836
190 852
190 964
190 993
190 1218
190 1219
190 1220
190 1221
190 1222
190 1223
190 1224
190 1225
190 1226
190 1227
190 1228
190 1229
190 1230
190 1231
190 1232
190 1233
190 1234
190 1235
190 1236
190 1237
190 1238
190 1239
190 1240
190 1241
190 1242
190 1243
190 1244
190 1245
190 1246
190 1247
190 1248
190 1249
190 1250
190 1251
190 1252
190 1253
190 1254
191 422
191 428
191 528
191 529
191 530
191 532
191 533
191 603
191 604
191 606
191 610
191 659
191 725
191 729
191 836
191 852
191 900
191 901
191 902
191 903
191 904
191 905
191 906
191 907
191 908
191 909
191 910
191 911
191 912
191 913
191 914
191 915
191 916
191 917
191 918
191 919
191 963
191 992
191 993
191 1255
191 1256
191 1257
191 1258
191 1259
191 1260
191 1261
191 1262
191 1263
191 1264
191 1265
191 1266
191 1267
191 1268
191 1269
191 1270
192 148
192 149
192 150
192 151
192 152
192 153
192 154
192 155
192 156
192 157
192 158
192 159
192 160
192 161
192 162
192 163
192 164
192 165
192 166
192 167
192 168
192 169
192 170
192 171
192 172
192 173
192 174
192 422
192 428
192 526
192 527
192 534
192 535
192 606
192 607
192 608
192 609
192 660
192 662
192 663
192 664
192 665
192 666
192 667
192 725
192 729
192 836
192 852
192 899
192 920
192 921
192 922
192 923
192 924
192 925
192 926
192 927
192 928
192 929
192 930
192 931
192 932
192 933
192 934
192 935
192 936
192 937
192 938
192 939
192 940
192 963
192 992
192 1271
192 1272
192 1273
192 1274
192 1275
192 1276
192 1277
192 1278
192 1279
193 146
193 147
193 175
193 176
193 177
193 178
193 179
193 180
193 181
193 182
193 183
193 184
193 185
193 186
193 187
193 188
193 189
193 190
193 191
193 192
193 193
193 194
193 195
193 196
193 197
193 198
193 199
193 200
193 201
193 202
193 203
193 204
193 422
193 428
193 524
193 525
193 535
193 610
193 661
193 668
193 725
193 729
193 836
193 852
193 898
193 941
193 961
193 962
193 963
193 965
193 966
193 967
193 968
193 969
193 970
193 971
193 972
193 973
193 974
193 975
193 976
193 977
193 978
193 979
193 980
193 991
194 144
194 145
194 205
194 206
194 207
194 208
194 422
194 428
194 523
194 528
194 529
194 530
194 531
194 535
194 668
194 677
194 715
194 725
194 729
194 836
194 852
194 898
194 941
194 960
194 981
194 982
194 983
194 984
194 985
194 986
194 987
194 988
194 989
194 990
194 991
195 143
195 144
195 209
195 210
195 211
195 212
195 422
195 428
195 522
195 527
195 531
195 536
195 608
195 661
195 668
195 677
195 716
195 717
195 725
195 729
195 836
195 852
195 898
195 941
195 959
195 990
196 141
196 142
196 191
196 192
196 193
196 194
196 198
196 199
196 200
196 201
196 202
196 203
196 204
196 213
196 214
196 215
196 422
196 522
196 526
196 531
196 536
196 607
196 661
196 668
196 677
196 718
196 729
196 836
196 852
196 898
196 941
196 959
196 990
197 140
197 141
197 188
197 189
197 190
197 205
197 206
197 207
197 208
197 209
197 216
197 228
197 229
197 230
197 231
197 232
197 233
197 234
197 235
197 236
197 237
197 238
197 239
197 240
197 241
197 242
197 243
197 244
197 245
197 246
197 247
197 248
197 249
197 250
197 251
197 252
197 253
197 254
197 255
197 256
197 257
197 258
197 421
197 422
197 522
197 526
197 531
197 536
197 606
197 662
197 668
197 677
197 718
197 724
197 726
197 730
197 836
197 852
197 898
197 941
197 959
197 990
198 138
198 139
198 184
198 185
198 186
198 187
198 211
198 212
198 213
198 217
198 218
198 219
198 220
198 221
198 222
198 223
198 224
198 225
198 226
198 227
198 259
198 260
198 261
198 262
198 263
198 422
198 428
198 522
198 526
198 531
198 536
198 605
198 662
198 668
198 677
198 718
198 724
198 726
198 730
198 836
198 852
198 898
198 941
198 959
198 990
199 137
199 138
199 181
199 182
199 183
199 264
199 265
199 266
199 422
199 428
199 522
199 526
199 531
199 536
199 605
199 662
199 668
199 677
199 718
199 724
199 726
199 729
199 836
199 852
199 898
199 941
199 959
199 990
200 135
200 136
200 137
200 177
200 178
200 179
200 180
200 267
200 268
200 269
200 422
200 428
200 521
200 526
200 531
200 536
200 604
200 662
200 668
200 677
200 718
200 724
200 726
200 729
200 836
200 852
200 898
200 941
200 959
200 990
201 133
201 134
201 175
201 176
201 270
201 271
201 522
201 526
201 531
201 535
201 601
201 604
201 663
201 668
201 677
201 718
201 724
201 726
201 729
201 836
201 852
201 897
201 941
201 959
201 990
202 132
202 133
202 173
202 174
202 272
202 273
202 522
202 523
202 526
202 531
202 535
202 599
202 600
202 602
202 603
202 604
202 663
202 668
202 677
202 718
202 724
202 726
202 727
202 728
202 729
202 836
202 852
202 897
202 941
202 959
202 990
203 131
203 132
203 171
203 172
203 274
203 275
203 523
203 524
203 531
203 535
203 597
203 598
203 663
203 668
203 677
203 718
203 724
203 836
203 852
203 941
203 959
203 990
204 129
204 130
204 169
204 170
204 171
204 276
204 524
204 525
204 531
204 534
204 597
204 664
204 718
204 724
204 835
204 836
204 853
204 941
204 959
204 990
205 128
205 129
205 167
205 168
205 277
205 525
205 531
205 533
205 534
205 596
205 664
205 718
205 724
205 836
205 853
205 941
205 959
205 989
206 127
206 128
206 166
206 167
206 526
206 532
206 533
206 597
206 664
206 718
206 724
206 732
206 733
206 734
206 735
206 736
206 836
206 852
206 941
206 959
206 989
207 126
207 127
207 164
207 165
207 527
207 532
207 597
207 598
207 599
207 600
207 665
207 718
207 724
207 730
207 731
207 737
207 738
207 836
207 852
207 959
207 989
208 124
208 125
208 163
208 164
208 280
208 527
208 531
208 665
208 718
208 724
208 729
208 738
208 836
208 852
208 959
208 989
209 123
209 124
209 161
209 162
209 281
209 527
209 531
209 600
209 665
209 718
209 724
209 728
209 738
209 836
209 852
209 989
210 122
210 123
210 160
210 161
210 281
210 282
210 527
210 531
210 599
210 666
210 718
210 724
210 728
210 738
210 836
210 852
210 989
211 121
211 122
211 159
211 160
211 282
211 283
211 527
211 531
211 599
211 666
211 728
211 738
211 836
211 852
212 119
212 120
212 157
212 158
212 283
212 284
212 285
212 286
212 527
212 531
212 599
212 666
212 728
212 738
212 836
212 852
213 119
213 157
213 287
213 527
213 531
213 599
213 666
213 728
213 738
213 836
213 852
214 118
214 156
214 288
214 289
214 290
214 291
214 292
214 527
214 531
214 598
214 666
214 728
214 738
214 836
214 852
215 117
215 118
215 154
215 155
215 293
215 294
215 295
215 296
215 527
215 531
215 598
215 667
215 728
215 738
215 836
215 852
216 115
216 116
216 153
216 154
216 297
216 298
216 527
216 531
216 598
216 667
216 728
216 738
216 836
216 852
217 114
217 115
217 151
217 152
217 298
217 299
217 528
217 529
217 530
217 531
217 598
217 667
217 728
217 738
217 836
217 852
218 112
218 113
218 150
218 151
218 299
218 300
218 598
218 668
218 728
218 738
218 836
218 852
219 111
219 112
219 148
219 149
219 300
219 301
219 598
219 668
219 728
219 738
219 836
219 852
220 110
220 111
220 147
220 148
220 301
220 302
220 597
220 668
220 728
220 738
220 836
220 849
220 850
220 851
220 853
221 110
221 145
221 146
221 302
221 303
221 597
221 668
221 728
221 738
221 836
221 840
221 841
221 842
221 843
221 844
221 845
221 846
221 847
221 848
221 854
222 109
222 143
222 144
222 304
222 597
222 668
222 728
222 738
222 836
222 839
222 854
223 108
223 109
223 141
223 142
223 304
223 597
223 668
223 728
223 738
223 836
223 854
224 103
224 104
224 105
224 106
224 107
224 108
224 140
224 141
224 304
224 597
224 668
224 728
224 738
224 836
224 854
225 106
225 138
225 139
225 304
225 597
225 668
225 728
225 738
225 836
225 854
226 135
226 136
226 137
226 304
226 597
226 668
226 728
226 738
226 836
226 854
227 104
227 105
227 133
227 134
227 304
227 597
227 668
227 728
227 738
227 836
227 854
228 103
228 104
228 132
228 133
228 304
228 597
228 668
228 727
228 737
228 836
228 854
229 102
229 103
229 130
229 131
229 304
229 668
229 727
229 737
229 836
229 854
230 100
230 101
230 128
230 129
230 304
230 668
230 727
230 737
230 836
230 855
231 99
231 100
231 127
231 128
231 304
231 668
231 727
231 737
231 836
231 855
232 98
232 99
232 125
232 126
232 304
232 668
232 727
232 737
232 837
232 838
232 855
233 98
233 123
233 124
233 304
233 668
233 727
233 737
233 839
233 855
234 97
234 121
234 122
234 304
234 668
234 727
234 737
234 839
234 855
235 97
235 120
235 121
235 304
235 727
235 737
235 839
235 855
236 96
236 118
236 119
236 304
236 727
236 737
236 839
236 855
237 96
237 116
237 117
237 304
237 727
237 737
237 839
237 855
238 95
238 114
238 115
238 727
238 737
238 839
238 855
239 95
239 113
239 114
239 839
239 855
240 95
240 113
240 839
240 855
240 1278
240 1279
241 94
241 112
241 839
241 855
242 94
242 112
242 839
242 855
243 94
243 111
243 839
243 855
244 94
244 110
244 111
244 839
244 855
245 95
245 110
245 839
245 855
246 109
246 839
246 855
247 109
247 839
247 855
248 108
248 839
248 855
249 108
249 839
249 855
250 107
250 840
250 856
251 107
251 840
251 856
252 107
252 840
252 856
253 107
253 840
253 856
253 1138
253 1139
253 1140
253 1141
253 1142
253 1143
253 1144
253 1145
253 1146
253 1147
253 1148
253 1149
253 1150
254 107
254 840
254 856
254 1137
254 1151
254 1152
254 1153
254 1154
254 1155
254 1156
254 1157
254 1158
254 1159
254 1160
254 1161
254 1162
254 1163
254 1164
255 108
255 840
255 856
255 1136
255 1165
256 108
256 840
256 856
256 1136
256 1165
257 108
257 840
257 856
257 1135
257 1165
258 108
258 840
258 856
258 1135
258 1165
259 108
259 840
259 856
259 1135
259 1165
260 108
260 840
260 856
260 1135
260 1165
261 108
261 840
261 856
261 1135
261 1165
262 105
262 106
262 107
262 108
262 840
262 856
262 1135
262 1165
263 840
263 856
263 1135
263 1165
264 840
264 856
264 1135
264 1165
265 840
265 856
265 1135
265 1165
266 840
266 856
266 1135
266 1165
267 840
267 856
267 1135
267 1166
268 840
268 856
268 1135
268 1166
269 840
269 856
269 1135
269 1166
270 1135
270 1166
271 1135
271 1166
272 1135
272 1166
273 1135
273 1166
274 1135
274 1166
275 1135
275 1166
276 1135
276 1166
277 1135
277 1166
278 1135
278 1166
279 1135
279 1166
280 1135
280 1166
281 1135
281 1166
282 1135
282 1166
283 1135
283 1166
284 1135
284 1166
285 1136
285 1166
286 1136
286 1166
287 1136
287 1166
288 1136
288 1166
289 1136
289 1167
290 1136
290 1167
291 1136
291 1167
292 1136
292 1167
293 1136
293 1167
294 1136
294 1167
295 1136
295 1167
296 1136
296 1167
297 1136
297 1167
298 1136
298 1167
299 1136
299 1167
300 1136
300 1167
301 1136
301 1167
302 1136
302 1167
303 1136
303 1167
304 1136
304 1167
305 1136
305 1167
306 1136
306 1167
307 1136
307 1167
308 1136
308 1167
309 1136
309 1167
310 1136
310 1167
311 1136
311 1167
312 1136
312 1168
313 1136
313 1168
314 1136
314 1168
315 1136
315 1168
316 1136
316 1168
317 1136
317 1168
318 1136
318 1168
319 1136
319 1168
320 1136
320 1168
321 1136
321 1168
322 1136
322 1168
323 1136
323 1168
324 1136
324 1168
325 1136
325 1168
326 1136
326 1168
327 1136
327 1168
328 1136
328 1168
329 1136
329 1168
330 1136
330 1168
331 1136
331 1168
332 1136
332 1168
333 1136
333 1168
334 1136
334 1169
335 1136
335 1169
336 1136
336 1169
337 1136
337 1169
338 1136
338 1169
339 1136
339 1169
340 1137
340 1169
341 1137
341 1169
342 1137
342 1169
343 1137
343 1169
344 1137
344 1169
345 1137
345 1169
346 1137
346 1169
347 1137
347 1169
348 1137
348 1169
382 1140
382 1167
382 1168
383 1140
383 1168
